1863.169882   7.306700   0.001210
1863.179028   7.310070   0.001210
1863.188111   7.296310   0.001390
1863.197263   7.291590   0.001210
1863.206453   7.349840   0.001210
1863.215516   7.299640   0.001330
1863.224486   7.284690   0.001210
1863.233708   7.285650   0.001390
1863.243026   7.274760   0.001210
1863.252052   7.286370   0.001210
1863.260978   7.303250   0.001210
1863.270074   7.270850   0.001270
1863.279229   7.295840   0.001210
1863.288341   7.329720   0.001210
1863.297662   7.288770   0.001210
1863.306748   7.294610   0.001210
1863.315898   7.291530   0.001210
1863.325261   7.305810   0.001210
1863.334632   7.280660   0.001210
1863.344416   7.322640   0.001210
1863.353962   7.297470   0.001210
1863.363511   7.321600   0.001210
1863.372640   7.286870   0.001210
1863.381795   7.318060   0.001210
1863.391577   7.307420   0.001210
1863.400670   7.302550   0.001210
1863.410157   7.306400   0.001210
1863.419415   7.315830   0.001210
1863.428728   7.305470   0.001210
1863.438171   7.327100   0.001210
1863.447725   7.287280   0.001210
1863.457038   7.292710   0.001210
1863.464667   7.279320   0.001390
1863.471563   7.281380   0.001390
1863.477686   7.280250   0.001210
1863.482900   7.273580   0.001210
1863.487037   7.290240   0.001330
1863.490505   7.277620   0.001210
1863.494064   7.286450   0.001210
1863.496621   7.277650   0.001210
1863.498272   7.283400   0.001210
1863.500087   7.297350   0.001210
1863.501889   7.286260   0.001390
1863.503937   7.294240   0.001920
1864.122118   7.219290   0.001040
1864.131216   7.260470   0.001160
1864.140349   7.286690   0.001040
1864.149328   7.280670   0.001040
1864.158727   7.309970   0.001160
1864.168077   7.279850   0.001210
1864.177441   7.276750   0.001040
1864.186471   7.341210   0.001040
1864.195786   7.316150   0.001210
1864.204761   7.288090   0.001210
1864.213956   7.292100   0.001040
1864.223275   7.305170   0.001040
1864.232312   7.283110   0.001210
1864.241734   7.322120   0.001210
1864.250994   7.308960   0.001210
1864.260292   7.290660   0.001210
1864.269452   7.302140   0.001210
1864.278712   7.281350   0.001210
1864.288040   7.320070   0.001160
1864.297228   7.317250   0.001210
1864.306786   7.298720   0.001210
1864.315982   7.315210   0.001210
1864.325240   7.301610   0.001210
1864.334830   7.310730   0.001210
1864.344223   7.348660   0.001450
1864.353629   7.353500   0.001390
1864.362884   7.369070   0.001390
1864.372284   7.293070   0.001390
1864.381718   7.265800   0.001390
1864.391386   7.312240   0.001390
1864.401175   7.328960   0.001390
1864.410777   7.323820   0.001390
1864.420158   7.311660   0.001390
1864.429378   7.297470   0.001390
1864.438639   7.296610   0.001390
1864.448098   7.308480   0.001500
1864.457409   7.293460   0.001390
1864.465120   7.281380   0.001390
1864.472313   7.251900   0.001450
1864.477494   7.299670   0.001560
1864.482643   7.315850   0.001730
1864.486002   7.389380   0.002080
1864.489646   7.307080   0.001910
1864.492216   7.270020   0.001730
1864.494776   7.286940   0.001730
1864.496480   7.286970   0.001730
1864.498365   7.294180   0.001730
1864.500091   7.288770   0.001730
1864.501760   7.271230   0.001730
1865.081649   7.207620   0.001040
1865.090914   7.273000   0.001210
1865.103000   7.219190   0.001210
1865.112265   7.316260   0.001210
1865.121493   7.225560   0.001210
1865.180915   7.239660   0.000870
1865.189934   7.286680   0.000870
1865.199137   7.269170   0.001040
1865.208040   7.304000   0.000870
1865.217207   7.243570   0.001040
1865.226382   7.268590   0.001040
1865.235932   7.242980   0.001040
1865.245886   7.297470   0.001100
1865.255783   7.353970   0.001040
1865.265750   7.228770   0.001210
1865.275774   7.217660   0.001040
1865.285892   7.317250   0.001100
1865.295973   7.278520   0.001160
1865.306185   7.346570   0.001160
1865.316145   7.263440   0.001100
1865.326150   7.227470   0.001210
1865.336276   7.339310   0.001210
1865.346577   7.308660   0.001210
1865.356675   7.424670   0.001210
1865.366659   7.333560   0.001210
1865.376904   7.232270   0.001210
1865.387088   7.329140   0.001270
1865.397153   7.217760   0.001210
1865.407149   7.251250   0.001210
1865.417333   7.362370   0.001270
1865.427630   7.339010   0.001210
1865.437669   7.262480   0.001210
1865.448171   7.224840   0.001390
1865.457324   7.232330   0.001210
1865.465615   7.243500   0.001270
1865.471988   7.248700   0.001390
1865.477591   7.267060   0.001450
1865.482335   7.252430   0.001390
1865.486159   7.256600   0.001450
1865.489785   7.268140   0.001450
1865.492667   7.250360   0.001390
1865.494427   7.250920   0.001390
1865.496283   7.248190   0.001390
1865.498551   7.282840   0.001960
1866.165339   7.259900   0.001040
1866.174723   7.281910   0.001040
1866.184057   7.258460   0.001040
1866.193410   7.293990   0.001040
1866.202706   7.293330   0.001040
1866.212035   7.294150   0.001040
1866.221409   7.315020   0.001040
1866.230791   7.347800   0.001040
1866.240551   7.317100   0.001040
1866.250004   7.311940   0.001040
1866.259354   7.303580   0.001040
1867.193045   7.202420   0.000870
1867.202355   7.308420   0.000870
1867.211516   7.275900   0.000870
1867.220585   7.336230   0.000870
1867.230131   7.327950   0.000870
1867.239707   7.337290   0.000870
1867.249230   7.346180   0.000870
1867.258785   7.327280   0.000870
1867.268385   7.311940   0.000870
1867.277702   7.294300   0.000870
1867.287153   7.323800   0.000870
1867.296854   7.298040   0.000870
1867.306121   7.297740   0.000870
1867.315500   7.299440   0.000870
1867.325094   7.282700   0.000870
1867.334502   7.287890   0.000870
1867.344482   7.235410   0.000870
1867.354030   7.263300   0.000870
1867.363492   7.355250   0.000870
1867.372735   7.250160   0.000870
1867.382212   7.254440   0.000980
1867.391671   7.207310   0.000870
1867.401392   7.213700   0.000930
1867.410805   7.254960   0.001040
1867.420288   7.286750   0.001040
1867.429722   7.240910   0.001040
1867.439192   7.295030   0.001040
1867.448574   7.259340   0.001100
1867.456168   7.282460   0.001040
1867.463320   7.272670   0.001040
1867.469421   7.251480   0.001040
1867.473939   7.305700   0.001040
1867.478291   7.334030   0.001040
1867.481655   7.323430   0.001040
1867.484335   7.285390   0.000980
1867.486951   7.267490   0.000980
1867.488639   7.260280   0.000870
1867.490315   7.240070   0.000870
1867.492002   7.259990   0.000870
1867.493724   7.269050   0.000930
1868.197661   7.309810   0.001100
1868.207123   7.297220   0.001100
1868.216495   7.344980   0.001100
1868.225986   7.259190   0.001100
1868.235811   7.246940   0.001100
1868.245580   7.248420   0.001210
1868.255259   7.269040   0.001270
1868.264815   7.218110   0.001390
1868.274279   7.228170   0.001390
1868.283929   7.434920   0.001390
1868.293537   7.297210   0.001560
1868.303104   7.337080   0.001560
1868.312574   7.325950   0.001620
1868.322548   7.267180   0.001390
1868.332083   7.436100   0.001560
1868.341800   7.354830   0.001500
1868.351466   7.241570   0.001390
1868.360837   7.270180   0.001390
1868.370659   7.266340   0.001500
1868.380417   7.262910   0.001560
1868.390367   7.267250   0.001450
1868.399668   7.266920   0.001560
1868.409622   7.273500   0.001560
1868.419023   7.335440   0.001560
1868.428372   7.283860   0.001560
1868.437691   7.292410   0.001560
1868.446987   7.292610   0.001560
1868.454949   7.300970   0.001560
1868.461066   7.302910   0.001560
1868.467151   7.308430   0.001560
1868.471440   7.295340   0.001560
1868.475710   7.310160   0.001730
1868.479187   7.305170   0.001730
1868.481793   7.292870   0.001730
1868.484421   7.316630   0.001730
1868.486154   7.323260   0.001680
1868.487874   7.316400   0.001730
1868.489584   7.332690   0.001730
1868.491280   7.405940   0.001740
1868.552972   7.336640   0.001790
1868.562396   7.334570   0.001730
1868.572038   7.256080   0.002660
1868.581607   7.317110   0.002080
1868.591155   7.265690   0.002080
1868.600621   7.262220   0.002430
1868.610180   7.200800   0.002940
1868.619726   7.166020   0.004100
1868.629292   7.036770   0.005310
1869.239644   7.338360   0.001910
1869.249027   7.303240   0.001910
1869.258676   7.310110   0.002080
1869.268460   7.293900   0.002250
1869.278238   7.335800   0.002430
1869.287800   7.279520   0.002430
1869.297392   7.260400   0.002540
1869.307040   7.212410   0.002600
1869.316723   7.300340   0.003120
1869.326588   7.248010   0.003120
1869.336288   7.222320   0.003290
1869.345989   7.216950   0.003460
1869.356015   7.304590   0.003810
1869.365922   7.207160   0.003810
1869.375609   7.199490   0.004040
1869.384959   7.348710   0.004730
1869.394424   7.267920   0.004620
1869.403953   7.295280   0.004730
1869.413491   7.323520   0.004680
1869.422812   7.289290   0.004850
1869.432155   7.318630   0.004970
1869.441546   7.329950   0.005200
1869.449371   7.481970   0.008550
1869.456537   7.252510   0.005430
1869.462798   7.276220   0.005720
1869.468109   7.247300   0.005890
1869.472681   7.249880   0.005310
1869.476266   7.278850   0.005370
1869.478887   7.299600   0.005370
1869.481532   7.316990   0.005720
1869.483271   7.276060   0.005600
1869.485003   7.332710   0.005540
1869.486718   7.298270   0.005600
1869.488400   7.296690   0.005720
1869.544878   7.365380   0.006350
1869.554590   7.343410   0.007330
1869.564207   7.271750   0.007620
1870.219778   7.297500   0.000870
1870.229270   7.321070   0.001040
1870.238762   7.268510   0.000870
1870.248135   7.303340   0.000980
1870.257691   7.309380   0.001040
1870.267266   7.276890   0.000980
1870.276950   7.307280   0.001040
1870.286498   7.280380   0.001040
1870.295849   7.315500   0.001040
1870.305565   7.262680   0.001040
1870.315197   7.260030   0.001040
1870.325274   7.319100   0.001100
1870.335174   7.279690   0.001040
1870.344892   7.257300   0.001040
1870.354573   7.257460   0.001040
1870.364104   7.259510   0.001210
1870.373603   7.330190   0.001210
1870.383600   7.254850   0.001270
1870.393243   7.320110   0.001390
1870.402820   7.337680   0.001680
1870.412418   7.291530   0.001560
1870.421719   7.300220   0.001560
1870.431056   7.301980   0.001560
1870.440608   7.260350   0.001390
1870.448993   7.323810   0.001390
1870.456179   7.288800   0.001390
1870.461756   7.278690   0.001390
1870.466593   7.284560   0.001390
1870.470290   7.270390   0.001390
1870.474034   7.291320   0.001560
1870.476825   7.329580   0.001560
1870.478569   7.301790   0.001560
1870.480341   7.283650   0.001560
1870.482097   7.300670   0.001560
1870.483838   7.299830   0.001560
1870.485602   7.279440   0.001560
1871.136689   7.250990   0.000870
1871.146179   7.267500   0.000870
1871.155384   7.296410   0.000870
1871.164955   7.226620   0.000870
1871.174269   7.245480   0.000870
1871.183469   7.245140   0.000870
1871.192872   7.237240   0.000870
1871.202392   7.243520   0.000870
1871.211865   7.276230   0.000870
1871.221273   7.322870   0.001040
1871.230922   7.264730   0.001040
1871.240394   7.257580   0.001040
1871.250018   7.264800   0.001040
1871.259511   7.265050   0.001040
1871.269122   7.283060   0.001040
1871.278903   7.305220   0.001040
1871.288648   7.239970   0.001040
1871.298226   7.232760   0.001040
1871.307789   7.327870   0.001040
1871.317562   7.408470   0.001160
1871.327342   7.233110   0.001040
1871.337079   7.385840   0.001210
1871.346725   7.357540   0.001160
1871.356495   7.230130   0.001210
1871.366277   7.256960   0.001210
1871.375944   7.280350   0.001210
1871.385808   7.300940   0.001270
1871.395399   7.348140   0.001450
1871.404882   7.278090   0.001390
1871.414342   7.286300   0.001390
1871.423744   7.279460   0.001390
1871.433495   7.275690   0.001390
1871.442405   7.256290   0.001390
1871.449670   7.267170   0.001390
1871.455742   7.286190   0.001390
1871.461191   7.281200   0.001330
1871.465968   7.325180   0.001390
1871.469461   7.309780   0.001390
1871.472994   7.306930   0.001390
1871.476070   7.294160   0.001390
1871.477819   7.288300   0.001390
1871.479709   7.295080   0.001390
1871.481438   7.295870   0.001330
1871.550420   7.302760   0.001270
1871.559908   7.336770   0.001390
1871.569340   7.323310   0.001390
1871.578835   7.283680   0.001390
1871.588334   7.306060   0.001390
1871.597765   7.273770   0.001390
1871.607264   7.298330   0.001390
1871.616819   7.269790   0.001560
1871.626324   7.263060   0.001730
1872.324463   7.192530   0.001040
1872.334315   7.182040   0.001040
1872.344041   7.206520   0.001040
1872.353623   7.245930   0.001040
1872.363427   7.256150   0.001040
1872.373279   7.233250   0.001040
1872.383099   7.236810   0.001040
1872.392766   7.240760   0.001040
1872.402203   7.213750   0.001040
1872.412032   7.233350   0.001040
1872.421585   7.248940   0.001040
1872.431130   7.231520   0.001040
1872.439874   7.217020   0.001040
1872.447517   7.256240   0.001210
1872.454162   7.243990   0.001210
1872.459603   7.232830   0.001040
1872.463903   7.266350   0.001210
1872.467716   7.273920   0.001210
1872.470496   7.279150   0.001210
1872.473152   7.286030   0.001210
1872.474857   7.275980   0.001210
1872.476617   7.278580   0.001210
1872.478370   7.279050   0.001210
1872.480228   7.276020   0.001210
1872.541663   7.303590   0.001210
1872.550845   7.298310   0.001210
1872.560270   7.307260   0.001390
1872.569828   7.288020   0.001390
1872.579400   7.301510   0.001390
1872.588943   7.315660   0.001390
1872.598488   7.341230   0.001390
1872.608116   7.319040   0.001560
1872.617527   7.322440   0.001560
1872.627101   7.329280   0.001730
1872.636625   7.242590   0.001970
1872.646041   7.276620   0.002370
1873.229437   7.179450   0.001040
1873.238826   7.218580   0.001040
1873.248403   7.230480   0.001040
1873.258009   7.236360   0.001100
1873.267456   7.222030   0.001040
1873.276959   7.285000   0.001100
1873.286788   7.374500   0.001210
1873.296275   7.313740   0.001160
1873.305896   7.320880   0.001160
1873.315548   7.277340   0.001100
1873.325684   7.223000   0.001040
1873.335346   7.265280   0.001100
1873.344943   7.259810   0.001040
1873.354842   7.271480   0.001100
1873.364691   7.284790   0.001040
1873.374458   7.283630   0.001100
1873.383960   7.284970   0.001210
1873.393856   7.370290   0.001210
1873.403606   7.241010   0.001210
1873.413210   7.177880   0.001210
1873.422938   7.235860   0.001210
1873.432622   7.262750   0.001210
1873.441010   7.282370   0.001210
1873.447044   7.308750   0.001210
1873.453044   7.314480   0.001210
1873.457630   7.310050   0.001210
1873.462090   7.320700   0.001210
1873.465548   7.315190   0.001210
1873.468261   7.316940   0.001210
1873.470892   7.283740   0.001210
1873.472722   7.292080   0.001210
1873.474437   7.312850   0.001210
1873.476606   7.294770   0.001710
1873.539458   7.508020   0.002250
1873.548852   7.359310   0.001910
1873.558313   7.336530   0.001680
1873.567696   7.289000   0.001560
1873.577180   7.310740   0.001730
1873.586745   7.264300   0.001560
1873.596227   7.319920   0.001730
1873.605773   7.261280   0.001730
1873.615321   7.227610   0.001560
1873.624816   7.271090   0.001560
1874.032527   7.358820   0.000930
1874.041923   7.358350   0.001040
1874.051714   7.356320   0.001040
1874.061193   7.339080   0.000870
1874.070741   7.365950   0.000870
1874.080230   7.372590   0.001040
1874.089638   7.331090   0.000870
1874.098984   7.321890   0.000930
1874.108441   7.337980   0.001040
1874.117749   7.278810   0.000870
1874.127103   7.287520   0.000870
1874.136654   7.268070   0.001040
1874.145982   7.321500   0.001040
1874.155173   7.319410   0.001040
1874.164605   7.258820   0.001040
1874.174153   7.271950   0.001160
1874.183645   7.302240   0.001270
1874.193053   7.284580   0.001450
1874.202515   7.271100   0.001560
1874.212179   7.278910   0.001560
1874.222051   7.268210   0.001560
1874.593715   7.299590   0.001730
1874.603390   7.273810   0.001730
1874.613039   7.298110   0.001730
1876.992585   7.330030   0.000870
1877.002277   7.299440   0.000870
1877.012009   7.279170   0.000870
1877.021623   7.282830   0.000870
1877.031340   7.284800   0.000870
1877.041094   7.242540   0.000870
1877.050632   7.314410   0.000870
1877.060512   7.297530   0.000870
1877.070280   7.280910   0.000870
1877.080037   7.247290   0.000870
1877.089835   7.301380   0.000930
1877.099542   7.272350   0.000870
1877.109324   7.330100   0.000870
1877.119234   7.259590   0.000930
1877.128562   7.260730   0.000870
1877.137988   7.250070   0.000870
1877.147449   7.271310   0.000870
1877.157081   7.347380   0.000870
1877.166514   7.243210   0.000870
1877.175811   7.237500   0.000870
1877.185180   7.304590   0.000870
1877.194638   7.271280   0.000870
1877.204359   7.263940   0.000930
1877.213829   7.294670   0.001040
1877.223290   7.317210   0.000980
1877.232928   7.281760   0.001040
1877.242583   7.290790   0.000930
1877.252102   7.296020   0.000930
1877.261424   7.271190   0.000870
1877.271317   7.304300   0.001040
1877.280810   7.259520   0.001040
1877.290913   7.222360   0.000930
1877.300784   7.272460   0.000870
1877.310552   7.286950   0.000980
1877.320329   7.235270   0.000870
1877.330019   7.305810   0.000980
1877.339609   7.254250   0.001040
1877.349339   7.437230   0.001040
1877.359563   7.280070   0.001040
1877.369289   7.461000   0.001040
1877.379166   7.293790   0.001040
1877.389199   7.381870   0.001040
1877.398748   7.302230   0.000980
1877.408188   7.254300   0.001040
1877.417610   7.440660   0.001040
1877.426444   7.299450   0.001040
1877.433416   7.281220   0.001040
1877.439426   7.255870   0.001040
1877.444578   7.248200   0.001040
1877.449101   7.325040   0.001210
1877.452622   7.299200   0.001040
1877.456119   7.339450   0.001160
1877.458826   7.356050   0.001210
1877.460660   7.305100   0.001210
1877.462441   7.306370   0.001210
1877.464144   7.331230   0.001210
1877.465872   7.292180   0.001040
1877.528546   7.395240   0.001210
1877.538164   7.349630   0.001210
1877.547759   7.314530   0.001210
1877.557433   7.301500   0.001210
1877.566991   7.320270   0.001270
1877.956588   7.253800   0.001040
1877.966360   7.275470   0.001040
1877.975795   7.346990   0.001040
1877.985575   7.367160   0.001040
1877.995071   7.337750   0.001040
1878.004964   7.320390   0.001040
1878.014335   7.384280   0.001040
1878.023915   7.338450   0.000850
1878.033403   7.324820   0.001040
1878.042881   7.358510   0.001040
1878.052477   7.385640   0.001040
1878.062202   7.344040   0.001040
1878.072038   7.325960   0.001040
1878.081838   7.301610   0.001040
1878.091595   7.343450   0.001040
1878.101204   7.367460   0.001040
1878.111056   7.340930   0.001040
1878.120475   7.333940   0.001040
1878.129972   7.354330   0.001210
1878.139452   7.318960   0.001210
1878.148981   7.322970   0.001560
1878.158293   7.277350   0.001390
1878.167692   7.313240   0.001210
1878.177309   7.308760   0.001160
1878.186872   7.293620   0.001210
1878.196273   7.288200   0.001210
1878.206054   7.386640   0.001330
1878.215833   7.347020   0.001330
1878.225557   7.259870   0.001210
1878.235117   7.242060   0.001210
1878.244657   7.239930   0.001210
1878.254352   7.209550   0.001210
1878.263984   7.337150   0.001390
1878.273770   7.302840   0.001450
1878.283405   7.300850   0.001390
1878.293079   7.261290   0.001390
1878.302887   7.274290   0.001560
1878.312828   7.275960   0.001560
1878.322431   7.275400   0.001560
1878.332111   7.260730   0.001560
1878.342126   7.295930   0.001130
1878.351898   7.252470   0.001390
1878.361666   7.245370   0.001390
1878.371492   7.279660   0.001390
1878.381052   7.253900   0.001390
1878.390611   7.234450   0.000990
1878.400035   7.239230   0.001210
1878.409523   7.285560   0.001270
1878.419250   7.259700   0.001210
1878.427139   7.257240   0.001390
1878.434256   7.248430   0.001130
1878.439734   7.272140   0.001390
1878.444205   7.257370   0.001130
1878.448555   7.272650   0.000990
1878.452064   7.272380   0.001210
1878.454721   7.267230   0.001210
1878.457364   7.309410   0.001330
1878.459093   7.280650   0.001270
1878.460943   7.285080   0.001270
1878.463071   7.281030   0.001760
1878.523903   7.250520   0.001210
1878.533380   7.286260   0.001270
1878.542754   7.297950   0.001210
1878.552323   7.289950   0.001390
1878.561961   7.304350   0.001390
1878.571685   7.291300   0.001730
1878.581234   7.305190   0.001560
1878.590773   7.307910   0.001560
1878.600390   7.333760   0.001790
1878.885725   7.353570   0.001210
1878.896259   7.379130   0.001210
1878.907039   7.379560   0.001210
1878.917827   7.365450   0.001210
1878.928636   7.354470   0.001210
1878.939490   7.330120   0.001210
1878.950209   7.309880   0.001040
1878.960985   7.316620   0.001040
1878.971663   7.325780   0.001100
1878.982256   7.297770   0.001160
1878.992862   7.300410   0.001210
1879.003349   7.288990   0.001210
1879.014056   7.299950   0.001210
1879.024781   7.283490   0.001210
1879.035403   7.296800   0.001210
1879.046338   7.256220   0.001210
1879.056998   7.295760   0.001330
1879.067120   7.260750   0.001390
1879.077625   7.295590   0.001390
1879.087804   7.293190   0.001390
1879.097718   7.285910   0.001390
1879.108265   7.292080   0.001390
1879.118677   7.264170   0.001390
1879.128946   7.272870   0.001130
1879.138951   7.253630   0.001390
1879.148948   7.290110   0.001560
1879.158753   7.253460   0.001560
1879.168681   7.236640   0.001560
1879.178653   7.269090   0.001560
1879.188532   7.242680   0.001560
1879.198658   7.268500   0.001560
1879.208980   7.259670   0.001560
1879.219105   7.268920   0.001560
1879.229198   7.272520   0.001560
1879.239692   7.266980   0.001560
1879.249885   7.263060   0.001560
1879.259988   7.265870   0.001560
1879.270136   7.286900   0.001560
1879.279998   7.280180   0.001270
1879.290256   7.286200   0.001560
1879.300321   7.310330   0.001560
1879.310604   7.271100   0.001560
1879.321132   7.319790   0.001620
1879.331398   7.281680   0.001560
1879.341711   7.264750   0.001560
1879.352168   7.277720   0.001560
1879.362239   7.265140   0.001560
1879.372581   7.252430   0.001560
1879.383093   7.248100   0.000900
1879.393142   7.289170   0.001560
1879.403333   7.223210   0.001560
1879.413718   7.283240   0.001730
1879.422210   7.264520   0.001730
1879.430290   7.277070   0.001730
1879.436891   7.275050   0.001730
1879.441492   7.284490   0.001730
1879.445571   7.293730   0.001730
1879.449457   7.297470   0.001730
1879.452342   7.291740   0.001410
1879.454194   7.281820   0.001730
1879.456055   7.288020   0.001410
1879.457932   7.257970   0.001730
1879.460282   7.277740   0.002450
1879.524043   7.275150   0.001910
1879.534146   7.289950   0.001910
1879.544253   7.284670   0.001910
1879.554321   7.348000   0.001100
1879.564508   7.336650   0.001910
1879.574677   7.280760   0.001910
1879.584814   7.298120   0.001970
1879.594935   7.338280   0.002080
1879.605121   7.314250   0.002080
1879.615186   7.349400   0.002080
1879.625350   7.331820   0.002080
1879.885631   7.177800   0.001040
1879.895153   7.238260   0.001040
1879.904711   7.221640   0.000870
1879.914664   7.237770   0.000870
1879.924232   7.273490   0.000870
1879.933937   7.283870   0.000870
1879.943742   7.294090   0.000870
1879.953255   7.305200   0.000870
1879.962965   7.317980   0.000870
1879.972299   7.323050   0.000870
1879.982133   7.301490   0.000980
1879.991480   7.361560   0.000870
1880.001350   7.367720   0.000870
1880.010995   7.331290   0.000870
1880.020489   7.332360   0.000870
1880.030167   7.282600   0.000870
1880.040004   7.277830   0.000870
1880.050020   7.273270   0.000870
1880.059700   7.263910   0.000870
1880.069635   7.251800   0.000870
1880.079469   7.252690   0.000870
1880.089000   7.278970   0.000870
1880.098524   7.292360   0.000870
1880.108072   7.262160   0.000870
1880.117530   7.309030   0.001040
1880.127140   7.283260   0.000870
1880.200091   7.193210   0.000870
1880.209735   7.189860   0.000870
1880.219431   7.227090   0.000930
1880.229324   7.321460   0.001040
1880.238989   7.362210   0.001040
1880.248836   7.360680   0.001040
1880.258298   7.343970   0.001040
1880.267686   7.285220   0.001040
1880.277275   7.280520   0.001040
1880.286928   7.221830   0.001040
1880.306613   7.229190   0.001040
1880.369120   7.387590   0.001100
1880.684731   7.285200   0.001390
1880.693935   7.341570   0.001560
1880.703424   7.272390   0.001730
1880.712965   7.353050   0.002080
1880.722745   7.319880   0.002430
1880.732752   7.283850   0.002830
1880.743114   7.305020   0.003460
1880.753480   7.125530   0.003700
1880.828480   7.290070   0.003810
1880.839020   7.305840   0.002940
1880.967707   7.110040   0.000870
1880.977730   7.157990   0.000870
1880.987626   7.194310   0.000870
1880.997175   7.260910   0.000870
1881.007352   7.270840   0.000870
1881.017262   7.277700   0.000870
1881.027023   7.270750   0.000870
1881.036583   7.304090   0.000870
1881.046307   7.312080   0.000870
1881.055914   7.267520   0.000870
1881.065565   7.227130   0.000870
1881.075352   7.288030   0.000870
1881.085120   7.301000   0.000870
1881.094964   7.282860   0.000870
1881.104801   7.406970   0.001040
1881.114937   7.300370   0.000870
1881.124474   7.308650   0.000870
1881.134326   7.344540   0.000870
1881.143810   7.403350   0.001040
1881.153419   7.322420   0.000870
1881.163015   7.313690   0.001040
1881.171357   7.384950   0.001040
1881.180981   7.339590   0.001040
1881.190627   7.346740   0.001040
1881.200550   7.282470   0.001040
1881.210473   7.338360   0.001040
1881.220305   7.301460   0.001040
1881.230199   7.274660   0.001160
1881.239668   7.308870   0.001040
1881.249328   7.324400   0.001160
1881.258917   7.335990   0.001160
1881.268352   7.332140   0.001040
1881.278189   7.345260   0.001210
1881.288137   7.345650   0.001210
1881.297680   7.336230   0.001210
1881.307337   7.323000   0.001210
1881.317394   7.335210   0.001210
1881.327336   7.273490   0.001210
1881.337373   7.295750   0.001210
1881.347129   7.328620   0.001210
1881.357110   7.300550   0.001210
1881.366722   7.305690   0.001210
1881.376276   7.332980   0.001210
1881.386104   7.279180   0.001210
1881.395996   7.279300   0.001210
1881.405772   7.288600   0.001210
1881.414838   7.274750   0.001210
1881.422098   7.286010   0.001210
1881.428287   7.294830   0.001210
1881.433496   7.279520   0.001210
1881.437835   7.299860   0.001210
1881.441542   7.275560   0.001210
1881.445078   7.263390   0.001210
1881.447777   7.296080   0.001210
1881.449541   7.286210   0.001270
1881.451276   7.313570   0.001390
1881.453055   7.275580   0.001330
1881.455245   7.299480   0.001960
1881.512259   7.333200   0.001390
1881.522032   7.298340   0.001390
1881.531584   7.303110   0.001390
1881.541053   7.317310   0.001390
1881.550943   7.351910   0.001390
1881.560601   7.325680   0.001390
1881.570473   7.353660   0.001560
1881.580253   7.299100   0.001390
1881.589860   7.343960   0.001560
1881.599577   7.286890   0.001450
1881.609472   7.325770   0.001560
1881.619114   7.296250   0.001560
1881.628942   7.277790   0.001560
1881.638590   7.276260   0.001560
1881.648351   7.300470   0.001730
1881.778022   7.096580   0.002250
1881.787777   7.206130   0.002310
1881.797497   7.132590   0.002080
1881.807277   7.150650   0.001910
1881.816745   7.201510   0.001730
1881.826319   7.225010   0.001560
1881.835921   7.234400   0.001390
1881.845731   7.267410   0.001270
1881.855252   7.279870   0.001210
1881.864967   7.315070   0.001210
1881.874874   7.319770   0.001210
1881.884546   7.299870   0.001040
1881.894462   7.312880   0.001040
1881.904494   7.310930   0.001040
1881.914271   7.303200   0.001040
1881.923884   7.307570   0.001040
1881.933466   7.300330   0.001040
1881.943231   7.309710   0.001040
1881.952875   7.324230   0.001210
1881.962633   7.280390   0.001210
1881.972149   7.244750   0.001210
1881.982098   7.248390   0.001210
1881.992169   7.257050   0.001390
1882.001889   7.252030   0.001390
1882.011594   7.256790   0.001390
1882.021627   7.274110   0.001390
1882.031644   7.214700   0.001210
1882.041324   7.243270   0.001210
1882.051198   7.266040   0.001210
1882.060871   7.263070   0.001270
1882.070527   7.272960   0.001620
1882.080330   7.287940   0.001210
1882.090096   7.279050   0.001560
1882.099569   7.336750   0.001970
1882.109365   7.262910   0.001390
1882.121972   7.258260   0.001210
1882.131558   7.284790   0.001210
1882.141120   7.295410   0.001390
1882.150540   7.288670   0.001210
1882.160119   7.277900   0.001210
1882.169652   7.289090   0.001210
1882.179008   7.267610   0.001210
1882.188466   7.258660   0.001210
1882.198063   7.274180   0.001390
1882.208031   7.333680   0.001790
1882.217722   7.326800   0.001560
1882.227231   7.284960   0.001560
1882.236839   7.280050   0.001500
1882.246327   7.362080   0.001730
1882.256107   7.319570   0.001730
1882.266006   7.310930   0.001730
1882.275585   7.281220   0.001560
1882.285301   7.289540   0.001560
1882.295361   7.255320   0.001560
1882.305067   7.296190   0.001910
1882.315073   7.358110   0.002080
1882.325032   7.237290   0.001560
1882.334886   7.226630   0.001390
1882.344919   7.307430   0.001560
1882.354771   7.368400   0.001730
1882.364587   7.278570   0.001560
1882.374737   7.284700   0.001560
1882.384757   7.559120   0.005080
1882.394964   7.321760   0.002600
1882.404892   7.787100   0.013900
1883.093660   7.284190   0.001040
1883.103366   7.462580   0.001040
1883.112818   7.258940   0.001040
1883.122237   7.240030   0.001040
1883.131900   7.269140   0.001040
1883.141295   7.262150   0.001040
1883.150882   7.294900   0.001040
1883.160374   7.254880   0.001040
1883.169871   7.254390   0.001040
1883.179271   7.348800   0.001040
1883.188727   7.340730   0.001160
1883.198404   7.265350   0.001210
1883.207904   7.297240   0.001210
1883.217549   7.210530   0.001040
1883.226897   7.264220   0.001210
1883.236210   7.245430   0.001160
1883.245790   7.245500   0.001160
1883.255334   7.243150   0.001040
1883.265175   7.243210   0.001210
1883.274780   7.285110   0.001210
1883.284849   7.292210   0.001210
1883.294394   7.294710   0.001390
1883.304305   7.268930   0.001390
1883.314080   7.396690   0.001270
1883.323720   7.273240   0.001390
1883.333437   7.271800   0.001390
1883.343435   7.245320   0.001210
1883.353548   7.286210   0.001210
1883.363493   7.249020   0.001210
1883.373027   7.229530   0.001210
1883.382657   7.283990   0.001210
1883.392439   7.276320   0.001330
1883.402040   7.249040   0.001270
1883.410061   7.258530   0.001390
1883.417485   7.258550   0.001390
1883.423677   7.270530   0.001390
1883.428949   7.268060   0.001210
1883.433300   7.295280   0.001210
1883.436812   7.272150   0.001210
1883.440325   7.269610   0.001210
1883.443180   7.259410   0.001210
1883.444926   7.241280   0.001210
1883.446707   7.271920   0.001210
1883.448508   7.249280   0.001210
1883.507335   7.253800   0.001390
1883.517022   7.295710   0.001390
1883.526655   7.256910   0.001390
1883.536232   7.268930   0.001500
1883.545818   7.254850   0.001390
1883.555341   7.252020   0.001390
1883.565051   7.241430   0.001390
1883.574608   7.235110   0.001390
1883.584302   7.278830   0.001390
1883.593915   7.235880   0.001390
1884.099534   7.286310   0.000690
1884.109140   7.308320   0.000870
1884.118686   7.332220   0.000870
1884.128292   7.255310   0.000690
1884.137551   7.308430   0.000870
1884.147279   7.361500   0.000870
1884.156774   7.345650   0.000870
1884.166197   7.235150   0.000570
1884.175960   7.350620   0.000980
1884.185414   7.242860   0.000870
1884.194977   7.314910   0.000870
1884.204574   7.316090   0.000870
1884.214174   7.315250   0.000870
1884.223839   7.236370   0.000690
1884.233272   7.286540   0.000930
1884.242628   7.338830   0.000870
1884.252195   7.353410   0.000870
1884.261682   7.335890   0.000870
1884.271201   7.334840   0.000870
1884.280876   7.344010   0.000870
1884.290846   7.334630   0.000870
1884.300573   7.363550   0.000870
1884.310420   7.259610   0.000870
1884.320206   7.332200   0.000870
1884.330156   7.316290   0.000870
1884.340081   7.260260   0.000870
1884.350052   7.344620   0.000870
1884.360119   7.344590   0.000870
1884.370060   7.345160   0.000870
1884.379738   7.323970   0.000980
1884.389528   7.308720   0.000870
1884.399065   7.344910   0.000870
1884.406881   7.319870   0.000870
1884.413865   7.374300   0.001040
1884.420522   7.275010   0.000400
1884.425635   7.338900   0.000870
1884.430150   7.350340   0.000870
1884.433678   7.376750   0.000870
1884.437202   7.346990   0.000870
1884.439908   7.360090   0.000870
1884.441669   7.330800   0.000870
1884.443407   7.335070   0.000870
1884.445186   7.337600   0.000870
1884.446926   7.234760   0.000760
1884.503638   7.356100   0.000870
1884.513187   7.302210   0.000870
1884.522993   7.360240   0.000870
1884.532900   7.319400   0.000870
1884.542819   7.280320   0.000690
1884.552706   7.331780   0.000710
1884.562458   7.209110   0.000870
1884.572213   7.274250   0.000810
1884.581820   7.225940   0.000870
1884.591479   7.371610   0.000870
1884.600983   7.359800   0.000870
1884.610820   7.298520   0.000870
1884.886961   7.344520   0.001210
1884.896459   7.249840   0.001160
1884.906042   7.260820   0.001210
1884.915643   7.296920   0.001160
1884.925737   7.277140   0.001210
1884.935570   7.326390   0.001210
1884.945448   7.228080   0.001210
1884.954875   7.255010   0.001210
1884.964329   7.245660   0.001210
1884.974229   7.239100   0.001210
1884.983546   7.237200   0.001390
1884.993441   7.214870   0.001390
1885.003341   7.295750   0.001450
1885.013229   7.230190   0.001390
1885.022911   7.232870   0.001390
1885.032502   7.245240   0.001560
1885.042137   7.236460   0.001560
1885.052183   7.222940   0.001560
1885.061957   7.263640   0.001560
1885.071678   7.263140   0.001560
1885.081285   7.312460   0.001680
1885.090973   7.295770   0.001560
1885.100847   7.279910   0.001730
1885.278794   7.229860   0.001040
1885.288696   7.314370   0.001040
1885.298475   7.236330   0.001040
1885.308250   7.267590   0.001040
1885.318087   7.271790   0.001040
1885.328301   7.294390   0.001100
1885.338173   7.360960   0.001210
1885.347960   7.274320   0.001210
1885.357853   7.295510   0.001390
1885.367578   7.262140   0.001390
1885.377344   7.323810   0.001560
1885.386938   7.277160   0.001560
1885.396599   7.273050   0.001390
1885.404395   7.248160   0.001210
1885.411445   7.273480   0.001390
1885.417511   7.286400   0.001390
1885.422892   7.362990   0.001390
1885.427461   7.339960   0.001390
1885.430989   7.266670   0.001210
1885.434637   7.290030   0.001210
1885.437356   7.336590   0.001210
1885.439093   7.287170   0.001210
1885.440855   7.315470   0.001210
1885.442624   7.248240   0.001210
1885.444416   7.267240   0.001210
1885.502228   7.294330   0.001390
1885.511985   7.308510   0.001560
1885.521821   7.258540   0.001390
1885.531512   7.293040   0.001270
1885.541243   7.292370   0.001210
1885.551133   7.241950   0.001210
1885.560860   7.237120   0.001210
1885.570601   7.248030   0.001210
1885.580236   7.282040   0.001330
1885.590133   7.228320   0.001040
1886.072366   7.308000   0.000870
1886.082057   7.327010   0.000870
1886.091456   7.320030   0.000870
1886.101064   7.290850   0.000870
1886.110701   7.291170   0.000870
1886.120214   7.327900   0.000870
1886.129544   7.299650   0.000870
1886.138882   7.311040   0.000870
1886.148233   7.343600   0.001040
1886.157943   7.294430   0.001040
1886.167550   7.358810   0.001040
1886.177101   7.328550   0.001040
1886.186997   7.321080   0.001040
1886.196609   7.323940   0.001040
1886.206153   7.297390   0.001040
1886.215757   7.339440   0.001160
1886.225422   7.328070   0.001210
1886.234829   7.321940   0.001210
1886.244630   7.287130   0.001210
1886.254426   7.283310   0.001040
1886.263771   7.296830   0.001040
1886.273578   7.261040   0.001040
1886.283270   7.313210   0.001040
1886.293134   7.267030   0.001040
1886.303115   7.285370   0.001040
1886.312914   7.298870   0.001040
1886.322818   7.272170   0.001040
1886.332859   7.268160   0.001040
1886.342543   7.287050   0.001040
1886.352534   7.299750   0.001040
1886.362281   7.291630   0.001040
1886.372003   7.310060   0.001040
1886.381496   7.281600   0.001040
1886.391198   7.270400   0.001040
1886.399994   7.262140   0.001040
1886.408171   7.265110   0.001040
1886.414363   7.249660   0.001040
1886.419581   7.260380   0.001210
1886.423873   7.243630   0.001040
1886.427459   7.264160   0.001040
1886.431086   7.274030   0.001040
1886.433748   7.270360   0.001210
1886.435540   7.243840   0.001210
1886.437293   7.287540   0.001210
1886.439058   7.285800   0.001210
1886.441348   7.276250   0.001840
