1863.169882   13.747080   0.075180
1863.179028   13.738200   0.079340
1863.188111   13.815280   0.094320
1863.197263   13.799120   0.086720
1863.206453   13.739640   0.081760
1863.215516   13.835160   0.099140
1863.224486   13.777130   0.091520
1863.233708   13.786550   0.095500
1863.243026   13.769210   0.097780
1863.252052   13.787520   0.095000
1863.260978   13.790120   0.085600
1863.270074   13.788140   0.097210
1863.279229   13.769070   0.084700
1863.288341   13.758500   0.086150
1863.297662   13.788980   0.081340
1863.306748   13.855270   0.091170
1863.315898   13.804680   0.091880
1863.325261   13.806890   0.089060
1863.334632   13.784660   0.087710
1863.344416   13.786560   0.087290
1863.353962   13.763970   0.086180
1863.363511   13.782650   0.076240
1863.372640   13.771900   0.073930
1863.381795   13.749990   0.073840
1863.391577   13.779270   0.076430
1863.400670   13.811840   0.085830
1863.410157   13.744830   0.082220
1863.419415   13.691120   0.084700
1863.428728   13.740410   0.089770
1863.438171   13.827540   0.096950
1863.447725   13.728840   0.097850
1863.457038   13.723400   0.110790
1863.464667   13.749580   0.120900
1863.471716   13.747830   0.074400
1863.477686   13.813190   0.124020
1863.482900   13.887650   0.127150
1863.487190   13.821370   0.075400
1863.490352   13.834060   0.077000
1863.494141   13.807410   0.105750
1863.496621   13.747670   0.073400
1864.122118   13.723500   0.062480
1864.131216   13.753480   0.078500
1864.140349   13.797920   0.072290
1864.149328   13.787460   0.069130
1864.158727   13.754290   0.067680
1864.168077   13.845960   0.088420
1864.177441   13.806370   0.079420
1864.186471   13.759730   0.064620
1864.195786   13.785230   0.078650
1864.204761   13.809860   0.074430
1864.213956   13.776330   0.067810
1864.223275   13.823520   0.069720
1864.232312   13.778850   0.079920
1864.241734   13.792890   0.077720
1864.250994   13.849390   0.072540
1864.260292   13.813020   0.079400
1864.269452   13.725350   0.071440
1864.278712   13.769070   0.082170
1864.288040   13.796260   0.080250
1864.297228   13.814290   0.080670
1864.306786   13.813380   0.081000
1864.315982   13.731190   0.080450
1864.325240   13.787720   0.082610
1864.334830   13.814510   0.081060
1864.344223   13.818100   0.101820
1864.353629   13.759660   0.098670
1864.362884   13.884090   0.108280
1864.372284   13.897920   0.122700
1864.381718   13.871590   0.117230
1864.391386   13.771220   0.096250
1864.401175   13.880930   0.121080
1864.410777   13.786210   0.110290
1864.420158   13.722520   0.104700
1864.429378   13.757270   0.111900
1864.438639   13.712930   0.068000
1865.081649   13.765930   0.087030
1865.090914   13.756650   0.090010
1865.103000   13.821160   0.088340
1865.112265   13.731320   0.079580
1865.121493   13.835440   0.094090
1865.180915   13.775450   0.061330
1865.189934   13.785660   0.048330
1865.199137   13.765770   0.062220
1865.208040   13.772250   0.048910
1865.217207   13.758820   0.072460
1865.226382   13.762660   0.070720
1865.235932   13.818370   0.074640
1865.245886   13.770120   0.075780
1865.255783   13.760420   0.073390
1865.265750   13.766630   0.094340
1865.275774   13.823740   0.086740
1865.285892   13.789440   0.071210
1865.295973   13.744480   0.079310
1865.306185   13.723290   0.078240
1865.316145   13.776900   0.080030
1865.326150   13.816170   0.084190
1865.336276   13.833220   0.105790
1865.346577   13.764440   0.089490
1865.356675   13.707020   0.079670
1865.366659   13.723810   0.091240
1865.376904   13.771130   0.096980
1865.387088   13.790580   0.098250
1865.397153   13.813590   0.100920
1865.407149   13.754070   0.096660
1865.417333   13.774710   0.091610
1865.427630   13.800020   0.097030
1865.437669   13.797120   0.096770
1865.448171   13.800390   0.111050
1865.457247   13.779840   0.090530
1866.165339   13.803740   0.056560
1866.174723   13.747920   0.055200
1866.184057   13.785150   0.056350
1866.193410   13.788550   0.057510
1866.202706   13.762250   0.061030
1866.212035   13.809620   0.060820
1866.221409   13.794940   0.062470
1866.230791   13.756580   0.058170
1866.240551   13.781730   0.061860
1866.250004   13.752140   0.061660
1866.259354   13.830820   0.063800
1867.193045   13.775270   0.041540
1867.202355   13.784430   0.041750
1867.211516   13.783670   0.043420
1867.220585   13.776590   0.044350
1867.230131   13.785440   0.045560
1867.239707   13.788480   0.045570
1867.249230   13.809720   0.044230
1867.258785   13.823980   0.046140
1867.268385   13.799570   0.046730
1867.277702   13.809510   0.047230
1867.287153   13.780620   0.047190
1867.296854   13.768760   0.048280
1867.306121   13.747330   0.050010
1867.315500   13.727400   0.048730
1867.325094   13.793720   0.049840
1867.334502   13.809740   0.052260
1867.344482   13.761420   0.052270
1867.354030   13.800300   0.053020
1867.363492   13.784950   0.057110
1867.372735   13.811270   0.054510
1867.382212   13.731350   0.056810
1867.391671   13.778200   0.059960
1867.401392   13.808430   0.058330
1867.410805   13.776740   0.058430
1867.420288   13.747090   0.064330
1867.429722   13.752590   0.077490
1867.439192   13.763220   0.073620
1867.448574   13.773430   0.080270
1867.456168   13.780720   0.070100
1867.463320   13.728530   0.070450
1867.469421   13.793720   0.070740
1867.473939   13.812840   0.064810
1867.478291   13.769770   0.058440
1867.481655   13.741160   0.059300
1867.484335   13.822250   0.066230
1867.486951   13.841330   0.064520
1867.488639   13.808390   0.064610
1867.490315   13.789130   0.067060
1867.492002   13.787880   0.065070
1867.493724   13.799010   0.065600
1868.197661   13.813190   0.067620
1868.207123   13.812400   0.068450
1868.216418   13.717040   0.055640
1868.225986   13.774550   0.074520
1868.235811   13.680730   0.071380
1868.245580   13.868940   0.083030
1868.255259   13.717870   0.075580
1868.264815   13.727170   0.081090
1868.274279   13.756180   0.089290
1868.283929   13.730130   0.079160
1868.293461   13.824590   0.086910
1868.312574   13.693050   0.084420
1868.322548   13.772260   0.096480
1868.332083   13.765390   0.090090
1868.341800   13.791880   0.093100
1868.351466   13.797550   0.105420
1868.360837   13.732900   0.103450
1868.370659   13.788630   0.102310
1868.380417   13.735640   0.102500
1868.390367   13.700310   0.093430
1868.399668   13.706850   0.090340
1868.409622   13.740230   0.109660
1868.419023   13.795880   0.101460
1868.428372   13.869920   0.108380
1868.437691   13.704070   0.097310
1868.446987   13.752130   0.106180
1868.454949   13.768330   0.110850
1868.461066   13.823380   0.110900
1868.467151   13.857040   0.112680
1868.471440   13.911700   0.117150
1868.481793   13.776370   0.101820
1868.486000   13.797750   0.069100
1870.219778   13.852740   0.051010
1870.229270   13.819550   0.051560
1870.238762   13.858410   0.053900
1870.248135   13.836320   0.053940
1870.257691   13.787530   0.060760
1870.267266   13.801260   0.058670
1870.276950   13.836230   0.057970
1870.286498   13.839330   0.060200
1870.295849   13.774750   0.056070
1870.305565   13.761870   0.058720
1870.315197   13.814120   0.065540
1870.325274   13.834850   0.067480
1870.335174   13.809540   0.065470
1870.344892   13.781250   0.067670
1870.354573   13.782260   0.075370
1870.364104   13.762730   0.096570
1870.373603   13.752500   0.092390
1870.383600   13.811400   0.109770
1870.448993   13.757970   0.118380
1870.456179   13.848090   0.121610
1871.136689   13.714700   0.055720
1871.146179   13.786640   0.056600
1871.155384   13.765100   0.055920
1871.164955   13.773410   0.059590
1871.174269   13.790090   0.060550
1871.183469   13.796340   0.061150
1871.192872   13.785640   0.059020
1871.202392   13.801460   0.062530
1871.211865   13.811140   0.075230
1871.221273   13.753900   0.070110
1871.230922   13.765070   0.064740
1871.240394   13.755480   0.063750
1871.250018   13.749950   0.064760
1871.259511   13.756610   0.063200
1871.269122   13.718860   0.064670
1871.278903   13.684940   0.064110
1871.288648   13.707970   0.068250
1871.298226   13.724550   0.064850
1871.307789   13.746800   0.071650
1871.317562   13.753080   0.071920
1871.327342   13.829410   0.080970
1871.337079   13.835020   0.085660
1871.346725   13.799500   0.083880
1871.356495   13.772270   0.082960
1871.366277   13.743370   0.088300
1871.375944   13.830680   0.093940
1871.385808   13.746720   0.095850
1871.395399   13.781040   0.105300
1871.404882   13.816600   0.118900
1871.414342   13.752870   0.108050
1871.423744   13.863330   0.115650
1871.433495   13.762400   0.113440
1871.442405   13.709160   0.105910
1871.449670   13.787560   0.111490
1871.455742   13.770650   0.112520
1871.461191   13.830070   0.121660
1871.465968   13.766580   0.115290
1871.469461   13.777430   0.120450
1871.472994   13.727940   0.109740
1871.476070   13.834720   0.114010
1871.477819   13.772130   0.112190
1871.479709   13.851360   0.118030
1871.481438   13.795190   0.114980
1871.550420   13.939510   0.130690
1871.559984   13.852910   0.110200
1871.569341   13.836020   0.109380
1872.324463   13.770590   0.064780
1872.334315   13.871390   0.068810
1872.344041   13.755400   0.065390
1872.353623   13.713900   0.067310
1872.363427   13.784450   0.065880
1872.373279   13.752560   0.066750
1872.383099   13.752850   0.065500
1872.392766   13.694600   0.065340
1872.402203   13.797730   0.069290
1872.412032   13.733220   0.069700
1872.421585   13.737560   0.076630
1872.431130   13.777380   0.078560
1872.439874   13.815070   0.079630
1872.447517   13.755560   0.083260
1872.454162   13.787480   0.082890
1872.459603   13.740750   0.085760
1872.463903   13.847410   0.093070
1872.467716   13.746830   0.088040
1872.470496   13.786300   0.084600
1872.473152   13.789310   0.090830
1872.474857   13.816180   0.094300
1872.476617   13.832370   0.094630
1872.478370   13.765740   0.091180
1872.480228   13.843520   0.093520
1872.541663   13.866670   0.116940
1872.550845   13.843780   0.119260
1872.560270   13.847210   0.122000
1872.569828   13.763650   0.126980
1872.579246   13.847900   0.080400
1873.229437   13.750580   0.073820
1873.238826   13.802020   0.078640
1873.248403   13.858440   0.079350
1873.258009   13.789230   0.080270
1873.267456   13.773930   0.084820
1873.276959   13.781370   0.081970
1873.286788   13.812980   0.083740
1873.296275   13.793610   0.081640
1873.305896   13.834680   0.086170
1873.315548   13.801870   0.088190
1873.325684   13.775460   0.081770
1873.335346   13.813920   0.091870
1873.344943   13.866450   0.094790
1873.354842   13.789670   0.093120
1873.364691   13.781910   0.089540
1873.374458   13.833710   0.095210
1873.383960   13.767490   0.087930
1873.393856   13.835390   0.097350
1873.403606   13.837090   0.097050
1873.413210   13.836320   0.108570
1873.422938   13.798610   0.101180
1873.432622   13.742490   0.095450
1873.441010   13.795610   0.097550
1873.447044   13.768360   0.095870
1873.453044   13.815690   0.098420
1873.457630   13.820420   0.098700
1873.462090   13.791000   0.098670
1873.465548   13.801120   0.100810
1873.468261   13.806490   0.100400
1873.470892   13.799330   0.104220
1873.472722   13.834610   0.102940
1873.474437   13.769750   0.098280
1873.476606   13.813160   0.148960
1874.032527   13.803750   0.051670
1874.041923   13.777390   0.051210
1874.051714   13.758100   0.053810
1874.061193   13.746930   0.051560
1874.070741   13.704840   0.056760
1874.080230   13.729300   0.053600
1874.089638   13.754260   0.054090
1874.098984   13.757780   0.059180
1874.108441   13.705480   0.055200
1874.117749   13.756430   0.057760
1874.127103   13.742590   0.058430
1874.136654   13.777550   0.060970
1874.145982   13.762820   0.062580
1874.155173   13.767880   0.065480
1874.164605   13.760570   0.067870
1874.174153   13.802550   0.084270
1874.183645   13.798990   0.099510
1874.193053   13.853900   0.075500
1876.992585   13.734710   0.053300
1877.002277   13.751110   0.053240
1877.012009   13.770850   0.056120
1877.021623   13.706680   0.052150
1877.031340   13.784850   0.061950
1877.041094   13.718870   0.054340
1877.050632   13.713130   0.050870
1877.060512   13.731490   0.053590
1877.070280   13.735740   0.052550
1877.080037   13.726940   0.056350
1877.089835   13.766300   0.058010
1877.099542   13.751020   0.056490
1877.109324   13.759600   0.063420
1877.119234   13.748820   0.070750
1877.128562   13.786390   0.060990
1877.137988   13.809780   0.060910
1877.147449   13.868520   0.067550
1877.157081   13.800550   0.064200
1877.166514   13.762600   0.056950
1877.175811   13.799430   0.059960
1877.185180   13.829440   0.060740
1877.194638   13.795580   0.062010
1877.204359   13.767290   0.059300
1877.213829   13.773230   0.061030
1877.223290   13.782970   0.062440
1877.232928   13.715010   0.061210
1877.242583   13.758760   0.063720
1877.252102   13.834650   0.064510
1877.261424   13.834010   0.062960
1877.271317   13.818120   0.059910
1877.280810   13.791440   0.059240
1877.290913   13.741430   0.061260
1877.300784   13.808460   0.066750
1877.310552   13.802820   0.062730
1877.320329   13.780230   0.066560
1877.330019   13.775380   0.064780
1877.339609   13.755560   0.057390
1877.349339   13.794570   0.066790
1877.359563   13.805320   0.061510
1877.369289   13.745400   0.064330
1877.379166   13.812400   0.063860
1877.389199   13.792880   0.070750
1877.398748   13.773620   0.074280
1877.408188   13.802760   0.074510
1877.417610   13.750010   0.074730
1877.426444   13.769060   0.071930
1877.433416   13.745420   0.076520
1877.439426   13.791740   0.085050
1877.444578   13.791560   0.081570
1877.449101   13.733390   0.076910
1877.452622   13.773820   0.084000
1877.456119   13.762980   0.078190
1877.458826   13.741740   0.077740
1877.460660   13.751350   0.078260
1877.462441   13.773620   0.082580
1877.464144   13.777300   0.080090
1877.465872   13.774160   0.086260
1877.528546   13.801660   0.099280
1877.538164   13.768510   0.105450
1877.547759   13.770480   0.108580
1877.557433   13.791710   0.118150
1877.566991   13.848210   0.119090
1877.956588   13.743610   0.081120
1877.966360   13.732380   0.075410
1877.975795   13.738080   0.060350
1877.985575   13.754270   0.054160
1877.995071   13.770230   0.050060
1878.004964   13.756740   0.050470
1878.014335   13.750660   0.055340
1878.023915   13.760530   0.043630
1878.033403   13.759140   0.050000
1878.042881   13.754040   0.049250
1878.052477   13.744950   0.055740
1878.062202   13.775430   0.052980
1878.072038   13.767090   0.055200
1878.081838   13.772760   0.056290
1878.091595   13.742300   0.052900
1878.101204   13.778710   0.055830
1878.111056   13.740790   0.057770
1878.120475   13.772130   0.058260
1878.129972   13.725150   0.058400
1878.139452   13.764720   0.064920
1878.148981   13.663810   0.090760
1878.158293   13.844140   0.097630
1878.167692   13.751130   0.059000
1878.177309   13.788290   0.059250
1878.186872   13.738440   0.070440
1878.196273   13.712300   0.067780
1878.206054   13.743690   0.073900
1878.215833   13.715900   0.075240
1878.225557   13.727080   0.078940
1878.235117   13.794150   0.071740
1878.244657   13.775190   0.074410
1878.254352   13.790780   0.080680
1878.263984   13.784750   0.083890
1878.273770   13.839680   0.092200
1878.283405   13.766480   0.095140
1878.293079   13.784290   0.087250
1878.302887   13.754940   0.106650
1878.312828   13.768220   0.108340
1878.322431   13.789470   0.108700
1878.332111   13.882270   0.114360
1878.342126   13.782500   0.078980
1878.351898   13.844670   0.098120
1878.361666   13.766440   0.084720
1878.371492   13.752880   0.089110
1878.381052   13.746340   0.098700
1878.390611   13.836680   0.076970
1878.400035   13.745610   0.088530
1878.409523   13.806220   0.096270
1878.419250   13.797020   0.105130
1878.427139   13.790360   0.108130
1878.434256   13.719660   0.081480
1878.439734   13.802930   0.109930
1878.444205   13.798350   0.089900
1878.448555   13.811260   0.082390
1878.452064   13.728970   0.100570
1878.454721   13.795400   0.106130
1878.457364   13.766950   0.103140
1878.459093   13.728210   0.105270
1878.460943   13.768730   0.102250
1878.463071   13.774390   0.152730
1878.523979   13.858590   0.100560
1878.533380   13.875240   0.118660
1878.542754   13.877880   0.117960
1878.552323   13.813500   0.121730
1878.561961   13.790040   0.074400
1878.896105   13.810410   0.070300
1878.907039   13.939970   0.100770
1878.917827   13.772310   0.117640
1878.928636   13.730540   0.111220
1878.939490   13.691260   0.098330
1878.950209   13.805750   0.089500
1878.960985   13.796940   0.081930
1878.971663   13.787870   0.078350
1878.982256   13.762740   0.077950
1878.992862   13.745680   0.071770
1879.003349   13.778140   0.076710
1879.014056   13.755800   0.078040
1879.024781   13.736630   0.081300
1879.035403   13.762650   0.090890
1879.046338   13.755260   0.092040
1879.056998   13.727110   0.089430
1879.067120   13.734680   0.091000
1879.077625   13.791840   0.096170
1879.087804   13.756660   0.095910
1879.097718   13.855190   0.108080
1879.108265   13.770700   0.112010
1879.118677   13.794400   0.115470
1879.128946   13.858390   0.099270
1879.138951   13.783500   0.107960
1879.148948   13.782020   0.121970
1879.158753   13.827820   0.125620
1879.168681   13.820280   0.127590
1879.178654   13.928800   0.107620
1879.188455   13.753300   0.104790
1879.198658   13.867650   0.107750
1879.208903   13.817190   0.105370
1879.249885   13.807290   0.122150
1879.259988   13.929670   0.106890
1879.270136   13.828150   0.121880
1879.279998   13.896820   0.099220
1879.290256   13.890660   0.125240
1879.300321   13.851700   0.129620
1879.310604   13.721230   0.113660
1879.321132   13.832130   0.117350
1879.331398   13.791350   0.092780
1879.341711   13.838110   0.119750
1879.352091   13.788750   0.093710
1879.362239   13.789170   0.119920
1879.372581   13.833820   0.124680
1879.383093   13.867000   0.071100
1879.393142   13.752560   0.119240
1879.403333   13.764060   0.069400
1879.914740   13.914630   0.075540
1879.924232   13.807690   0.081040
1879.933937   13.755230   0.070690
1879.943742   13.819870   0.059240
1879.953255   13.797420   0.053410
1879.962965   13.834370   0.051050
1879.972299   13.780230   0.049540
1879.982133   13.786440   0.051560
1879.991480   13.789880   0.054680
1880.001350   13.745050   0.056530
1880.010995   13.781030   0.060140
1880.020489   13.772090   0.059500
1880.030167   13.768830   0.057540
1880.040004   13.783380   0.060060
1880.050020   13.804210   0.059820
1880.059700   13.723670   0.058550
1880.069635   13.756140   0.061040
1880.079469   13.753420   0.063300
1880.089000   13.728600   0.059710
1880.098524   13.693410   0.060850
1880.108072   13.674050   0.067140
1880.117530   13.760980   0.064810
1880.127140   13.781760   0.070230
1880.200091   13.780050   0.070790
1880.209735   13.835180   0.075850
1880.219431   13.782770   0.072440
1880.229324   13.790580   0.071270
1880.238989   13.779360   0.072410
1880.248836   13.814140   0.072070
1880.258298   13.771030   0.074410
1880.267686   13.747940   0.076050
1880.277275   13.737980   0.074670
1880.286928   13.787590   0.080980
1880.306613   13.759920   0.077200
1880.369120   13.741390   0.071240
1880.967707   13.850070   0.074480
1880.977730   13.863890   0.073360
1880.987626   13.839820   0.067340
1880.997175   13.780960   0.063150
1881.007352   13.754130   0.064700
1881.017262   13.744880   0.062660
1881.027023   13.791240   0.070260
1881.036583   13.736000   0.067090
1881.046307   13.766700   0.067640
1881.055914   13.812630   0.072350
1881.065565   13.775490   0.069500
1881.075352   13.835010   0.073480
1881.085120   13.792960   0.069650
1881.094964   13.742980   0.066890
1881.104801   13.770840   0.068890
1881.114937   13.811520   0.074060
1881.124474   13.763520   0.076960
1881.134326   13.815160   0.078380
1881.143810   13.772590   0.069580
1881.153419   13.799290   0.076050
1881.163015   13.770560   0.077340
1881.171357   13.794620   0.072920
1881.180981   13.707860   0.072520
1881.190627   13.749660   0.062880
1881.200550   13.780220   0.069180
1881.210473   13.759190   0.072810
1881.220305   13.754450   0.076250
1881.230199   13.763900   0.079210
1881.239668   13.782720   0.080780
1881.249328   13.761610   0.081410
1881.258917   13.722330   0.078780
1881.268352   13.714970   0.078120
1881.278189   13.684000   0.076640
1881.288137   13.741270   0.081370
1881.297680   13.740570   0.083110
1881.307337   13.741030   0.085000
1881.317394   13.752390   0.087400
1881.327336   13.706060   0.084950
1881.337373   13.746910   0.086310
1881.347129   13.779690   0.092380
1881.357110   13.744390   0.092980
1881.366722   13.694620   0.090380
1881.376276   13.777970   0.096120
1881.386104   13.843150   0.102910
1881.395996   13.835180   0.100060
1881.405772   13.823360   0.103570
1881.414838   13.817390   0.103950
1881.422098   13.807870   0.105820
1881.428287   13.881880   0.104670
1881.433496   13.839100   0.108780
1881.437835   13.803470   0.108910
1881.441542   13.903650   0.116010
1881.445078   13.752820   0.107940
1881.447777   13.898450   0.118020
1881.449541   13.861100   0.113910
1881.451276   13.821970   0.110020
1881.453055   13.846890   0.117900
1881.455245   13.811330   0.159190
1881.512259   13.766280   0.112650
1881.522032   13.947820   0.134020
1881.531584   13.888190   0.128280
1881.540976   13.784640   0.103380
1881.550943   13.857290   0.128170
1881.560601   13.809360   0.130770
1881.570473   13.918660   0.109490
1881.874874   13.778170   0.122340
1881.884546   13.709770   0.103170
1881.894462   13.782850   0.093430
1881.904494   13.754020   0.080600
1881.914271   13.754530   0.080920
1881.923884   13.774600   0.082520
1881.933466   13.738650   0.073130
1881.943231   13.816500   0.081360
1881.952875   13.773850   0.096850
1881.962633   13.729990   0.102220
1881.972149   13.756310   0.105020
1881.982098   13.741820   0.105550
1881.992016   13.856500   0.074700
1882.021627   13.876400   0.120860
1882.031644   13.808840   0.118860
1882.041324   13.767900   0.105150
1882.051198   13.878710   0.118010
1882.060871   13.750380   0.110290
1882.080330   13.817510   0.099480
1882.121972   13.744530   0.110020
1882.131558   13.938430   0.120610
1882.150540   13.759210   0.111640
1882.160119   13.817350   0.115430
1882.169576   13.907640   0.096800
1882.179008   13.724740   0.111780
1883.093660   13.667470   0.079000
1883.112818   13.692710   0.080400
1883.122237   13.709320   0.095140
1883.131900   13.615960   0.073710
1883.141295   13.806180   0.090490
1883.150882   13.713540   0.098850
1883.160374   13.812740   0.103410
1883.169718   13.774580   0.053600
1883.179271   13.774630   0.086490
1883.188727   13.717320   0.081170
1883.198404   13.891480   0.102870
1883.207904   13.776970   0.096650
1883.217549   13.763850   0.097770
1883.226897   13.709130   0.100270
1883.236210   13.735290   0.083030
1883.245790   13.638110   0.093150
1883.255334   13.693990   0.095270
1883.265175   13.792870   0.105520
1883.274780   13.789600   0.106510
1883.333437   13.832950   0.096590
1883.363493   13.780090   0.107190
1883.372874   13.770570   0.064000
1883.392439   13.889620   0.111910
1883.446554   13.684280   0.059300
1884.099534   13.758530   0.048410
1884.109140   13.721300   0.047600
1884.118686   13.763610   0.059970
1884.128292   13.730220   0.059940
1884.137551   13.755120   0.058060
1884.147279   13.764870   0.065250
1884.156774   13.763650   0.066590
1884.166197   13.756030   0.051530
1884.175960   13.817900   0.081490
1884.185414   13.787570   0.061840
1884.194977   13.805420   0.055660
1884.204574   13.792000   0.061440
1884.214174   13.762910   0.060410
1884.223839   13.805380   0.061460
1884.233272   13.685140   0.076050
1884.242628   13.771930   0.051110
1884.252195   13.740630   0.052300
1884.261682   13.749060   0.052200
1884.271201   13.768780   0.053870
1884.280876   13.759700   0.056810
1884.290846   13.780800   0.062200
1884.300573   13.772590   0.067480
1884.310420   13.824160   0.088920
1884.320206   13.769220   0.066140
1884.330156   13.745690   0.065190
1884.340081   13.776080   0.073850
1884.350052   13.763060   0.076640
1884.360119   13.757220   0.066350
1884.370060   13.753580   0.064910
1884.379738   13.753970   0.071480
1884.389528   13.746330   0.057980
1884.399065   13.721080   0.060370
1884.406881   13.799130   0.069170
1884.413865   13.730450   0.076080
1884.420368   13.806100   0.074320
1884.425635   13.766250   0.064380
1884.430150   13.736980   0.055320
1884.433678   13.750860   0.062950
1884.437202   13.735190   0.061920
1884.439908   13.756540   0.068360
1884.441669   13.666610   0.065720
1884.443407   13.766740   0.063300
1884.445186   13.795440   0.063400
1884.446926   13.764800   0.071980
1884.503638   13.715220   0.057940
1884.513187   13.772960   0.069100
1884.522993   13.755680   0.059010
1884.532900   13.812430   0.055900
1884.542819   13.742260   0.061440
1884.552706   13.844430   0.076880
1884.562458   13.792890   0.052250
1884.572213   13.769250   0.058280
1884.581820   13.768360   0.053230
1884.591479   13.774290   0.066470
1884.600983   13.834390   0.063970
1884.610820   13.828980   0.058950
1884.886961   13.949750   0.130720
1884.896459   13.748710   0.065000
1884.906042   13.814590   0.110650
1884.925737   13.789960   0.105730
1884.945448   13.784840   0.102600
1884.954798   13.849490   0.083410
1884.964329   13.730950   0.101650
1884.993441   13.736060   0.109300
1885.003341   13.742330   0.108190
1885.013306   13.751330   0.093130
1885.022911   13.890340   0.100750
1885.278794   13.794910   0.098380
1885.298321   13.778300   0.059000
1885.308250   13.881560   0.108460
1885.318011   13.949000   0.088410
1886.072366   13.770300   0.045280
1886.082057   13.774020   0.050000
1886.091456   13.721400   0.050520
1886.101064   13.770090   0.054350
1886.110701   13.768230   0.052260
1886.120214   13.800950   0.053250
1886.129544   13.778690   0.054730
1886.138882   13.817560   0.057810
1886.148233   13.775890   0.058920
1886.157943   13.776770   0.059170
1886.167550   13.733190   0.064220
1886.177101   13.749780   0.065380
1886.186997   13.784030   0.069570
1886.196609   13.764580   0.070220
1886.206153   13.809480   0.079410
1886.215757   13.784610   0.084180
1886.225422   13.848490   0.106570
1886.234829   13.760910   0.102180
1886.244630   13.815440   0.099520
1886.254426   13.748130   0.075890
1886.263771   13.777390   0.067060
1886.273578   13.848240   0.104920
1886.283270   13.757460   0.063220
1886.293134   13.767480   0.066580
1886.303115   13.767080   0.074730
1886.312914   13.787110   0.068030
1886.322818   13.786960   0.071770
1886.332859   13.751400   0.072240
1886.342543   13.816370   0.069190
1886.352534   13.810050   0.072670
1886.362281   13.779670   0.075300
1886.372003   13.825650   0.080750
1886.381496   13.818790   0.079710
1886.391198   13.799150   0.087660
1886.399994   13.749950   0.083220
1886.408171   13.833590   0.091330
1886.414363   13.876210   0.111450
1886.419581   13.869550   0.105720
1886.423873   13.809610   0.098210
1886.427459   13.794290   0.096410
1886.431086   13.867860   0.096020
1886.433748   13.830800   0.101680
1886.435540   13.748880   0.100450
1886.437293   13.793220   0.080980
1886.439058   13.738830   0.102020
1886.441074   13.758340   0.063000
