1863.169882   11.011010   0.008310
1863.179028   11.007480   0.009010
1863.188111   10.995320   0.010050
1863.197263   11.006350   0.009470
1863.206453   11.009100   0.009300
1863.215516   11.009780   0.010800
1863.224486   10.999160   0.010220
1863.233708   10.998040   0.010910
1863.243026   11.003930   0.010850
1863.252052   11.008790   0.009940
1863.260978   11.016540   0.009640
1863.270074   10.999470   0.010800
1863.279229   11.000570   0.009580
1863.288341   10.999480   0.009350
1863.297662   10.999360   0.008780
1863.306748   11.009690   0.009870
1863.315898   11.003150   0.009930
1863.325261   11.006250   0.009870
1863.334632   11.005110   0.009990
1863.344416   11.006080   0.009990
1863.353962   11.005690   0.009640
1863.363511   11.012740   0.008890
1863.372640   11.004870   0.008310
1863.381795   11.009540   0.008430
1863.391577   11.005540   0.008830
1863.400670   11.011170   0.009180
1863.410157   11.009130   0.009070
1863.419415   10.999570   0.009240
1863.428728   11.004010   0.009990
1863.438171   11.009420   0.010280
1863.447725   11.006610   0.010390
1863.457038   11.010750   0.011780
1863.464667   11.007150   0.013510
1863.471563   11.014400   0.014320
1863.477686   11.008230   0.013340
1863.482900   11.018770   0.013510
1863.487037   11.008990   0.014320
1863.490505   11.012950   0.014140
1863.494064   11.020480   0.013510
1863.496621   11.017950   0.014140
1863.498272   11.008110   0.013970
1863.500087   11.010610   0.014720
1863.501889   11.011460   0.015070
1863.503937   11.016970   0.021390
1864.122118   11.007860   0.006990
1864.131216   11.006640   0.008780
1864.140349   11.002860   0.007910
1864.149328   11.003000   0.007850
1864.158727   11.007550   0.007620
1864.168077   11.002820   0.009240
1864.177441   11.009450   0.008600
1864.186471   11.008120   0.007330
1864.195786   10.999300   0.008890
1864.204761   11.008050   0.008200
1864.213956   11.014190   0.007790
1864.223275   11.018410   0.007680
1864.232312   11.004270   0.008780
1864.241734   11.015470   0.009010
1864.250994   11.006620   0.007910
1864.260292   11.004930   0.009120
1864.269452   11.012370   0.008140
1864.278712   11.011110   0.009180
1864.288040   11.003820   0.009070
1864.297228   11.000290   0.009010
1864.306786   11.013230   0.009180
1864.315982   11.010170   0.009350
1864.325240   11.005100   0.009180
1864.334830   11.003970   0.008890
1864.344223   10.999270   0.011660
1864.353629   11.004930   0.011320
1864.362884   11.008100   0.012070
1864.372284   11.014810   0.014200
1864.381718   11.002790   0.012700
1864.391386   11.010380   0.010970
1864.401175   11.013940   0.013220
1864.410777   11.014580   0.012070
1864.420158   10.998450   0.012010
1864.429378   11.011350   0.012930
1864.438639   11.013330   0.014550
1864.448098   11.027860   0.016460
1864.457409   11.022740   0.017150
1864.465120   11.008230   0.015880
1864.472313   11.010400   0.018650
1864.477494   10.993170   0.020850
1864.482643   11.012980   0.027900
1864.486002   10.985130   0.037840
1864.489646   10.999440   0.033200
1864.492216   11.011000   0.025660
1864.494776   10.996910   0.026740
1864.496480   11.012860   0.027200
1864.498365   11.008080   0.027310
1864.500091   11.006660   0.028350
1864.501760   11.015640   0.027200
1865.081649   10.999680   0.009300
1865.090914   10.997690   0.009990
1865.103000   11.004150   0.009530
1865.112265   11.001150   0.009300
1865.121493   11.000120   0.010860
1865.180915   10.997000   0.006750
1865.189934   11.002880   0.005720
1865.199137   11.005860   0.007040
1865.208040   10.998660   0.005720
1865.217207   11.011840   0.008200
1865.226382   11.007000   0.007910
1865.235932   10.997330   0.008310
1865.245886   11.010270   0.008490
1865.255783   11.011730   0.008310
1865.265750   10.991230   0.010390
1865.275774   10.996320   0.009350
1865.285892   11.008540   0.008200
1865.295973   10.993170   0.009120
1865.306185   11.002440   0.009010
1865.316145   10.995180   0.008780
1865.326150   11.001610   0.009410
1865.336276   11.006020   0.010850
1865.346577   11.005600   0.009700
1865.356675   11.007030   0.009700
1865.366659   10.995270   0.010570
1865.376904   11.006940   0.010510
1865.387088   11.014810   0.010800
1865.397153   11.008720   0.010910
1865.407149   10.994950   0.010450
1865.417333   11.014100   0.010340
1865.427630   11.010670   0.010800
1865.437669   11.001140   0.010570
1865.448171   11.006290   0.012760
1865.457324   11.012800   0.013340
1865.465615   11.000810   0.014490
1865.471988   11.006850   0.017440
1865.477591   10.997780   0.020790
1865.482335   10.998130   0.017030
1865.486159   11.042770   0.020490
1865.489785   10.997510   0.017670
1865.492667   11.002140   0.016460
1865.494427   11.006000   0.016110
1865.496283   11.002130   0.015190
1865.498551   11.001300   0.026120
1866.165339   10.997260   0.006410
1866.174723   10.996050   0.006410
1866.184057   11.006340   0.006580
1866.193410   10.994180   0.006640
1866.202706   10.999770   0.006930
1866.212035   11.003030   0.006990
1866.221409   11.008310   0.007100
1866.230791   11.004760   0.007100
1866.240551   11.002150   0.006930
1866.250004   10.998180   0.006930
1866.259354   10.995830   0.007100
1867.193045   11.010850   0.005020
1867.202355   11.003430   0.005200
1867.211516   11.010870   0.005200
1867.220585   11.010840   0.005430
1867.230131   11.011060   0.005540
1867.239707   11.010230   0.005540
1867.249230   10.998510   0.005540
1867.258785   11.006300   0.005540
1867.268385   10.999880   0.005540
1867.277702   11.007250   0.005720
1867.287153   11.007330   0.005720
1867.296854   11.007680   0.005830
1867.306121   11.011370   0.005890
1867.315500   11.010560   0.005890
1867.325094   10.999710   0.006060
1867.334502   11.004880   0.006120
1867.344482   11.002390   0.006290
1867.354030   11.003130   0.006240
1867.363492   11.005800   0.006750
1867.372735   11.003300   0.006530
1867.382212   11.008630   0.006700
1867.391671   11.007600   0.006930
1867.401392   11.000960   0.006930
1867.410805   11.011620   0.006870
1867.420288   11.004760   0.007620
1867.429722   11.008380   0.008370
1867.439192   11.006320   0.008030
1867.448574   11.008730   0.008780
1867.456168   11.011120   0.007970
1867.463320   11.007220   0.008140
1867.469421   11.008920   0.008140
1867.473939   11.007930   0.006990
1867.478291   11.001050   0.006580
1867.481655   11.011120   0.006580
1867.484335   11.002260   0.006930
1867.486951   11.009650   0.006810
1867.488639   10.998540   0.006930
1867.490315   11.001910   0.007100
1867.492002   11.000630   0.006930
1867.493724   10.998010   0.006810
1868.197661   11.005010   0.008260
1868.207123   11.012660   0.008370
1868.216495   10.997810   0.009600
1868.225986   11.000870   0.009410
1868.235811   11.015880   0.010220
1868.245580   11.007830   0.010220
1868.255259   11.001800   0.010450
1868.264815   11.009600   0.011320
1868.274279   11.015060   0.012360
1868.283929   11.007910   0.011140
1868.293537   11.005380   0.014950
1868.303104   10.984620   0.015990
1868.312574   11.009090   0.016280
1868.322548   10.999120   0.012360
1868.332083   11.005330   0.012180
1868.341800   10.988360   0.012590
1868.351466   11.005040   0.014720
1868.360837   11.003290   0.014550
1868.370659   11.009240   0.014260
1868.380417   11.013390   0.014660
1868.390367   11.008320   0.014090
1868.399668   11.011800   0.014200
1868.409622   11.020950   0.015360
1868.419023   11.007690   0.014550
1868.428372   11.002590   0.014550
1868.437691   11.005400   0.015130
1868.446987   11.009340   0.015010
1868.454949   11.003130   0.015410
1868.461066   11.010020   0.015530
1868.467151   11.000560   0.015990
1868.471440   11.003840   0.016570
1868.475710   11.013130   0.018130
1868.479187   11.015570   0.018760
1868.481793   11.012280   0.018240
1868.484421   11.002220   0.017670
1868.486154   11.010830   0.016980
1868.487874   11.016290   0.017550
1868.489584   11.021990   0.017780
1868.491280   11.019870   0.018300
1868.552972   11.006230   0.028580
1868.562396   11.032240   0.025870
1868.571884   11.002050   0.044500
1868.581607   10.994300   0.042620
1868.591155   11.010160   0.042090
1868.600621   11.009160   0.051300
1868.610180   10.996500   0.076600
1868.619726   11.037800   0.118210
1869.239644   11.013480   0.020960
1869.249027   11.000700   0.021650
1869.258676   11.001990   0.024020
1869.268460   10.986320   0.026960
1869.278238   10.991870   0.029590
1869.287800   10.990330   0.030030
1869.297392   10.993360   0.031060
1869.307040   10.974820   0.035140
1869.316723   11.008950   0.047380
1869.326588   10.950430   0.044890
1869.336288   10.978660   0.047720
1869.345989   10.994680   0.054240
1869.356015   11.016360   0.069560
1869.365922   11.029830   0.062370
1869.375609   10.984100   0.070390
1869.384959   10.979910   0.088690
1869.394501   10.985690   0.069160
1869.403876   10.974650   0.069790
1869.413491   11.029100   0.087440
1869.422812   10.962280   0.090130
1869.432155   11.003020   0.093510
1869.441623   11.022510   0.083230
1869.462799   10.968740   0.093140
1869.468109   11.032270   0.120470
1869.472681   10.985730   0.105930
1869.476266   11.069320   0.109420
1869.478887   11.048690   0.093920
1869.481456   11.047820   0.094460
1869.483271   10.979980   0.111840
1869.485156   11.096240   0.069800
1869.486718   11.038350   0.112090
1869.488477   10.961650   0.091800
1869.544878   11.035520   0.128190
1870.219778   11.004740   0.005890
1870.229270   11.011960   0.006060
1870.238762   11.004850   0.006350
1870.248135   11.009580   0.006240
1870.257691   11.007450   0.006930
1870.267266   11.005350   0.006580
1870.276950   11.008470   0.006700
1870.286498   11.003630   0.006750
1870.295849   11.002110   0.006530
1870.305565   11.002810   0.006750
1870.315197   11.009280   0.007450
1870.325274   11.009090   0.007620
1870.335174   10.999450   0.007280
1870.344892   11.006650   0.007560
1870.354573   11.011500   0.008600
1870.364104   11.003750   0.010800
1870.373603   11.001230   0.010280
1870.383600   11.001730   0.011610
1870.393243   11.005280   0.013510
1870.402820   11.006110   0.018360
1870.412418   11.013060   0.017150
1870.421719   10.994050   0.017090
1870.431056   11.014100   0.017840
1870.440608   11.009290   0.014840
1870.448993   11.004810   0.013400
1870.456179   11.000430   0.013280
1870.461756   11.003250   0.015760
1870.466593   11.011780   0.017560
1870.470290   11.002860   0.015700
1870.474034   11.001270   0.017730
1870.476825   10.997120   0.019000
1870.478569   11.008220   0.018710
1870.480341   11.008510   0.017900
1870.482097   11.005990   0.018070
1870.483838   11.001740   0.019230
1870.485602   11.004120   0.018710
1871.136689   11.014950   0.006640
1871.146179   11.006800   0.006410
1871.155384   10.993640   0.006410
1871.164955   11.003240   0.006870
1871.174269   11.000150   0.006750
1871.183469   11.005010   0.007100
1871.192872   11.000120   0.006810
1871.202392   11.004640   0.007100
1871.211865   10.996870   0.007850
1871.221273   11.004780   0.007850
1871.230922   10.995360   0.007330
1871.240394   11.006570   0.007280
1871.250018   11.000390   0.007450
1871.259511   11.005880   0.007280
1871.269122   11.001420   0.007390
1871.278903   10.992790   0.007390
1871.288648   11.007020   0.007740
1871.298226   11.004140   0.007560
1871.307789   10.993000   0.007910
1871.317562   11.003280   0.008140
1871.327342   10.998470   0.008430
1871.337079   10.994070   0.008950
1871.346725   10.981580   0.009240
1871.356495   11.006830   0.009070
1871.366277   10.996420   0.009990
1871.375944   11.002340   0.010100
1871.385808   11.012010   0.010860
1871.395399   10.997520   0.011660
1871.404882   11.000940   0.012990
1871.414342   10.990810   0.012470
1871.423744   11.000100   0.012410
1871.433495   11.002380   0.012360
1871.442405   11.006300   0.011720
1871.449670   11.004140   0.011720
1871.455742   11.000190   0.012070
1871.461191   11.005430   0.012700
1871.465968   10.993490   0.012300
1871.469461   10.999440   0.012410
1871.472994   11.012370   0.012470
1871.476070   11.007220   0.011950
1871.477819   11.000070   0.011950
1871.479709   10.999130   0.011840
1871.481438   11.003400   0.011890
1871.550420   11.053980   0.012870
1871.559908   11.058490   0.013220
1871.569340   11.056710   0.013680
1871.578835   11.060830   0.014780
1871.588334   11.055450   0.015990
1871.597765   11.038730   0.019000
1871.607264   11.043350   0.021900
1871.616819   11.052910   0.025120
1871.626324   11.049700   0.029100
1872.324463   11.004410   0.007390
1872.334315   11.001000   0.007560
1872.344041   11.002450   0.007510
1872.353623   11.001030   0.007620
1872.363427   11.003370   0.007450
1872.373279   10.997060   0.007450
1872.383099   10.997210   0.007620
1872.392766   11.007540   0.007620
1872.402203   11.004280   0.007740
1872.412032   11.001980   0.007970
1872.421585   11.001530   0.008140
1872.431130   10.996890   0.008490
1872.439874   10.991620   0.008490
1872.447517   11.003180   0.008550
1872.454162   10.998260   0.008720
1872.459603   10.999970   0.009180
1872.463903   10.994930   0.009350
1872.467716   10.995640   0.009120
1872.470496   11.000610   0.009180
1872.473152   10.998980   0.009350
1872.474857   11.000730   0.009350
1872.476617   11.003610   0.009410
1872.478370   11.005950   0.009410
1872.480228   11.004490   0.009410
1872.541663   11.008790   0.011430
1872.550845   11.009890   0.011780
1872.560270   11.002460   0.012120
1872.569828   11.000260   0.012640
1872.579400   11.029090   0.013800
1872.588943   11.002050   0.014720
1872.598488   11.006590   0.016740
1872.608116   10.997740   0.019170
1872.617527   11.036550   0.022690
1872.627101   10.976060   0.026270
1872.636625   11.028620   0.033780
1872.646041   11.050490   0.041970
1873.229437   11.003730   0.008200
1873.238826   11.012410   0.008600
1873.248403   11.003060   0.008490
1873.258009   11.002730   0.008430
1873.267456   11.008040   0.008720
1873.276959   11.006150   0.008720
1873.286788   11.010770   0.008830
1873.296275   11.001560   0.009010
1873.305896   11.006040   0.009350
1873.315548   11.006040   0.009470
1873.325684   11.006330   0.009700
1873.335346   11.012930   0.010160
1873.344943   11.006030   0.010220
1873.354842   11.002400   0.009820
1873.364691   11.001430   0.010740
1873.374458   10.998220   0.010390
1873.383960   11.013920   0.009870
1873.393856   11.003320   0.010100
1873.403606   11.007630   0.010450
1873.413210   11.013960   0.011370
1873.422938   10.998710   0.011370
1873.432622   10.999880   0.010570
1873.441010   11.008390   0.010340
1873.447044   11.010170   0.010220
1873.453044   11.008870   0.010340
1873.457630   11.007820   0.010510
1873.462090   10.996830   0.010570
1873.465548   11.003590   0.010620
1873.468261   11.001100   0.010800
1873.470892   11.002410   0.011030
1873.472722   11.010060   0.010800
1873.474437   11.012850   0.010740
1873.476606   11.009500   0.015310
1873.539458   10.989370   0.039510
1873.548852   11.032190   0.030720
1873.558313   11.016400   0.023850
1873.567696   10.995070   0.023460
1873.577180   11.000230   0.025870
1873.586745   11.004190   0.021190
1873.596227   10.985280   0.029800
1873.605773   10.996760   0.029220
1873.615321   11.002720   0.026730
1873.624816   10.995900   0.027790
1874.032527   11.004810   0.005950
1874.041923   11.007370   0.006290
1874.051714   11.008030   0.006240
1874.061193   11.005050   0.006060
1874.070741   11.004460   0.006410
1874.080230   11.005460   0.006410
1874.089638   11.003330   0.006290
1874.098984   11.011190   0.006530
1874.108441   11.005790   0.006410
1874.117749   10.996630   0.006580
1874.127103   11.003510   0.006640
1874.136654   10.999600   0.006750
1874.145982   11.000530   0.006990
1874.155173   11.013060   0.007510
1874.164605   10.998320   0.007850
1874.174153   11.017180   0.009070
1874.183645   11.004600   0.011200
1874.193053   11.007020   0.014490
1874.202515   11.019630   0.015190
1874.212179   11.018300   0.016400
1874.222051   11.011040   0.014490
1874.593715   10.979440   0.026850
1874.603390   10.990800   0.024320
1874.613039   10.985150   0.030370
1876.992585   10.995910   0.006060
1877.002277   11.002380   0.006180
1877.012009   10.997260   0.006410
1877.021623   11.013880   0.006240
1877.031340   10.996680   0.006640
1877.041094   11.005080   0.006470
1877.050632   11.005410   0.006120
1877.060512   11.005130   0.006350
1877.070280   10.992390   0.006410
1877.080037   11.005070   0.006530
1877.089835   10.999990   0.006530
1877.099542   10.998410   0.006640
1877.109248   11.002660   0.006080
1877.119234   11.014960   0.007390
1877.128562   10.998570   0.006990
1877.137988   11.004190   0.006930
1877.147449   11.008410   0.007680
1877.157081   11.009010   0.007390
1877.166514   11.003010   0.007160
1877.175811   11.004840   0.007040
1877.185180   11.003820   0.007330
1877.194638   11.004370   0.007160
1877.204359   11.001270   0.007100
1877.213829   11.006010   0.007040
1877.223290   11.005720   0.007280
1877.232928   11.009920   0.007100
1877.242583   11.003900   0.007450
1877.252102   11.004020   0.007560
1877.261424   11.013990   0.007510
1877.271317   10.997370   0.007220
1877.280810   11.002010   0.006990
1877.290913   11.008100   0.007450
1877.300784   11.005680   0.008030
1877.310552   11.007970   0.007330
1877.320329   11.000080   0.007910
1877.330019   11.003210   0.007330
1877.339609   11.003660   0.007040
1877.349339   11.002820   0.007510
1877.359563   11.015820   0.007160
1877.369289   11.003000   0.007560
1877.379166   11.006890   0.007450
1877.389199   11.013920   0.008080
1877.398748   11.009710   0.008550
1877.408188   11.003280   0.008430
1877.417610   11.002280   0.008200
1877.426444   11.007750   0.007910
1877.433416   11.005810   0.008310
1877.439426   11.015170   0.008840
1877.444578   11.008800   0.008780
1877.449101   11.005470   0.008310
1877.452622   10.996930   0.009010
1877.456119   11.012710   0.008490
1877.458826   11.017310   0.008430
1877.460660   11.011400   0.008600
1877.462441   11.002960   0.008550
1877.464144   11.004590   0.008600
1877.465872   10.997330   0.008720
1877.528546   11.007590   0.010220
1877.538164   11.013230   0.010570
1877.547759   11.009180   0.011030
1877.557433   11.009970   0.011430
1877.566991   11.016190   0.011660
1877.956588   11.004800   0.008830
1877.966360   10.997000   0.008200
1877.975795   11.006770   0.006990
1877.985575   11.000110   0.006410
1877.995071   11.009600   0.006180
1878.004964   11.012950   0.006180
1878.014335   11.002850   0.006470
1878.023915   11.006660   0.005300
1878.033403   11.011250   0.006120
1878.042881   11.011420   0.006060
1878.052477   11.011580   0.006810
1878.062202   11.002230   0.006580
1878.072038   11.008620   0.006750
1878.081838   11.009910   0.006930
1878.091595   11.011150   0.006700
1878.101204   11.004850   0.006750
1878.111056   11.009240   0.006990
1878.120475   11.011630   0.006990
1878.129972   11.007430   0.007510
1878.139452   11.013920   0.008550
1878.148981   11.005110   0.013160
1878.158293   11.007070   0.011840
1878.167692   11.011420   0.007680
1878.177309   11.012520   0.007510
1878.186872   11.009620   0.009180
1878.196273   10.997460   0.009070
1878.206054   11.009000   0.009990
1878.215833   10.993340   0.010570
1878.225557   11.003530   0.010740
1878.235117   10.994890   0.009120
1878.244657   10.995350   0.009240
1878.254352   10.996510   0.009820
1878.263984   10.996730   0.010680
1878.273770   11.009730   0.010970
1878.283405   11.008380   0.011370
1878.293079   11.003980   0.011260
1878.302887   11.000440   0.013630
1878.312828   10.992710   0.013970
1878.322431   11.004890   0.013740
1878.332111   11.005780   0.014380
1878.342126   11.018570   0.010250
1878.351898   11.000300   0.011660
1878.361666   11.001240   0.011200
1878.371492   10.999510   0.011490
1878.381052   11.015720   0.012410
1878.390611   11.009140   0.009330
1878.400035   10.988840   0.011430
1878.409523   11.004930   0.010970
1878.419250   11.010970   0.011890
1878.427139   11.025320   0.012410
1878.434256   11.013400   0.010110
1878.439734   11.004040   0.012530
1878.444205   11.019220   0.010040
1878.448555   11.004300   0.009830
1878.452064   10.999950   0.012010
1878.454721   11.012530   0.011890
1878.457364   11.008230   0.012070
1878.459093   11.003920   0.012070
1878.460943   11.003040   0.011950
1878.463071   11.016380   0.017110
1878.523903   11.013200   0.012590
1878.533380   11.006030   0.012470
1878.542754   11.010740   0.012360
1878.552323   11.007910   0.013110
1878.561961   11.014990   0.015300
1878.571685   11.008350   0.021590
1878.581234   11.001220   0.019230
1878.590773   11.018900   0.019860
1878.600390   10.991830   0.026730
1878.885725   10.992380   0.016170
1878.896259   11.004190   0.013280
1878.907039   11.012260   0.012240
1878.917827   11.009090   0.009760
1878.928636   10.999470   0.011780
1878.939490   11.010370   0.010570
1878.950209   11.004640   0.008950
1878.960985   10.997900   0.008660
1878.971663   11.002100   0.008260
1878.982256   11.006460   0.008490
1878.992862   11.009340   0.008310
1879.003349   10.994910   0.008840
1879.014056   10.999980   0.008950
1879.024781   10.999530   0.009010
1879.035403   10.999040   0.009870
1879.046338   11.009660   0.009990
1879.056998   11.001820   0.010340
1879.067120   10.993850   0.010510
1879.077625   11.008410   0.010570
1879.087804   10.997220   0.010680
1879.097718   11.000230   0.011660
1879.108265   11.001280   0.012300
1879.118677   11.010540   0.012930
1879.128946   10.991050   0.010540
1879.138951   11.007760   0.012240
1879.148948   10.995880   0.013800
1879.158753   11.006990   0.014320
1879.168681   11.012770   0.014320
1879.178653   11.002700   0.014610
1879.188532   11.004610   0.014900
1879.198658   11.009050   0.015070
1879.208980   11.016820   0.015240
1879.219105   10.996550   0.015300
1879.229198   11.014540   0.015590
1879.239692   11.005820   0.015420
1879.249885   11.007850   0.015010
1879.259988   11.001640   0.014610
1879.270136   11.007510   0.014380
1879.279998   11.001780   0.011740
1879.290256   11.001660   0.014380
1879.300321   10.998050   0.014200
1879.310604   10.997870   0.014380
1879.321132   10.993400   0.014430
1879.331398   11.010950   0.014610
1879.341711   11.001700   0.014660
1879.352168   10.995030   0.014660
1879.362239   11.000240   0.014780
1879.372581   11.006180   0.015070
1879.383093   10.996880   0.008700
1879.393142   10.998730   0.015470
1879.403333   10.997730   0.015880
1879.413718   10.997420   0.016280
1879.422210   11.005130   0.016630
1879.430290   11.014110   0.017090
1879.436891   11.005510   0.017380
1879.441492   11.005650   0.017670
1879.445571   11.004560   0.017780
1879.449457   11.015070   0.018130
1879.452342   11.000720   0.015130
1879.454194   11.017400   0.018360
1879.456055   11.008670   0.015130
1879.457932   11.015750   0.018530
1879.460282   11.002520   0.026460
1879.524043   10.999340   0.023380
1879.534146   11.002990   0.024720
1879.544253   11.006670   0.025290
1879.554321   11.025780   0.014600
1879.564508   11.000370   0.026850
1879.574677   11.000690   0.027600
1879.584814   10.987910   0.027540
1879.594935   11.019290   0.028240
1879.605121   11.008610   0.031310
1879.615186   11.007500   0.032700
1879.625350   10.997550   0.036320
1879.885631   11.008150   0.017850
1879.895153   10.999700   0.015240
1879.904711   11.019340   0.011720
1879.914664   11.016130   0.009180
1879.924232   11.005040   0.007850
1879.933937   11.011570   0.007100
1879.943742   11.011790   0.006530
1879.953255   11.010670   0.006240
1879.962965   11.015890   0.005890
1879.972299   11.008860   0.005890
1879.982133   11.013560   0.006060
1879.991480   11.006880   0.006290
1880.001350   11.011220   0.006470
1880.010995   11.018570   0.006810
1880.020489   11.010140   0.006810
1880.030167   11.019190   0.006870
1880.040004   11.016180   0.006810
1880.050020   11.008180   0.006810
1880.059700   11.014000   0.006990
1880.069635   11.014220   0.007040
1880.079469   11.010900   0.007280
1880.089000   11.006360   0.007160
1880.098524   11.013150   0.007450
1880.108072   11.013880   0.007740
1880.117530   11.010520   0.007220
1880.127140   11.010350   0.007450
1880.200091   11.020120   0.007910
1880.209735   11.012280   0.008490
1880.219431   11.009360   0.008140
1880.229324   11.012780   0.007740
1880.238989   11.002070   0.007740
1880.248836   10.999370   0.007620
1880.258298   11.005760   0.007970
1880.267686   11.006210   0.008140
1880.277275   11.004260   0.008370
1880.286928   11.005360   0.009070
1880.306613   10.998400   0.008260
1880.369120   10.996960   0.008080
1880.684731   10.967550   0.022230
1880.693935   11.007440   0.021360
1880.703424   10.990230   0.025710
1880.712965   11.022260   0.028980
1880.722745   11.013520   0.035750
1880.732752   11.003650   0.043710
1880.743114   11.008550   0.053520
1880.753480   10.982590   0.069260
1880.828480   11.064180   0.058850
1880.839020   10.989250   0.049150
1880.967707   11.024050   0.007850
1880.977730   11.013530   0.008080
1880.987626   11.003070   0.007040
1880.997175   10.995700   0.006930
1881.007352   10.995850   0.006990
1881.017262   10.997470   0.007100
1881.027023   11.001210   0.007330
1881.036583   10.999840   0.007280
1881.046307   11.000110   0.007510
1881.055914   11.005940   0.008030
1881.065565   11.005670   0.007800
1881.075352   11.002510   0.008430
1881.085120   11.006350   0.007920
1881.094964   11.001510   0.007680
1881.104801   11.001840   0.007220
1881.114937   11.010850   0.008950
1881.124474   10.999780   0.008200
1881.134326   11.000050   0.008600
1881.143810   10.994600   0.007330
1881.153419   10.996670   0.008720
1881.163015   11.003190   0.008140
1881.171357   11.001150   0.007510
1881.180981   11.000060   0.007790
1881.190627   10.998420   0.006930
1881.200550   11.005740   0.007450
1881.210473   11.002240   0.007790
1881.220305   11.005300   0.008260
1881.230199   10.993730   0.008030
1881.239668   11.001530   0.008370
1881.249328   11.009730   0.008310
1881.258917   11.007080   0.008310
1881.268352   11.000460   0.008490
1881.278189   11.005510   0.008490
1881.288137   11.004420   0.008600
1881.297680   11.003050   0.008660
1881.307337   11.004450   0.008890
1881.317394   11.004560   0.009180
1881.327336   11.005030   0.009410
1881.337373   11.008790   0.009470
1881.347129   11.011550   0.009640
1881.357110   11.010350   0.009700
1881.366722   11.012440   0.009870
1881.376276   11.009330   0.010050
1881.386104   11.005100   0.010570
1881.395996   10.991380   0.010450
1881.405772   11.007490   0.010800
1881.414838   11.005830   0.010740
1881.422098   11.005540   0.011030
1881.428287   11.013600   0.011080
1881.433496   11.007970   0.011200
1881.437835   11.007850   0.011260
1881.441542   11.013320   0.011610
1881.445078   11.005620   0.011660
1881.447777   11.015830   0.011780
1881.449541   11.008190   0.011610
1881.451276   11.001520   0.011720
1881.453055   11.003560   0.011780
1881.455245   11.005390   0.016700
1881.512259   11.013890   0.012360
1881.522032   11.009810   0.013050
1881.531584   11.010290   0.013280
1881.541053   11.003010   0.013450
1881.550943   11.006580   0.013570
1881.560601   11.005720   0.013860
1881.570473   11.013140   0.013860
1881.580253   11.004730   0.015190
1881.589860   11.014120   0.014610
1881.599577   10.990690   0.015700
1881.609472   11.010040   0.015530
1881.619114   10.998300   0.016980
1881.628942   11.003000   0.018590
1881.638590   10.999580   0.019750
1881.648351   11.005670   0.021770
1881.778022   10.984520   0.039730
1881.787777   11.037110   0.037650
1881.797497   11.008800   0.036030
1881.807277   10.995780   0.034240
1881.816745   11.003790   0.028020
1881.826319   11.017510   0.022860
1881.835921   10.986160   0.019050
1881.845731   11.010010   0.016690
1881.855252   10.996400   0.014320
1881.864967   10.999380   0.012820
1881.874874   10.998970   0.011660
1881.884546   11.005750   0.010160
1881.894462   11.007360   0.009010
1881.904494   11.002440   0.008200
1881.914271   11.008030   0.008030
1881.923884   11.007720   0.008200
1881.933466   11.006260   0.007850
1881.943231   10.998460   0.007970
1881.952875   11.002320   0.009820
1881.962633   10.999280   0.010740
1881.972149   11.003790   0.011200
1881.982098   11.005570   0.011720
1881.992169   10.998050   0.014430
1882.001889   11.015770   0.015700
1882.011594   11.001010   0.015650
1882.021627   10.999560   0.012870
1882.031644   10.996380   0.013860
1882.041324   10.988270   0.013450
1882.051198   11.005190   0.012360
1882.060871   11.010670   0.012700
1882.070527   11.015350   0.023200
1882.080330   11.010060   0.010160
1882.090096   10.991450   0.020840
1882.099569   11.002460   0.031400
1882.109365   11.020840   0.016800
1882.121972   11.002510   0.013920
1882.131558   11.003660   0.011260
1882.141120   11.015610   0.017090
1882.150540   11.012790   0.012070
1882.160119   11.015610   0.012300
1882.169652   11.011190   0.012700
1882.179008   11.004200   0.012760
1882.188466   11.001320   0.014090
1882.198063   11.026970   0.015990
1882.208031   11.013160   0.028720
1882.217722   11.025430   0.023100
1882.227231   11.004680   0.019800
1882.236839   11.003140   0.019690
1882.246327   10.992070   0.027140
1882.256107   10.995500   0.026390
1882.266006   11.015480   0.026040
1882.275585   11.018510   0.022820
1882.285301   11.002590   0.022700
1882.295361   11.006530   0.021650
1882.305067   11.017940   0.028070
1882.315073   10.998910   0.034150
1882.325032   11.003940   0.021590
1882.334886   11.007150   0.018530
1882.344919   11.022510   0.023210
1882.354771   10.992300   0.024780
1882.364587   11.008720   0.020730
1882.374737   10.989540   0.020560
1882.384834   11.044800   0.089380
1882.394964   11.014680   0.042330
1883.093660   11.006510   0.009470
1883.103366   11.009560   0.014390
1883.112818   11.018890   0.009650
1883.122237   11.010420   0.011100
1883.131900   11.010410   0.009350
1883.141295   11.014710   0.010340
1883.150882   10.998010   0.011200
1883.160374   11.011090   0.012010
1883.169871   10.992350   0.012650
1883.179271   11.017000   0.010220
1883.188727   11.014580   0.010340
1883.198404   11.022250   0.012010
1883.207904   11.000310   0.011950
1883.217549   10.988550   0.012420
1883.226897   11.008410   0.012470
1883.236210   10.998340   0.012420
1883.245790   10.998400   0.012240
1883.255334   10.998860   0.012930
1883.265175   11.000580   0.013050
1883.274780   11.001570   0.013340
1883.284849   10.995650   0.017260
1883.294394   10.989880   0.018230
1883.304305   11.020860   0.017380
1883.314080   10.986760   0.020180
1883.323720   10.987970   0.017470
1883.333437   11.002690   0.015240
1883.343435   11.007350   0.016110
1883.353548   10.993590   0.017330
1883.363493   11.004230   0.014550
1883.373027   11.001650   0.015130
1883.382657   11.001480   0.016740
1883.392439   11.008140   0.015470
1883.402040   11.005230   0.015480
1883.410061   11.014980   0.016400
1883.417485   11.003190   0.017210
1883.423677   11.010310   0.015760
1883.428949   11.013420   0.016400
1883.433300   11.009300   0.018560
1883.436812   11.002060   0.015760
1883.440325   10.988410   0.017670
1883.443180   11.001300   0.016340
1883.444926   11.005700   0.017030
1883.446707   11.006170   0.015530
1883.448508   11.011420   0.015360
1883.507335   11.009100   0.017210
1883.517022   11.015510   0.017210
1883.526655   11.000420   0.019640
1883.536232   11.007770   0.021200
1883.545818   11.004790   0.021250
1883.555341   10.980140   0.020840
1883.565051   11.002210   0.020790
1883.574608   10.993340   0.020840
1883.584302   11.000780   0.019930
1883.593915   10.984570   0.017730
1884.099534   11.004990   0.005310
1884.109140   11.013710   0.005260
1884.118686   11.008340   0.006240
1884.128292   11.024070   0.006930
1884.137551   11.005220   0.005830
1884.147279   11.012560   0.006530
1884.156774   11.015340   0.006810
1884.166197   11.010830   0.007230
1884.175960   11.009610   0.007970
1884.185414   11.002340   0.006760
1884.194977   11.016570   0.006060
1884.204574   11.015180   0.006530
1884.214174   11.010700   0.006000
1884.223839   11.009950   0.006290
1884.233272   11.012500   0.008670
1884.242628   11.009430   0.005600
1884.252195   11.006860   0.005540
1884.261682   11.012360   0.005600
1884.271201   11.005420   0.005540
1884.280876   11.003830   0.005950
1884.290846   11.000690   0.006410
1884.300573   11.006210   0.006810
1884.310420   11.016230   0.009080
1884.320206   11.009190   0.006580
1884.330156   11.006050   0.006700
1884.340081   11.003920   0.007560
1884.350052   11.012980   0.007680
1884.360119   11.010350   0.006580
1884.370060   11.006440   0.006750
1884.379738   11.010620   0.007220
1884.389528   11.005310   0.005890
1884.399065   11.000780   0.006120
1884.406881   11.012720   0.006750
1884.413865   11.009950   0.007910
1884.420368   11.006020   0.008040
1884.425635   11.001240   0.006290
1884.430150   11.005020   0.005890
1884.433678   11.004850   0.006470
1884.437202   11.002010   0.006410
1884.439908   11.001910   0.006700
1884.441669   11.004170   0.006530
1884.443407   11.000350   0.006350
1884.445186   11.002620   0.006180
1884.446926   11.003190   0.007570
1884.503638   11.003080   0.005890
1884.513187   11.004340   0.006640
1884.522993   11.005020   0.005890
1884.532900   11.001600   0.005540
1884.542819   11.004270   0.006120
1884.552706   11.000360   0.006850
1884.562458   11.005640   0.005200
1884.572213   11.000510   0.005840
1884.581820   11.006170   0.005370
1884.591479   11.008410   0.006530
1884.600983   11.009330   0.006000
1884.610820   11.007580   0.005720
1884.886961   11.008280   0.012990
1884.896459   11.002700   0.013480
1884.906042   11.005360   0.012470
1884.915643   11.012750   0.014960
1884.925737   11.010470   0.011890
1884.935570   11.017690   0.014950
1884.945448   11.007590   0.012530
1884.954875   11.002790   0.013450
1884.964329   10.992250   0.013170
1884.974229   11.012300   0.015130
1884.983546   10.996480   0.015130
1884.993441   10.999370   0.014030
1885.003341   11.017210   0.014140
1885.013229   10.998320   0.015590
1885.022911   11.010390   0.015650
1885.032502   11.014810   0.017780
1885.042137   11.004840   0.017090
1885.052183   11.012170   0.017610
1885.061957   10.998750   0.019870
1885.071678   11.004000   0.020090
1885.081285   10.999000   0.022520
1885.090973   11.027500   0.020320
1885.100847   11.005300   0.020380
1885.278794   11.011250   0.011550
1885.288696   11.028720   0.014610
1885.298475   11.009330   0.012190
1885.308250   11.008870   0.012010
1885.318087   11.009170   0.012470
1885.328301   11.012480   0.014730
1885.338173   11.001160   0.020500
1885.347960   11.024140   0.017840
1885.357853   11.013740   0.019750
1885.367578   11.003490   0.019630
1885.377344   10.999130   0.024980
1885.386938   11.008620   0.024770
1885.396599   11.014310   0.020840
1885.404395   11.007730   0.017380
1885.411445   11.017880   0.020840
1885.417511   11.010620   0.021770
1885.422892   11.006060   0.023140
1885.427461   10.999250   0.021080
1885.430989   11.008750   0.017440
1885.434637   11.005100   0.019750
1885.437356   11.007940   0.019920
1885.439093   10.999100   0.019750
1885.440855   11.006440   0.019590
1885.442624   10.991160   0.018650
1885.444416   11.000150   0.018540
1885.502228   10.997540   0.020790
1885.511985   10.987670   0.027780
1885.521821   10.995590   0.021540
1885.531512   11.002870   0.020680
1885.541243   10.992450   0.021660
1885.551133   11.002650   0.018940
1885.560860   10.987220   0.018770
1885.570601   11.011370   0.017960
1885.580236   11.003500   0.022590
1885.590133   10.994260   0.015480
1886.072366   11.003330   0.005200
1886.082057   11.006130   0.005540
1886.091456   11.006440   0.005720
1886.101064   11.006070   0.005890
1886.110701   10.998930   0.005770
1886.120214   11.004210   0.005890
1886.129544   11.006510   0.006120
1886.138882   10.997490   0.006240
1886.148233   11.006800   0.006290
1886.157943   10.999620   0.006530
1886.167550   11.001100   0.007160
1886.177101   11.007640   0.007220
1886.186997   11.005010   0.007450
1886.196609   11.002080   0.007790
1886.206153   11.005040   0.008600
1886.215757   11.008900   0.009010
1886.225422   11.012270   0.011660
1886.234829   11.005280   0.011780
1886.244630   11.008800   0.011430
1886.254426   10.997370   0.008550
1886.263771   11.002270   0.007280
1886.273578   11.011420   0.011200
1886.283270   11.013410   0.007160
1886.293134   11.004750   0.007330
1886.303115   11.006540   0.008260
1886.312914   11.005560   0.007620
1886.322818   11.004890   0.007800
1886.332859   11.009630   0.007850
1886.342543   11.009090   0.007510
1886.352534   11.008900   0.007680
1886.362281   11.017990   0.008200
1886.372003   11.014470   0.008550
1886.381496   11.015970   0.008780
1886.391198   11.009770   0.009410
1886.399994   11.003870   0.009350
1886.408171   11.014650   0.009640
1886.414363   10.999930   0.011370
1886.419581   11.017400   0.011550
1886.423873   11.005920   0.010680
1886.427459   11.008140   0.010510
1886.431086   11.009610   0.010450
1886.433748   11.008060   0.011550
1886.435540   11.005610   0.012240
1886.437293   11.004430   0.010970
1886.439058   11.010100   0.011030
1886.441348   11.006750   0.021660
