1863.169882   14.016700   0.068070
1863.179028   14.009940   0.079210
1863.188111   14.123610   0.086580
1863.197263   14.065850   0.081910
1863.206453   14.046260   0.081820
1863.215516   14.062910   0.097020
1863.224486   13.996120   0.088240
1863.233708   14.090160   0.096990
1863.243026   14.013460   0.097460
1863.252052   14.110740   0.090590
1863.260978   14.024740   0.082880
1863.270074   14.054310   0.098920
1863.279229   14.016140   0.087720
1863.288341   14.069250   0.085280
1863.297662   14.133800   0.077450
1863.306748   14.047540   0.081780
1863.315898   14.026580   0.085910
1863.325261   13.967380   0.087370
1863.334632   14.002810   0.088970
1863.344416   14.087810   0.093250
1863.353962   14.024660   0.089010
1863.363511   14.009840   0.072600
1863.372640   14.067740   0.071550
1863.381795   14.040510   0.073800
1863.391577   14.077520   0.074840
1863.400670   14.100600   0.078410
1863.410157   14.036740   0.083280
1863.419415   14.007750   0.083720
1863.428728   13.996870   0.089840
1863.438171   14.008600   0.093530
1863.447725   14.018230   0.099970
1863.457038   13.978580   0.107550
1863.464667   13.962200   0.118630
1863.477609   14.144690   0.104870
1863.483053   13.955530   0.071300
1863.493911   13.929790   0.072200
1863.496774   14.004800   0.072400
1864.122118   14.075230   0.054890
1864.131216   14.048110   0.075150
1864.140349   14.047150   0.072180
1864.149328   14.032580   0.070240
1864.158727   14.039020   0.063640
1864.168077   14.011670   0.085610
1864.177441   14.086340   0.080960
1864.186471   14.037320   0.062700
1864.195786   14.054250   0.076570
1864.204761   14.058050   0.069980
1864.213956   14.015950   0.066530
1864.223275   14.024330   0.065420
1864.232312   14.116520   0.081980
1864.241734   14.070330   0.072540
1864.250994   14.092510   0.067420
1864.260292   14.052140   0.077500
1864.269452   14.052230   0.072290
1864.278712   14.026690   0.082140
1864.288040   14.041060   0.082770
1864.297228   14.035990   0.076980
1864.306786   14.032450   0.084030
1864.315982   14.001230   0.085670
1864.325240   14.010620   0.081810
1864.334830   14.006210   0.076510
1864.344223   14.102280   0.111740
1864.353629   14.094840   0.105840
1864.362884   14.115990   0.117810
1864.372284   13.990550   0.104030
1864.381718   14.093540   0.117070
1864.391386   14.154570   0.107510
1864.401175   14.092660   0.125100
1864.410777   14.057700   0.112650
1864.420158   14.003400   0.112310
1864.429378   14.082420   0.122680
1864.438562   14.024190   0.104680
1865.081649   14.013400   0.091540
1865.090914   14.015460   0.092330
1865.103000   14.027960   0.089360
1865.112265   14.002730   0.085110
1865.121493   14.031350   0.103090
1865.180915   14.030390   0.061610
1865.189934   14.058790   0.048050
1865.199137   14.036950   0.061440
1865.208040   14.041380   0.046690
1865.217207   14.069080   0.073910
1865.226382   14.044790   0.068720
1865.235932   14.072500   0.075670
1865.245886   14.029770   0.078190
1865.255783   14.064000   0.077450
1865.265750   14.046450   0.100990
1865.275774   14.026160   0.088120
1865.285892   14.099860   0.078580
1865.295973   14.002870   0.081190
1865.306185   14.094180   0.082080
1865.316145   14.005170   0.079470
1865.326150   14.087260   0.090900
1865.336276   14.105230   0.107880
1865.346577   14.014400   0.092220
1865.356675   14.013160   0.087580
1865.366659   14.013060   0.102360
1865.376904   14.005920   0.094250
1865.387088   14.080200   0.101000
1865.397153   14.030530   0.101020
1865.407149   14.073860   0.099480
1865.417333   14.011450   0.096500
1865.427630   14.056880   0.098390
1865.437669   14.067520   0.099830
1865.448171   14.093910   0.118830
1865.457171   14.042930   0.068300
1866.165339   14.074020   0.053710
1866.174723   14.020370   0.052840
1866.184057   14.055200   0.053480
1866.193410   14.056810   0.053590
1866.202706   14.023940   0.051330
1866.212035   14.048850   0.058700
1866.221409   14.049400   0.056760
1866.230791   14.013840   0.054560
1866.240551   14.070300   0.054770
1866.250004   14.036170   0.053730
1866.259354   14.079300   0.057380
1867.193045   14.051600   0.036910
1867.202355   14.035550   0.040780
1867.211516   14.069510   0.038760
1867.220585   14.062460   0.042750
1867.230131   14.013760   0.044570
1867.239707   14.068610   0.041920
1867.249230   14.039310   0.039660
1867.258785   14.034600   0.043260
1867.268385   14.036010   0.042400
1867.277702   14.028690   0.044340
1867.287153   14.061520   0.044140
1867.296854   14.020060   0.044500
1867.306121   14.044460   0.046140
1867.315500   14.039160   0.044290
1867.325094   14.039700   0.046760
1867.334502   14.012750   0.049390
1867.344482   14.044890   0.054800
1867.354030   13.985420   0.048710
1867.363492   14.043400   0.059430
1867.372735   14.034970   0.051970
1867.382212   14.009440   0.055160
1867.391671   13.976530   0.063460
1867.401392   14.049020   0.061120
1867.410805   14.051880   0.058440
1867.420288   14.053050   0.069400
1867.429722   14.049220   0.076930
1867.439192   14.061280   0.073010
1867.448574   14.054380   0.076900
1867.456168   14.050250   0.068950
1867.463320   14.053260   0.070300
1867.469421   14.074290   0.070750
1867.473939   14.082740   0.058660
1867.478291   14.043640   0.053480
1867.481655   14.068260   0.054740
1867.484335   14.056440   0.060760
1867.486951   14.034660   0.062280
1867.488639   14.067300   0.063100
1867.490315   14.073220   0.064230
1867.492002   14.057640   0.061590
1867.493724   14.072280   0.060330
1868.197661   14.083940   0.074280
1868.207123   14.036320   0.074720
1868.216495   13.973360   0.087240
1868.225986   14.022300   0.085450
1868.235811   13.984490   0.097110
1868.245580   14.030650   0.094690
1868.255259   14.011020   0.096330
1868.264815   14.092680   0.101460
1868.274279   14.074090   0.111730
1868.283929   14.060580   0.099490
1868.322548   14.029250   0.111900
1868.332083   14.049390   0.106280
1868.341800   14.034880   0.112610
1868.370659   14.106960   0.129050
1868.380417   14.036130   0.109130
1868.390367   14.005650   0.123210
1868.399668   14.020420   0.120130
1868.409775   14.006560   0.074900
1868.419023   14.072030   0.127820
1868.428372   14.024480   0.123470
1868.437844   14.123870   0.076400
1868.446910   14.079770   0.107340
1868.454872   13.987280   0.102760
1868.461066   14.039870   0.110710
1868.467304   14.053180   0.078500
1870.219778   14.007780   0.048460
1870.229270   14.026570   0.048680
1870.238762   14.041160   0.053030
1870.248135   14.037480   0.050690
1870.257691   14.019970   0.059050
1870.267266   14.039540   0.054960
1870.276950   14.109610   0.059580
1870.286498   14.031110   0.057970
1870.295849   14.027100   0.052010
1870.305565   14.079130   0.055130
1870.315197   14.095110   0.064820
1870.325274   14.036590   0.064610
1870.335174   14.054060   0.061700
1870.344892   14.054550   0.068130
1870.354573   14.086700   0.078040
1870.364104   14.032220   0.096130
1870.373603   14.047020   0.096600
1870.383600   14.029930   0.108000
1870.393243   14.039040   0.117310
1870.448993   13.969730   0.117590
1870.456179   14.021570   0.123370
1871.136689   14.026630   0.057240
1871.146179   14.048970   0.053920
1871.155384   14.074260   0.054850
1871.164955   14.007820   0.061680
1871.174269   14.047850   0.061800
1871.183469   14.049140   0.065420
1871.192872   14.047200   0.060750
1871.202392   14.035030   0.062530
1871.211865   13.992440   0.072470
1871.221273   14.080070   0.073680
1871.230922   14.008560   0.061930
1871.240394   14.044460   0.062730
1871.250018   14.016690   0.066710
1871.259511   14.082330   0.063160
1871.269122   13.989170   0.063720
1871.278903   14.026270   0.065420
1871.288648   14.024530   0.068300
1871.298226   14.060710   0.065070
1871.307789   14.102590   0.074500
1871.317562   14.032310   0.074010
1871.327342   14.026720   0.074220
1871.337079   14.047090   0.082330
1871.346725   14.124310   0.089100
1871.356495   14.049070   0.081650
1871.366277   14.013980   0.092660
1871.375944   13.997460   0.087540
1871.385808   14.036730   0.101580
1871.395399   14.022410   0.097310
1871.404882   14.092890   0.122270
1871.414342   14.045080   0.110690
1871.423744   14.103290   0.118810
1871.433495   13.985860   0.115760
1871.442405   14.006600   0.107310
1871.449670   14.007930   0.107130
1871.455742   14.064440   0.114790
1871.461191   14.112090   0.122700
1871.465968   14.111250   0.117290
1871.469461   14.087390   0.118160
1871.472994   14.091450   0.117420
1871.476070   14.155950   0.115510
1871.477819   14.107140   0.113810
1871.479709   14.063490   0.110270
1871.481438   14.071920   0.109090
1871.550420   14.107410   0.130100
1871.559908   14.040950   0.125750
1871.569264   13.982030   0.107860
1872.324463   14.060430   0.067160
1872.334315   14.071360   0.066580
1872.344041   14.043390   0.067560
1872.353623   14.057300   0.063240
1872.363427   14.016230   0.062570
1872.373279   14.052810   0.064300
1872.383099   14.044870   0.065130
1872.392766   14.057310   0.061690
1872.402203   14.021460   0.062800
1872.412032   14.043950   0.067430
1872.421585   14.054980   0.070580
1872.431130   14.038240   0.079060
1872.439874   14.046370   0.077400
1872.447517   14.015190   0.067890
1872.454162   14.029340   0.075420
1872.459603   14.039580   0.084470
1872.463903   13.991640   0.088490
1872.467716   14.084130   0.089600
1872.470496   14.038280   0.083600
1872.473152   14.019960   0.084860
1872.474857   14.100200   0.089370
1872.476617   14.031030   0.082340
1872.478370   14.108620   0.091120
1872.480228   14.092790   0.079310
1872.541663   14.096220   0.108950
1872.550845   14.065050   0.115250
1872.560270   13.966990   0.109050
1872.569828   14.011090   0.122280
1873.229437   14.023580   0.074890
1873.238826   14.074640   0.080010
1873.248403   14.055400   0.076860
1873.258009   14.062000   0.076790
1873.267456   14.029460   0.076960
1873.276959   14.054760   0.082360
1873.286788   14.011090   0.079420
1873.296275   14.042760   0.083780
1873.305896   14.050640   0.088350
1873.315548   13.991220   0.089350
1873.325684   13.944330   0.087310
1873.335346   14.032480   0.095260
1873.344943   14.049630   0.096430
1873.354842   13.984730   0.092930
1873.364691   14.168390   0.109190
1873.374458   14.087530   0.099970
1873.383960   14.050070   0.090360
1873.393856   14.065820   0.096820
1873.403606   14.011470   0.097990
1873.413210   14.103600   0.110540
1873.422938   14.056740   0.114920
1873.432622   14.021410   0.100540
1873.441010   14.028640   0.096590
1873.447044   14.020580   0.090420
1873.453044   14.084460   0.091790
1873.457630   14.048200   0.092090
1873.462090   14.060120   0.099130
1873.465548   14.017690   0.099840
1873.468261   14.055490   0.099960
1873.470892   14.089370   0.105830
1873.472722   14.113020   0.101560
1873.474437   14.068690   0.099860
1873.476606   14.064500   0.140840
1874.032527   14.029800   0.046220
1874.041923   14.022910   0.050810
1874.051714   14.033810   0.050600
1874.061193   14.032830   0.047630
1874.070741   14.029470   0.051640
1874.080230   14.041140   0.052940
1874.089638   14.040310   0.050130
1874.098984   14.036120   0.052140
1874.108441   14.081530   0.051570
1874.117749   14.015550   0.053270
1874.127103   14.042960   0.059010
1874.136654   14.055180   0.054080
1874.145982   14.082210   0.057990
1874.155173   14.034780   0.063090
1874.164605   14.008540   0.067710
1874.174153   14.062890   0.078100
1874.183645   13.971260   0.103040
1874.192976   14.044690   0.103810
1874.202515   14.044530   0.078500
1874.221974   13.982750   0.106090
1876.992585   14.003570   0.053400
1877.002277   14.027430   0.054800
1877.012009   13.987940   0.056470
1877.021623   14.016850   0.053640
1877.031340   14.024140   0.061290
1877.041094   14.035090   0.059140
1877.050632   14.034750   0.050010
1877.060512   14.026340   0.053490
1877.070280   14.019340   0.054320
1877.080037   14.038110   0.056930
1877.089835   14.039290   0.053960
1877.099542   14.071070   0.056650
1877.109324   13.999150   0.070650
1877.119234   14.009570   0.067760
1877.128562   13.998090   0.063910
1877.137988   14.025740   0.061950
1877.147449   14.046860   0.077290
1877.157081   14.048030   0.073260
1877.166514   14.022530   0.066670
1877.175811   14.068050   0.060730
1877.185180   14.079440   0.059280
1877.194638   13.998010   0.066660
1877.204359   14.029880   0.061010
1877.213829   14.060710   0.061100
1877.223290   14.073210   0.065530
1877.232928   14.057550   0.063420
1877.242583   14.054860   0.071730
1877.252102   14.114260   0.072470
1877.261424   14.045690   0.072140
1877.271317   14.040320   0.065780
1877.280810   14.010210   0.057010
1877.290913   14.007190   0.064780
1877.300784   14.093510   0.076400
1877.310552   14.013210   0.066770
1877.320329   14.059920   0.077320
1877.330019   14.039820   0.064520
1877.339609   14.085310   0.055690
1877.349339   14.039780   0.071240
1877.359563   14.036580   0.061210
1877.369289   14.029060   0.067580
1877.379166   14.024790   0.065600
1877.389199   14.063900   0.076750
1877.398748   14.017880   0.083280
1877.408188   14.063260   0.080250
1877.417610   14.076660   0.077050
1877.426444   14.045360   0.067620
1877.433416   14.025640   0.070110
1877.439426   14.034770   0.078050
1877.444578   14.106210   0.084920
1877.449101   14.041310   0.068160
1877.452622   14.047850   0.086990
1877.456119   14.059150   0.068390
1877.458826   14.053030   0.068200
1877.460660   14.066820   0.072740
1877.462441   14.084740   0.072340
1877.464144   14.007740   0.074390
1877.465872   14.024730   0.072830
1877.528546   13.981330   0.085530
1877.538164   14.040810   0.095900
1877.547759   14.058440   0.109720
1877.557433   14.057560   0.115040
1877.566991   14.083240   0.111760
1877.956588   14.074370   0.088120
1877.966360   14.058160   0.082250
1877.975795   14.068510   0.058030
1877.985575   14.075810   0.052080
1877.995071   14.049400   0.047340
1878.004964   14.057990   0.046370
1878.014335   14.056040   0.051000
1878.023915   14.076140   0.040870
1878.033403   14.063220   0.048360
1878.042881   14.020220   0.046930
1878.052477   14.024820   0.052070
1878.062202   14.060410   0.050170
1878.072038   14.043060   0.053080
1878.081838   14.058640   0.053590
1878.091595   14.061900   0.049310
1878.101204   14.022170   0.048810
1878.111056   14.016720   0.053170
1878.120475   14.013070   0.055070
1878.129972   14.027000   0.058320
1878.139452   14.058290   0.066920
1878.148981   14.046670   0.120520
1878.158293   14.007900   0.104400
1878.167692   14.050720   0.060770
1878.177309   14.032460   0.060770
1878.186872   14.079810   0.078030
1878.196273   14.096070   0.077580
1878.206054   14.077430   0.084480
1878.215833   14.048080   0.099050
1878.225557   14.039210   0.097870
1878.235117   14.051750   0.084300
1878.244657   14.103970   0.079960
1878.254352   14.021730   0.091550
1878.263984   14.057560   0.096100
1878.273770   14.062980   0.102830
1878.283405   14.054910   0.105640
1878.293079   14.001990   0.100240
1878.302887   13.969040   0.121060
1878.312828   14.153400   0.079500
1878.322431   14.041520   0.127410
1878.332111   14.057140   0.127730
1878.342126   14.068330   0.096360
1878.351898   14.075350   0.104210
1878.361666   14.021070   0.104660
1878.371492   14.052090   0.106660
1878.381052   14.127990   0.118440
1878.390611   14.042760   0.089030
1878.400035   14.078410   0.111420
1878.409523   14.055220   0.104550
1878.419250   14.024560   0.112360
1878.427139   14.085450   0.119890
1878.434256   14.117150   0.099210
1878.439734   14.006000   0.116190
1878.444205   14.056720   0.095670
1878.448555   14.071350   0.097160
1878.452064   14.040160   0.117580
1878.454721   13.990700   0.111450
1878.457364   13.957450   0.114070
1878.459093   14.003510   0.115070
1878.460943   13.984470   0.113020
1878.463071   14.033950   0.165080
1878.523903   14.052210   0.119350
1878.533380   14.050070   0.123010
1878.542754   13.966320   0.118210
1878.552323   14.050260   0.126630
1878.562038   13.967920   0.106450
1878.907039   13.960650   0.130170
1878.917751   14.087230   0.107750
1878.928636   14.052330   0.121820
1878.939490   14.063990   0.112040
1878.950209   14.085420   0.083600
1878.960985   14.109750   0.082280
1878.971663   14.060690   0.076850
1878.982256   14.005320   0.075130
1878.992862   14.081850   0.073860
1879.003349   14.043410   0.080960
1879.014056   14.077900   0.081160
1879.024781   14.087970   0.079130
1879.035403   14.011210   0.085810
1879.046338   14.068220   0.088700
1879.056998   14.022870   0.093910
1879.067120   14.014900   0.093340
1879.077625   14.041230   0.091720
1879.087804   14.032550   0.096620
1879.097718   13.953070   0.099660
1879.108265   14.040450   0.110470
1879.118677   14.094500   0.121260
1879.128946   14.116950   0.100400
1879.138951   14.043290   0.108370
1879.148948   14.122140   0.128640
1879.158753   14.050910   0.125460
1879.168681   14.024780   0.125930
1879.178653   13.938710   0.126040
1879.188378   14.098060   0.073400
1879.198811   13.907800   0.073300
1879.219105   14.032830   0.109510
1879.229275   14.096940   0.111850
1879.239616   14.015020   0.101750
1879.250038   13.974430   0.068600
1879.259988   14.029910   0.072100
1879.270289   14.178740   0.073100
1879.279998   14.083390   0.102400
1879.290256   14.011190   0.124330
1879.300321   13.977780   0.123010
1879.310528   14.065370   0.105020
1879.321132   13.989240   0.101480
1879.331398   14.000440   0.095470
1879.341635   14.070560   0.108480
1879.352168   14.028690   0.124320
1879.362316   14.066820   0.103890
1879.372581   13.974520   0.124770
1879.383093   14.093040   0.078200
1879.393218   14.040730   0.100530
1879.403180   13.754430   0.073400
1879.914664   14.147830   0.109280
1879.924232   14.048740   0.084910
1879.933937   14.088100   0.066460
1879.943742   14.070040   0.060920
1879.953255   14.044770   0.052790
1879.962965   14.048180   0.053640
1879.972299   14.048580   0.048610
1879.982133   14.037660   0.053060
1879.991480   14.036190   0.054980
1880.001350   14.054810   0.058400
1880.010995   14.029330   0.063570
1880.020489   14.033300   0.065770
1880.030167   14.058800   0.066050
1880.040004   14.048640   0.064410
1880.050020   14.101900   0.064860
1880.059700   14.042760   0.063370
1880.069635   14.068180   0.065210
1880.079469   14.061870   0.071490
1880.089000   14.054770   0.068470
1880.098524   14.063810   0.072770
1880.108072   14.111580   0.080460
1880.117530   14.058740   0.064670
1880.127140   14.019540   0.071080
1880.200091   14.007500   0.077750
1880.209735   14.070220   0.083890
1880.219431   14.035850   0.079010
1880.229324   14.018760   0.071000
1880.238989   14.055810   0.071760
1880.248836   13.989070   0.067340
1880.258298   14.051130   0.075010
1880.267686   14.041450   0.072770
1880.277275   14.051450   0.080830
1880.286928   14.029820   0.089840
1880.306613   14.064530   0.080780
1880.369120   14.024640   0.075890
1880.967707   14.093290   0.087700
1880.977730   14.091940   0.089090
1880.987626   14.049050   0.071190
1880.997175   14.054460   0.060540
1881.007352   14.056250   0.064050
1881.017262   14.048200   0.068770
1881.027023   13.994510   0.070660
1881.036583   14.053160   0.070620
1881.046307   14.010790   0.070850
1881.055914   14.037300   0.080290
1881.065565   14.058030   0.081100
1881.075352   14.062540   0.086440
1881.085120   14.107020   0.082020
1881.094964   14.002700   0.074790
1881.104801   14.088350   0.062350
1881.114937   14.058420   0.094350
1881.124474   14.068630   0.083640
1881.134326   14.125440   0.089350
1881.143810   14.104230   0.060420
1881.153419   14.040360   0.092670
1881.163015   14.058880   0.077630
1881.171357   14.078890   0.062570
1881.180981   14.036950   0.067740
1881.190627   14.068070   0.054860
1881.200550   14.033450   0.056070
1881.210473   14.034690   0.064900
1881.220305   14.022060   0.068450
1881.230199   14.013860   0.068100
1881.239668   14.023380   0.076850
1881.249328   14.058220   0.069480
1881.258917   14.092230   0.071710
1881.268352   14.027970   0.077960
1881.278189   14.035510   0.068740
1881.288137   14.063660   0.074250
1881.297680   14.069050   0.074710
1881.307337   14.021580   0.081880
1881.317394   14.009710   0.077380
1881.327336   14.072330   0.090000
1881.337373   14.129850   0.088830
1881.347129   14.064250   0.081000
1881.357110   14.041220   0.092430
1881.366722   14.056060   0.096070
1881.376276   14.036270   0.083000
1881.386104   14.064240   0.101470
1881.395996   14.007220   0.090970
1881.405772   14.047750   0.096880
1881.414838   13.954070   0.094890
1881.422098   14.068070   0.098410
1881.428287   14.047180   0.103170
1881.433496   14.100750   0.108590
1881.437835   14.067660   0.108980
1881.441542   14.051450   0.105950
1881.445078   14.030240   0.108200
1881.447777   14.030770   0.113760
1881.449541   14.011400   0.103860
1881.451276   14.152520   0.118330
1881.453055   14.025660   0.108360
1881.455245   14.080610   0.160870
1881.512259   14.017160   0.109700
1881.522032   14.070140   0.123220
1881.531584   14.098090   0.129600
1881.541053   13.977680   0.119040
1881.550943   14.019970   0.132130
1881.560601   14.063870   0.134060
1881.570473   14.065100   0.131240
1881.580253   13.980870   0.075300
1881.589784   13.923440   0.108470
1881.609472   13.996050   0.080100
1881.874874   13.994410   0.128290
1881.884546   14.127950   0.110280
1881.894462   14.047120   0.092710
1881.904494   14.043380   0.077960
1881.914271   13.986260   0.075270
1881.923884   14.068190   0.074290
1881.933466   14.104020   0.068680
1881.943231   14.036470   0.068320
1881.952875   14.037290   0.100120
1881.962633   14.021100   0.108730
1881.972149   14.004820   0.105810
1881.982098   14.081350   0.115330
1881.992322   14.022690   0.075400
1882.021627   14.134660   0.130230
1882.031644   14.007950   0.072100
1882.041171   14.006560   0.072800
1882.051198   14.101410   0.127890
1882.060871   14.010100   0.127800
1882.080330   13.989220   0.098800
1882.131558   14.145880   0.122430
1882.150540   14.031420   0.120970
1882.160119   13.993980   0.122080
1882.169652   14.010060   0.125080
1882.179161   14.097080   0.071600
1883.093660   14.006140   0.096420
1883.112818   14.136960   0.105690
1883.122314   13.972570   0.088980
1883.131900   14.061610   0.092570
1883.141295   14.002630   0.111600
1883.150882   14.042800   0.116200
1883.160528   13.990570   0.073000
1883.169871   13.985090   0.102470
1883.179271   14.099930   0.104870
1883.188727   14.039870   0.092910
1883.198404   14.039410   0.124300
1883.207904   14.004950   0.117180
1883.217472   14.077240   0.099230
1883.226897   14.067940   0.121660
1883.236134   14.027960   0.099210
1883.245637   14.029990   0.076700
1883.274627   13.978760   0.070100
1884.099534   14.053640   0.047190
1884.109140   14.057410   0.045100
1884.118686   14.058460   0.056690
1884.128292   14.215870   0.082030
1884.137551   14.031450   0.051620
1884.147279   14.070240   0.059600
1884.156774   14.022880   0.059590
1884.166197   14.051830   0.078120
1884.175960   14.041660   0.079680
1884.185414   14.042880   0.068390
1884.194977   14.055330   0.053250
1884.204574   14.023540   0.057240
1884.214174   14.021700   0.053180
1884.223839   14.045470   0.065300
1884.233272   14.127440   0.097500
1884.242628   14.059890   0.046770
1884.252195   14.050030   0.045030
1884.261682   14.052310   0.046250
1884.271201   14.026470   0.044800
1884.280876   14.062480   0.050760
1884.290846   14.058810   0.059430
1884.300573   14.027150   0.064840
1884.310420   14.105870   0.101010
1884.320206   14.026110   0.057740
1884.330156   14.045220   0.060500
1884.340081   14.066980   0.078790
1884.350052   14.058380   0.079440
1884.360119   14.000600   0.059950
1884.370060   14.028180   0.060310
1884.379738   14.042340   0.067380
1884.389528   13.997580   0.051040
1884.399065   14.049820   0.054550
1884.406881   14.027670   0.068900
1884.413865   14.035240   0.077670
1884.420368   14.079310   0.089680
1884.425635   14.027550   0.061300
1884.430150   14.011120   0.048670
1884.433678   14.066920   0.060840
1884.437202   13.997120   0.057630
1884.439908   14.066120   0.064640
1884.441669   14.059660   0.059000
1884.443407   14.071040   0.059990
1884.445186   14.044330   0.054880
1884.446926   14.097440   0.082640
1884.503638   14.025590   0.049340
1884.513187   14.098790   0.066910
1884.522993   14.026460   0.051450
1884.532900   14.018830   0.045390
1884.542819   14.025870   0.058800
1884.552706   14.041540   0.077490
1884.562458   14.045800   0.045000
1884.572213   14.056110   0.056630
1884.581820   14.057380   0.045900
1884.591479   14.047850   0.056560
1884.600983   14.012980   0.053340
1884.610820   14.024750   0.047520
1884.906042   14.030840   0.071900
1884.925737   14.084510   0.129280
1884.945295   13.895910   0.066000
1884.964176   14.074640   0.069200
1885.003188   13.821990   0.068200
1885.278794   14.091940   0.125420
1886.072366   14.038690   0.040420
1886.082057   14.078540   0.044640
1886.091456   14.059540   0.046520
1886.101064   14.042400   0.050380
1886.110701   14.083690   0.047350
1886.120214   14.026070   0.048310
1886.129544   14.066320   0.050190
1886.138882   14.074050   0.050680
1886.148233   14.067670   0.053910
1886.157943   14.042040   0.052980
1886.167550   14.070650   0.061420
1886.177101   14.051190   0.067140
1886.186997   14.059370   0.064390
1886.196609   14.013580   0.069990
1886.206153   13.996920   0.073860
1886.215757   14.013860   0.084620
1886.225422   14.062200   0.115420
1886.234829   14.174380   0.125180
1886.244630   14.068460   0.119000
1886.254426   14.032580   0.079900
1886.263771   14.076800   0.065600
1886.273578   14.120090   0.117940
1886.283270   14.026990   0.061870
1886.293134   14.072250   0.070810
1886.303115   14.072110   0.079620
1886.312914   14.089380   0.066330
1886.322818   14.062600   0.071910
1886.332859   14.054230   0.077140
1886.342543   14.054430   0.070050
1886.352534   14.062270   0.069220
1886.362281   13.967000   0.076140
1886.372003   14.011600   0.079550
1886.381496   14.015510   0.081770
1886.391198   14.011970   0.086800
1886.399994   14.070070   0.098580
1886.408171   14.015180   0.094090
1886.414363   14.041570   0.117390
1886.419581   14.047090   0.122470
1886.423873   14.061230   0.109760
1886.427459   14.016440   0.108260
1886.431086   13.991540   0.099600
1886.433748   14.071850   0.125230
1886.435540   14.059000   0.127270
1886.437293   14.063100   0.116130
1886.439058   14.127520   0.118800
