1863.169882   10.270530   0.005020
1863.179028   10.279050   0.005370
1863.188111   10.272000   0.006060
1863.197263   10.273360   0.005720
1863.206453   10.278350   0.005540
1863.215516   10.278460   0.006410
1863.224486   10.270270   0.006060
1863.233708   10.282450   0.006530
1863.243026   10.274090   0.006470
1863.252052   10.274240   0.005890
1863.260978   10.272270   0.005770
1863.270074   10.256230   0.006350
1863.279229   10.275570   0.005890
1863.288341   10.268900   0.005540
1863.297662   10.271870   0.005370
1863.306748   10.261120   0.005890
1863.315898   10.267440   0.005950
1863.325261   10.268800   0.005950
1863.334632   10.266010   0.006060
1863.344416   10.266460   0.006000
1863.353962   10.260730   0.005830
1863.363511   10.270810   0.005370
1863.372640   10.266750   0.005140
1863.381795   10.280180   0.005200
1863.391577   10.274410   0.005370
1863.400670   10.280790   0.005540
1863.410157   10.275550   0.005490
1863.419415   10.280420   0.005600
1863.428728   10.275320   0.005890
1863.438171   10.277110   0.006060
1863.447725   10.281730   0.006060
1863.457038   10.287460   0.006870
1863.464667   10.281470   0.007740
1863.471563   10.281170   0.008030
1863.477686   10.287750   0.007560
1863.482900   10.276230   0.007620
1863.487037   10.275950   0.007970
1863.490505   10.274900   0.007790
1863.494064   10.277580   0.007560
1863.496621   10.276770   0.007850
1863.498272   10.278310   0.007910
1863.500087   10.275200   0.008030
1863.501889   10.267630   0.008310
1863.503937   10.278220   0.011720
1864.122118   10.273490   0.004330
1864.131216   10.268990   0.005260
1864.140349   10.274850   0.004850
1864.149328   10.272920   0.004790
1864.158727   10.273830   0.004680
1864.168077   10.272050   0.005540
1864.177441   10.279960   0.005260
1864.186471   10.277530   0.004560
1864.195786   10.268580   0.005370
1864.204761   10.272570   0.005020
1864.213956   10.278810   0.004850
1864.223275   10.274040   0.004680
1864.232312   10.284630   0.005310
1864.241734   10.298780   0.005540
1864.250994   10.295060   0.004850
1864.260292   10.296000   0.005540
1864.269452   10.299930   0.005020
1864.278712   10.295480   0.005540
1864.288040   10.292670   0.005540
1864.297228   10.293140   0.005490
1864.306786   10.296070   0.005540
1864.315982   10.294300   0.005720
1864.325240   10.283490   0.005540
1864.334830   10.288750   0.005490
1864.344223   10.284340   0.006930
1864.353629   10.271210   0.006750
1864.362884   10.264950   0.007100
1864.372284   10.261870   0.008140
1864.381718   10.272460   0.007390
1864.391386   10.274780   0.006470
1864.401175   10.269870   0.007620
1864.410777   10.272590   0.007040
1864.420158   10.280870   0.007100
1864.429378   10.266280   0.007390
1864.438639   10.278310   0.008260
1864.448098   10.275690   0.009180
1864.457409   10.278700   0.009580
1864.465120   10.266710   0.008950
1864.472313   10.279920   0.010160
1864.477494   10.279220   0.011200
1864.482643   10.282490   0.014440
1864.486002   10.271410   0.018590
1864.489646   10.260890   0.016510
1864.492216   10.258650   0.013220
1864.494776   10.264370   0.013400
1864.496480   10.263190   0.013740
1864.498365   10.273840   0.013970
1864.500091   10.273360   0.014490
1864.501760   10.259530   0.013740
1865.081649   10.280300   0.005600
1865.090914   10.268250   0.006000
1865.103000   10.268870   0.005720
1865.112265   10.278100   0.005660
1865.121493   10.270330   0.006410
1865.180915   10.278550   0.004330
1865.189934   10.278360   0.003640
1865.199137   10.275720   0.004390
1865.208040   10.276130   0.003640
1865.217207   10.267450   0.005020
1865.226382   10.273420   0.004790
1865.235932   10.272290   0.005080
1865.245886   10.276390   0.005200
1865.255783   10.276910   0.005080
1865.265750   10.283960   0.006290
1865.275774   10.271870   0.005660
1865.285892   10.277710   0.005020
1865.295973   10.275300   0.005540
1865.306185   10.269530   0.005430
1865.316145   10.271450   0.005260
1865.326150   10.268620   0.005600
1865.336276   10.271870   0.006410
1865.346577   10.275010   0.005890
1865.356675   10.270520   0.005830
1865.366659   10.275170   0.006290
1865.376904   10.269790   0.006240
1865.387088   10.276230   0.006410
1865.397153   10.279780   0.006470
1865.407149   10.274070   0.006240
1865.417333   10.271890   0.006060
1865.427630   10.281470   0.006410
1865.437669   10.279520   0.006290
1865.448171   10.272140   0.007390
1865.457324   10.276230   0.007560
1865.465615   10.283010   0.008140
1865.471988   10.287400   0.009580
1865.477591   10.265930   0.010970
1865.482335   10.290660   0.009760
1865.486159   10.280570   0.010920
1865.489785   10.287690   0.009710
1865.492667   10.283230   0.009410
1865.494427   10.273400   0.009120
1865.496283   10.277740   0.008660
1865.498551   10.277430   0.014180
1866.165339   10.284620   0.004160
1866.174723   10.277190   0.004160
1866.184057   10.283000   0.004160
1866.193410   10.275150   0.004160
1866.202706   10.279810   0.004330
1866.212035   10.270620   0.004390
1866.221409   10.280490   0.004500
1866.230791   10.284130   0.004500
1866.240551   10.271530   0.004450
1866.250004   10.281370   0.004500
1866.259354   10.278460   0.004500
1867.193045   10.274990   0.003290
1867.202355   10.273120   0.003290
1867.211516   10.277730   0.003460
1867.220585   10.274830   0.003460
1867.230131   10.269900   0.003460
1867.239707   10.276980   0.003520
1867.249230   10.267320   0.003460
1867.258785   10.272120   0.003640
1867.268385   10.270630   0.003640
1867.277702   10.268400   0.003640
1867.287153   10.272380   0.003640
1867.296854   10.273220   0.003700
1867.306121   10.273090   0.003810
1867.315500   10.278430   0.003810
1867.325094   10.270980   0.003810
1867.334502   10.271360   0.003810
1867.344482   10.278000   0.003980
1867.354030   10.276630   0.003980
1867.363492   10.274250   0.004160
1867.372735   10.274200   0.004040
1867.382212   10.268500   0.004160
1867.391671   10.272150   0.004330
1867.401392   10.277750   0.004330
1867.410805   10.275800   0.004330
1867.420288   10.278930   0.004680
1867.429722   10.283280   0.005020
1867.439192   10.274200   0.004850
1867.448574   10.264900   0.005260
1867.456168   10.267350   0.004850
1867.463320   10.268610   0.005020
1867.469421   10.272800   0.004850
1867.473939   10.275580   0.004330
1867.478291   10.285510   0.004160
1867.481655   10.270730   0.003980
1867.484335   10.270520   0.004210
1867.486951   10.272210   0.004160
1867.488639   10.270650   0.004160
1867.490315   10.267830   0.004330
1867.492002   10.272750   0.004160
1867.493724   10.273920   0.004160
1868.197661   10.276170   0.005080
1868.207123   10.281900   0.005200
1868.216495   10.271460   0.005780
1868.225986   10.276370   0.005720
1868.235811   10.283930   0.006240
1868.245580   10.277140   0.006180
1868.255259   10.284410   0.006410
1868.264815   10.274540   0.006750
1868.274279   10.277080   0.007330
1868.283929   10.276070   0.006700
1868.293537   10.283290   0.008890
1868.303104   10.272380   0.009350
1868.312574   10.276340   0.009530
1868.322548   10.275220   0.007390
1868.332083   10.280360   0.007330
1868.341800   10.273220   0.007510
1868.351466   10.273780   0.008550
1868.360837   10.267990   0.008490
1868.370659   10.280900   0.008430
1868.380417   10.275950   0.008490
1868.390367   10.271680   0.008310
1868.399668   10.268760   0.008370
1868.409622   10.271510   0.008830
1868.419023   10.274060   0.008550
1868.428372   10.272640   0.008490
1868.437691   10.270250   0.008890
1868.446987   10.274460   0.008830
1868.454949   10.274040   0.009010
1868.461066   10.270690   0.009010
1868.467151   10.279480   0.009350
1868.471440   10.283010   0.009640
1868.475710   10.278590   0.010390
1868.479187   10.274730   0.010680
1868.481793   10.277070   0.010510
1868.484421   10.277500   0.010280
1868.486154   10.275730   0.009870
1868.487874   10.273140   0.010050
1868.489584   10.266460   0.010160
1868.491280   10.269930   0.010450
1868.552972   10.267970   0.015010
1868.562396   10.268270   0.013630
1868.572038   10.314770   0.034760
1868.581607   10.270430   0.021190
1868.591155   10.257960   0.021480
1868.600621   10.247450   0.027080
1868.610180   10.269260   0.037480
1868.619726   10.299120   0.055080
1868.629292   10.303630   0.065990
1869.239644   10.286000   0.011950
1869.249027   10.301140   0.012410
1869.258676   10.282210   0.013450
1869.268460   10.284830   0.015240
1869.278238   10.281980   0.016820
1869.287800   10.300620   0.016800
1869.297392   10.275080   0.017560
1869.307040   10.285580   0.018880
1869.316723   10.251530   0.026750
1869.326588   10.283200   0.023500
1869.336288   10.276720   0.026350
1869.345989   10.286310   0.029160
1869.356015   10.229590   0.036070
1869.365922   10.280000   0.032170
1869.375609   10.277470   0.037110
1869.384959   10.265680   0.049300
1869.394424   10.289780   0.042600
1869.403952   10.289440   0.036760
1869.413491   10.232100   0.044610
1869.422812   10.218300   0.041010
1869.432155   10.245040   0.049450
1869.441546   10.277170   0.055740
1869.449525   10.224910   0.056800
1869.456690   10.328150   0.036300
1869.462798   10.251520   0.062010
1869.468109   10.322430   0.058980
1869.472681   10.275240   0.052440
1869.476266   10.262540   0.055030
1869.478963   10.277350   0.045400
1869.481532   10.273180   0.057660
1869.483271   10.265230   0.058750
1869.485003   10.278510   0.058370
1869.486718   10.254750   0.056040
1869.488400   10.289250   0.058030
1869.544878   10.316970   0.068070
1869.554590   10.323280   0.092080
1869.564207   10.281000   0.101450
1870.219778   10.285810   0.003810
1870.229270   10.276390   0.003810
1870.238762   10.272100   0.003980
1870.248135   10.271980   0.003980
1870.257691   10.268760   0.004330
1870.267266   10.271670   0.004160
1870.276950   10.273750   0.004210
1870.286498   10.271550   0.004330
1870.295849   10.274650   0.004160
1870.305565   10.270160   0.004330
1870.315197   10.275180   0.004680
1870.325274   10.275810   0.004680
1870.335174   10.272100   0.004560
1870.344892   10.272730   0.004680
1870.354573   10.271340   0.005260
1870.364104   10.263430   0.006470
1870.373603   10.273450   0.006180
1870.383600   10.271320   0.006930
1870.393243   10.276610   0.008030
1870.402820   10.270660   0.010510
1870.412418   10.267230   0.009820
1870.421719   10.285620   0.009990
1870.431056   10.278000   0.010280
1870.440608   10.268040   0.008660
1870.448993   10.272050   0.007790
1870.456179   10.281870   0.007790
1870.461756   10.275300   0.009180
1870.466593   10.280610   0.009880
1870.470290   10.272600   0.009010
1870.474034   10.268330   0.010100
1870.476825   10.284090   0.010970
1870.478569   10.279620   0.010740
1870.480341   10.282630   0.010100
1870.482097   10.275480   0.010340
1870.483838   10.265190   0.010800
1870.485602   10.280420   0.010620
1871.136689   10.278900   0.004160
1871.146179   10.277410   0.003980
1871.155384   10.277920   0.004100
1871.164955   10.277640   0.004330
1871.174269   10.279150   0.004330
1871.183469   10.270440   0.004330
1871.192872   10.277150   0.004330
1871.202392   10.274690   0.004450
1871.211865   10.265970   0.004790
1871.221273   10.265950   0.004850
1871.230922   10.270310   0.004680
1871.240394   10.266740   0.004500
1871.250018   10.269710   0.004680
1871.259511   10.267870   0.004500
1871.269122   10.268620   0.004680
1871.278903   10.269960   0.004680
1871.288648   10.271950   0.004850
1871.298226   10.274970   0.004680
1871.307789   10.270830   0.004850
1871.317562   10.272650   0.005020
1871.327342   10.276010   0.005200
1871.337079   10.270480   0.005540
1871.346725   10.276160   0.005720
1871.356495   10.276370   0.005540
1871.366277   10.267740   0.006060
1871.375944   10.271990   0.006240
1871.385808   10.281740   0.006580
1871.395399   10.278400   0.006990
1871.404882   10.271190   0.007620
1871.414342   10.279680   0.007450
1871.423744   10.278380   0.007280
1871.433495   10.270630   0.007220
1871.442405   10.273090   0.006750
1871.449670   10.278070   0.006930
1871.455742   10.278220   0.007100
1871.461191   10.274290   0.007390
1871.465968   10.275890   0.007160
1871.469461   10.276300   0.007160
1871.472994   10.276590   0.007100
1871.476070   10.277250   0.006930
1871.477819   10.275820   0.006930
1871.479709   10.278950   0.006930
1871.481438   10.274830   0.006810
1871.550420   10.281300   0.007280
1871.559908   10.279770   0.007330
1871.569340   10.278950   0.007620
1871.578835   10.269310   0.007970
1871.588334   10.275730   0.008490
1871.597765   10.284540   0.009930
1871.607264   10.269050   0.011140
1871.616819   10.251600   0.013050
1871.626324   10.275670   0.015530
1872.324463   10.280710   0.004620
1872.334315   10.274660   0.004680
1872.344041   10.275270   0.004680
1872.353623   10.274250   0.004680
1872.363427   10.276680   0.004680
1872.373279   10.272870   0.004680
1872.383099   10.274830   0.004680
1872.392766   10.281860   0.004730
1872.402203   10.281130   0.004850
1872.412032   10.274720   0.004850
1872.421585   10.279680   0.005020
1872.431130   10.277150   0.005200
1872.439874   10.281040   0.005200
1872.447517   10.273790   0.005200
1872.454162   10.271870   0.005200
1872.459603   10.290910   0.005540
1872.463903   10.276010   0.005540
1872.467716   10.275110   0.005540
1872.470496   10.281210   0.005540
1872.473152   10.287290   0.005540
1872.474857   10.280450   0.005540
1872.476617   10.280910   0.005600
1872.478370   10.283100   0.005600
1872.480228   10.287220   0.005720
1872.541663   10.277200   0.006580
1872.550845   10.286580   0.006750
1872.560270   10.272270   0.006930
1872.569828   10.274340   0.007160
1872.579400   10.275690   0.007620
1872.588943   10.279650   0.008140
1872.598488   10.292750   0.009180
1872.608116   10.280580   0.010390
1872.617527   10.277850   0.011840
1872.627101   10.279620   0.014200
1872.636625   10.266710   0.017900
1872.646041   10.267740   0.023440
1873.229437   10.271650   0.005140
1873.238826   10.277780   0.005310
1873.248403   10.272420   0.005200
1873.258009   10.281030   0.005200
1873.267456   10.264960   0.005370
1873.276959   10.275710   0.005370
1873.286788   10.274710   0.005370
1873.296275   10.277460   0.005540
1873.305896   10.279820   0.005770
1873.315548   10.279310   0.005770
1873.325684   10.280530   0.005890
1873.335346   10.275050   0.006060
1873.344943   10.275830   0.006180
1873.354842   10.268450   0.005890
1873.364691   10.278780   0.006240
1873.374458   10.278230   0.006180
1873.383960   10.276040   0.005950
1873.393856   10.276870   0.006060
1873.403606   10.274290   0.006240
1873.413210   10.270250   0.006580
1873.422938   10.278150   0.006700
1873.432622   10.273850   0.006290
1873.441010   10.270170   0.006120
1873.447044   10.275200   0.006060
1873.453044   10.271200   0.006060
1873.457630   10.272810   0.006240
1873.462090   10.281200   0.006290
1873.465548   10.277750   0.006290
1873.468261   10.273570   0.006410
1873.470892   10.275830   0.006470
1873.472722   10.279030   0.006410
1873.474437   10.281100   0.006410
1873.476606   10.276950   0.009060
1873.539458   10.277450   0.019530
1873.548852   10.266660   0.014950
1873.558313   10.268870   0.012130
1873.567696   10.272300   0.011840
1873.577180   10.279240   0.013110
1873.586745   10.265160   0.010970
1873.596227   10.271620   0.014950
1873.605773   10.264690   0.014610
1873.615321   10.271140   0.013450
1873.624816   10.265540   0.014150
1874.032527   10.275100   0.003810
1874.041923   10.273540   0.003980
1874.051714   10.275080   0.003980
1874.061193   10.277110   0.003810
1874.070741   10.273580   0.003980
1874.080230   10.270370   0.003980
1874.089638   10.275120   0.003980
1874.098984   10.277800   0.004100
1874.108441   10.271580   0.004040
1874.117749   10.264470   0.004160
1874.127103   10.268730   0.004160
1874.136654   10.270370   0.004160
1874.145982   10.274470   0.004330
1874.155173   10.275330   0.004680
1874.164605   10.269980   0.004850
1874.174153   10.272480   0.005490
1874.183645   10.270420   0.006580
1874.193053   10.265350   0.008310
1874.202515   10.277120   0.008780
1874.212179   10.279670   0.009300
1874.222051   10.290240   0.008430
1874.593715   10.287730   0.014030
1874.603390   10.280240   0.012870
1874.613039   10.276770   0.014840
1876.992585   10.278920   0.003810
1877.002277   10.276540   0.003810
1877.012009   10.268660   0.003980
1877.021623   10.275540   0.003980
1877.031340   10.272830   0.004100
1877.041094   10.276200   0.004040
1877.050632   10.274790   0.003980
1877.060512   10.276570   0.003980
1877.070280   10.273450   0.003980
1877.080037   10.272880   0.004160
1877.089835   10.274100   0.004160
1877.099542   10.278400   0.004160
1877.109324   10.276790   0.004500
1877.119234   10.272470   0.004510
1877.128562   10.276720   0.004390
1877.137988   10.273320   0.004330
1877.147449   10.279040   0.004680
1877.157081   10.274590   0.004500
1877.166514   10.273980   0.004450
1877.175811   10.276090   0.004330
1877.185180   10.283290   0.004500
1877.194638   10.277700   0.004450
1877.204359   10.270020   0.004390
1877.213829   10.279780   0.004330
1877.223290   10.274960   0.004500
1877.232928   10.275810   0.004500
1877.242583   10.271200   0.004620
1877.252102   10.275370   0.004620
1877.261424   10.278090   0.004680
1877.271317   10.274600   0.004500
1877.280810   10.272280   0.004330
1877.290913   10.272240   0.004500
1877.300784   10.271030   0.004850
1877.310552   10.281500   0.004560
1877.320329   10.276400   0.004850
1877.330019   10.270980   0.004560
1877.339609   10.272000   0.004390
1877.349339   10.274980   0.004680
1877.359563   10.272950   0.004500
1877.369289   10.274260   0.004680
1877.379166   10.280940   0.004680
1877.389199   10.276110   0.004910
1877.398748   10.278350   0.005200
1877.408188   10.277600   0.005080
1877.417610   10.281530   0.005020
1877.426444   10.274200   0.004850
1877.433416   10.283050   0.005080
1877.439426   10.268110   0.005310
1877.444578   10.275100   0.005310
1877.449101   10.279710   0.005020
1877.452622   10.274350   0.005370
1877.456119   10.280330   0.005140
1877.458826   10.276020   0.005080
1877.460660   10.273850   0.005200
1877.462441   10.279200   0.005200
1877.464144   10.274020   0.005200
1877.465872   10.285900   0.005310
1877.528546   10.282530   0.005950
1877.538164   10.282970   0.006180
1877.547759   10.278250   0.006410
1877.557433   10.277410   0.006580
1877.566991   10.275130   0.006640
1877.956588   10.268950   0.005140
1877.966360   10.282820   0.004970
1877.975795   10.277440   0.004330
1877.985575   10.274360   0.004040
1877.995071   10.271470   0.003930
1878.004964   10.271400   0.003930
1878.014335   10.271550   0.004100
1878.023915   10.271500   0.003390
1878.033403   10.273570   0.003980
1878.042881   10.268450   0.003810
1878.052477   10.270610   0.004330
1878.062202   10.282820   0.004160
1878.072038   10.275710   0.004330
1878.081838   10.269130   0.004330
1878.091595   10.281770   0.004160
1878.101204   10.272870   0.004330
1878.111056   10.276200   0.004390
1878.120475   10.267790   0.004330
1878.129972   10.272920   0.004680
1878.139452   10.273180   0.005260
1878.148981   10.272780   0.007910
1878.158293   10.267160   0.007040
1878.167692   10.275520   0.004850
1878.177309   10.280380   0.004730
1878.186872   10.266320   0.005660
1878.196273   10.276480   0.005600
1878.206054   10.271790   0.006120
1878.215833   10.273260   0.006470
1878.225557   10.280280   0.006530
1878.235117   10.280040   0.005720
1878.244657   10.268250   0.005720
1878.254352   10.276480   0.006060
1878.263984   10.272900   0.006470
1878.273770   10.267940   0.006580
1878.283405   10.274370   0.006870
1878.293079   10.271220   0.006750
1878.302887   10.273570   0.007970
1878.312828   10.280420   0.008310
1878.322431   10.274760   0.008140
1878.332111   10.272080   0.008490
1878.342126   10.275080   0.006080
1878.351898   10.271730   0.006930
1878.361666   10.278800   0.006750
1878.371492   10.276890   0.006930
1878.381052   10.280660   0.007450
1878.390611   10.275060   0.005660
1878.400035   10.273540   0.006990
1878.409523   10.279740   0.006640
1878.419250   10.274990   0.007100
1878.427139   10.278070   0.007280
1878.434256   10.274110   0.005940
1878.439734   10.276020   0.007390
1878.444205   10.279730   0.005940
1878.448555   10.273410   0.005800
1878.452064   10.270170   0.006990
1878.454721   10.280310   0.007100
1878.457364   10.275360   0.007040
1878.459093   10.279350   0.007040
1878.460943   10.281250   0.007100
1878.463071   10.276520   0.010040
1878.523903   10.268840   0.007100
1878.533380   10.281180   0.007280
1878.542754   10.274150   0.007040
1878.552323   10.273210   0.007450
1878.561961   10.275720   0.008430
1878.571685   10.258750   0.011080
1878.581234   10.273910   0.010390
1878.590773   10.283350   0.010910
1878.600390   10.289870   0.013740
1878.885725   10.268330   0.008080
1878.896259   10.276270   0.006810
1878.907039   10.275490   0.006580
1878.917827   10.277520   0.006530
1878.928636   10.267450   0.006530
1878.939490   10.272760   0.005890
1878.950209   10.282370   0.005200
1878.960985   10.282690   0.005200
1878.971663   10.273330   0.005080
1878.982256   10.277850   0.005200
1878.992862   10.284080   0.005200
1879.003349   10.279940   0.005430
1879.014056   10.279940   0.005540
1879.024781   10.285920   0.005540
1879.035403   10.274120   0.005950
1879.046338   10.275630   0.006000
1879.056998   10.282780   0.006240
1879.067120   10.286370   0.006350
1879.077625   10.289670   0.006410
1879.087804   10.280520   0.006530
1879.097718   10.284710   0.006930
1879.108265   10.279290   0.007280
1879.118677   10.281590   0.007510
1879.128946   10.278520   0.006220
1879.138951   10.279600   0.007280
1879.148948   10.281640   0.008080
1879.158753   10.284450   0.008310
1879.168681   10.283950   0.008260
1879.178653   10.272870   0.008430
1879.188532   10.285760   0.008660
1879.198658   10.282800   0.008660
1879.208980   10.283400   0.008780
1879.219105   10.280720   0.008830
1879.229198   10.282010   0.008830
1879.239692   10.276940   0.008830
1879.249885   10.288720   0.008720
1879.259988   10.276840   0.008550
1879.270136   10.272930   0.008490
1879.279998   10.278410   0.006930
1879.290256   10.278430   0.008490
1879.300321   10.282470   0.008490
1879.310604   10.274300   0.008490
1879.321132   10.271790   0.008600
1879.331398   10.276670   0.008660
1879.341711   10.287650   0.008660
1879.352168   10.280240   0.008780
1879.362239   10.270260   0.008720
1879.372581   10.290280   0.009010
1879.383093   10.288570   0.005200
1879.393142   10.284170   0.009120
1879.403333   10.278840   0.009350
1879.413718   10.277300   0.009530
1879.422210   10.281520   0.009700
1879.430290   10.278620   0.009990
1879.436891   10.282890   0.010050
1879.441492   10.271230   0.010100
1879.445571   10.280430   0.010340
1879.449457   10.283440   0.010510
1879.452342   10.271540   0.008630
1879.454194   10.272320   0.010570
1879.456055   10.275360   0.008630
1879.457932   10.276650   0.010680
1879.460282   10.268790   0.015190
1879.524043   10.274540   0.012930
1879.534146   10.269750   0.013400
1879.544253   10.274310   0.013680
1879.554321   10.263900   0.008000
1879.564508   10.268200   0.014140
1879.574677   10.263440   0.014490
1879.584814   10.265500   0.014900
1879.594935   10.255010   0.014950
1879.605121   10.279060   0.016340
1879.615186   10.279000   0.017090
1879.625350   10.260130   0.018470
1879.885631   10.257440   0.008890
1879.895153   10.259480   0.007510
1879.904711   10.276940   0.006060
1879.914664   10.271660   0.005200
1879.924232   10.272200   0.004560
1879.933937   10.264480   0.004160
1879.943742   10.273960   0.003980
1879.953255   10.276070   0.003810
1879.962965   10.276810   0.003640
1879.972299   10.270900   0.003640
1879.982133   10.281210   0.003810
1879.991480   10.270810   0.003870
1880.001350   10.274010   0.003980
1880.010995   10.271600   0.004160
1880.020489   10.273800   0.004160
1880.030167   10.271870   0.004160
1880.040004   10.273120   0.004160
1880.050020   10.280230   0.004160
1880.059700   10.271130   0.004210
1880.069635   10.274370   0.004270
1880.079469   10.269140   0.004330
1880.089000   10.272940   0.004330
1880.098524   10.273070   0.004500
1880.108072   10.270550   0.004620
1880.117530   10.276440   0.004330
1880.127140   10.268170   0.004500
1880.200091   10.270900   0.004680
1880.209735   10.279350   0.004850
1880.219431   10.272280   0.004850
1880.229324   10.267010   0.004620
1880.238989   10.279260   0.004680
1880.248836   10.274610   0.004620
1880.258298   10.275130   0.004680
1880.267686   10.273240   0.004850
1880.277275   10.278230   0.004910
1880.286928   10.267470   0.005310
1880.306613   10.272800   0.005020
1880.369120   10.271870   0.004850
1880.684731   10.266050   0.010850
1880.693935   10.247560   0.011140
1880.703424   10.260160   0.012990
1880.712965   10.269040   0.015010
1880.722745   10.287590   0.018590
1880.732752   10.259310   0.022290
1880.743114   10.254470   0.026560
1880.753480   10.273980   0.033890
1880.828480   10.293960   0.030080
1880.839020   10.296600   0.025350
1880.967707   10.284170   0.004620
1880.977730   10.295550   0.004680
1880.987626   10.287670   0.004330
1880.997175   10.284050   0.004160
1881.007352   10.277490   0.004270
1881.017262   10.274430   0.004330
1881.027023   10.273010   0.004500
1881.036583   10.274040   0.004390
1881.046307   10.267880   0.004500
1881.055914   10.330380   0.004910
1881.065565   10.274090   0.004680
1881.075352   10.276930   0.004850
1881.085120   10.274820   0.004680
1881.094964   10.276230   0.004620
1881.104801   10.279250   0.004390
1881.114937   10.315650   0.005310
1881.124474   10.274030   0.004910
1881.134326   10.270600   0.005020
1881.143810   10.272630   0.004500
1881.153419   10.270200   0.005080
1881.163015   10.268930   0.004850
1881.171357   10.278770   0.004500
1881.180981   10.272160   0.004680
1881.190627   10.275580   0.004330
1881.200550   10.277250   0.004500
1881.210473   10.273080   0.004680
1881.220305   10.276030   0.004850
1881.230199   10.280700   0.004850
1881.239668   10.290690   0.005020
1881.249328   10.282670   0.005020
1881.258917   10.280230   0.005020
1881.268352   10.270140   0.005020
1881.278189   10.277420   0.005020
1881.288137   10.269540   0.005200
1881.297680   10.276200   0.005200
1881.307337   10.277790   0.005370
1881.317394   10.275050   0.005430
1881.327336   10.281350   0.005600
1881.337373   10.273450   0.005540
1881.347129   10.281160   0.005720
1881.357110   10.273220   0.005720
1881.366722   10.288530   0.005890
1881.376276   10.282600   0.006000
1881.386104   10.277760   0.006180
1881.395996   10.265280   0.006060
1881.405772   10.270750   0.006240
1881.414838   10.272020   0.006240
1881.422098   10.272040   0.006410
1881.428287   10.268940   0.006410
1881.433496   10.272340   0.006470
1881.437835   10.270760   0.006530
1881.441542   10.262450   0.006640
1881.445078   10.262560   0.006750
1881.447777   10.270540   0.006750
1881.449541   10.278010   0.006750
1881.451276   10.267400   0.006750
1881.453055   10.268440   0.006750
1881.455245   10.276100   0.009550
1881.512259   10.277050   0.007100
1881.522032   10.269210   0.007450
1881.531584   10.261650   0.007620
1881.541053   10.267600   0.007680
1881.550943   10.272360   0.007740
1881.560601   10.270230   0.007970
1881.570473   10.269510   0.007970
1881.580253   10.273530   0.008600
1881.589860   10.275920   0.008370
1881.599577   10.275540   0.009010
1881.609472   10.280060   0.008720
1881.619114   10.278800   0.009640
1881.628942   10.265790   0.010160
1881.638590   10.282210   0.010970
1881.648351   10.277480   0.012010
1881.778022   10.304030   0.020560
1881.787777   10.292750   0.019340
1881.797497   10.283160   0.018480
1881.807277   10.274470   0.016460
1881.816745   10.258400   0.014140
1881.826319   10.253180   0.011890
1881.835921   10.294000   0.010100
1881.845731   10.282110   0.008660
1881.855252   10.267870   0.007560
1881.864967   10.264790   0.006930
1881.874874   10.267780   0.006410
1881.884546   10.270740   0.005600
1881.894462   10.273200   0.005200
1881.904494   10.272540   0.004850
1881.914271   10.273190   0.004790
1881.923884   10.275460   0.004850
1881.933466   10.269100   0.004680
1881.943231   10.267150   0.004850
1881.952875   10.273040   0.005720
1881.962633   10.265210   0.006240
1881.972149   10.269230   0.006410
1881.982098   10.262890   0.006750
1881.992169   10.266480   0.008140
1882.001889   10.270540   0.008840
1882.011594   10.269940   0.008830
1882.021627   10.267400   0.007280
1882.031644   10.266160   0.007680
1882.041324   10.274750   0.007620
1882.051198   10.274600   0.006990
1882.070527   10.276860   0.012250
1882.080330   10.275220   0.005950
1882.090096   10.269010   0.011200
1882.099569   10.271750   0.017100
1882.109365   10.278780   0.009410
1882.121972   10.269780   0.007800
1882.131558   10.283110   0.006470
1882.141120   10.288320   0.009640
1882.150540   10.277250   0.006870
1882.160119   10.263210   0.006930
1882.169652   10.276520   0.007330
1882.179008   10.270300   0.007100
1882.188466   10.270660   0.007740
1882.198063   10.271970   0.008840
1882.208031   10.277270   0.014840
1882.217722   10.280550   0.012120
1882.227231   10.281120   0.010680
1882.236839   10.277610   0.010740
1882.246327   10.279250   0.014610
1882.256107   10.277010   0.013860
1882.266006   10.278380   0.013630
1882.275585   10.260190   0.012010
1882.285301   10.274100   0.012240
1882.295361   10.270660   0.011380
1882.305067   10.285300   0.014960
1882.315073   10.272700   0.017610
1882.325032   10.268740   0.011490
1882.334886   10.266260   0.010160
1882.344919   10.265110   0.011720
1882.354771   10.270580   0.012760
1882.364587   10.262680   0.010740
1882.374737   10.274990   0.010850
1882.384757   10.341500   0.052980
1882.394964   10.290010   0.023150
1883.093660   10.270710   0.005310
1883.103366   10.281700   0.007340
1883.112818   10.288760   0.005490
1883.122237   10.263500   0.006010
1883.131900   10.270720   0.005370
1883.141295   10.300430   0.005950
1883.150882   10.266810   0.006240
1883.160374   10.264030   0.006580
1883.169871   10.264140   0.006820
1883.179271   10.266000   0.005720
1883.188727   10.264100   0.005830
1883.198404   10.263280   0.006700
1883.207904   10.283940   0.006750
1883.217549   10.264230   0.006700
1883.226897   10.268740   0.006990
1883.236210   10.265560   0.006990
1883.245790   10.272190   0.006930
1883.255334   10.269690   0.007100
1883.265175   10.270640   0.007220
1883.274780   10.266610   0.007450
1883.284849   10.262200   0.008950
1883.294394   10.256340   0.009590
1883.304305   10.269630   0.009300
1883.314080   10.273820   0.010110
1883.323720   10.252280   0.009240
1883.333437   10.261670   0.008370
1883.343435   10.265180   0.008660
1883.353548   10.259730   0.009070
1883.363493   10.271170   0.008030
1883.373027   10.270180   0.008370
1883.382657   10.275920   0.008720
1883.392439   10.283910   0.008310
1883.402040   10.296870   0.008370
1883.410061   10.289080   0.009010
1883.417485   10.284760   0.009240
1883.423677   10.293230   0.008780
1883.428949   10.287590   0.008830
1883.433300   10.284340   0.009480
1883.436812   10.291460   0.008550
1883.440325   10.295820   0.009120
1883.443180   10.281770   0.008550
1883.444926   10.288670   0.008950
1883.446707   10.288020   0.008370
1883.448508   10.297860   0.008430
1883.507335   10.263910   0.009070
1883.517022   10.272770   0.009300
1883.526655   10.275900   0.010220
1883.536232   10.274540   0.010910
1883.545818   10.270410   0.010910
1883.555341   10.259570   0.010570
1883.565051   10.264310   0.010570
1883.574608   10.269110   0.010390
1883.584302   10.257660   0.010400
1883.593915   10.261380   0.009410
1884.099534   10.273120   0.003230
1884.109140   10.275760   0.003290
1884.118686   10.276210   0.003640
1884.128292   10.278600   0.004040
1884.137551   10.265170   0.003460
1884.147279   10.270210   0.003870
1884.156774   10.269520   0.003980
1884.166197   10.277550   0.004160
1884.175960   10.269750   0.004560
1884.185414   10.271870   0.004040
1884.194977   10.275410   0.003640
1884.204574   10.269830   0.003810
1884.214174   10.269650   0.003580
1884.223839   10.273080   0.003700
1884.233272   10.276110   0.005020
1884.242628   10.278280   0.003460
1884.252195   10.275190   0.003410
1884.261682   10.283500   0.003460
1884.271201   10.275030   0.003410
1884.280876   10.275850   0.003580
1884.290846   10.271430   0.003810
1884.300573   10.278860   0.004100
1884.310420   10.266750   0.004970
1884.320206   10.279250   0.003870
1884.330156   10.273610   0.003980
1884.340081   10.276490   0.004390
1884.350052   10.272680   0.004390
1884.360119   10.273450   0.003810
1884.370060   10.275820   0.003980
1884.379738   10.279880   0.004210
1884.389528   10.277000   0.003640
1884.399065   10.282690   0.003700
1884.406881   10.276650   0.003980
1884.413865   10.271270   0.004500
1884.420368   10.280420   0.004560
1884.425635   10.275990   0.003750
1884.430150   10.277980   0.003460
1884.433678   10.275680   0.003810
1884.437202   10.272310   0.003810
1884.439908   10.273590   0.003930
1884.441669   10.275310   0.003810
1884.443407   10.277220   0.003810
1884.445186   10.274320   0.003640
1884.446926   10.283170   0.004330
1884.503638   10.280830   0.003520
1884.513187   10.268240   0.003810
1884.522993   10.277140   0.003460
1884.532900   10.274390   0.003290
1884.542819   10.279120   0.003040
1884.552706   10.275780   0.003770
1884.562458   10.276720   0.003180
1884.572213   10.278950   0.003520
1884.581820   10.278380   0.003290
1884.591479   10.277260   0.003810
1884.600983   10.275280   0.003640
1884.610820   10.274750   0.003460
1884.886961   10.278310   0.007280
1884.896459   10.278930   0.007450
1884.906042   10.271460   0.007040
1884.915643   10.278150   0.008090
1884.925737   10.292930   0.006930
1884.935570   10.288900   0.008080
1884.945448   10.279940   0.007280
1884.954875   10.275570   0.007680
1884.964329   10.279630   0.007450
1884.974229   10.286580   0.008550
1884.983546   10.279180   0.008660
1884.993441   10.270530   0.008080
1885.003341   10.274640   0.007970
1885.013229   10.284720   0.008950
1885.022911   10.283470   0.008890
1885.032502   10.279980   0.009990
1885.052183   10.273270   0.009990
1885.061957   10.282210   0.010860
1885.071678   10.278180   0.011320
1885.081285   10.271030   0.012240
1885.090973   10.288930   0.011490
1885.100847   10.279440   0.011490
1885.278794   10.274960   0.006290
1885.288696   10.266660   0.007560
1885.298475   10.272120   0.006640
1885.308250   10.269230   0.006580
1885.318087   10.264640   0.006810
1885.328301   10.274530   0.007740
1885.338173   10.281880   0.010450
1885.347960   10.273520   0.009350
1885.357853   10.280270   0.010100
1885.367578   10.272670   0.010220
1885.377344   10.265170   0.012300
1885.386938   10.286850   0.012880
1885.396599   10.268700   0.010340
1885.404395   10.266000   0.009410
1885.411445   10.256550   0.010510
1885.417511   10.273270   0.011150
1885.422892   10.271660   0.011270
1885.427461   10.273770   0.010680
1885.430989   10.271590   0.008890
1885.434637   10.271820   0.009990
1885.437356   10.279440   0.010100
1885.439093   10.277410   0.009930
1885.440855   10.279700   0.009880
1885.442624   10.282830   0.009470
1885.444416   10.289450   0.009530
1885.502228   10.274740   0.010390
1885.511985   10.272980   0.013400
1885.521821   10.285160   0.010680
1885.531512   10.287010   0.010220
1885.541243   10.269110   0.010570
1885.551133   10.275790   0.009350
1885.560860   10.271540   0.009300
1885.570601   10.274770   0.009240
1885.580236   10.275500   0.010680
1885.590133   10.269270   0.008030
1886.072366   10.288110   0.003290
1886.082057   10.280390   0.003460
1886.091456   10.284270   0.003640
1886.101064   10.276740   0.003640
1886.110701   10.281730   0.003640
1886.120214   10.284360   0.003640
1886.129544   10.280260   0.003810
1886.138882   10.270510   0.003810
1886.148233   10.276790   0.003870
1886.157943   10.275260   0.003980
1886.167550   10.273320   0.004330
1886.177101   10.275640   0.004330
1886.186997   10.276600   0.004500
1886.196609   10.269710   0.004680
1886.206153   10.270840   0.005020
1886.215757   10.266960   0.005260
1886.225422   10.278290   0.006640
1886.234829   10.273010   0.006700
1886.244630   10.266480   0.006470
1886.254426   10.273790   0.005080
1886.263771   10.276180   0.004330
1886.273578   10.268910   0.006410
1886.283270   10.269940   0.004330
1886.293134   10.272900   0.004390
1886.303115   10.270420   0.004850
1886.312914   10.268370   0.004500
1886.322818   10.272440   0.004620
1886.332859   10.279560   0.004680
1886.342543   10.268790   0.004500
1886.352534   10.269580   0.004500
1886.362281   10.265080   0.004850
1886.372003   10.261800   0.004970
1886.381496   10.268610   0.005080
1886.391198   10.269630   0.005370
1886.399994   10.267590   0.005370
1886.408171   10.266230   0.005430
1886.414363   10.263810   0.006410
1886.419581   10.271740   0.006530
1886.423873   10.273820   0.006000
1886.427459   10.266230   0.005890
1886.431086   10.269970   0.005890
1886.433748   10.275390   0.006530
1886.435540   10.277290   0.006810
1886.437293   10.273350   0.006180
1886.439058   10.275110   0.006240
1886.441348   10.265160   0.011840
