1863.169882   13.024690   0.030950
1863.179028   13.011060   0.033150
1863.188111   12.978920   0.037880
1863.197263   12.997720   0.035920
1863.206453   12.997380   0.034180
1863.215516   13.014340   0.041110
1863.224486   13.025430   0.039840
1863.233708   13.010340   0.041480
1863.243026   13.017880   0.042280
1863.252052   13.007920   0.038370
1863.260978   12.998720   0.035680
1863.270074   12.980350   0.042370
1863.279229   13.022440   0.037240
1863.288341   12.982960   0.036120
1863.297662   13.042470   0.033840
1863.306748   13.044600   0.038220
1863.315898   12.983130   0.037410
1863.325261   12.990130   0.037650
1863.334632   13.005810   0.038650
1863.344416   12.998550   0.038160
1863.353962   13.018630   0.038060
1863.363511   12.984760   0.032570
1863.372640   13.002600   0.031930
1863.381795   13.010190   0.031640
1863.391577   12.998620   0.033030
1863.400670   13.002500   0.034820
1863.410157   13.034180   0.036560
1863.419415   13.016370   0.038790
1863.428728   13.023250   0.039260
1863.438171   13.002370   0.041130
1863.447725   12.970010   0.044060
1863.457038   12.959240   0.048060
1863.464667   13.033960   0.062220
1863.471563   12.999120   0.061960
1863.477686   12.965890   0.059410
1863.482900   13.026560   0.059420
1863.487037   13.003460   0.066990
1863.490505   12.930950   0.065890
1863.494064   12.972170   0.062670
1863.496621   13.028190   0.064960
1863.498272   13.005820   0.061340
1863.500087   13.027220   0.067620
1863.501889   13.007450   0.069230
1863.503937   12.989660   0.098100
1864.122118   13.005670   0.025120
1864.131216   13.003790   0.034410
1864.140349   12.998830   0.029500
1864.149328   13.001180   0.030740
1864.158727   13.007800   0.027950
1864.168077   13.003540   0.035350
1864.177441   13.005440   0.034150
1864.186471   13.009490   0.026680
1864.195786   13.018410   0.034010
1864.204761   13.013930   0.030840
1864.213956   12.994410   0.028640
1864.223275   12.994660   0.027840
1864.232312   13.009490   0.035460
1864.241734   13.010870   0.033730
1864.250994   12.982380   0.029740
1864.260292   12.996490   0.034590
1864.269452   13.024440   0.030730
1864.278712   13.023300   0.035330
1864.288040   13.045160   0.034880
1864.297228   13.007870   0.034190
1864.306786   13.001180   0.035180
1864.315982   13.020220   0.037190
1864.325240   13.038890   0.035870
1864.334830   13.034140   0.033850
1864.344223   13.052290   0.045680
1864.353629   13.012360   0.045690
1864.362884   13.033850   0.049690
1864.372284   13.032720   0.060100
1864.381718   13.034390   0.052400
1864.391386   13.010780   0.043400
1864.401175   13.017190   0.054590
1864.410777   13.029850   0.052390
1864.420158   13.019040   0.049680
1864.429378   12.971860   0.055160
1864.438639   12.994640   0.063120
1864.448098   12.971870   0.075130
1864.457409   12.987230   0.078270
1864.465120   12.973480   0.074330
1864.472313   12.954880   0.083610
1864.477494   12.993230   0.097350
1864.482643   13.052660   0.119310
1864.489646   12.982020   0.101540
1864.492216   12.916350   0.108600
1864.494776   12.977040   0.109530
1864.496480   13.057850   0.119920
1864.498365   13.013500   0.118640
1864.500091   13.083470   0.117320
1864.501760   12.991900   0.115350
1865.081649   13.032850   0.038430
1865.090914   13.005230   0.041050
1865.103000   13.008530   0.039630
1865.112265   13.017270   0.036800
1865.121493   12.993520   0.047590
1865.180915   12.980530   0.026390
1865.189934   12.979960   0.020610
1865.199137   12.976360   0.026900
1865.208040   13.008810   0.020900
1865.217207   13.003350   0.031310
1865.226382   13.003100   0.030560
1865.235932   13.010190   0.032850
1865.245886   12.997820   0.034760
1865.255783   13.004190   0.032350
1865.265750   13.007100   0.044690
1865.275774   13.021840   0.039330
1865.285892   12.973580   0.033840
1865.295973   12.999930   0.037600
1865.306185   13.002800   0.035930
1865.316145   13.023060   0.034730
1865.326150   12.996510   0.039610
1865.336276   13.029710   0.045100
1865.346577   13.005520   0.039030
1865.356675   13.026960   0.039230
1865.366659   12.994890   0.042090
1865.376981   13.036960   0.034960
1865.387088   12.996690   0.043430
1865.397153   13.011650   0.045850
1865.407149   12.992050   0.041590
1865.417333   13.035900   0.040820
1865.427630   13.020000   0.045110
1865.437669   13.015110   0.043820
1865.448171   13.010210   0.052640
1865.457324   12.988930   0.059590
1865.465615   13.037940   0.061860
1865.471988   12.992300   0.081060
1865.477591   13.008570   0.099330
1865.482335   13.003020   0.080680
1865.486159   13.058090   0.092230
1865.489785   13.035030   0.076650
1865.492667   13.012510   0.074590
1865.494427   12.969900   0.075480
1865.496283   13.015030   0.068820
1865.498551   12.963260   0.120220
1866.165339   12.994050   0.022630
1866.174723   13.001660   0.023150
1866.184057   13.005800   0.023850
1866.193410   13.016490   0.023900
1866.202706   13.009080   0.024650
1866.212035   13.021690   0.025460
1866.221409   13.024310   0.025870
1866.230791   13.008660   0.025590
1866.240551   12.999960   0.024940
1866.250004   13.013910   0.025060
1866.259354   12.990790   0.025810
1867.193045   13.004210   0.017090
1867.202355   13.002040   0.017780
1867.211516   12.994460   0.017670
1867.220585   12.998580   0.018770
1867.230131   13.005410   0.019400
1867.239707   12.999500   0.018940
1867.249230   13.001090   0.018530
1867.258785   13.001120   0.019400
1867.268385   13.012940   0.019460
1867.277702   13.003290   0.020100
1867.287153   12.999790   0.019920
1867.296854   13.019890   0.020670
1867.306121   13.010220   0.020790
1867.315500   13.005860   0.020840
1867.325094   13.003960   0.021590
1867.334502   12.997340   0.022060
1867.344482   13.000150   0.023040
1867.354030   12.993750   0.022460
1867.363492   12.997480   0.027090
1867.372735   13.005550   0.024370
1867.382212   12.996620   0.024600
1867.391671   13.007180   0.026390
1867.401392   12.994640   0.026100
1867.410805   12.996290   0.025000
1867.420288   13.017250   0.030550
1867.429722   13.009940   0.033150
1867.439192   12.991170   0.030370
1867.448574   13.007510   0.033430
1867.456168   12.986920   0.029450
1867.463320   13.005330   0.031820
1867.469421   13.010200   0.031180
1867.473939   13.002360   0.025750
1867.478291   13.017330   0.023960
1867.481655   13.023350   0.024650
1867.484335   12.996940   0.025870
1867.486951   13.008850   0.025700
1867.488639   12.999800   0.026620
1867.490315   13.014360   0.027140
1867.492002   13.011880   0.026390
1867.493724   13.007430   0.025700
1868.197661   13.016050   0.033670
1868.207123   12.989430   0.032800
1868.216495   12.984190   0.042700
1868.225986   13.020740   0.039580
1868.235811   12.968400   0.044540
1868.245580   13.043560   0.042680
1868.255259   12.984230   0.042910
1868.264815   12.998420   0.044340
1868.274279   12.995080   0.050390
1868.283929   12.952870   0.044480
1868.293537   12.987090   0.065260
1868.303104   12.940130   0.070960
1868.312574   12.977530   0.072000
1868.322548   13.037290   0.051230
1868.332083   13.013140   0.049250
1868.341800   13.009950   0.053930
1868.351466   12.999310   0.062320
1868.360837   12.994510   0.064520
1868.370659   13.010620   0.058970
1868.380417   13.004520   0.058440
1868.390367   12.969350   0.059400
1868.399668   13.010370   0.059490
1868.409622   13.044320   0.057270
1868.419023   13.007420   0.060970
1868.428372   13.008770   0.059060
1868.437691   13.060500   0.059140
1868.446987   12.979680   0.062680
1868.454949   12.997760   0.065290
1868.461066   13.001100   0.066050
1868.467151   13.009340   0.065450
1868.471440   13.035090   0.069950
1868.475710   13.023700   0.077490
1868.479187   13.015680   0.083500
1868.481716   12.953880   0.059620
1868.484421   12.992400   0.073700
1868.486154   13.009720   0.068200
1868.487874   13.050800   0.076290
1868.489584   13.059770   0.079400
1868.491280   12.974260   0.076570
1868.552972   12.997630   0.120530
1868.562396   13.035820   0.116620
1869.239644   12.990720   0.092030
1869.249027   12.966730   0.096240
1869.258676   13.023530   0.100960
1869.268460   12.975470   0.117760
1869.278315   13.005610   0.097950
1869.287800   12.898790   0.117350
1869.297468   13.016710   0.104290
1869.307193   13.070270   0.077800
1870.219778   13.016530   0.020670
1870.229270   13.019270   0.021420
1870.238762   13.002490   0.023290
1870.248135   13.005540   0.022460
1870.257691   13.005650   0.025290
1870.267266   13.012750   0.024250
1870.276950   12.994000   0.024560
1870.286498   13.013100   0.024830
1870.295849   13.005240   0.023500
1870.305565   12.995760   0.024540
1870.315197   13.016810   0.027370
1870.325274   13.002040   0.029390
1870.335174   13.009820   0.026330
1870.344892   13.003140   0.028000
1870.354573   13.011170   0.032980
1870.364104   12.999620   0.045960
1870.373603   13.009530   0.040140
1870.383600   13.003120   0.049730
1870.393243   13.019000   0.062070
1870.402820   12.968890   0.083600
1870.412418   13.032160   0.082100
1870.421719   12.997040   0.075260
1870.431056   12.972970   0.076680
1870.440608   13.010890   0.066410
1870.448993   12.987510   0.058930
1870.456179   12.996880   0.059080
1870.461756   13.030950   0.070990
1870.466593   12.977820   0.079160
1870.470290   12.985670   0.069530
1870.474034   13.003850   0.080380
1870.476825   12.963250   0.087880
1870.478569   12.927720   0.082920
1870.480341   12.962310   0.079770
1870.482097   13.026640   0.083440
1870.483838   13.012580   0.090920
1870.485602   12.994040   0.085410
1871.136689   13.024430   0.025000
1871.155384   13.003110   0.024080
1871.164955   13.005670   0.025520
1871.174269   13.014850   0.026970
1871.183469   12.999410   0.028780
1871.192872   12.998140   0.026270
1871.202392   13.007520   0.027670
1871.211865   12.986230   0.032280
1871.221273   12.997480   0.031480
1871.230922   13.000690   0.028300
1871.240394   13.029670   0.026670
1871.250018   12.974790   0.028580
1871.259511   12.991150   0.027780
1871.269122   13.016000   0.028870
1871.278903   12.997730   0.028410
1871.288648   13.003250   0.029400
1871.298226   12.991890   0.029790
1871.307789   12.991300   0.031870
1871.317562   12.998130   0.032160
1871.327342   12.991800   0.031880
1871.337079   12.999620   0.036610
1871.346725   12.971910   0.036610
1871.356495   13.009750   0.036490
1871.366277   13.003590   0.040730
1871.375944   13.002990   0.040840
1871.385808   12.987730   0.045010
1871.395399   13.001020   0.044300
1871.404882   12.975170   0.052080
1871.414342   12.982250   0.051900
1871.423744   13.004360   0.049740
1871.433495   13.002460   0.049460
1871.442405   12.996430   0.047110
1871.449670   13.008930   0.047530
1871.455742   13.012910   0.048480
1871.461191   12.995820   0.054500
1871.465968   13.000950   0.051390
1871.469461   12.991800   0.051180
1871.472994   12.984600   0.052470
1871.476070   12.987720   0.052670
1871.477819   12.994650   0.049170
1871.479709   12.985320   0.050440
1871.481438   12.999150   0.049260
1871.550420   12.987870   0.053660
1871.559908   12.981250   0.056920
1871.569340   13.039260   0.057780
1871.578835   13.020250   0.064330
1871.588334   12.995310   0.062530
1871.597765   12.990090   0.077440
1871.607264   13.004370   0.095820
1871.616819   13.008380   0.120330
1871.626324   12.974110   0.073000
1872.324463   12.990580   0.027540
1872.334315   13.005080   0.028820
1872.344041   13.017780   0.028520
1872.353623   12.998670   0.029220
1872.363427   13.012990   0.027720
1872.373279   13.007050   0.027480
1872.383099   12.996150   0.029110
1872.392766   13.007160   0.028290
1872.402203   12.997290   0.029190
1872.412032   13.021720   0.030500
1872.421585   12.986700   0.031240
1872.431130   13.006710   0.033960
1872.439874   12.993490   0.033380
1872.447517   12.991370   0.033090
1872.454162   12.993380   0.033840
1872.459603   13.007760   0.037320
1872.463903   13.017670   0.038250
1872.467716   13.001060   0.037650
1872.470496   13.014590   0.037100
1872.473152   12.993760   0.038680
1872.474857   12.993090   0.038160
1872.476617   12.992280   0.037890
1872.478370   13.011130   0.037910
1872.480228   13.033510   0.038480
1872.541663   13.023160   0.047420
1872.550845   13.028170   0.050120
1872.560270   12.970920   0.052310
1872.569828   13.014270   0.051400
1872.579400   13.042610   0.060460
1872.588943   13.046540   0.059190
1872.598488   13.083570   0.075600
1872.608116   13.033440   0.079210
1872.617527   13.136300   0.087820
1872.627101   13.098190   0.129550
1873.229437   12.993320   0.033560
1873.238826   13.019280   0.034270
1873.248403   13.005140   0.032010
1873.258009   12.991040   0.031410
1873.267456   12.976950   0.034290
1873.276959   12.991230   0.033900
1873.286788   12.972850   0.034200
1873.296275   12.969340   0.037050
1873.305896   13.009340   0.039340
1873.315548   13.017260   0.041700
1873.325684   12.979080   0.042550
1873.335346   13.033390   0.044440
1873.344943   12.998970   0.045790
1873.354842   13.007030   0.042210
1873.364691   12.986200   0.048040
1873.374458   12.986000   0.045670
1873.383960   12.988040   0.041140
1873.393856   12.987860   0.041800
1873.403606   12.992440   0.043540
1873.413210   13.015200   0.052440
1873.422938   12.984430   0.049150
1873.432622   13.002180   0.043980
1873.441010   12.992080   0.040880
1873.447044   13.000260   0.040390
1873.453044   13.018410   0.041570
1873.457630   12.983410   0.041430
1873.462090   13.018780   0.041300
1873.465548   13.010820   0.043200
1873.468261   13.002180   0.041990
1873.470892   13.000900   0.046220
1873.472722   13.021210   0.043210
1873.474437   13.012840   0.043070
1873.476606   13.023220   0.061740
1873.548852   13.051380   0.097670
1873.558313   13.041200   0.106670
1873.567696   12.934530   0.099140
1873.577180   12.979530   0.113620
1873.586745   13.004730   0.097390
1873.596227   12.982370   0.126640
1873.605773   13.030570   0.125610
1873.615321   12.988240   0.117620
1873.624816   13.118550   0.127600
1874.032527   12.992960   0.021190
1874.041923   13.010500   0.022290
1874.051714   12.987290   0.022540
1874.061193   13.006880   0.022060
1874.070741   12.975710   0.023040
1874.080230   12.988480   0.023850
1874.089638   12.997910   0.022980
1874.098984   13.013150   0.023850
1874.108441   13.008960   0.022980
1874.117749   12.992150   0.024140
1874.127103   13.012010   0.025710
1874.136654   12.993020   0.024020
1874.145982   13.010070   0.025230
1874.155173   13.036010   0.027310
1874.164605   13.003300   0.028870
1874.174153   12.996690   0.035810
1874.183645   12.983400   0.047870
1874.193053   12.981960   0.065500
1874.202515   12.941670   0.064000
1874.212179   13.019380   0.066940
1874.593715   12.989050   0.112440
1874.603390   13.006960   0.102310
1874.613039   13.072010   0.132930
1876.992585   12.998840   0.023330
1877.002277   13.006900   0.023040
1877.012009   12.981100   0.025010
1877.021623   12.991030   0.024020
1877.031340   13.005700   0.026390
1877.041094   13.004570   0.024950
1877.050632   13.023090   0.022170
1877.060512   13.018590   0.023810
1877.070280   13.013590   0.024710
1877.080037   12.998270   0.023790
1877.089835   13.002160   0.023730
1877.099542   13.028930   0.025640
1877.109324   12.990950   0.031260
1877.119234   12.976970   0.030370
1877.128562   13.008810   0.027910
1877.137988   13.000910   0.027260
1877.157081   13.003970   0.030140
1877.166514   13.014860   0.028410
1877.175811   12.995870   0.027830
1877.185180   13.021120   0.030560
1877.194638   13.008540   0.027900
1877.204359   13.020060   0.028070
1877.213829   13.003150   0.026960
1877.223290   12.996090   0.028020
1877.232928   13.012270   0.027210
1877.242583   13.029730   0.031540
1877.252102   13.008990   0.030150
1877.261424   13.031060   0.030840
1877.271317   12.992850   0.027520
1877.280810   13.024050   0.025520
1877.290913   12.991210   0.028590
1877.300784   12.981680   0.034650
1877.310552   13.006930   0.028580
1877.320329   12.985010   0.033490
1877.330019   12.991500   0.028380
1877.339609   13.008160   0.025870
1877.349339   13.013090   0.030430
1877.359563   13.013740   0.027210
1877.369289   13.002160   0.030490
1877.379166   13.004840   0.028950
1877.389199   12.993530   0.033100
1877.398748   12.976240   0.036390
1877.408188   13.000160   0.036200
1877.417610   13.008420   0.032690
1877.426444   12.998270   0.029450
1877.433416   12.992800   0.033230
1877.439426   12.991480   0.034410
1877.444578   12.991900   0.034550
1877.449101   12.990470   0.031120
1877.452622   12.981890   0.036630
1877.456119   13.011700   0.032130
1877.458826   12.997020   0.031410
1877.460660   12.999920   0.031930
1877.462441   13.002940   0.032870
1877.464144   13.029990   0.032850
1877.465872   13.009140   0.034540
1877.528546   13.010850   0.041580
1877.538164   13.021300   0.043730
1877.547759   13.006510   0.044750
1877.557433   12.967740   0.048150
1877.566991   13.003410   0.046980
1877.956588   12.982600   0.036570
1877.966360   13.001000   0.031700
1877.975795   13.008820   0.025580
1877.985575   13.018510   0.023150
1877.995071   13.003740   0.021540
1878.004964   13.007450   0.021360
1878.014335   13.004960   0.022980
1878.023915   12.997170   0.018600
1878.033403   13.006290   0.021250
1878.042881   13.005360   0.021020
1878.052477   13.020680   0.024020
1878.062202   13.004330   0.022750
1878.072038   13.004990   0.024020
1878.081838   13.009220   0.024480
1878.091595   13.002490   0.023040
1878.101204   13.012600   0.023670
1878.111056   13.006350   0.024430
1878.120475   13.018950   0.024540
1878.129972   13.010810   0.027310
1878.139452   13.004470   0.030370
1878.148981   12.984670   0.051430
1878.158293   12.996710   0.044710
1878.167692   13.005420   0.027480
1878.177309   12.992090   0.026440
1878.186872   12.992390   0.033140
1878.196273   12.985350   0.032690
1878.206054   13.003120   0.037350
1878.215833   13.017880   0.040180
1878.225557   12.995420   0.041130
1878.235117   12.992030   0.033780
1878.244657   12.981430   0.034420
1878.254352   13.021850   0.037710
1878.263984   12.999050   0.041990
1878.273770   13.003950   0.041400
1878.283405   12.990140   0.044820
1878.293079   12.983310   0.045220
1878.302887   12.961350   0.056800
1878.312828   12.967800   0.057190
1878.322431   12.936800   0.056230
1878.332111   12.999980   0.058480
1878.342126   13.042400   0.039320
1878.351898   13.027710   0.048920
1878.361666   13.006930   0.046120
1878.371492   13.012820   0.047570
1878.381052   13.009770   0.054020
1878.390611   12.993220   0.041580
1878.400035   12.980460   0.046160
1878.409523   12.996100   0.047730
1878.419250   12.995520   0.052090
1878.427139   12.982040   0.052390
1878.434256   13.012500   0.043940
1878.439734   12.990320   0.055000
1878.444205   13.027310   0.043860
1878.448555   13.007090   0.042470
1878.452064   13.003550   0.055030
1878.454721   12.990200   0.050720
1878.457364   12.979290   0.051520
1878.459093   13.018660   0.050190
1878.460943   12.997030   0.051620
1878.463071   12.994490   0.073620
1878.523903   12.973050   0.056880
1878.533380   13.019690   0.059190
1878.542754   13.006970   0.054960
1878.552323   12.980790   0.056990
1878.561961   12.969870   0.064240
1878.571685   13.011860   0.090830
1878.581234   13.002730   0.083060
1878.590773   12.926620   0.083940
1878.600390   13.012120   0.112440
1878.885725   12.991800   0.066800
1878.896259   13.016450   0.054160
1878.907039   12.978930   0.050680
1878.917827   12.990690   0.049430
1878.928636   12.984480   0.048990
1878.939490   13.005050   0.043140
1878.950209   13.000860   0.035630
1878.960985   13.018270   0.036100
1878.971663   12.985620   0.032090
1878.982256   12.979290   0.032640
1878.992862   12.996830   0.032340
1879.003349   12.991130   0.033950
1879.014056   12.999050   0.034800
1879.024781   12.997900   0.033910
1879.035403   12.997720   0.039960
1879.046338   13.008970   0.039100
1879.056998   13.004030   0.040450
1879.067120   13.009580   0.040770
1879.077625   13.014580   0.040130
1879.087804   12.997330   0.040940
1879.097718   13.027990   0.044230
1879.108265   13.012550   0.052360
1879.118677   13.013320   0.053550
1879.128946   13.067150   0.046760
1879.138951   12.997330   0.050060
1879.148948   12.981700   0.059890
1879.158753   13.044210   0.056780
1879.168681   12.978350   0.061090
1879.178653   13.040430   0.061960
1879.188532   13.037730   0.062910
1879.198658   12.979400   0.067040
1879.208980   13.023820   0.063830
1879.219105   12.966330   0.062060
1879.229198   12.987370   0.064220
1879.239692   13.018330   0.063070
1879.249885   13.028630   0.062640
1879.259988   12.975820   0.060660
1879.270136   13.018550   0.059350
1879.279998   13.012110   0.050350
1879.290256   13.022520   0.057220
1879.300321   13.008950   0.062470
1879.310604   13.000730   0.059600
1879.321132   13.032330   0.057290
1879.331398   13.030230   0.063130
1879.341711   13.045010   0.062310
1879.352168   13.015620   0.063600
1879.362239   13.022500   0.060880
1879.372581   12.998950   0.065250
1879.383093   12.945500   0.038600
1879.393142   12.972770   0.066570
1879.403333   13.041040   0.067310
1879.413718   13.039050   0.069130
1879.422210   13.002600   0.071210
1879.430290   12.973480   0.072710
1879.436891   13.080500   0.076560
1879.441492   13.030300   0.072650
1879.445571   12.989180   0.079570
1879.449457   13.016650   0.082400
1879.452342   13.047080   0.065270
1879.454194   12.970100   0.080150
1879.456055   13.048070   0.065910
1879.457932   13.019220   0.082500
1879.460282   13.003210   0.115780
1879.524043   13.044990   0.104650
1879.534146   13.015360   0.101500
1879.544253   13.034380   0.104400
1879.554321   12.914860   0.053600
1879.564508   13.051950   0.112070
1879.574677   12.943010   0.111580
1879.584814   13.009860   0.115690
1879.594935   13.007650   0.113230
1879.605121   12.955140   0.121880
1879.615186   13.088310   0.110000
1879.885631   12.915970   0.087750
1879.895153   13.037470   0.067780
1879.904711   13.008890   0.052400
1879.914664   13.055970   0.041350
1879.924232   13.021420   0.034700
1879.933937   12.988130   0.030040
1879.943742   12.996620   0.025760
1879.953255   13.010300   0.024020
1879.962965   13.010470   0.022290
1879.972299   13.015060   0.022400
1879.982133   13.007220   0.022520
1879.991480   12.997670   0.023790
1880.001350   13.003740   0.024600
1880.010995   12.992070   0.028890
1880.020489   12.990530   0.027430
1880.030167   12.987980   0.028880
1880.040004   13.004870   0.027040
1880.050020   12.988300   0.026620
1880.059700   13.010350   0.028060
1880.069635   12.995110   0.028720
1880.079469   12.997700   0.029450
1880.089000   13.014020   0.027780
1880.098524   13.012710   0.029280
1880.108072   13.000050   0.033060
1880.117530   12.990370   0.028950
1880.127140   13.002690   0.029570
1880.200091   12.987530   0.034610
1880.209735   12.993460   0.036280
1880.219431   13.006280   0.035850
1880.229324   12.997100   0.030650
1880.238989   13.022810   0.030600
1880.248836   13.015130   0.030140
1880.258298   12.992540   0.031560
1880.267686   12.990860   0.031870
1880.277275   13.010420   0.032860
1880.286928   13.018630   0.036550
1880.306613   13.003860   0.032860
1880.369120   13.037140   0.030720
1880.684731   12.997010   0.094710
1880.693935   13.052970   0.090710
1880.703424   12.965540   0.101490
1880.712965   12.969000   0.123070
1880.967707   13.034160   0.034310
1880.977730   13.020150   0.033200
1880.987626   13.028550   0.028760
1880.997175   12.997350   0.028230
1881.007352   13.013280   0.028540
1881.017262   12.991310   0.028300
1881.027023   13.008510   0.030270
1881.036583   13.017920   0.028580
1881.046307   13.003630   0.030140
1881.055914   12.981420   0.034180
1881.065565   13.017430   0.033440
1881.075352   13.019910   0.037070
1881.085120   13.019220   0.033070
1881.094964   12.974550   0.031080
1881.104801   12.996440   0.027490
1881.114937   13.021800   0.039450
1881.124474   13.003260   0.035830
1881.134326   12.993090   0.037130
1881.143810   13.002090   0.028000
1881.153419   13.015070   0.035370
1881.163015   12.983240   0.033040
1881.171357   12.994910   0.028470
1881.180981   12.997940   0.029960
1881.190627   13.005100   0.025580
1881.200550   13.001780   0.027370
1881.210473   13.020270   0.029680
1881.220305   13.001870   0.031700
1881.230199   12.996690   0.031530
1881.239668   12.989570   0.032630
1881.249328   13.028550   0.032910
1881.258917   13.014160   0.031870
1881.268352   12.989390   0.032680
1881.278189   13.020660   0.033370
1881.288137   13.001110   0.033140
1881.297680   12.990880   0.033550
1881.307337   12.994750   0.034880
1881.317394   12.997540   0.035510
1881.327336   12.993350   0.036730
1881.337373   12.992390   0.037540
1881.347129   13.014710   0.038170
1881.357110   12.984600   0.037660
1881.366722   12.975760   0.038390
1881.376276   12.994440   0.040130
1881.386104   12.959490   0.040590
1881.395996   13.002930   0.043110
1881.405772   13.008740   0.042040
1881.414838   13.017120   0.042380
1881.422098   13.015020   0.044230
1881.428287   12.969410   0.044010
1881.433496   13.009840   0.044990
1881.437835   12.998790   0.043950
1881.441542   13.017670   0.046470
1881.445078   12.974590   0.046950
1881.447777   12.989260   0.047520
1881.449541   12.994590   0.046770
1881.451276   12.996830   0.048050
1881.453055   13.029240   0.047230
1881.455245   12.979270   0.065290
1881.512259   13.031770   0.051200
1881.522032   12.983950   0.053470
1881.531584   13.016780   0.051800
1881.541053   13.028520   0.053830
1881.550943   13.004510   0.055850
1881.560601   12.990150   0.058550
1881.570473   13.002790   0.054120
1881.580253   13.025970   0.062660
1881.589860   13.012040   0.057990
1881.599577   13.047890   0.072920
1881.609472   12.997800   0.058030
1881.619114   13.055450   0.070420
1881.628942   13.029880   0.075690
1881.638590   12.993920   0.078030
1881.648351   12.952880   0.088590
1881.816669   12.881230   0.106480
1881.826319   13.074260   0.122590
1881.835921   12.932570   0.094960
1881.845731   13.006920   0.072400
1881.855252   13.076630   0.061090
1881.864967   12.969300   0.055530
1881.874874   13.002980   0.049910
1881.884546   13.003490   0.042840
1881.894462   12.985230   0.037240
1881.904494   13.031430   0.033950
1881.914271   12.989970   0.032160
1881.923884   13.022080   0.033380
1881.933466   12.990750   0.031120
1881.943231   13.006460   0.031580
1881.952875   13.026510   0.040420
1881.962633   13.016130   0.044650
1881.972149   13.002790   0.045230
1881.982098   13.018060   0.046890
1881.992169   13.027990   0.061210
1882.001889   12.987340   0.064110
1882.011594   12.993240   0.067190
1882.021627   12.996760   0.051120
1882.031644   13.020580   0.059550
1882.041324   12.982270   0.053880
1882.051198   12.991680   0.051100
1882.060871   13.012320   0.051680
1882.070527   13.092220   0.116010
1882.080330   12.985750   0.041420
1882.090096   13.007690   0.094160
1882.121972   13.000110   0.062640
1882.141120   12.933620   0.080860
1882.150540   12.989050   0.050170
1882.160119   13.003400   0.054130
1882.169652   13.022610   0.053120
1882.179008   13.021980   0.053410
1882.188466   12.981470   0.060430
1882.198063   12.955830   0.066080
1882.217722   12.922170   0.101320
1882.227231   12.951800   0.082290
1882.236839   13.029630   0.088730
1882.246251   13.095190   0.102620
1882.256107   13.073880   0.124660
1882.266006   12.999620   0.125400
1882.275585   12.979130   0.096900
1882.285377   12.976370   0.085920
1882.295361   13.008500   0.095420
1882.305067   12.979760   0.123620
1882.325032   13.028980   0.099280
1882.334886   13.074760   0.091850
1882.344919   13.069640   0.101970
1882.354771   13.006430   0.113060
1882.364587   12.991780   0.093580
1882.374737   13.003000   0.093720
1883.093660   13.022650   0.038970
1883.103366   13.017960   0.068340
1883.112818   12.973610   0.042940
1883.122237   13.050170   0.050420
1883.131900   12.984720   0.040140
1883.150882   12.968650   0.048100
1883.160374   12.973100   0.050820
1883.169871   12.970520   0.054750
1883.179271   12.973090   0.042530
1883.188727   12.954860   0.041800
1883.207904   13.042380   0.050750
1883.217549   13.018660   0.056850
1883.226897   12.990140   0.054370
1883.236210   12.986480   0.058920
1883.245790   13.019370   0.052620
1883.255334   13.032190   0.057700
1883.265175   13.024580   0.055150
1883.274780   13.009570   0.057930
1883.284849   13.015120   0.080700
1883.294394   13.004590   0.092050
1883.304305   12.969670   0.070890
1883.314080   12.983010   0.096920
1883.323720   13.056760   0.080680
1883.333437   13.014250   0.068710
1883.343435   12.942110   0.069900
1883.353548   12.993070   0.082700
1883.363493   12.965260   0.060940
1883.373027   12.995290   0.069100
1883.382657   12.963350   0.075670
1883.392439   12.985870   0.063160
1883.402040   13.031460   0.067020
1883.410061   12.981420   0.075330
1883.417485   12.996080   0.075470
1883.423677   12.993660   0.069070
1883.428949   12.987050   0.074800
1883.433300   12.990530   0.089360
1883.436812   13.014540   0.071010
1883.440325   13.049940   0.086840
1883.443180   13.063640   0.071090
1883.444926   13.024890   0.079380
1883.446707   13.018420   0.064990
1883.448508   13.000440   0.064630
1883.507335   12.996200   0.078150
1883.517022   12.990820   0.073060
1883.526655   13.091930   0.090760
1883.536232   12.973090   0.093640
1883.545818   13.066440   0.093760
1883.555341   13.009490   0.092120
1883.565051   12.934200   0.091680
1883.574608   12.968970   0.089440
1883.584302   13.036730   0.091360
1883.593915   13.000790   0.077360
1884.099534   12.999840   0.020560
1884.109140   12.993890   0.020380
1884.118686   13.002990   0.025940
1884.128292   12.993240   0.030700
1884.137551   12.985990   0.023340
1884.147279   13.003600   0.025980
1884.156774   12.988310   0.027550
1884.166197   13.025380   0.032650
1884.175960   12.985330   0.032700
1884.185414   13.021760   0.027950
1884.194977   12.992010   0.023900
1884.204574   13.004840   0.026270
1884.214174   13.013170   0.023970
1884.223839   13.024990   0.025580
1884.233272   13.015740   0.037460
1884.242628   12.998890   0.021710
1884.252195   13.014310   0.021420
1884.261682   12.994890   0.021820
1884.271201   13.009640   0.021770
1884.280876   13.000580   0.023730
1884.290846   13.004690   0.025690
1884.300573   13.007630   0.028350
1884.310420   13.008300   0.041180
1884.320206   12.997160   0.026670
1884.330156   13.012820   0.027540
1884.340081   12.991340   0.032530
1884.350052   12.974320   0.031180
1884.360119   13.008270   0.026560
1884.370060   12.984560   0.027250
1884.379738   12.988710   0.028990
1884.389528   13.007780   0.023090
1884.399065   13.012780   0.024600
1884.406881   13.007430   0.027660
1884.413865   12.996410   0.032620
1884.420368   13.033230   0.037360
1884.425635   13.009640   0.025470
1884.430150   13.021790   0.023330
1884.433678   12.995020   0.026100
1884.437202   12.999640   0.025470
1884.439908   13.047620   0.027950
1884.441669   13.006290   0.026330
1884.443407   12.999570   0.025640
1884.445186   13.016790   0.025000
1884.446926   12.992050   0.033220
1884.503638   13.022910   0.023380
1884.513187   13.003000   0.027170
1884.522993   13.001020   0.023440
1884.532900   13.000140   0.021480
1884.542819   13.026290   0.026570
1884.552706   12.994490   0.028450
1884.562458   13.000370   0.019750
1884.572213   13.013400   0.023470
1884.581820   13.000860   0.020610
1884.591479   13.008240   0.025870
1884.600983   13.013360   0.023500
1884.610820   13.008120   0.022230
1884.886961   12.965290   0.053610
1884.896459   12.987970   0.062370
1884.906042   12.990230   0.057940
1884.915643   12.946160   0.072430
1884.925737   12.972620   0.048110
1884.935570   13.006610   0.070570
1884.945448   12.992400   0.055090
1884.954875   12.984340   0.062430
1884.964329   13.007740   0.058840
1884.974229   13.051670   0.072620
1884.983546   12.982050   0.068230
1884.993441   13.001960   0.065000
1885.003341   12.984710   0.055470
1885.013229   13.036240   0.067560
1885.022911   13.013710   0.064880
1885.032502   12.996790   0.077090
1885.042137   13.056870   0.075140
1885.052183   12.986140   0.075480
1885.061957   12.972190   0.088510
1885.071678   12.956420   0.093890
1885.081285   13.018540   0.108420
1885.090973   13.011750   0.097520
1885.278794   13.016330   0.050870
1885.288696   13.118280   0.069750
1885.298475   12.976370   0.048960
1885.308250   12.989390   0.050200
1885.318087   12.956910   0.053950
1885.328301   12.976980   0.065140
1885.338173   13.031370   0.102390
1885.347960   13.020670   0.088200
1885.357853   12.956360   0.087090
1885.367578   12.966870   0.098780
1885.377344   12.977040   0.117060
1885.386938   13.003840   0.117960
1885.396599   12.988830   0.097150
1885.404395   12.985920   0.083400
1885.411445   13.100360   0.105480
1885.417511   13.045390   0.111460
1885.422892   13.022290   0.104890
1885.427461   13.081400   0.107110
1885.430989   13.073380   0.083210
1885.434637   13.011310   0.093840
1885.437356   13.041910   0.096660
1885.439093   13.005270   0.094510
1885.440855   12.994320   0.092600
1885.442624   12.976440   0.083840
1885.444416   12.946110   0.087730
1885.502228   12.971310   0.101040
1885.512138   12.891140   0.067400
1885.521821   12.986820   0.101550
1885.531512   12.957130   0.098020
1885.541243   13.044090   0.104980
1885.551133   12.987620   0.089540
1885.560860   12.971600   0.086560
1885.570601   12.998360   0.084510
1885.580236   12.967930   0.103130
1885.590133   12.971670   0.075010
1886.072366   13.010110   0.019350
1886.082057   12.993940   0.020790
1886.091456   12.988170   0.021190
1886.101064   13.013340   0.022290
1886.110701   13.009110   0.021820
1886.120214   13.011970   0.022110
1886.129544   13.009490   0.023270
1886.138882   12.998230   0.023440
1886.148233   13.006170   0.023610
1886.157943   13.012380   0.024830
1886.167550   13.015380   0.029900
1886.177101   13.027670   0.027890
1886.186997   13.009220   0.029040
1886.196609   13.016940   0.030890
1886.206153   12.993760   0.033670
1886.215757   13.018190   0.035860
1886.225422   12.983570   0.045840
1886.234829   13.008480   0.046960
1886.244630   13.006690   0.047690
1886.254426   12.996910   0.034230
1886.263771   13.007720   0.028120
1886.273578   13.007960   0.046480
1886.283270   13.008840   0.027480
1886.293134   12.978260   0.028700
1886.303115   13.040720   0.033720
1886.312914   13.020340   0.031010
1886.322818   13.025010   0.031660
1886.332859   13.021470   0.031470
1886.342543   12.994080   0.029980
1886.352534   12.991580   0.030610
1886.362281   12.985290   0.033270
1886.372003   13.011960   0.035110
1886.381496   12.983960   0.034930
1886.391198   12.999490   0.039330
1886.399994   12.998970   0.038520
1886.408171   12.980440   0.039450
1886.414363   12.996500   0.049930
1886.419581   13.009780   0.053020
1886.423873   12.983140   0.044540
1886.427459   12.988110   0.046670
1886.431086   13.010820   0.043790
1886.433748   13.014670   0.049700
1886.435540   13.002910   0.055130
1886.437293   12.986110   0.047220
1886.439058   12.981030   0.045350
1886.441348   13.007100   0.099690
