1863.169882   14.368720   0.091160
1863.179028   14.424690   0.092570
1863.188111   14.448120   0.113040
1863.197263   14.392920   0.113910
1863.206453   14.377680   0.100810
1863.215516   14.387510   0.120880
1863.224486   14.444540   0.122320
1863.233708   14.320420   0.117020
1863.243026   14.348130   0.124490
1863.252052   14.343850   0.112430
1863.260978   14.358150   0.110240
1863.270074   14.390010   0.126510
1863.279229   14.324290   0.109860
1863.288341   14.407560   0.107560
1863.297662   14.402610   0.100470
1863.306748   14.417830   0.110220
1863.315898   14.395090   0.113920
1863.325261   14.346910   0.105780
1863.334632   14.386840   0.119100
1863.344416   14.349380   0.100270
1863.353962   14.343830   0.111750
1863.363511   14.393220   0.100700
1863.372640   14.380500   0.091990
1863.381795   14.379850   0.083470
1863.391577   14.313990   0.091600
1863.400670   14.356500   0.102540
1863.410157   14.396920   0.104750
1863.419415   14.404270   0.109150
1863.428728   14.401240   0.113190
1863.438171   14.423110   0.120800
1863.447725   14.452690   0.129300
1863.456885   14.457560   0.078300
1864.122118   14.380270   0.072240
1864.131216   14.358510   0.097280
1864.140349   14.373890   0.082450
1864.149328   14.369200   0.087480
1864.158727   14.378470   0.079460
1864.168077   14.508590   0.112900
1864.177441   14.403120   0.101060
1864.186471   14.329990   0.079320
1864.195786   14.400210   0.100710
1864.204761   14.353630   0.084640
1864.213956   14.344800   0.085700
1864.223275   14.441120   0.086040
1864.232312   14.365950   0.100150
1864.241734   14.356220   0.095600
1864.250994   14.398760   0.085030
1864.260292   14.396840   0.099960
1864.269452   14.379970   0.090110
1864.278712   14.407410   0.102080
1864.288040   14.442800   0.107470
1864.297228   14.357880   0.095960
1864.306786   14.383330   0.101730
1864.315982   14.392560   0.105140
1864.325240   14.316430   0.101950
1864.334830   14.330130   0.096400
1864.344222   14.398530   0.106330
1864.353629   14.357780   0.128200
1864.363037   14.396520   0.080500
1864.391386   14.468750   0.124360
1864.410930   14.444620   0.079000
1864.420311   14.246300   0.071100
1865.081649   14.366160   0.109010
1865.090914   14.455750   0.120470
1865.103000   14.454100   0.114900
1865.112265   14.387220   0.109370
1865.121570   14.349060   0.096250
1865.180915   14.420780   0.081730
1865.189934   14.399590   0.063310
1865.199137   14.435370   0.079280
1865.208040   14.368300   0.060180
1865.217207   14.357590   0.088460
1865.226382   14.448650   0.091590
1865.235932   14.473740   0.102140
1865.245886   14.376350   0.098420
1865.255783   14.413130   0.100810
1865.265750   14.291500   0.116170
1865.275774   14.411140   0.110330
1865.285892   14.427170   0.103490
1865.295973   14.404840   0.107670
1865.306185   14.451640   0.110710
1865.316145   14.374620   0.102020
1865.326150   14.406970   0.113650
1865.336200   14.286400   0.095960
1865.346577   14.392590   0.117810
1865.356675   14.364860   0.112940
1865.366659   14.459340   0.127450
1865.376904   14.422150   0.126880
1865.387088   14.338500   0.122980
1865.397153   14.421020   0.072300
1865.407226   14.356600   0.102390
1865.417333   14.365140   0.118210
1865.427630   14.403170   0.125180
1865.437669   14.404700   0.120340
1866.165339   14.371650   0.063960
1866.174723   14.335390   0.068720
1866.184057   14.413980   0.072000
1866.193410   14.344920   0.070400
1866.202706   14.360190   0.076050
1866.212035   14.419410   0.070340
1866.221409   14.396040   0.071620
1866.230791   14.377350   0.070290
1866.240551   14.399020   0.075070
1866.250004   14.363460   0.072820
1866.259354   14.379940   0.075580
1867.193045   14.375100   0.047630
1867.202355   14.349040   0.053640
1867.211516   14.367710   0.052410
1867.220585   14.374660   0.054950
1867.230131   14.358970   0.054100
1867.239707   14.374120   0.058900
1867.249230   14.370260   0.054450
1867.258785   14.380700   0.057220
1867.268385   14.397320   0.059280
1867.277702   14.365770   0.057490
1867.287153   14.394330   0.059950
1867.296854   14.380490   0.059400
1867.306121   14.370470   0.060170
1867.315500   14.419580   0.061810
1867.325094   14.358660   0.063470
1867.334502   14.356310   0.067540
1867.344482   14.346350   0.070740
1867.354030   14.427480   0.069470
1867.363492   14.429710   0.078250
1867.372735   14.387670   0.076220
1867.382212   14.397220   0.076510
1867.391671   14.416110   0.078870
1867.401392   14.369620   0.079460
1867.410805   14.346500   0.075750
1867.420288   14.412020   0.094060
1867.429722   14.402100   0.104510
1867.439192   14.473820   0.097250
1867.448574   14.356190   0.100670
1867.456168   14.404550   0.092620
1867.463320   14.364790   0.098400
1867.469421   14.349670   0.094690
1867.473939   14.386450   0.071600
1867.478291   14.353610   0.068350
1867.481655   14.391280   0.067400
1867.484335   14.364470   0.080750
1867.486951   14.408710   0.080790
1867.488639   14.387270   0.085970
1867.490315   14.404110   0.080850
1867.492002   14.432470   0.075980
1867.493724   14.470870   0.080210
1868.197661   14.373610   0.091750
1868.207123   14.437230   0.093630
1868.216495   14.282360   0.103130
1868.225986   14.376950   0.110360
1868.235810   14.415620   0.095540
1868.245580   14.383060   0.117120
1868.255259   14.424960   0.117630
1868.264815   14.375120   0.128280
1868.274279   14.340600   0.129950
1868.283929   14.424470   0.121690
1868.322471   14.312620   0.105730
1868.332083   14.372270   0.129050
1868.399822   14.321200   0.080200
1870.219778   14.379600   0.061550
1870.229270   14.386230   0.065040
1870.238762   14.355930   0.072390
1870.248135   14.397400   0.065020
1870.257691   14.391600   0.076660
1870.267266   14.390610   0.072870
1870.276950   14.347350   0.072660
1870.286498   14.414330   0.076300
1870.295849   14.344090   0.070100
1870.305565   14.398270   0.078070
1870.315197   14.362510   0.082290
1870.325274   14.356040   0.084480
1870.335174   14.386950   0.080880
1870.344892   14.410600   0.090500
1870.354573   14.362670   0.093550
1870.364104   14.464910   0.129500
1870.373603   14.353470   0.120720
1870.383600   14.337280   0.103490
1871.136689   14.397160   0.077080
1871.146179   14.392020   0.069820
1871.155384   14.450970   0.073900
1871.164955   14.405260   0.079790
1871.174269   14.421500   0.080490
1871.183469   14.451030   0.086090
1871.192872   14.426480   0.080990
1871.202392   14.375110   0.084770
1871.211865   14.395870   0.098020
1871.221273   14.359130   0.094890
1871.230922   14.384160   0.084310
1871.240394   14.360420   0.082420
1871.250018   14.325700   0.088780
1871.259511   14.413300   0.083530
1871.269122   14.399490   0.084650
1871.278903   14.379700   0.084410
1871.288648   14.404800   0.088140
1871.298226   14.371520   0.088110
1871.307789   14.335300   0.089730
1871.317562   14.357110   0.094770
1871.327342   14.424450   0.098210
1871.337079   14.421480   0.106420
1871.346725   14.407980   0.103700
1871.356495   14.394800   0.104480
1871.366277   14.366330   0.115010
1871.375944   14.428660   0.117390
1871.385808   14.331000   0.125370
1871.395399   14.399530   0.128530
1871.414419   14.300490   0.112290
1871.423820   14.360890   0.109820
1871.433419   14.346850   0.111400
1871.442405   14.374450   0.104640
1871.449593   14.357220   0.109890
1871.455589   14.364230   0.078200
1871.469614   14.338170   0.077200
1871.476069   14.406000   0.108190
1871.477665   14.248460   0.075700
1871.479709   14.428220   0.134300
1871.481438   14.439710   0.109960
1872.324463   14.428380   0.083100
1872.334315   14.434640   0.088870
1872.344041   14.434240   0.088040
1872.353623   14.409170   0.088080
1872.363427   14.384610   0.081400
1872.373279   14.397230   0.083390
1872.383099   14.379750   0.087970
1872.392766   14.332200   0.084320
1872.402203   14.404620   0.085180
1872.412032   14.336660   0.086780
1872.421585   14.403580   0.089510
1872.431130   14.478480   0.103550
1872.439874   14.430360   0.103050
1872.447517   14.409180   0.094100
1872.454162   14.431940   0.096570
1872.459603   14.449700   0.110090
1872.463903   14.396760   0.110190
1872.467716   14.406110   0.105830
1872.470496   14.419240   0.101020
1872.473152   14.387380   0.104960
1872.474857   14.357390   0.110930
1872.476617   14.470120   0.108210
1872.478370   14.442640   0.105250
1872.480228   14.420070   0.113430
1872.541739   14.409650   0.108430
1872.550692   14.347020   0.078800
1873.229437   14.429010   0.092080
1873.238826   14.456770   0.103850
1873.248403   14.332840   0.093650
1873.258009   14.375820   0.097950
1873.267456   14.438080   0.103650
1873.276959   14.439520   0.104110
1873.286788   14.414240   0.103040
1873.296275   14.366560   0.104840
1873.305896   14.372880   0.111090
1873.315548   14.352320   0.109160
1873.325684   14.373810   0.110280
1873.335269   14.435160   0.093050
1873.354842   14.421340   0.115270
1873.364538   14.516810   0.075000
1873.374458   14.392560   0.120250
1873.383960   14.430110   0.114530
1873.393856   14.451860   0.121030
1873.403606   14.307160   0.112330
1873.432622   14.360900   0.122270
1873.441010   14.378250   0.118190
1873.447044   14.348040   0.109580
1873.453044   14.387010   0.115920
1873.457630   14.436320   0.122000
1873.462090   14.451270   0.122260
1873.465548   14.399940   0.117530
1873.468261   14.375840   0.123550
1873.470739   14.346650   0.067800
1873.472722   14.452780   0.122730
1873.474437   14.421490   0.114000
1873.476606   14.446720   0.181130
1874.032527   14.366360   0.062590
1874.041923   14.396510   0.065760
1874.051714   14.373210   0.064510
1874.061193   14.405210   0.067260
1874.070741   14.352320   0.067560
1874.080230   14.381900   0.068890
1874.089638   14.355280   0.067920
1874.098984   14.352440   0.070780
1874.108441   14.374880   0.065260
1874.117749   14.386630   0.075060
1874.127103   14.389230   0.071720
1874.136654   14.458560   0.075150
1874.145982   14.380580   0.072580
1874.155173   14.351540   0.077670
1874.164605   14.401640   0.086230
1874.174153   14.406670   0.105630
1874.183645   14.318680   0.123820
1876.992585   14.340590   0.067280
1877.002277   14.381340   0.070970
1877.012009   14.380080   0.078490
1877.021623   14.358060   0.073050
1877.031340   14.318820   0.078640
1877.041094   14.416120   0.075510
1877.050632   14.383030   0.067690
1877.060512   14.370610   0.071490
1877.070280   14.337210   0.072000
1877.080037   14.383060   0.074960
1877.089835   14.340360   0.071200
1877.099542   14.364260   0.075200
1877.109324   14.357000   0.092140
1877.119234   14.415550   0.089350
1877.128562   14.443950   0.087240
1877.137988   14.337890   0.079940
1877.147373   14.467570   0.083100
1877.157081   14.427420   0.089960
1877.166514   14.295040   0.083380
1877.175811   14.356450   0.081860
1877.185180   14.447360   0.090540
1877.194638   14.420720   0.085740
1877.204359   14.393070   0.081180
1877.213829   14.430660   0.080550
1877.223290   14.471940   0.089520
1877.232928   14.357750   0.080300
1877.242583   14.467420   0.093310
1877.252102   14.383770   0.091310
1877.261424   14.386390   0.091770
1877.271317   14.343390   0.080500
1877.280810   14.394570   0.078860
1877.290913   14.352340   0.087080
1877.300784   14.363740   0.092840
1877.310552   14.440850   0.086220
1877.320329   14.372850   0.097550
1877.330019   14.366630   0.086050
1877.339609   14.375810   0.079430
1877.349339   14.407220   0.088760
1877.359563   14.383570   0.079640
1877.369289   14.355320   0.089440
1877.379166   14.415940   0.087110
1877.389199   14.406690   0.097910
1877.398748   14.386600   0.104520
1877.408188   14.413750   0.101640
1877.417610   14.410080   0.100420
1877.426444   14.340250   0.082130
1877.433416   14.383530   0.093020
1877.439426   14.396130   0.103460
1877.444578   14.387890   0.100980
1877.449101   14.436150   0.090320
1877.452622   14.432510   0.110060
1877.456119   14.343530   0.087740
1877.458826   14.379520   0.086900
1877.460660   14.430640   0.100100
1877.462441   14.405260   0.088680
1877.464144   14.435780   0.095100
1877.465872   14.439210   0.105830
1877.528546   14.376120   0.122400
1877.538164   14.427240   0.122520
1877.547759   14.410040   0.126190
1877.557586   14.292530   0.077900
1877.566914   14.343650   0.107300
1877.956588   14.390760   0.108730
1877.966360   14.440140   0.101520
1877.975795   14.441650   0.075080
1877.985575   14.431020   0.064520
1877.995071   14.384840   0.063690
1878.004964   14.371000   0.062030
1878.014335   14.388630   0.064340
1878.023915   14.428970   0.054880
1878.033403   14.406900   0.064100
1878.042881   14.378250   0.062020
1878.052477   14.404660   0.070910
1878.062202   14.393040   0.067320
1878.072038   14.386040   0.065680
1878.081838   14.392900   0.072540
1878.091595   14.353140   0.066160
1878.101204   14.418010   0.070150
1878.111056   14.343110   0.066960
1878.120475   14.379940   0.073270
1878.129972   14.414410   0.075220
1878.139452   14.441190   0.088750
1878.148828   14.421220   0.078600
1878.158293   14.454470   0.129640
1878.167692   14.419730   0.079810
1878.177309   14.405870   0.078970
1878.186872   14.398280   0.096570
1878.196273   14.362210   0.098980
1878.206054   14.418510   0.114310
1878.215833   14.291920   0.109610
1878.225557   14.288760   0.114860
1878.235117   14.421880   0.102500
1878.244657   14.373830   0.101970
1878.254352   14.408040   0.107300
1878.263984   14.364340   0.115160
1878.273770   14.333430   0.117780
1878.283405   14.435030   0.129140
1878.293079   14.354020   0.127110
1878.342202   14.442820   0.075500
1878.351898   14.380810   0.125910
1878.361666   14.432580   0.128740
1878.371416   14.371370   0.102110
1878.381052   14.372320   0.106790
1878.390611   14.465170   0.108850
1878.400112   14.335270   0.099680
1878.409523   14.432300   0.125220
1878.448478   14.400130   0.074300
1878.457364   14.355550   0.102540
1878.462814   14.209960   0.071700
1878.463635   14.300930   0.079800
1878.939490   14.437620   0.125340
1878.950209   14.417510   0.106220
1878.960985   14.398090   0.107540
1878.971663   14.454020   0.092820
1878.982256   14.356150   0.094090
1878.992862   14.373000   0.087370
1879.003349   14.430710   0.099720
1879.014056   14.432300   0.097600
1879.024781   14.393630   0.096970
1879.035403   14.377560   0.107770
1879.046338   14.416930   0.108810
1879.056998   14.411450   0.109770
1879.067120   14.409840   0.116630
1879.077625   14.382600   0.105140
1879.087804   14.376340   0.107890
1879.097718   14.351060   0.122230
1879.108265   14.381000   0.129500
1879.118830   14.256420   0.069400
1879.138951   14.343980   0.128930
1879.158753   14.074050   0.076200
1879.300321   14.221610   0.074400
1879.924232   14.444370   0.108670
1879.933937   14.343080   0.093140
1879.943742   14.352700   0.079510
1879.953178   14.364880   0.060460
1879.962965   14.412270   0.068000
1879.972299   14.395030   0.058600
1879.982133   14.364340   0.067170
1879.991480   14.376380   0.072390
1880.001350   14.430910   0.075810
1880.010995   14.437560   0.084130
1880.020489   14.468950   0.084660
1880.030167   14.411830   0.086300
1880.040004   14.398430   0.082330
1880.050020   14.417870   0.087000
1880.059700   14.446380   0.087090
1880.069635   14.444830   0.085520
1880.079469   14.445820   0.091500
1880.089000   14.421380   0.089840
1880.098524   14.416240   0.091320
1880.108072   14.364400   0.092260
1880.117530   14.434810   0.085110
1880.127140   14.352650   0.087500
1880.200091   14.445300   0.101330
1880.209735   14.466940   0.103000
1880.219431   14.313790   0.098070
1880.229324   14.389190   0.094110
1880.238989   14.410090   0.093330
1880.248836   14.368600   0.088470
1880.258298   14.403980   0.097630
1880.267686   14.318910   0.098260
1880.277275   14.401460   0.105160
1880.286928   14.387560   0.106400
1880.306613   14.390020   0.096420
1880.967707   14.504060   0.082710
1880.977730   14.477180   0.098810
1880.987626   14.334720   0.083970
1880.997175   14.375290   0.082360
1881.007352   14.347750   0.085740
1881.017262   14.333860   0.083520
1881.027023   14.406790   0.093350
1881.036583   14.435300   0.092070
1881.046307   14.337800   0.088290
1881.055914   14.224420   0.093020
1881.065565   14.331150   0.093840
1881.075352   14.388160   0.100990
1881.085120   14.303470   0.093410
1881.094964   14.385810   0.096430
1881.104801   14.352830   0.085350
1881.114937   14.440230   0.108000
1881.124474   14.440370   0.103650
1881.134326   14.400100   0.106550
1881.143810   14.387410   0.086710
1881.153419   14.319350   0.099240
1881.163015   14.430540   0.102320
1881.171357   14.380960   0.086900
1881.180981   14.318260   0.089010
1881.190627   14.348760   0.075390
1881.200550   14.364290   0.080410
1881.210473   14.404610   0.090710
1881.220305   14.420120   0.096450
1881.230199   14.398960   0.095410
1881.239668   14.464590   0.102900
1881.249328   14.331000   0.094800
1881.258917   14.354710   0.095060
1881.268352   14.368510   0.098310
1881.278189   14.320760   0.094690
1881.288137   14.360420   0.093240
1881.297680   14.320700   0.095000
1881.307337   14.323110   0.100110
1881.317394   14.396080   0.102500
1881.327336   14.398220   0.109930
1881.337373   14.387190   0.101490
1881.347129   14.387600   0.113890
1881.357110   14.446130   0.115290
1881.366722   14.396040   0.116430
1881.376276   14.390960   0.113330
1881.386104   14.401910   0.124020
1881.395996   14.356460   0.121410
1881.405772   14.393640   0.127540
1881.414838   14.466520   0.122770
1881.422098   14.475050   0.128460
1881.428287   14.324430   0.123700
1881.433496   14.337920   0.123000
1881.437835   14.360360   0.122820
1881.441542   14.409120   0.134710
1881.445078   14.282660   0.124130
1881.447778   14.297000   0.103680
1881.449541   14.373360   0.104510
1881.451276   14.318900   0.105220
1881.453055   14.352810   0.132500
1881.454724   14.328890   0.105720
1881.455690   14.463360   0.136090
1881.512183   14.345620   0.113220
1881.522185   14.325220   0.084000
1881.884623   14.428750   0.107000
1881.894462   14.511190   0.117090
1881.904494   14.422800   0.099270
1881.914271   14.453500   0.100900
1881.923884   14.396020   0.094330
1881.933466   14.391980   0.089950
1881.943231   14.459600   0.098310
1881.952875   14.424920   0.121850
1881.962710   14.349770   0.104360
1881.972149   14.279660   0.104090
1881.982098   14.406800   0.075900
1882.021780   14.268870   0.077600
1882.080330   14.436710   0.122730
1882.131405   14.432930   0.079700
1883.093660   14.373020   0.114510
1883.112664   14.485200   0.068300
1883.131900   14.382140   0.116030
1883.141142   14.363750   0.070300
1883.150882   14.280290   0.101000
1883.179271   14.344910   0.120120
1883.188727   14.441950   0.123680
1884.099534   14.450800   0.069660
1884.109140   14.386450   0.063970
1884.118686   14.438440   0.080380
1884.128292   14.440140   0.091240
1884.137551   14.383150   0.074140
1884.147279   14.349220   0.083980
1884.156774   14.357970   0.083330
1884.166197   14.407310   0.076010
1884.175960   14.348710   0.098800
1884.185414   14.434590   0.093770
1884.194977   14.435420   0.075740
1884.204574   14.352080   0.080480
1884.214174   14.370660   0.073920
1884.223839   14.436360   0.085860
1884.233272   14.300460   0.104100
1884.242628   14.360990   0.064990
1884.252195   14.334200   0.068140
1884.261682   14.363430   0.067570
1884.271201   14.386870   0.068100
1884.280876   14.419400   0.076120
1884.290846   14.368770   0.081620
1884.300573   14.335990   0.086610
1884.320206   14.427160   0.086670
1884.330156   14.436080   0.088370
1884.340081   14.364110   0.098330
1884.350052   14.283810   0.093680
1884.360119   14.401710   0.086760
1884.370060   14.360600   0.086190
1884.379738   14.348000   0.093600
1884.389528   14.387410   0.071020
1884.399065   14.359480   0.072540
1884.406881   14.319870   0.082720
1884.413865   14.322050   0.099400
1884.420522   14.515290   0.059200
1884.425635   14.400870   0.083370
1884.430150   14.331970   0.071350
1884.433678   14.410740   0.082600
1884.437202   14.337460   0.077810
1884.439908   14.363030   0.081830
1884.441669   14.354630   0.085420
1884.443407   14.450190   0.086750
1884.445186   14.492550   0.082160
1884.446926   14.453910   0.104050
1884.503638   14.356040   0.073680
1884.513187   14.377420   0.087430
1884.522993   14.410310   0.070440
1884.532900   14.357660   0.067040
1884.542819   14.454000   0.086470
1884.552782   14.484830   0.044700
1884.562458   14.323990   0.053710
1884.572213   14.378770   0.077770
1884.581820   14.374580   0.060260
1884.591479   14.382150   0.082830
1884.600983   14.365970   0.067800
1884.610820   14.289470   0.059440
1886.072366   14.349590   0.058090
1886.082057   14.375810   0.061710
1886.091456   14.386330   0.065930
1886.101064   14.397350   0.069080
1886.110701   14.403470   0.066410
1886.120214   14.390500   0.066350
1886.129544   14.367850   0.069500
1886.138882   14.446790   0.078380
1886.148233   14.323750   0.068590
1886.157943   14.370990   0.070040
1886.167550   14.319210   0.080030
1886.177101   14.405670   0.085740
1886.186997   14.396880   0.083900
1886.196609   14.334710   0.091020
1886.206153   14.420930   0.107970
1886.215757   14.393720   0.106030
1886.225346   14.411530   0.111820
1886.234905   14.433880   0.108470
1886.244630   14.479410   0.111870
1886.254426   14.375340   0.104560
1886.263771   14.346900   0.085750
1886.283270   14.403420   0.089540
1886.293134   14.364470   0.087750
1886.303115   14.428690   0.102540
1886.312914   14.382340   0.094240
1886.322818   14.384920   0.099250
1886.332859   14.352880   0.098220
1886.342543   14.392790   0.096740
1886.352534   14.339530   0.092920
1886.362281   14.386080   0.102030
1886.372003   14.422970   0.107050
1886.381496   14.460510   0.118570
1886.391198   14.421250   0.118450
1886.399994   14.436530   0.120840
1886.408171   14.416960   0.121990
1886.427612   14.362520   0.071500
1886.430933   14.399010   0.071600
1886.437446   14.428310   0.081100
