1863.169882   13.027150   0.032060
1863.179028   13.034980   0.035160
1863.188111   13.010220   0.038220
1863.197263   13.018890   0.037160
1863.206453   13.032810   0.035160
1863.215516   13.025880   0.042760
1863.224486   13.015970   0.041280
1863.233708   13.046870   0.043370
1863.243026   13.062390   0.044740
1863.252052   13.038110   0.041600
1863.260978   13.030400   0.038470
1863.270074   13.039060   0.043020
1863.279229   13.027200   0.038490
1863.288341   13.033270   0.036670
1863.297662   13.016290   0.033830
1863.306748   13.004860   0.040250
1863.315898   13.048190   0.039740
1863.325261   13.046870   0.039220
1863.334632   13.030980   0.039690
1863.344416   13.054910   0.039900
1863.353962   13.015730   0.039090
1863.363511   13.024430   0.033660
1863.372640   13.022330   0.032050
1863.381795   13.043310   0.032340
1863.391577   13.016260   0.034510
1863.400670   13.022430   0.035400
1863.410157   13.031220   0.035970
1863.419415   13.023030   0.038010
1863.428728   13.065050   0.041620
1863.438171   13.046160   0.041310
1863.447725   13.013670   0.045680
1863.457038   13.039960   0.050200
1863.464667   13.074430   0.062180
1863.471563   13.031800   0.063130
1863.477686   13.052450   0.063190
1863.482900   13.001820   0.062590
1863.487037   13.014430   0.067730
1863.490505   13.053150   0.065150
1863.494064   13.027910   0.061940
1863.496621   13.012790   0.065520
1863.498272   13.019930   0.066490
1863.500087   12.985650   0.065440
1863.501889   12.971010   0.066210
1863.503937   12.965080   0.095880
1864.122118   13.024220   0.025930
1864.131216   13.036090   0.035120
1864.140349   13.032650   0.031020
1864.149328   13.014380   0.031210
1864.158727   13.021130   0.028530
1864.168077   13.030240   0.036100
1864.177441   13.027540   0.035340
1864.186471   13.027450   0.028440
1864.195786   13.007290   0.035110
1864.204761   13.021290   0.031770
1864.213956   13.028880   0.030320
1864.223275   13.029560   0.029050
1864.232312   13.007750   0.035170
1864.241734   13.037830   0.034590
1864.250994   13.025170   0.030270
1864.260292   13.020760   0.035980
1864.269452   13.016500   0.030780
1864.278712   13.049090   0.037830
1864.288040   12.997230   0.037610
1864.297228   13.026240   0.035190
1864.306786   13.023970   0.035410
1864.315982   13.032300   0.037400
1864.325240   13.028950   0.037800
1864.334830   13.052870   0.037500
1864.344223   13.030660   0.049250
1864.353629   13.048440   0.047410
1864.362884   13.048800   0.052890
1864.372284   13.060240   0.062140
1864.381718   13.009720   0.052420
1864.391386   13.034110   0.044070
1864.401175   12.996730   0.057610
1864.410777   13.041210   0.049330
1864.420158   13.068900   0.050010
1864.429378   13.010990   0.057220
1864.438639   13.046340   0.064680
1864.448098   13.048900   0.078190
1864.457409   12.992810   0.078650
1864.465120   13.026180   0.072950
1864.472313   13.017170   0.089510
1864.477494   12.956110   0.097670
1864.482643   13.097960   0.123190
1864.492216   13.038010   0.113890
1864.494776   13.004480   0.115010
1864.496480   13.073220   0.121580
1864.498365   12.936910   0.115640
1864.500091   13.096430   0.122180
1864.501760   12.977430   0.117320
1865.081649   13.049550   0.040270
1865.090914   13.017560   0.040350
1865.103000   13.006130   0.040720
1865.112265   12.995830   0.037820
1865.121493   13.032860   0.048040
1865.180915   13.009300   0.028120
1865.189934   13.028890   0.021380
1865.199137   13.020990   0.027370
1865.208040   13.035020   0.022400
1865.217207   13.025160   0.031330
1865.226382   13.010800   0.031660
1865.235932   13.029680   0.035230
1865.245886   12.984660   0.034850
1865.255783   13.018180   0.034420
1865.265750   13.003750   0.043530
1865.275774   12.973880   0.039040
1865.285892   13.019110   0.033240
1865.295973   13.010750   0.038990
1865.306185   12.998760   0.037660
1865.316145   13.036180   0.036000
1865.326150   13.020420   0.039210
1865.336276   12.998950   0.046580
1865.346577   13.029610   0.042840
1865.356675   13.005830   0.040530
1865.366659   13.019470   0.045970
1865.376904   13.021190   0.044500
1865.387088   12.998790   0.044750
1865.397153   13.011590   0.047880
1865.407149   13.045580   0.045720
1865.417333   12.987930   0.043780
1865.427630   13.001670   0.044760
1865.437669   13.007770   0.043770
1865.448171   12.996460   0.057510
1865.457324   12.981720   0.062900
1865.465615   13.047600   0.068220
1865.471988   13.058380   0.083530
1865.477591   13.079140   0.096490
1865.482335   13.016680   0.080230
1865.486159   12.980960   0.095410
1865.489785   13.032840   0.083050
1865.492667   13.020230   0.079220
1865.494427   13.021610   0.075320
1865.496283   13.034770   0.066760
1865.498551   13.044030   0.124450
1866.165339   13.028440   0.023670
1866.174723   12.996520   0.023620
1866.184057   13.023180   0.024550
1866.193410   13.041440   0.025240
1866.202706   13.048020   0.025870
1866.212035   13.028830   0.026270
1866.221409   13.027170   0.025930
1866.230791   13.022830   0.025750
1866.240551   13.022350   0.025350
1866.250004   13.032200   0.025810
1866.259354   13.029660   0.027030
1867.193045   13.027420   0.017670
1867.202355   13.024840   0.018480
1867.211516   13.032960   0.018190
1867.220585   13.014960   0.019290
1867.230131   13.030330   0.020210
1867.239707   13.023700   0.019290
1867.249230   13.020660   0.019400
1867.258785   13.020700   0.020090
1867.268385   13.015550   0.020100
1867.277702   13.022510   0.020270
1867.287153   13.018850   0.020620
1867.296854   13.006620   0.021250
1867.306121   13.018660   0.021360
1867.315500   13.019310   0.021420
1867.325094   13.035950   0.022520
1867.334502   13.018200   0.023280
1867.344482   13.016840   0.023680
1867.354030   13.048760   0.023790
1867.363492   12.998150   0.027000
1867.372735   13.010290   0.024900
1867.382212   13.019700   0.024770
1867.391671   13.029870   0.027720
1867.401392   13.023710   0.025870
1867.410805   13.005860   0.025980
1867.420288   13.030220   0.030780
1867.429722   13.041610   0.034600
1867.439192   13.037770   0.032040
1867.448574   13.021440   0.034880
1867.456168   13.018590   0.029970
1867.463320   13.007730   0.031700
1867.469421   13.019920   0.032520
1867.473939   13.018350   0.026620
1867.478291   13.017890   0.024830
1867.481655   13.006500   0.024660
1867.484335   13.023610   0.026730
1867.486951   13.021300   0.026280
1867.488639   13.018060   0.028080
1867.490315   13.010730   0.028090
1867.492002   13.019990   0.026970
1867.493724   13.007870   0.028010
1868.197661   13.016290   0.032520
1868.207123   13.018530   0.033270
1868.216495   13.003220   0.041420
1868.225986   13.010090   0.038990
1868.235811   13.019800   0.045700
1868.245580   13.068160   0.041420
1868.255259   13.013750   0.044990
1868.264815   13.032090   0.044350
1868.274279   13.044110   0.050770
1868.283929   13.057860   0.043540
1868.293537   13.046520   0.066110
1868.303104   12.924960   0.071880
1868.312574   13.024640   0.075550
1868.322548   13.033360   0.050990
1868.332083   13.017080   0.047180
1868.341800   13.053970   0.053240
1868.351466   13.060440   0.061050
1868.360837   13.045460   0.062070
1868.370659   13.032090   0.056300
1868.380417   13.004400   0.061520
1868.390367   13.052180   0.057450
1868.399668   13.040940   0.060210
1868.409622   13.110590   0.065460
1868.419023   13.037680   0.060880
1868.428372   13.064400   0.059590
1868.437691   13.040470   0.065600
1868.446987   13.023120   0.064090
1868.454949   13.026490   0.068140
1868.461066   13.052430   0.061210
1868.467151   13.015400   0.063070
1868.471440   13.115840   0.066770
1868.475710   13.025510   0.075350
1868.479187   13.037750   0.084210
1868.481793   13.029240   0.078470
1868.484421   13.062530   0.075980
1868.486154   13.038420   0.077840
1868.487874   13.019520   0.075460
1868.489584   13.070510   0.070990
1868.491280   13.052040   0.080570
1868.552972   13.020190   0.125700
1868.562396   12.989830   0.115950
1869.239644   13.053770   0.093030
1869.249027   12.957590   0.095650
1869.258676   12.940290   0.100960
1869.268460   13.010940   0.121870
1869.278391   13.086720   0.076900
1869.287724   13.004900   0.104210
1869.297468   12.932060   0.099630
1870.219778   13.049930   0.021600
1870.229270   13.021280   0.021590
1870.238762   13.024530   0.023960
1870.248135   12.998730   0.022810
1870.257691   13.015290   0.025640
1870.267266   13.037240   0.025060
1870.276950   13.026550   0.024480
1870.286498   13.008570   0.026160
1870.295849   13.040650   0.024080
1870.305565   13.018500   0.025350
1870.315197   13.040360   0.028520
1870.325274   13.035870   0.029230
1870.335174   13.041510   0.027370
1870.344892   13.039790   0.028810
1870.354573   13.017760   0.033750
1870.364104   13.021590   0.044480
1870.373603   13.038740   0.041650
1870.383600   12.995260   0.048640
1870.393243   12.980870   0.061620
1870.402820   13.035970   0.086210
1870.412418   13.009450   0.077910
1870.421719   13.019650   0.082400
1870.431056   12.988790   0.079550
1870.440608   13.000940   0.067220
1870.448993   13.024170   0.056630
1870.456179   13.015040   0.054650
1870.461756   13.003620   0.066570
1870.466593   13.037080   0.078060
1870.470290   13.006990   0.070110
1870.474034   13.007790   0.081750
1870.476825   13.041320   0.087500
1870.478569   13.083520   0.089220
1870.480341   13.030400   0.082380
1870.482097   12.972900   0.081680
1870.483838   13.049710   0.088140
1870.485602   12.969000   0.085010
1871.136689   13.026600   0.025470
1871.146179   13.038710   0.023790
1871.155384   13.026720   0.024660
1871.164955   13.042290   0.025810
1871.174269   13.019140   0.025690
1871.183469   13.028270   0.028990
1871.192872   13.039830   0.027720
1871.202392   13.020260   0.028750
1871.211865   13.012350   0.034300
1871.221273   13.037030   0.033120
1871.230922   13.014350   0.028350
1871.240394   13.020250   0.027020
1871.250018   13.010720   0.030320
1871.259511   13.025820   0.029050
1871.269122   13.024170   0.029040
1871.278903   13.014710   0.028410
1871.288648   13.031330   0.031240
1871.298226   13.019570   0.029680
1871.307789   13.054380   0.032100
1871.317562   13.034720   0.032000
1871.327342   13.028430   0.032620
1871.337079   13.013660   0.035530
1871.346725   13.025920   0.038080
1871.356495   13.038920   0.035160
1871.366277   13.015050   0.038860
1871.375944   13.051520   0.039610
1871.385808   13.037440   0.044260
1871.395399   13.020150   0.047810
1871.404882   13.019880   0.052830
1871.414342   13.017950   0.051790
1871.423744   13.024190   0.051510
1871.433495   13.013180   0.049180
1871.442405   13.032210   0.049430
1871.449670   13.021200   0.046900
1871.455742   12.993960   0.052440
1871.461191   13.039180   0.055250
1871.465968   13.047590   0.050560
1871.469461   13.023680   0.054370
1871.472994   13.016340   0.050310
1871.476070   13.033440   0.046480
1871.477819   13.035380   0.048760
1871.479709   13.028340   0.047130
1871.481438   13.028450   0.050540
1871.550420   13.061230   0.056830
1871.559908   13.031390   0.059240
1871.569340   13.001640   0.061970
1871.578835   13.026620   0.065020
1871.588334   13.016370   0.071110
1871.597765   13.023270   0.086320
1871.607264   13.016500   0.099630
1871.616819   13.065320   0.125850
1871.626324   12.927550   0.077800
1872.324463   13.017220   0.028530
1872.334315   13.004840   0.028810
1872.344041   13.031390   0.029860
1872.353623   13.027270   0.030380
1872.363427   13.026340   0.028060
1872.373279   13.025730   0.028120
1872.383099   13.049170   0.029100
1872.392766   13.035710   0.028990
1872.402203   13.048530   0.029220
1872.412032   13.038480   0.031810
1872.421585   13.039750   0.031350
1872.431130   13.048250   0.034300
1872.439874   13.034600   0.034380
1872.447517   13.016120   0.034490
1872.454162   13.011160   0.034360
1872.459603   13.007790   0.038350
1872.463903   13.034470   0.040120
1872.467716   13.016690   0.035680
1872.470496   12.987040   0.037590
1872.473152   13.022950   0.037760
1872.474857   13.028390   0.038580
1872.476617   13.014190   0.039530
1872.478370   13.029480   0.037700
1872.480228   13.029400   0.037590
1872.541663   12.997750   0.047600
1872.550845   13.026360   0.047290
1872.560270   13.001470   0.051480
1872.569828   13.021010   0.054400
1872.579400   12.986350   0.057600
1872.588943   12.970790   0.061370
1872.598488   13.005400   0.072550
1872.608116   12.999170   0.085490
1873.229437   13.011050   0.033550
1873.238826   13.030090   0.036440
1873.248403   13.007770   0.033490
1873.258009   13.040590   0.033520
1873.267456   13.020150   0.035460
1873.276959   13.016240   0.036030
1873.286788   13.035110   0.034600
1873.296275   13.043600   0.037420
1873.305896   13.023900   0.040450
1873.315548   13.009150   0.042280
1873.325684   13.065450   0.042460
1873.335346   13.028150   0.046680
1873.344943   13.041330   0.044780
1873.354842   12.973600   0.042390
1873.364691   13.016280   0.049960
1873.374458   13.005680   0.045790
1873.383960   13.010840   0.041540
1873.393856   13.034780   0.043130
1873.403606   13.041860   0.044390
1873.413210   13.050960   0.050160
1873.422938   13.036470   0.050130
1873.432622   13.037400   0.047990
1873.441010   13.053440   0.042330
1873.447044   13.000840   0.040710
1873.453044   13.007290   0.042140
1873.457630   13.030370   0.041700
1873.462090   13.007380   0.040880
1873.465548   13.016250   0.042200
1873.468261   13.008810   0.046310
1873.470892   13.022170   0.047860
1873.472722   13.021610   0.042570
1873.474437   13.018770   0.044150
1873.476606   13.019920   0.062580
1873.548852   13.038630   0.102320
1873.558313   12.984560   0.102580
1873.567696   13.052310   0.103500
1873.577180   13.054400   0.115270
1873.586745   12.980580   0.094030
1873.596227   13.085060   0.133340
1873.605849   12.996040   0.104870
1873.615321   13.076510   0.122040
1873.624815   12.976840   0.103800
1874.032527   13.011760   0.022060
1874.041923   13.034900   0.023040
1874.051714   13.040130   0.023040
1874.061193   13.014230   0.022520
1874.070741   13.022170   0.023670
1874.080230   13.026770   0.024110
1874.089638   13.025440   0.023560
1874.098984   13.028150   0.024250
1874.108441   13.020100   0.024370
1874.117749   13.010020   0.025410
1874.127103   13.017530   0.025690
1874.136654   13.015060   0.025180
1874.145982   13.017280   0.025990
1874.155173   13.023740   0.027770
1874.164605   13.029990   0.031420
1874.174153   13.023990   0.036380
1874.183645   13.021940   0.045780
1874.193053   12.984860   0.064480
1874.202515   12.970280   0.065890
1874.212179   13.068230   0.067450
1874.593715   12.986810   0.113590
1874.603390   13.023010   0.108160
1874.613039   13.124500   0.127330
1876.992585   13.030770   0.023560
1877.002277   13.021560   0.022980
1877.012009   13.006740   0.025460
1877.021623   13.015290   0.024830
1877.031340   13.040690   0.027730
1877.041094   13.023100   0.024900
1877.050632   13.021210   0.022750
1877.060512   13.013850   0.024050
1877.070280   13.066540   0.024250
1877.080037   13.023200   0.024830
1877.089835   13.015530   0.024600
1877.099542   13.030820   0.026760
1877.109324   13.064870   0.032250
1877.119234   13.022950   0.031080
1877.128562   13.022020   0.029410
1877.137988   13.005820   0.027040
1877.147449   12.994430   0.031990
1877.157081   13.043780   0.031830
1877.166514   13.007420   0.029530
1877.175811   13.025590   0.029690
1877.185180   13.008910   0.031070
1877.194638   13.030210   0.028950
1877.204359   13.009460   0.029510
1877.213829   13.011070   0.027500
1877.223290   13.002100   0.027600
1877.232928   13.034750   0.027950
1877.242583   13.024160   0.031900
1877.252102   13.011400   0.031880
1877.261424   13.019540   0.031430
1877.271317   13.026840   0.029060
1877.280810   13.021580   0.026910
1877.290913   13.051340   0.030490
1877.300784   13.038470   0.035060
1877.310552   13.027980   0.029610
1877.320329   13.042690   0.033420
1877.330019   13.015970   0.029290
1877.339609   13.016040   0.028040
1877.349339   13.027530   0.031410
1877.359563   13.025080   0.027370
1877.369289   13.014280   0.030900
1877.379166   13.023720   0.030270
1877.389199   13.023490   0.033450
1877.398748   13.049760   0.036820
1877.408188   13.028440   0.035720
1877.417610   13.013380   0.034300
1877.426444   13.022300   0.030260
1877.433416   13.010500   0.032850
1877.439426   13.050130   0.035690
1877.444578   12.993270   0.036170
1877.449101   13.022930   0.033030
1877.452622   13.034220   0.037470
1877.456119   13.032530   0.032910
1877.458826   13.014000   0.032450
1877.460660   13.029080   0.034070
1877.462441   13.025120   0.033080
1877.464144   13.048250   0.033540
1877.465872   13.034640   0.035000
1877.528546   13.007480   0.041460
1877.538164   13.029260   0.044590
1877.547759   12.989810   0.046880
1877.557433   13.016010   0.049180
1877.566991   13.002140   0.049450
1877.956588   13.033880   0.037890
1877.966360   13.032890   0.034000
1877.975795   13.035810   0.026380
1877.985575   13.030950   0.023730
1877.995071   13.029450   0.022410
1878.004964   13.013330   0.021880
1878.014335   13.026930   0.024020
1878.023915   13.050330   0.019300
1878.033403   13.032810   0.022060
1878.042881   13.032430   0.021590
1878.052477   13.033580   0.024720
1878.062202   13.014250   0.023440
1878.072038   13.020800   0.024540
1878.081838   13.027950   0.025290
1878.091595   13.024740   0.023440
1878.101204   13.025350   0.024420
1878.111056   13.033330   0.025520
1878.120475   13.039640   0.025640
1878.129972   13.029190   0.027250
1878.139452   13.034830   0.031520
1878.148981   13.022270   0.052290
1878.158293   13.018390   0.048330
1878.167692   13.052060   0.028750
1878.177309   13.023590   0.027190
1878.186872   12.983200   0.034070
1878.196273   13.025960   0.035230
1878.206054   13.015190   0.039230
1878.215833   13.004990   0.041750
1878.225557   13.008750   0.043660
1878.235117   13.019060   0.037090
1878.244657   13.016180   0.036320
1878.254352   12.997020   0.038280
1878.263984   13.003970   0.043670
1878.273770   13.005260   0.041980
1878.283405   13.052490   0.045640
1878.293079   13.014490   0.044640
1878.302887   13.014820   0.057040
1878.312828   13.071470   0.057270
1878.322431   12.996580   0.059780
1878.332111   13.005220   0.060970
1878.342126   13.010350   0.040910
1878.351898   13.025920   0.046960
1878.361666   13.027610   0.044310
1878.371492   13.053000   0.046080
1878.381052   13.077950   0.053300
1878.390611   13.034420   0.036280
1878.400035   13.062050   0.049740
1878.409523   13.042800   0.046480
1878.419250   13.052660   0.049870
1878.427139   13.037760   0.054450
1878.434256   12.996200   0.045540
1878.439734   13.026670   0.053100
1878.444205   12.999080   0.042740
1878.448555   12.975020   0.043530
1878.452064   13.075170   0.049130
1878.454721   13.067650   0.052050
1878.457364   13.035240   0.049450
1878.459093   13.021080   0.050870
1878.460943   13.014840   0.050710
1878.463071   13.027380   0.073440
1878.523903   13.018380   0.055390
1878.533380   13.007200   0.055170
1878.542754   13.012360   0.053580
1878.552323   13.028890   0.060660
1878.561961   12.971170   0.066770
1878.571685   13.051250   0.087040
1878.581234   13.025540   0.085110
1878.590773   13.016770   0.092260
1878.600390   13.031840   0.117970
1878.885725   12.995540   0.064860
1878.896259   13.074800   0.057740
1878.907039   12.984820   0.052800
1878.917827   13.024440   0.053180
1878.928636   13.071890   0.055960
1878.939490   13.025710   0.043710
1878.950209   13.032440   0.037440
1878.960985   13.024840   0.034700
1878.971663   13.018320   0.033000
1878.982256   13.014770   0.033680
1878.992862   13.019070   0.032180
1879.003349   13.064420   0.035860
1879.014056   13.012310   0.035950
1879.024781   13.016550   0.034720
1879.035403   13.022440   0.040940
1879.046338   12.992030   0.039830
1879.056998   13.012200   0.041870
1879.067120   13.003470   0.043150
1879.077625   13.000930   0.043030
1879.087804   13.022440   0.041860
1879.097718   12.990880   0.047670
1879.108265   12.995170   0.051490
1879.118677   13.038560   0.056710
1879.128946   13.009900   0.041150
1879.138951   13.015350   0.050760
1879.148948   13.001010   0.059190
1879.158753   13.035470   0.065700
1879.168681   13.050170   0.055950
1879.178653   12.972330   0.063420
1879.188532   13.030410   0.064220
1879.198658   13.044370   0.064420
1879.208980   13.007410   0.066700
1879.219105   13.001870   0.066600
1879.229198   13.027090   0.068890
1879.239692   13.001480   0.065990
1879.249885   13.006370   0.061410
1879.259988   13.024210   0.062370
1879.270136   13.008940   0.062720
1879.279998   13.060520   0.048430
1879.290256   12.995220   0.063470
1879.300321   13.027070   0.063300
1879.310604   13.012920   0.059100
1879.321132   13.029860   0.062970
1879.331398   13.029490   0.061180
1879.341711   13.037290   0.062480
1879.352168   13.046240   0.060970
1879.362239   13.042210   0.062130
1879.372581   13.027280   0.064870
1879.383093   13.049360   0.040600
1879.393142   13.053800   0.065880
1879.403333   13.032480   0.068910
1879.413718   13.019570   0.069400
1879.422210   13.046860   0.070030
1879.430290   13.067140   0.077310
1879.436891   12.971500   0.079870
1879.441492   12.976850   0.079040
1879.445571   13.048020   0.076670
1879.449457   13.037790   0.078580
1879.452342   13.058500   0.066860
1879.454194   13.067340   0.084140
1879.456055   12.980830   0.063090
1879.457932   13.061260   0.082650
1879.460282   13.037450   0.122650
1879.524043   13.086780   0.107330
1879.534146   12.939720   0.103640
1879.544253   13.080100   0.113510
1879.554321   12.970160   0.062700
1879.564508   13.066770   0.117780
1879.574677   13.005100   0.118320
1879.584814   13.021710   0.123210
1879.594935   13.028470   0.125840
1879.605121   12.991790   0.125650
1879.885631   13.082920   0.097780
1879.895153   12.991590   0.077370
1879.904711   12.998840   0.053640
1879.914664   12.998470   0.041740
1879.924232   12.993940   0.034700
1879.933937   13.010400   0.030430
1879.943742   13.045880   0.026860
1879.953255   13.032580   0.024660
1879.962965   13.026040   0.022230
1879.972299   13.021710   0.022060
1879.982133   13.013440   0.022980
1879.991480   13.020770   0.024360
1880.001350   13.022810   0.026220
1880.010995   13.020000   0.027260
1880.020489   13.033600   0.028300
1880.030167   13.010250   0.027090
1880.040004   13.003910   0.027890
1880.050020   13.029660   0.027790
1880.059700   12.997910   0.029070
1880.069635   13.043000   0.028410
1880.079469   13.021210   0.029810
1880.089000   13.021050   0.028700
1880.098524   13.032320   0.030960
1880.108072   13.020130   0.034290
1880.117530   13.028420   0.029330
1880.127140   13.051150   0.030480
1880.200091   13.039490   0.032550
1880.209735   13.013320   0.037820
1880.219431   12.983470   0.035090
1880.229324   13.015520   0.031290
1880.238989   13.026140   0.030720
1880.248836   13.029300   0.030490
1880.258298   13.030450   0.031640
1880.267686   13.036020   0.033720
1880.277275   13.025110   0.035470
1880.286928   13.009460   0.041240
1880.306613   13.047550   0.033720
1880.369120   13.001400   0.032220
1880.684731   13.080960   0.107350
1880.693935   13.129330   0.115090
1880.703424   12.999030   0.122110
1880.967707   13.078100   0.033830
1880.977730   13.018640   0.037290
1880.987626   12.996750   0.029300
1880.997175   13.019270   0.028750
1881.007352   13.031590   0.028820
1881.017262   13.008760   0.030690
1881.027023   13.025990   0.032050
1881.036583   13.034170   0.030150
1881.046307   13.030470   0.031880
1881.055914   13.008300   0.035280
1881.065565   13.009440   0.034180
1881.075352   13.039870   0.038050
1881.085120   13.028980   0.033940
1881.094964   12.998650   0.033560
1881.104801   13.026340   0.028840
1881.114937   12.992940   0.041280
1881.124474   13.026220   0.036160
1881.134326   13.019210   0.039220
1881.143810   13.023910   0.028810
1881.153419   13.029050   0.038860
1881.163015   13.021880   0.033900
1881.171357   13.000740   0.029270
1881.180981   13.018250   0.030720
1881.190627   13.033640   0.026210
1881.200550   13.018190   0.028000
1881.210473   13.008420   0.030480
1881.220305   13.019610   0.032390
1881.230199   13.024350   0.032160
1881.239668   13.000730   0.033030
1881.249328   13.030900   0.033610
1881.258917   13.004530   0.032270
1881.268352   13.013130   0.033600
1881.278189   13.041360   0.034070
1881.288137   13.055870   0.034870
1881.297680   13.035770   0.034930
1881.307337   13.039350   0.035980
1881.317394   13.028540   0.036840
1881.327336   13.006710   0.037640
1881.337373   13.022550   0.038170
1881.347129   13.039580   0.039260
1881.357110   13.015440   0.039490
1881.366722   13.070290   0.040990
1881.376276   13.030990   0.041340
1881.386104   12.992420   0.041400
1881.395996   13.016630   0.042160
1881.405772   12.989450   0.044180
1881.414838   13.026230   0.043300
1881.422098   13.013010   0.043880
1881.428287   13.014000   0.045590
1881.433496   13.029650   0.046840
1881.437835   13.009480   0.044820
1881.441542   13.000930   0.046320
1881.445078   13.021760   0.050120
1881.447777   13.019450   0.047120
1881.449541   13.036570   0.046650
1881.451276   12.971750   0.046320
1881.453055   12.995740   0.047940
1881.455245   13.022570   0.067670
1881.512259   13.008730   0.052140
1881.522032   13.016070   0.052390
1881.531584   12.994240   0.057890
1881.541053   12.990650   0.055890
1881.550943   12.989790   0.058350
1881.560601   12.996580   0.058940
1881.570473   13.029780   0.057240
1881.580253   13.018370   0.067240
1881.589860   13.018920   0.056650
1881.599577   13.031900   0.071780
1881.609472   13.026740   0.062660
1881.619114   13.024330   0.072820
1881.638590   13.036950   0.093300
1881.648351   13.019410   0.095860
1881.826319   13.068730   0.121760
1881.835921   13.027950   0.090370
1881.845731   12.973600   0.070140
1881.855252   13.033250   0.065010
1881.864967   13.077750   0.056060
1881.874874   13.031180   0.050750
1881.884546   13.029010   0.043940
1881.894462   13.035400   0.038510
1881.904494   13.027570   0.035050
1881.914271   13.052660   0.033780
1881.923884   13.043370   0.034880
1881.933466   13.037240   0.031470
1881.943231   12.994240   0.032050
1881.952875   13.020010   0.042450
1881.962633   13.042930   0.044240
1881.972149   13.050260   0.046940
1881.982098   13.039100   0.049980
1881.992169   13.072470   0.069860
1882.001889   12.977410   0.073570
1882.011594   13.079230   0.072040
1882.021627   13.005570   0.051150
1882.031644   13.042080   0.064010
1882.041324   13.034650   0.053990
1882.051198   13.006110   0.050180
1882.060871   13.013580   0.055610
1882.070527   13.051330   0.112490
1882.080330   13.058980   0.042400
1882.090096   13.050420   0.096700
1882.099416   12.797020   0.070500
1882.109365   13.040470   0.081220
1882.121972   12.999920   0.063650
1882.141120   12.991670   0.079730
1882.150540   13.066860   0.055060
1882.160119   13.051570   0.055160
1882.169652   13.048920   0.054850
1882.179008   13.074370   0.058780
1882.188466   13.027230   0.061500
1882.198063   13.095670   0.072640
1882.208031   13.003880   0.073900
1882.217722   13.046040   0.112040
1882.227231   13.046220   0.094660
1882.236839   13.027650   0.094770
1882.246480   12.989860   0.070700
1882.256107   13.057450   0.122010
1882.266083   13.008150   0.096210
1882.275585   13.026050   0.106450
1882.285301   13.041770   0.106250
1882.295361   13.072530   0.101830
1882.304991   12.971650   0.099640
1882.325032   13.033950   0.103090
1882.334886   13.099780   0.089710
1882.344919   13.021350   0.106230
1882.354771   13.086250   0.117180
1882.364587   13.013310   0.098620
1882.374737   12.955620   0.092240
1883.093660   13.011120   0.040180
1883.103366   13.013280   0.068650
1883.112818   13.073590   0.043370
1883.122237   13.014570   0.049070
1883.131900   12.997570   0.042900
1883.141295   12.994130   0.048060
1883.150882   13.050690   0.050020
1883.160374   13.025790   0.050460
1883.169871   13.083640   0.056620
1883.179271   13.057020   0.042330
1883.188727   12.987890   0.042690
1883.198404   13.088080   0.053330
1883.207904   12.993970   0.053730
1883.217549   12.970090   0.053910
1883.226897   13.013500   0.056550
1883.236210   13.023900   0.055300
1883.245790   13.002790   0.056310
1883.255334   13.006520   0.059490
1883.265175   13.033960   0.055490
1883.274780   13.029050   0.058490
1883.284849   13.104490   0.085940
1883.294394   13.013080   0.084490
1883.304305   13.000150   0.081560
1883.314080   13.052790   0.094860
1883.323720   12.973710   0.079090
1883.333437   13.017370   0.068930
1883.343435   12.993270   0.074730
1883.353548   12.967590   0.084030
1883.363493   13.003620   0.068480
1883.373027   13.016290   0.068450
1883.382657   12.997980   0.074370
1883.392439   12.994110   0.066490
1883.402040   13.010430   0.066270
1883.410061   12.988210   0.076320
1883.417485   13.058740   0.077360
1883.423677   12.984380   0.071800
1883.428949   13.018160   0.083110
1883.433300   12.990570   0.083240
1883.436812   13.027100   0.074020
1883.440325   13.088030   0.085430
1883.443180   13.086310   0.080540
1883.444926   13.015190   0.080290
1883.446707   13.027320   0.069080
1883.448508   13.036790   0.064110
1883.507335   12.989600   0.076810
1883.517022   13.059280   0.080140
1883.526655   13.017840   0.090120
1883.536232   12.989590   0.092360
1883.545818   13.043330   0.096130
1883.555341   13.105840   0.094410
1883.565051   12.966920   0.091570
1883.574608   13.041300   0.097940
1883.584302   13.089920   0.098820
1883.593915   13.001870   0.078620
1884.099534   13.025960   0.021320
1884.109140   13.022670   0.020610
1884.118686   13.026200   0.025060
1884.128292   12.998260   0.033480
1884.137551   13.026140   0.023970
1884.147279   13.031250   0.026970
1884.156774   13.014790   0.027950
1884.166197   13.059220   0.034960
1884.175960   13.029540   0.033510
1884.185414   13.024050   0.029180
1884.194977   13.016270   0.024830
1884.204574   13.029230   0.027370
1884.214174   13.013420   0.024310
1884.223839   13.044460   0.028060
1884.233272   13.021560   0.038020
1884.242628   13.030140   0.022230
1884.252195   13.019680   0.021480
1884.261682   13.020130   0.022110
1884.271201   13.048620   0.022410
1884.280876   13.029060   0.024260
1884.290846   13.009710   0.025640
1884.300573   13.019170   0.028190
1884.310420   13.009340   0.045240
1884.320206   13.010790   0.027080
1884.330156   13.020370   0.027720
1884.340081   13.028500   0.033260
1884.350052   13.030940   0.032510
1884.360119   13.014250   0.027020
1884.370060   13.020340   0.027600
1884.379738   13.039610   0.030200
1884.389528   13.055160   0.024020
1884.399065   13.026200   0.024940
1884.406881   13.019270   0.029910
1884.413865   12.987250   0.033030
1884.420368   13.047270   0.039110
1884.425635   12.995730   0.026440
1884.430150   13.005270   0.023150
1884.433678   13.016470   0.026340
1884.437202   13.013210   0.026340
1884.439908   13.032400   0.028060
1884.441669   12.988760   0.026740
1884.443407   13.036310   0.026790
1884.445186   13.034650   0.025580
1884.446926   13.044770   0.034760
1884.503638   13.025360   0.023960
1884.513187   13.012960   0.027400
1884.522993   13.015820   0.024310
1884.532900   12.998750   0.022290
1884.542819   13.029520   0.027270
1884.552706   13.037220   0.038890
1884.562458   13.025850   0.020150
1884.572213   13.022870   0.025640
1884.581820   13.057030   0.021360
1884.591479   13.035820   0.026850
1884.600983   13.035620   0.024140
1884.610820   13.033740   0.022630
1884.886961   13.049680   0.057910
1884.896459   13.082160   0.061970
1884.906042   13.017420   0.054970
1884.915643   13.010620   0.073680
1884.925737   13.011960   0.050610
1884.935570   13.021590   0.076100
1884.945448   13.016340   0.058670
1884.954875   13.028130   0.070040
1884.964329   13.037160   0.062280
1884.974229   12.969690   0.073470
1884.983546   13.010680   0.070780
1884.993441   13.016600   0.066220
1885.003341   13.017160   0.059540
1885.013229   13.000100   0.071420
1885.022911   12.974770   0.067470
1885.032502   13.021680   0.080140
1885.042137   13.007380   0.074810
1885.052183   12.934590   0.078920
1885.061957   13.007950   0.094930
1885.071678   12.982080   0.098310
1885.081285   13.028200   0.111490
1885.090973   13.020520   0.094900
1885.278794   13.059570   0.054090
1885.288696   12.986630   0.072660
1885.298475   13.011370   0.055770
1885.308250   12.975420   0.053100
1885.318087   13.025440   0.058170
1885.328301   13.034960   0.070460
1885.338173   13.051950   0.100800
1885.347960   12.954770   0.087770
1885.357853   13.217090   0.106590
1885.367578   13.013130   0.097570
1885.377344   12.973460   0.115580
1885.386938   12.977570   0.120970
1885.396599   12.962040   0.096180
1885.404395   13.029520   0.088150
1885.411445   13.036060   0.104300
1885.417511   13.083910   0.111750
1885.422892   12.996970   0.103700
1885.427461   12.987620   0.102720
1885.430989   13.042970   0.087430
1885.434637   13.067510   0.100730
1885.437356   13.053330   0.101150
1885.439093   12.988830   0.095380
1885.440855   13.057120   0.095960
1885.442624   13.053570   0.090800
1885.444416   13.072350   0.094930
1885.502228   12.990270   0.101570
1885.521821   13.215270   0.109570
1885.531512   13.014750   0.085280
1885.541243   13.040220   0.103130
1885.551133   12.970160   0.084930
1885.560860   12.944490   0.085850
1885.570601   12.995980   0.086360
1885.580236   12.945020   0.103640
1885.590133   13.036170   0.074560
1886.072366   13.017210   0.019760
1886.082057   12.999320   0.021250
1886.091456   13.011550   0.021830
1886.101064   13.020130   0.022290
1886.110701   13.024740   0.022690
1886.120214   13.029310   0.022400
1886.129544   13.028510   0.023380
1886.138882   13.017100   0.024140
1886.148233   13.012670   0.023900
1886.157943   13.027810   0.025000
1886.167550   13.031840   0.031720
1886.177101   13.018820   0.028350
1886.186997   13.013540   0.029220
1886.196609   13.038460   0.031700
1886.206153   13.018810   0.034240
1886.215757   13.028130   0.036430
1886.225422   13.044120   0.048040
1886.234829   13.016270   0.049010
1886.244630   12.990450   0.048270
1886.254426   13.018570   0.035930
1886.263771   13.039700   0.029270
1886.273578   13.032840   0.049480
1886.283270   13.041560   0.028700
1886.293134   13.037120   0.030780
1886.303115   13.030060   0.034130
1886.312914   13.006740   0.030430
1886.322818   13.025670   0.031640
1886.332859   13.015000   0.032480
1886.342543   13.034930   0.030660
1886.352534   13.058000   0.032050
1886.362281   13.001000   0.033370
1886.372003   13.033140   0.037420
1886.381496   13.024420   0.035570
1886.391198   13.028920   0.038970
1886.399994   13.031780   0.039150
1886.408171   13.052970   0.040890
1886.414363   13.015070   0.047230
1886.419581   13.010860   0.050220
1886.423873   13.038950   0.048980
1886.427459   13.043270   0.045460
1886.431086   13.052380   0.045300
1886.433748   13.057690   0.051900
1886.435540   12.994600   0.051850
1886.437293   13.030670   0.047590
1886.439058   13.028440   0.045900
1886.441348   12.991220   0.096550
