1863.169882   11.385330   0.010100
1863.179028   11.384190   0.011030
1863.188111   11.384990   0.012470
1863.197263   11.389120   0.011610
1863.206453   11.388240   0.011260
1863.215516   11.377930   0.013110
1863.224486   11.386710   0.012530
1863.233708   11.379590   0.013450
1863.243026   11.382330   0.013450
1863.252052   11.382800   0.012250
1863.260978   11.384830   0.011890
1863.270074   11.371330   0.013110
1863.279229   11.386710   0.011950
1863.288341   11.384330   0.011490
1863.297662   11.378660   0.010740
1863.306748   11.382010   0.012120
1863.315898   11.391860   0.012300
1863.325261   11.393270   0.012360
1863.334632   11.388520   0.012470
1863.344416   11.380520   0.012300
1863.353962   11.385770   0.012070
1863.363511   11.393180   0.010910
1863.372640   11.385640   0.010340
1863.381795   11.385900   0.010390
1863.391577   11.379190   0.010800
1863.400670   11.388710   0.011260
1863.410157   11.383370   0.011260
1863.419415   11.385930   0.011610
1863.428728   11.391080   0.012360
1863.438171   11.395240   0.012760
1863.447725   11.397510   0.013110
1863.457038   11.395720   0.014780
1863.464667   11.393130   0.016980
1863.471563   11.394760   0.017670
1863.477686   11.398400   0.016920
1863.482900   11.399230   0.016920
1863.487037   11.399790   0.017670
1863.490505   11.385950   0.017780
1863.494064   11.376870   0.016690
1863.496621   11.384350   0.017490
1863.498272   11.393710   0.017550
1863.500087   11.381010   0.018240
1863.501889   11.402020   0.018760
1863.503937   11.386650   0.026170
1864.122118   11.374770   0.008430
1864.131216   11.389370   0.010740
1864.140349   11.391620   0.009760
1864.149328   11.387340   0.009640
1864.158727   11.377710   0.009300
1864.168077   11.388660   0.011430
1864.177441   11.378330   0.010570
1864.186471   11.384030   0.009070
1864.195786   11.378290   0.010910
1864.204761   11.385570   0.010050
1864.213956   11.388620   0.009580
1864.223275   11.384250   0.009300
1864.232312   11.382590   0.010800
1864.241734   11.386130   0.011030
1864.250994   11.379810   0.009640
1864.260292   11.386440   0.011260
1864.269452   11.384040   0.009930
1864.278712   11.382770   0.011370
1864.288040   11.387140   0.011320
1864.297228   11.381620   0.011030
1864.306786   11.383600   0.011260
1864.315982   11.374090   0.011490
1864.325240   11.385730   0.011260
1864.334830   11.376000   0.011030
1864.344223   11.384610   0.014490
1864.353629   11.390860   0.014140
1864.362884   11.390080   0.015130
1864.372284   11.375620   0.017610
1864.381718   11.384940   0.015760
1864.391386   11.379890   0.013630
1864.401175   11.372840   0.016340
1864.410777   11.401790   0.015070
1864.420158   11.394040   0.015130
1864.429378   11.398020   0.016220
1864.438639   11.402670   0.018360
1864.448098   11.406410   0.020560
1864.457409   11.380540   0.021370
1864.465120   11.401280   0.020210
1864.472313   11.376260   0.022930
1864.477494   11.404200   0.025520
1864.482643   11.391510   0.034560
1864.486002   11.391750   0.045620
1864.489646   11.402540   0.039800
1864.492216   11.381860   0.032370
1864.494776   11.402330   0.031700
1864.496480   11.365230   0.032400
1864.498365   11.347010   0.032300
1864.500091   11.396360   0.034010
1864.501760   11.356410   0.031410
1865.081649   11.389650   0.011840
1865.090914   11.388120   0.012410
1865.103000   11.386210   0.011780
1865.112265   11.388350   0.011550
1865.121493   11.386200   0.013570
1865.180915   11.388500   0.008430
1865.189934   11.387690   0.007040
1865.199137   11.389570   0.008720
1865.208040   11.386670   0.007100
1865.217207   11.383930   0.009990
1865.226382   11.387740   0.009640
1865.235932   11.389430   0.010280
1865.245886   11.379330   0.010510
1865.255783   11.386240   0.010280
1865.265750   11.384290   0.013050
1865.275774   11.378000   0.011430
1865.285892   11.385070   0.010160
1865.295973   11.381620   0.011370
1865.306185   11.384420   0.011140
1865.316221   11.384800   0.008700
1865.326150   11.383000   0.011490
1865.336276   11.392350   0.013630
1865.346577   11.388390   0.012180
1865.356675   11.380570   0.011890
1865.366659   11.388630   0.013160
1865.376904   11.373200   0.012930
1865.387088   11.384930   0.013280
1865.397153   11.381140   0.013510
1865.407149   11.381480   0.013050
1865.417333   11.379860   0.012640
1865.427630   11.389170   0.013280
1865.437669   11.393410   0.013110
1865.448171   11.365010   0.015710
1865.457324   11.376050   0.016930
1865.465615   11.377370   0.017900
1865.471988   11.382040   0.022000
1865.477591   11.388680   0.026560
1865.482335   11.390430   0.022180
1865.486159   11.373940   0.026000
1865.489785   11.401360   0.021720
1865.492667   11.382080   0.020960
1865.494427   11.368920   0.020440
1865.496283   11.367080   0.018940
1865.498551   11.391790   0.033120
1866.165339   11.381630   0.007790
1866.174723   11.383810   0.007910
1866.184057   11.384980   0.008030
1866.193410   11.388980   0.008140
1866.202706   11.385980   0.008490
1866.212035   11.387320   0.008550
1866.221409   11.393430   0.008720
1866.230791   11.387840   0.008600
1866.240551   11.393060   0.008490
1866.250004   11.408920   0.008550
1866.259354   11.418680   0.008830
1867.193045   11.393990   0.006180
1867.202355   11.384920   0.006350
1867.211516   11.383740   0.006410
1867.220585   11.387350   0.006640
1867.230131   11.386130   0.006750
1867.239707   11.386290   0.006700
1867.249230   11.382820   0.006640
1867.258785   11.387840   0.006750
1867.268385   11.385570   0.006810
1867.277702   11.392300   0.006930
1867.287153   11.383010   0.006990
1867.296854   11.385700   0.007160
1867.306121   11.391760   0.007220
1867.315500   11.383110   0.007220
1867.325094   11.386660   0.007390
1867.334502   11.385770   0.007510
1867.344482   11.382760   0.007680
1867.354030   11.379840   0.007620
1867.363492   11.377350   0.008370
1867.372735   11.387570   0.007970
1867.382212   11.379130   0.008140
1867.391671   11.391670   0.008600
1867.401392   11.394420   0.008550
1867.410805   11.388920   0.008430
1867.420288   11.379050   0.009580
1867.429722   11.384680   0.010340
1867.439192   11.380330   0.009820
1867.448574   11.384960   0.010740
1867.456168   11.381010   0.009700
1867.463320   11.379150   0.009990
1867.469421   11.384070   0.010050
1867.473939   11.385530   0.008490
1867.478291   11.385140   0.008030
1867.481655   11.387990   0.008080
1867.484335   11.384940   0.008550
1867.486951   11.383370   0.008370
1867.488639   11.388940   0.008550
1867.490315   11.381620   0.008780
1867.492002   11.383590   0.008550
1867.493724   11.377700   0.008370
1868.197661   11.393070   0.010160
1868.207123   11.400120   0.010340
1868.216495   11.386680   0.012560
1868.225986   11.394410   0.011660
1868.235811   11.408490   0.013060
1868.245580   11.402680   0.012760
1868.255259   11.389090   0.013050
1868.264815   11.391090   0.013970
1868.274279   11.386500   0.015130
1868.283929   11.388980   0.013740
1868.293537   11.387870   0.019350
1868.303104   11.379760   0.020380
1868.312574   11.378940   0.020260
1868.322548   11.384310   0.015420
1868.332083   11.399750   0.015190
1868.341800   11.387290   0.015700
1868.351466   11.392100   0.018480
1868.360837   11.387940   0.018540
1868.370659   11.386140   0.017730
1868.380417   11.389620   0.018190
1868.390367   11.393850   0.017840
1868.399668   11.384960   0.017550
1868.409622   11.376890   0.019060
1868.419023   11.377820   0.017840
1868.428372   11.385590   0.018130
1868.437691   11.398130   0.018940
1868.446987   11.379210   0.018530
1868.454949   11.393070   0.019460
1868.461066   11.377300   0.019230
1868.467151   11.380480   0.019920
1868.471440   11.384620   0.020670
1868.475710   11.380320   0.022750
1868.479187   11.386440   0.023270
1868.481793   11.393700   0.022920
1868.484421   11.396490   0.022230
1868.486154   11.385070   0.021420
1868.487874   11.380330   0.021820
1868.489584   11.387060   0.022350
1868.491280   11.374250   0.022630
1868.552972   11.395430   0.035160
1868.562396   11.364720   0.031640
1868.572038   11.399060   0.061960
1868.581607   11.358730   0.052660
1868.591155   11.386580   0.051960
1868.600621   11.407250   0.070170
1868.610180   11.323340   0.090160
1869.239644   11.369980   0.026790
1869.249027   11.364770   0.027430
1869.258676   11.376370   0.030140
1869.268460   11.391410   0.034900
1869.278238   11.358380   0.038010
1869.287800   11.396250   0.039330
1869.297392   11.380820   0.041290
1869.307040   11.412130   0.045560
1869.316723   11.415350   0.065090
1869.326588   11.370550   0.054920
1869.336364   11.434980   0.055460
1869.345912   11.377770   0.057390
1869.356015   11.448110   0.089400
1869.365922   11.358010   0.078110
1869.375532   11.352560   0.074080
1869.384883   11.438800   0.091120
1869.394424   11.387140   0.105200
1869.403953   11.333860   0.110860
1869.413491   11.389280   0.105140
1869.422812   11.327930   0.093050
1869.432156   11.389610   0.097300
1869.441546   11.436830   0.124170
1869.456537   11.383070   0.079000
1869.472681   11.404260   0.127120
1869.476419   11.401860   0.073400
1869.485003   11.381080   0.130950
1870.219778   11.384080   0.007220
1870.229270   11.380440   0.007450
1870.238762   11.376950   0.007910
1870.248135   11.382200   0.007680
1870.257691   11.377020   0.008490
1870.267266   11.389040   0.008260
1870.276950   11.385480   0.008260
1870.286498   11.393460   0.008490
1870.295849   11.386580   0.008030
1870.305565   11.388960   0.008370
1870.315197   11.382920   0.009180
1870.325274   11.383380   0.009350
1870.335174   11.393270   0.009070
1870.344892   11.391930   0.009470
1870.354573   11.383560   0.010620
1870.364104   11.381540   0.013570
1870.373603   11.390550   0.012990
1870.383600   11.394210   0.014610
1870.393243   11.391720   0.017320
1870.402820   11.398360   0.023620
1870.412418   11.395210   0.021600
1870.421719   11.383320   0.021590
1870.431056   11.405320   0.022520
1870.440608   11.392330   0.019110
1870.448993   11.402040   0.017030
1870.456179   11.395530   0.016860
1870.461756   11.366170   0.020210
1870.466593   11.401520   0.022360
1870.470290   11.402590   0.020150
1870.474034   11.388380   0.022920
1870.476825   11.364600   0.025250
1870.478569   11.397560   0.024310
1870.480341   11.373820   0.022120
1870.482097   11.385040   0.023580
1870.483838   11.371660   0.024660
1870.485602   11.380430   0.023680
1871.136689   11.391110   0.008140
1871.146179   11.380660   0.007790
1871.155384   11.383990   0.007850
1871.164955   11.383230   0.008430
1871.174269   11.390540   0.008430
1871.183469   11.388390   0.008720
1871.192872   11.397310   0.008430
1871.202392   11.392360   0.008780
1871.211865   11.385600   0.009870
1871.221273   11.378870   0.009820
1871.230922   11.381900   0.009120
1871.240394   11.390240   0.008950
1871.250018   11.380330   0.009120
1871.259511   11.384900   0.009010
1871.269122   11.385790   0.009180
1871.278903   11.392020   0.009240
1871.288648   11.395390   0.009700
1871.298226   11.386210   0.009350
1871.307789   11.380190   0.009870
1871.317562   11.376710   0.010050
1871.327342   11.377320   0.010450
1871.337079   11.391320   0.011260
1871.346725   11.387290   0.011660
1871.356495   11.390500   0.011370
1871.366277   11.386150   0.012410
1871.375944   11.383080   0.012530
1871.385808   11.388260   0.013510
1871.395399   11.384390   0.014490
1871.404882   11.389090   0.016170
1871.414342   11.384420   0.015590
1871.423744   11.390020   0.015360
1871.433495   11.391250   0.015360
1871.442405   11.398420   0.014550
1871.449670   11.393290   0.014610
1871.455742   11.379960   0.014950
1871.461191   11.399270   0.016170
1871.465968   11.393150   0.015470
1871.469461   11.384060   0.015470
1871.472994   11.385500   0.015410
1871.476070   11.377630   0.014840
1871.477819   11.399410   0.014950
1871.479709   11.379470   0.014660
1871.481438   11.377830   0.014660
1871.550420   11.375000   0.015940
1871.559908   11.384030   0.016460
1871.569340   11.381190   0.017090
1871.578835   11.395690   0.018300
1871.588334   11.379500   0.019630
1871.597765   11.375940   0.023390
1871.607264   11.391050   0.026560
1871.616819   11.398830   0.031010
1871.626324   11.402570   0.037130
1872.324463   11.391350   0.009240
1872.334315   11.379730   0.009350
1872.344041   11.390400   0.009410
1872.353623   11.386600   0.009470
1872.363427   11.383450   0.009180
1872.373279   11.390700   0.009240
1872.383099   11.376360   0.009350
1872.392766   11.382120   0.009300
1872.402203   11.392420   0.009530
1872.412032   11.388500   0.009870
1872.421585   11.381380   0.010050
1872.431130   11.385390   0.010570
1872.439874   11.383580   0.010510
1872.447517   11.388460   0.010620
1872.454162   11.396620   0.010910
1872.459603   11.389840   0.011550
1872.463903   11.394970   0.011720
1872.467716   11.394870   0.011430
1872.470496   11.389260   0.011550
1872.473152   11.398010   0.011780
1872.474857   11.393020   0.011780
1872.476617   11.393620   0.011840
1872.478370   11.393600   0.011780
1872.480228   11.394870   0.011840
1872.541663   11.399760   0.014380
1872.550845   11.392010   0.014660
1872.560270   11.399590   0.015360
1872.569828   11.401780   0.016220
1872.579400   11.385550   0.017150
1872.588943   11.379690   0.018820
1872.598488   11.388190   0.021360
1872.608116   11.384000   0.024600
1872.617527   11.387540   0.028580
1872.627101   11.390460   0.033490
1872.636625   11.360610   0.041170
1872.646041   11.307530   0.051100
1873.229437   11.374300   0.010220
1873.238826   11.377040   0.010620
1873.248403   11.379700   0.010510
1873.258009   11.387860   0.010510
1873.267456   11.389940   0.010740
1873.276959   11.395460   0.010850
1873.286788   11.391380   0.010850
1873.296275   11.397100   0.011260
1873.305896   11.389660   0.011780
1873.315548   11.379660   0.011950
1873.325684   11.400390   0.012240
1873.335346   11.386110   0.013110
1873.344943   11.371120   0.013050
1873.354842   11.381680   0.012530
1873.364691   11.396860   0.013630
1873.374458   11.395550   0.013050
1873.383960   11.389890   0.012240
1873.393856   11.396470   0.012640
1873.403606   11.380570   0.012990
1873.413210   11.390350   0.014320
1873.422938   11.389880   0.014380
1873.432622   11.378780   0.013220
1873.441010   11.384800   0.012700
1873.447044   11.394480   0.012640
1873.453044   11.390950   0.012760
1873.457630   11.375400   0.012870
1873.462090   11.382960   0.013110
1873.465548   11.378650   0.013160
1873.468261   11.385400   0.013340
1873.470892   11.377700   0.013630
1873.472722   11.386830   0.013400
1873.474437   11.378750   0.013220
1873.476606   11.387290   0.018940
1873.539458   11.370490   0.046710
1873.548852   11.388800   0.038200
1873.558313   11.389740   0.030200
1873.567696   11.386430   0.027500
1873.577180   11.356480   0.032280
1873.586745   11.371990   0.026390
1873.596227   11.384840   0.036050
1873.605773   11.350640   0.036000
1873.615321   11.366850   0.033490
1873.624816   11.399190   0.033890
1874.032527   11.407010   0.007280
1874.041923   11.412050   0.007680
1874.051714   11.408660   0.007620
1874.061193   11.409340   0.007450
1874.070741   11.405310   0.007790
1874.080230   11.397560   0.007850
1874.089638   11.390930   0.007790
1874.098984   11.380620   0.007970
1874.108441   11.376500   0.007850
1874.117749   11.377530   0.008080
1874.127103   11.385410   0.008200
1874.136654   11.386050   0.008310
1874.145982   11.377300   0.008550
1874.155173   11.387490   0.009120
1874.164605   11.394440   0.009760
1874.174153   11.372310   0.011030
1874.183645   11.379720   0.013800
1874.193053   11.394590   0.017960
1874.202515   11.389350   0.019000
1874.212179   11.375720   0.020160
1874.222051   11.387180   0.018020
1874.593715   11.399620   0.034260
1874.603390   11.396360   0.030210
1874.613039   11.419750   0.035410
1876.992585   11.382240   0.007510
1877.002277   11.383950   0.007620
1877.012009   11.389720   0.007910
1877.021623   11.395470   0.007790
1877.031340   11.390900   0.008310
1877.041094   11.393940   0.008080
1877.050632   11.381030   0.007620
1877.060512   11.385230   0.007850
1877.070280   11.385460   0.007970
1877.080037   11.388770   0.008080
1877.089835   11.387150   0.008080
1877.099542   11.382800   0.008260
1877.109324   11.391820   0.009300
1877.119234   11.384150   0.009180
1877.128562   11.379300   0.008720
1877.137988   11.385170   0.008550
1877.147449   11.393460   0.010100
1877.157081   11.372800   0.009240
1877.166514   11.387560   0.008950
1877.175811   11.377850   0.008660
1877.185180   11.390160   0.009240
1877.194638   11.384550   0.009010
1877.204359   11.389170   0.008890
1877.213829   11.379330   0.008660
1877.223290   11.380350   0.008950
1877.232928   11.380120   0.008830
1877.242583   11.382290   0.009410
1877.252102   11.389000   0.009530
1877.261424   11.379640   0.009530
1877.271317   11.388850   0.008950
1877.280810   11.390350   0.008660
1877.290913   11.374350   0.009180
1877.300784   11.380410   0.010160
1877.310552   11.384250   0.009010
1877.320329   11.383160   0.009990
1877.330019   11.391190   0.009180
1877.339609   11.384570   0.008720
1877.349339   11.384930   0.009410
1877.359563   11.377020   0.008780
1877.369289   11.394230   0.009470
1877.379166   11.378040   0.009240
1877.389199   11.394910   0.010100
1877.398748   11.403900   0.010850
1877.408188   11.374590   0.010630
1877.417610   11.386230   0.010280
1877.426444   11.391060   0.009760
1877.433416   11.390670   0.010280
1877.439426   11.387300   0.011030
1877.444578   11.385610   0.010800
1877.449101   11.392010   0.010280
1877.452622   11.384530   0.011270
1877.456119   11.387450   0.010450
1877.458826   11.384710   0.010280
1877.460660   11.380370   0.010450
1877.462441   11.382430   0.010510
1877.464144   11.384450   0.010570
1877.465872   11.383990   0.010740
1877.528546   11.391740   0.012590
1877.538164   11.391850   0.013220
1877.547759   11.382600   0.013800
1877.557433   11.387500   0.014380
1877.566991   11.389200   0.014380
1877.956588   11.392840   0.010970
1877.966360   11.391630   0.010340
1877.975795   11.383450   0.008600
1877.985575   11.385040   0.007910
1877.995071   11.386080   0.007560
1878.004964   11.387280   0.007450
1878.014335   11.384330   0.007910
1878.023915   11.381970   0.006510
1878.033403   11.387610   0.007510
1878.042881   11.377710   0.007390
1878.052477   11.380250   0.008200
1878.062202   11.388530   0.008080
1878.072038   11.386570   0.008260
1878.081838   11.392300   0.008430
1878.091595   11.386410   0.008080
1878.101204   11.379910   0.008260
1878.111056   11.390400   0.008550
1878.120475   11.393840   0.008600
1878.129972   11.382760   0.009240
1878.139452   11.401410   0.010620
1878.148981   11.379340   0.016400
1878.158293   11.365610   0.014430
1878.167692   11.387220   0.009410
1878.177309   11.393500   0.009240
1878.186872   11.396760   0.011430
1878.196273   11.385980   0.011200
1878.206054   11.387700   0.012530
1878.215833   11.391320   0.013340
1878.225557   11.384140   0.013340
1878.235117   11.385370   0.011430
1878.244657   11.394210   0.011610
1878.254352   11.386170   0.012300
1878.263984   11.382070   0.013340
1878.273770   11.396790   0.013630
1878.283405   11.379580   0.014210
1878.293079   11.388470   0.014090
1878.302887   11.379340   0.016980
1878.312828   11.392310   0.017490
1878.322431   11.387900   0.017260
1878.332111   11.400380   0.018190
1878.342126   11.390780   0.012730
1878.351898   11.385850   0.014430
1878.361666   11.392020   0.014030
1878.371492   11.383830   0.014320
1878.381052   11.388240   0.015590
1878.390611   11.401870   0.011740
1878.400035   11.390280   0.014610
1878.409523   11.376130   0.013680
1878.419250   11.378160   0.015070
1878.427139   11.378590   0.015410
1878.434256   11.378730   0.012730
1878.439734   11.388330   0.015760
1878.444205   11.381860   0.012520
1878.448555   11.382470   0.012450
1878.452064   11.392650   0.015190
1878.454721   11.364870   0.014840
1878.457364   11.389010   0.015130
1878.459093   11.395250   0.015130
1878.460943   11.388270   0.015070
1878.463071   11.405420   0.021640
1878.523903   11.380450   0.015650
1878.533380   11.381600   0.015590
1878.542754   11.396690   0.015420
1878.552323   11.396830   0.016630
1878.561961   11.378800   0.018820
1878.571685   11.381880   0.025750
1878.581234   11.391270   0.023440
1878.590773   11.386010   0.025010
1878.600390   11.373110   0.032590
1878.885725   11.393970   0.020400
1878.896259   11.385860   0.016340
1878.907039   11.389120   0.015240
1878.917827   11.382730   0.014720
1878.928636   11.393390   0.014900
1878.939490   11.389420   0.013160
1878.950209   11.392450   0.011200
1878.960985   11.386690   0.010850
1878.971663   11.380990   0.010280
1878.982256   11.392380   0.010570
1878.992862   11.382530   0.010220
1879.003349   11.388630   0.010970
1879.014056   11.385820   0.011080
1879.024781   11.391730   0.011140
1879.035403   11.382670   0.012240
1879.046338   11.392300   0.012360
1879.056998   11.397370   0.012820
1879.067120   11.388290   0.012990
1879.077625   11.390680   0.012930
1879.087804   11.384760   0.013220
1879.097718   11.392780   0.014550
1879.108265   11.374840   0.015240
1879.118677   11.390780   0.015990
1879.128946   11.393670   0.013370
1879.138951   11.397810   0.015300
1879.148948   11.401730   0.017490
1879.158753   11.402230   0.017960
1879.168681   11.388660   0.017670
1879.178653   11.378950   0.018190
1879.188532   11.384630   0.018820
1879.198658   11.398920   0.019060
1879.208980   11.393560   0.019110
1879.219105   11.371630   0.018940
1879.229198   11.379600   0.019340
1879.239692   11.395920   0.019520
1879.249885   11.387910   0.018940
1879.259988   11.387320   0.018190
1879.270136   11.376350   0.018020
1879.279998   11.399630   0.014780
1879.290256   11.386790   0.018070
1879.300321   11.376630   0.017840
1879.310604   11.388280   0.018130
1879.321132   11.386910   0.018130
1879.331398   11.398100   0.018470
1879.341711   11.389370   0.018420
1879.352168   11.393390   0.018590
1879.362239   11.390230   0.018770
1879.372581   11.387850   0.018880
1879.383093   11.374530   0.011000
1879.393142   11.394180   0.019460
1879.403333   11.380650   0.020030
1879.413718   11.389740   0.020500
1879.422210   11.378880   0.020840
1879.430290   11.390180   0.021880
1879.436891   11.393930   0.021880
1879.441492   11.404520   0.022400
1879.445571   11.387090   0.022580
1879.449457   11.390670   0.022980
1879.452342   11.400970   0.018950
1879.454194   11.402800   0.023500
1879.456055   11.392850   0.019020
1879.457932   11.404730   0.023850
1879.460282   11.390860   0.034270
1879.524043   11.391310   0.029040
1879.534146   11.379380   0.031010
1879.544253   11.395920   0.030840
1879.554321   11.402760   0.019100
1879.564508   11.374260   0.032790
1879.574677   11.370560   0.032800
1879.584814   11.376640   0.033800
1879.594935   11.372600   0.035180
1879.605121   11.379690   0.038680
1879.615186   11.373930   0.038830
1879.625350   11.396580   0.043080
1879.885631   11.358550   0.023570
1879.895153   11.392770   0.019580
1879.904711   11.395530   0.015070
1879.914664   11.394590   0.012010
1879.924232   11.384280   0.010050
1879.933937   11.385220   0.008950
1879.943742   11.392410   0.008080
1879.953255   11.387210   0.007620
1879.962965   11.388730   0.007280
1879.972299   11.389930   0.007280
1879.982133   11.385340   0.007450
1879.991480   11.377450   0.007740
1880.001350   11.389860   0.007970
1880.010995   11.381650   0.008550
1880.020489   11.393340   0.008550
1880.030167   11.382250   0.008660
1880.040004   11.383170   0.008370
1880.050020   11.382160   0.008490
1880.059700   11.379570   0.008600
1880.069635   11.376730   0.008720
1880.079469   11.381380   0.009240
1880.089000   11.384490   0.008840
1880.098524   11.387050   0.009300
1880.108072   11.382610   0.009820
1880.117530   11.380550   0.008890
1880.127140   11.379970   0.009240
1880.200091   11.387340   0.009990
1880.209735   11.394880   0.010740
1880.219431   11.385940   0.010400
1880.229324   11.388760   0.009530
1880.238989   11.379760   0.009530
1880.248836   11.382030   0.009350
1880.258298   11.387470   0.009760
1880.267686   11.381930   0.010100
1880.277275   11.385200   0.010280
1880.286928   11.380620   0.011720
1880.306613   11.386880   0.010220
1880.369120   11.394350   0.009990
1880.684731   11.348220   0.026570
1880.693935   11.361080   0.028180
1880.703424   11.404070   0.031520
1880.712965   11.407840   0.037710
1880.722745   11.439800   0.045210
1880.732752   11.432550   0.053990
1880.743114   11.329960   0.068330
1880.753480   11.377290   0.077080
1880.828480   11.367670   0.064700
1880.839020   11.353740   0.062920
1880.967707   11.399890   0.010280
1880.977730   11.399460   0.010620
1880.987626   11.392010   0.008780
1880.997175   11.390880   0.008660
1881.007352   11.389760   0.008780
1881.017262   11.377370   0.008950
1881.027023   11.415120   0.009640
1881.036583   11.388050   0.009120
1881.046307   11.391150   0.009410
1881.055914   11.385090   0.010510
1881.065565   11.383790   0.010100
1881.075352   11.390970   0.010850
1881.085120   11.394480   0.010180
1881.094964   11.384450   0.009760
1881.104801   11.391400   0.008890
1881.114937   11.393570   0.011660
1881.124474   11.393660   0.010620
1881.134326   11.382630   0.011030
1881.143810   11.391320   0.009070
1881.153419   11.380100   0.011030
1881.163015   11.394070   0.010220
1881.171357   11.382970   0.009240
1881.180981   11.386300   0.009640
1881.190627   11.381210   0.008550
1881.200550   11.388630   0.009120
1881.210473   11.377130   0.009580
1881.220305   11.372820   0.010050
1881.230199   11.384560   0.010100
1881.239668   11.380560   0.010450
1881.249328   11.395930   0.010390
1881.258917   11.383920   0.010280
1881.268352   11.396720   0.010620
1881.278189   11.386450   0.010570
1881.288137   11.381390   0.010680
1881.297680   11.388960   0.010800
1881.307337   11.392180   0.011080
1881.317394   11.392820   0.011490
1881.327336   11.383560   0.011780
1881.337373   11.383130   0.011780
1881.347129   11.384400   0.012070
1881.357110   11.391820   0.012180
1881.366722   11.384950   0.012360
1881.376276   11.401150   0.012700
1881.386104   11.385250   0.013110
1881.395996   11.393690   0.013110
1881.405772   11.388100   0.013450
1881.414838   11.388510   0.013510
1881.422098   11.390830   0.013800
1881.428287   11.391010   0.013740
1881.433496   11.384380   0.013800
1881.437835   11.378490   0.013910
1881.441542   11.388750   0.014430
1881.445078   11.380200   0.014550
1881.447777   11.376160   0.014320
1881.449541   11.389560   0.014490
1881.451276   11.390100   0.014550
1881.453055   11.388010   0.014720
1881.455245   11.381080   0.020620
1881.512259   11.390110   0.015470
1881.522032   11.385070   0.016280
1881.531584   11.388720   0.016630
1881.541053   11.390580   0.017030
1881.550943   11.388210   0.016860
1881.560601   11.378300   0.017440
1881.570473   11.385590   0.017550
1881.580253   11.381890   0.018880
1881.589860   11.390500   0.018420
1881.599577   11.381930   0.019980
1881.609472   11.393370   0.019520
1881.619114   11.387600   0.021480
1881.628942   11.408780   0.023670
1881.638590   11.381730   0.024710
1881.648351   11.379040   0.027660
1881.778022   11.377500   0.048840
1881.787777   11.394310   0.044750
1881.797497   11.419410   0.045140
1881.807277   11.418020   0.038800
1881.816745   11.359340   0.037350
1881.826319   11.354730   0.030540
1881.835921   11.364990   0.024770
1881.845731   11.389450   0.021770
1881.855252   11.385970   0.018130
1881.864967   11.397970   0.016340
1881.874874   11.382770   0.014900
1881.884546   11.397290   0.012700
1881.894462   11.386450   0.011320
1881.904494   11.381040   0.010280
1881.914271   11.393490   0.010100
1881.923884   11.387630   0.010160
1881.933466   11.386450   0.009700
1881.943231   11.389670   0.009930
1881.952875   11.386630   0.012240
1881.962633   11.376470   0.013340
1881.972149   11.388650   0.013910
1881.982098   11.391370   0.014720
1881.992169   11.379910   0.018250
1882.001889   11.402890   0.019690
1882.011594   11.397730   0.019980
1882.021627   11.387660   0.015990
1882.031644   11.378490   0.017260
1882.041324   11.378290   0.016800
1882.051198   11.392470   0.015300
1882.060871   11.385590   0.016050
1882.070527   11.381940   0.030260
1882.080330   11.381540   0.012530
1882.090096   11.385920   0.025650
1882.099569   11.411210   0.041890
1882.109365   11.378510   0.021950
1882.121972   11.399370   0.017620
1882.131558   11.384890   0.014040
1882.141120   11.377100   0.022140
1882.150540   11.384320   0.015130
1882.160119   11.398460   0.015300
1882.169652   11.375150   0.016050
1882.179008   11.407100   0.015820
1882.188466   11.404080   0.017730
1882.198063   11.384140   0.020090
1882.208031   11.368270   0.036270
1882.217722   11.386700   0.030150
1882.227231   11.388660   0.025870
1882.236839   11.387000   0.025170
1882.246327   11.361900   0.036130
1882.256107   11.392180   0.034670
1882.266006   11.390590   0.034360
1882.275585   11.376720   0.029040
1882.285301   11.380610   0.029620
1882.295361   11.365310   0.026970
1882.305067   11.390490   0.037050
1882.315073   11.403660   0.043900
1882.325032   11.409450   0.026800
1882.334886   11.400400   0.023850
1882.344919   11.369520   0.028540
1882.354771   11.406910   0.030460
1882.364587   11.379480   0.026390
1882.374737   11.368760   0.025760
1882.394964   11.398600   0.058470
1883.093660   11.385870   0.011670
1883.103366   11.378610   0.018970
1883.112818   11.383950   0.012260
1883.122237   11.387780   0.014010
1883.131900   11.382400   0.011780
1883.141295   11.379830   0.012930
1883.150882   11.393040   0.014090
1883.160374   11.369120   0.015360
1883.169871   11.391470   0.015540
1883.179271   11.386100   0.012530
1883.188727   11.379640   0.012820
1883.198404   11.383890   0.015250
1883.207904   11.393680   0.014950
1883.217549   11.404710   0.015310
1883.226897   11.390830   0.015530
1883.236210   11.395780   0.015470
1883.245790   11.406120   0.015820
1883.255334   11.376830   0.016460
1883.265175   11.388090   0.016280
1883.274780   11.387090   0.017030
1883.284849   11.370450   0.022290
1883.294394   11.377270   0.022900
1883.304305   11.405160   0.021730
1883.314080   11.388670   0.026240
1883.323720   11.379570   0.022030
1883.333437   11.397220   0.019170
1883.343435   11.385650   0.019990
1883.353548   11.382070   0.022020
1883.363493   11.398700   0.018250
1883.373027   11.382810   0.019230
1883.382657   11.384270   0.021080
1883.392439   11.392850   0.019060
1883.402040   11.387700   0.018890
1883.410061   11.377710   0.020960
1883.417485   11.381760   0.021250
1883.423677   11.389760   0.019860
1883.428949   11.390830   0.020790
1883.433300   11.407840   0.023730
1883.436812   11.387800   0.019810
1883.440325   11.391740   0.021780
1883.443180   11.380700   0.019630
1883.444926   11.382000   0.021380
1883.446707   11.382880   0.019120
1883.448508   11.396290   0.019400
1883.507335   11.379740   0.021190
1883.517022   11.381370   0.021770
1883.526655   11.368900   0.023630
1883.536232   11.382530   0.025830
1883.545818   11.398970   0.025880
1883.555341   11.377180   0.025580
1883.565051   11.387660   0.024540
1883.574608   11.381940   0.024540
1883.584302   11.384930   0.025120
1883.593915   11.404220   0.021650
1884.099534   11.384690   0.006530
1884.109140   11.381520   0.006470
1884.118686   11.380760   0.007680
1884.128292   11.379170   0.009130
1884.137551   11.387650   0.007160
1884.147279   11.381720   0.008030
1884.156774   11.387350   0.008430
1884.166197   11.390050   0.009560
1884.175960   11.371150   0.009760
1884.185414   11.392860   0.008670
1884.194977   11.391070   0.007450
1884.204574   11.388790   0.008030
1884.214174   11.379320   0.007450
1884.223839   11.381760   0.008090
1884.233272   11.389670   0.010980
1884.242628   11.389800   0.006930
1884.252195   11.387340   0.006750
1884.261682   11.381550   0.006930
1884.271201   11.379250   0.006810
1884.280876   11.387460   0.007390
1884.290846   11.393290   0.007970
1884.300573   11.389430   0.008550
1884.310420   11.396110   0.011920
1884.320206   11.395300   0.008140
1884.330156   11.392910   0.008310
1884.340081   11.382410   0.009590
1884.350052   11.393860   0.009470
1884.360119   11.390280   0.008200
1884.370060   11.388000   0.008310
1884.379738   11.386810   0.008890
1884.389528   11.384430   0.007280
1884.399065   11.386720   0.007560
1884.406881   11.379000   0.008370
1884.413865   11.391150   0.009870
1884.420368   11.389260   0.010520
1884.425635   11.390500   0.007850
1884.430150   11.383750   0.007220
1884.433678   11.395220   0.008030
1884.437202   11.377610   0.007850
1884.439908   11.392460   0.008260
1884.441669   11.380230   0.008080
1884.443407   11.386650   0.007910
1884.445186   11.389790   0.007620
1884.446926   11.379530   0.009650
1884.503638   11.376270   0.007220
1884.513187   11.372250   0.008270
1884.522993   11.379540   0.007220
1884.532900   11.381440   0.006810
1884.542819   11.387190   0.007740
1884.552706   11.393050   0.008460
1884.562458   11.388080   0.006410
1884.572213   11.386380   0.007280
1884.581820   11.394100   0.006640
1884.591479   11.385840   0.008080
1884.600983   11.382720   0.007390
1884.610820   11.386470   0.007040
1884.886961   11.387420   0.016280
1884.896459   11.391020   0.017190
1884.906042   11.382530   0.016050
1884.915643   11.374600   0.019580
1884.925737   11.383340   0.014900
1884.935570   11.362730   0.019810
1884.945448   11.393310   0.016000
1884.954875   11.387180   0.017730
1884.964329   11.379620   0.016810
1884.974229   11.390810   0.019710
1884.983546   11.410360   0.019110
1884.993441   11.395060   0.017730
1885.003341   11.386740   0.017320
1885.013229   11.384980   0.019520
1885.022911   11.387990   0.019460
1885.032502   11.382040   0.022650
1885.042137   11.392370   0.021540
1885.052183   11.384150   0.022110
1885.061957   11.379980   0.025580
1885.071678   11.385670   0.025930
1885.081285   11.387120   0.029250
1885.090973   11.380390   0.026860
1885.100847   11.396130   0.026210
1885.278794   11.391840   0.014140
1885.288696   11.383830   0.019230
1885.298475   11.394710   0.015600
1885.308250   11.406440   0.015070
1885.318087   11.390780   0.015760
1885.328301   11.376630   0.018130
1885.338173   11.412360   0.027850
1885.347960   11.375520   0.023390
1885.357853   11.382810   0.025590
1885.367578   11.379780   0.026000
1885.377344   11.354390   0.030050
1885.386938   11.377890   0.032280
1885.396599   11.407890   0.025580
1885.404395   11.398710   0.022660
1885.411445   11.387860   0.027090
1885.417511   11.368800   0.028460
1885.422892   11.372030   0.029690
1885.427461   11.426850   0.027380
1885.430989   11.400910   0.022110
1885.434637   11.410460   0.025530
1885.437356   11.404950   0.025470
1885.439093   11.400270   0.025290
1885.440855   11.391200   0.024620
1885.442624   11.404170   0.023010
1885.444416   11.363390   0.023740
1885.502228   11.378920   0.026620
1885.511985   11.366030   0.034590
1885.521821   11.348250   0.026670
1885.531512   11.365870   0.024770
1885.541243   11.384530   0.028060
1885.551133   11.386730   0.023970
1885.560860   11.384530   0.022710
1885.570601   11.396320   0.022810
1885.580236   11.407350   0.026980
1885.590133   11.415710   0.019170
1886.072366   11.380710   0.006410
1886.082057   11.380100   0.006750
1886.091456   11.381540   0.007040
1886.101064   11.382380   0.007280
1886.110701   11.393080   0.007100
1886.120214   11.391780   0.007220
1886.129544   11.392640   0.007510
1886.138882   11.390310   0.007680
1886.148233   11.389400   0.007680
1886.157943   11.379780   0.007970
1886.167550   11.391340   0.008900
1886.177101   11.384130   0.008830
1886.186997   11.383850   0.009180
1886.196609   11.381300   0.009640
1886.206153   11.385910   0.010510
1886.215757   11.393200   0.011200
1886.225422   11.381790   0.014380
1886.234829   11.387810   0.014430
1886.244630   11.395340   0.014150
1886.254426   11.386320   0.010630
1886.263771   11.386380   0.008950
1886.273578   11.398840   0.014210
1886.283270   11.384300   0.008780
1886.293134   11.381110   0.009070
1886.303115   11.390560   0.010280
1886.312914   11.388510   0.009410
1886.322818   11.385740   0.009700
1886.332859   11.386580   0.009700
1886.342543   11.389230   0.009300
1886.352534   11.379690   0.009470
1886.362281   11.393100   0.010220
1886.372003   11.383870   0.010620
1886.381496   11.383220   0.010740
1886.391198   11.383440   0.011550
1886.399994   11.378420   0.011550
1886.408171   11.391350   0.011950
1886.414363   11.387040   0.014260
1886.419581   11.397700   0.014490
1886.423873   11.380820   0.013220
1886.427459   11.374090   0.012990
1886.431086   11.395350   0.013050
1886.433748   11.384860   0.014550
1886.435540   11.385520   0.015360
1886.437293   11.390840   0.013680
1886.439058   11.386480   0.013800
1886.441348   11.379290   0.026770
