1863.169882   12.545070   0.021710
1863.179028   12.543550   0.023960
1863.188111   12.554130   0.027420
1863.197263   12.554260   0.025520
1863.206453   12.541620   0.024190
1863.215516   12.551420   0.029100
1863.224486   12.573400   0.028120
1863.233708   12.546800   0.030300
1863.243026   12.534730   0.029500
1863.252052   12.556580   0.027460
1863.260978   12.566760   0.026270
1863.270074   12.531960   0.030080
1863.279229   12.525330   0.025920
1863.288341   12.552370   0.025230
1863.297662   12.546560   0.023380
1863.306748   12.564610   0.026560
1863.315898   12.548060   0.026970
1863.325261   12.544380   0.026560
1863.334632   12.533180   0.027200
1863.344416   12.539790   0.026790
1863.353962   12.545380   0.026210
1863.363511   12.550610   0.023730
1863.372640   12.545800   0.022230
1863.381795   12.553850   0.022290
1863.391577   12.527260   0.023330
1863.400670   12.529260   0.024370
1863.410157   12.550250   0.024770
1863.419415   12.522010   0.025230
1863.428728   12.552970   0.028070
1863.438171   12.559510   0.028120
1863.447725   12.534600   0.029560
1863.457038   12.538920   0.033960
1863.464667   12.544350   0.041100
1863.471563   12.549510   0.044840
1863.477686   12.543780   0.041980
1863.482900   12.547210   0.041880
1863.487037   12.559600   0.045040
1863.490505   12.548700   0.045130
1863.494064   12.532390   0.042970
1863.496621   12.523070   0.044700
1863.498272   12.527580   0.044180
1863.500087   12.547540   0.046200
1863.501889   12.526000   0.047540
1863.503937   12.550720   0.065780
1864.122118   12.549480   0.018130
1864.131216   12.534870   0.023510
1864.140349   12.552460   0.021190
1864.149328   12.538270   0.020970
1864.158727   12.539510   0.019920
1864.168077   12.542090   0.025290
1864.177441   12.549510   0.023560
1864.186471   12.541000   0.019280
1864.195786   12.553060   0.024250
1864.204761   12.532210   0.021830
1864.213956   12.549870   0.020730
1864.223275   12.535880   0.019920
1864.232312   12.524390   0.023560
1864.241734   12.534160   0.023900
1864.250994   12.538880   0.020900
1864.260292   12.559040   0.024950
1864.269452   12.535710   0.021540
1864.278712   12.553480   0.025230
1864.288040   12.564680   0.025520
1864.297228   12.556560   0.023960
1864.306786   12.539870   0.024710
1864.315982   12.547520   0.025230
1864.325240   12.537350   0.024600
1864.334830   12.537880   0.023790
1864.344223   12.543440   0.032050
1864.353629   12.556760   0.031470
1864.362884   12.552810   0.034070
1864.372284   12.537650   0.039330
1864.381718   12.540820   0.035570
1864.391386   12.546950   0.030200
1864.401175   12.533510   0.037530
1864.410777   12.542300   0.033200
1864.420158   12.539240   0.033910
1864.429378   12.564300   0.037370
1864.438639   12.557940   0.042100
1864.448098   12.560380   0.047050
1864.457409   12.532510   0.054450
1864.465120   12.540760   0.051960
1864.472313   12.589200   0.058550
1864.477494   12.556040   0.067960
1864.482643   12.593060   0.086150
1864.486002   12.522950   0.105590
1864.489646   12.483210   0.092110
1864.492216   12.526460   0.077950
1864.494776   12.481880   0.076370
1864.496480   12.556250   0.081400
1864.498365   12.521560   0.081580
1864.500091   12.515590   0.082550
1864.501760   12.570580   0.084070
1865.081649   12.533010   0.025930
1865.090914   12.552870   0.027370
1865.103000   12.528200   0.026440
1865.112265   12.510180   0.024880
1865.121493   12.526360   0.030750
1865.180915   12.527860   0.018190
1865.189934   12.545200   0.014780
1865.199137   12.537590   0.018530
1865.208040   12.538920   0.014780
1865.217207   12.536820   0.021710
1865.226382   12.533800   0.020790
1865.235932   12.538350   0.023110
1865.245886   12.531200   0.022980
1865.255783   12.538780   0.022690
1865.265750   12.532900   0.028540
1865.275774   12.547740   0.026100
1865.285892   12.538560   0.022290
1865.295973   12.518350   0.024250
1865.306185   12.556740   0.024480
1865.316145   12.530980   0.023790
1865.326150   12.558550   0.026390
1865.336276   12.525110   0.030660
1865.346577   12.534520   0.026850
1865.356675   12.561690   0.027080
1865.366659   12.532970   0.029210
1865.376904   12.534510   0.029800
1865.387088   12.553190   0.030500
1865.397153   12.553350   0.032120
1865.407149   12.557720   0.030220
1865.417333   12.532440   0.028230
1865.427630   12.550920   0.029740
1865.437669   12.529590   0.024820
1865.448171   12.545250   0.036790
1865.457324   12.529740   0.041350
1865.465615   12.515770   0.043780
1865.471988   12.487800   0.055260
1865.477591   12.479240   0.067090
1865.482335   12.541370   0.058870
1865.486159   12.527330   0.063700
1865.489785   12.533610   0.055950
1865.492667   12.522170   0.054220
1865.494427   12.512820   0.052360
1865.496283   12.528410   0.047230
1865.498551   12.516750   0.083060
1866.165339   12.540180   0.016340
1866.174723   12.549400   0.016510
1866.184057   12.541800   0.016630
1866.193410   12.544400   0.016980
1866.202706   12.534310   0.017730
1866.212035   12.546490   0.018010
1866.221409   12.534720   0.018300
1866.230791   12.536220   0.017960
1866.240551   12.551780   0.018010
1866.250004   12.534600   0.017900
1866.259354   12.535590   0.018360
1867.193045   12.542710   0.012360
1867.202355   12.540320   0.012870
1867.211516   12.541050   0.012930
1867.220585   12.538660   0.013570
1867.230131   12.545980   0.013800
1867.239707   12.544950   0.013740
1867.249230   12.537540   0.013450
1867.258785   12.545290   0.013860
1867.268385   12.550370   0.014030
1867.277702   12.537190   0.014320
1867.287153   12.538920   0.014430
1867.296854   12.542890   0.014780
1867.306121   12.541760   0.014840
1867.315500   12.544390   0.015070
1867.325094   12.535570   0.015300
1867.334502   12.544400   0.015760
1867.344482   12.547070   0.016400
1867.354030   12.550630   0.016280
1867.363492   12.560700   0.018420
1867.372735   12.543270   0.016920
1867.382212   12.550570   0.017610
1867.391671   12.560840   0.018880
1867.401392   12.536290   0.018130
1867.410805   12.548770   0.018130
1867.420288   12.553540   0.021610
1867.429722   12.542080   0.023500
1867.439192   12.557650   0.021710
1867.448574   12.558480   0.024770
1867.456168   12.545130   0.021130
1867.463320   12.548510   0.021830
1867.469421   12.525740   0.021940
1867.473939   12.536530   0.018250
1867.478291   12.556470   0.017150
1867.481655   12.550480   0.017090
1867.484335   12.545030   0.018300
1867.486951   12.538240   0.018190
1867.488639   12.551500   0.018470
1867.490315   12.551740   0.019230
1867.492002   12.544410   0.018820
1867.493724   12.555200   0.018420
1868.197661   12.533880   0.021590
1868.207123   12.531720   0.021890
1868.216495   12.551820   0.026800
1868.225986   12.543240   0.025460
1868.235811   12.515660   0.029100
1868.245580   12.533830   0.027830
1868.255259   12.547460   0.028640
1868.264815   12.544570   0.030600
1868.274279   12.544040   0.033430
1868.283929   12.569160   0.030260
1868.293537   12.516700   0.042740
1868.303104   12.548510   0.047300
1868.312574   12.564440   0.045160
1868.322548   12.521320   0.034030
1868.332083   12.548900   0.033260
1868.341800   12.541820   0.035010
1868.351466   12.553170   0.042020
1868.360837   12.543250   0.042670
1868.370659   12.537570   0.039430
1868.380417   12.568590   0.042150
1868.390367   12.535470   0.038480
1868.399668   12.529320   0.037990
1868.409622   12.513060   0.042110
1868.419023   12.537260   0.038980
1868.428372   12.538380   0.039100
1868.437691   12.510170   0.040240
1868.446987   12.535130   0.040250
1868.454949   12.553120   0.043150
1868.461066   12.521930   0.041170
1868.467151   12.518280   0.042900
1868.471440   12.558140   0.047320
1868.475710   12.526650   0.052420
1868.479187   12.522240   0.050870
1868.481793   12.543960   0.050990
1868.484421   12.558760   0.050480
1868.486154   12.517530   0.046470
1868.487874   12.560420   0.049210
1868.489584   12.513860   0.049890
1868.491280   12.542570   0.056360
1868.552972   12.536000   0.084870
1868.562396   12.538300   0.076330
1868.581607   12.504400   0.117190
1868.591155   12.620870   0.121460
1869.239644   12.505400   0.062650
1869.249027   12.541300   0.062880
1869.258676   12.542040   0.068500
1869.268460   12.559310   0.087460
1869.278238   12.555400   0.096630
1869.287800   12.565340   0.097170
1869.297392   12.524080   0.095150
1869.307040   12.544640   0.105080
1869.326511   12.526500   0.106540
1870.219778   12.533420   0.015240
1870.229270   12.535390   0.015530
1870.238762   12.537560   0.016740
1870.248135   12.538370   0.016170
1870.257691   12.539530   0.018010
1870.267266   12.550530   0.017490
1870.276950   12.547510   0.017500
1870.286498   12.533120   0.017900
1870.295849   12.556440   0.016970
1870.305565   12.552400   0.017840
1870.315197   12.539340   0.019750
1870.325274   12.531100   0.019980
1870.335174   12.525060   0.019050
1870.344892   12.536400   0.020260
1870.354573   12.549750   0.023440
1870.364104   12.525220   0.029500
1870.373603   12.558880   0.029220
1870.383600   12.533980   0.033250
1870.393243   12.522660   0.042510
1870.402820   12.522800   0.057670
1870.412418   12.559230   0.053300
1870.421719   12.552230   0.050580
1870.431056   12.529630   0.053180
1870.440608   12.513930   0.045390
1870.448993   12.546390   0.039070
1870.456179   12.537320   0.038050
1870.461756   12.549560   0.047090
1870.466593   12.523510   0.055720
1870.470290   12.575060   0.047580
1870.474034   12.566930   0.054340
1870.476825   12.528410   0.063570
1870.478569   12.549070   0.059500
1870.480341   12.557260   0.057710
1870.482097   12.557440   0.053260
1870.483838   12.539630   0.058130
1870.485602   12.556570   0.059640
1871.136689   12.559070   0.017960
1871.146179   12.546340   0.016740
1871.155384   12.537940   0.016920
1871.164955   12.538570   0.018250
1871.174269   12.530540   0.017960
1871.183469   12.538910   0.019110
1871.192872   12.542740   0.018070
1871.202392   12.540290   0.019000
1871.211865   12.546500   0.022300
1871.221273   12.536480   0.021590
1871.230922   12.551170   0.019630
1871.240394   12.553060   0.019170
1871.250018   12.551990   0.020030
1871.259511   12.531550   0.019400
1871.269122   12.536120   0.019980
1871.278903   12.531810   0.019400
1871.288648   12.532670   0.020500
1871.298226   12.544610   0.020150
1871.307789   12.543230   0.021590
1871.317562   12.524420   0.022290
1871.327342   12.527370   0.022750
1871.337079   12.549660   0.024890
1871.346725   12.557210   0.025870
1871.356495   12.543940   0.024830
1871.366277   12.553890   0.027370
1871.375944   12.544830   0.027540
1871.385808   12.566020   0.030140
1871.395399   12.557110   0.032330
1871.404882   12.545010   0.036200
1871.414342   12.533550   0.034530
1871.423744   12.523850   0.034310
1871.433495   12.547830   0.034410
1871.442405   12.527850   0.032740
1871.449670   12.536640   0.033270
1871.455742   12.532190   0.033780
1871.461191   12.558290   0.036790
1871.465968   12.540150   0.034650
1871.469461   12.560090   0.034810
1871.472994   12.524640   0.035190
1871.476070   12.545000   0.033200
1871.477819   12.535310   0.032450
1871.479709   12.540960   0.033950
1871.481438   12.566550   0.033510
1871.550420   12.541340   0.038680
1871.559908   12.534560   0.039070
1871.569340   12.529690   0.043630
1871.578835   12.544690   0.046380
1871.588334   12.549070   0.051210
1871.597765   12.532050   0.059600
1871.607264   12.546300   0.066500
1871.616819   12.540110   0.077110
1871.626324   12.460660   0.087950
1872.324463   12.552020   0.019460
1872.334315   12.550050   0.020320
1872.344041   12.563000   0.020270
1872.353623   12.542890   0.020210
1872.363427   12.556530   0.019750
1872.373279   12.550860   0.019630
1872.383099   12.541790   0.019920
1872.392766   12.537710   0.019920
1872.402203   12.549310   0.020380
1872.412032   12.545740   0.021420
1872.421585   12.546780   0.021650
1872.431130   12.555260   0.023210
1872.439874   12.565260   0.023150
1872.447517   12.557600   0.023210
1872.454162   12.539440   0.023440
1872.459603   12.543630   0.025700
1872.463903   12.549490   0.026560
1872.467716   12.558590   0.025410
1872.470496   12.531930   0.024940
1872.473152   12.539080   0.025930
1872.474857   12.532820   0.025520
1872.476617   12.535860   0.025980
1872.478370   12.535930   0.026560
1872.480228   12.532740   0.026160
1872.541663   12.569890   0.034470
1872.550845   12.543730   0.033670
1872.560270   12.577720   0.034820
1872.569828   12.532910   0.037320
1872.579400   12.555000   0.042040
1872.588943   12.547810   0.047460
1872.598488   12.561410   0.053220
1872.608116   12.551860   0.057930
1872.617527   12.520890   0.064810
1872.627101   12.527390   0.078030
1872.636625   12.559280   0.089530
1873.229437   12.536460   0.022170
1873.238826   12.541900   0.023440
1873.248403   12.522420   0.022400
1873.258009   12.514920   0.022520
1873.267456   12.522640   0.023150
1873.276959   12.543350   0.023900
1873.286788   12.537440   0.023900
1873.296275   12.538960   0.024430
1873.305896   12.520340   0.026100
1873.315548   12.533150   0.026790
1873.325684   12.555430   0.028030
1873.335346   12.517740   0.030320
1873.344943   12.561210   0.031190
1873.354842   12.528380   0.027900
1873.364691   12.545370   0.031640
1873.374458   12.538250   0.031240
1873.383960   12.542660   0.027670
1873.393856   12.527540   0.028640
1873.403606   12.559370   0.029870
1873.413210   12.577970   0.034520
1873.422938   12.535430   0.035800
1873.432622   12.521780   0.030720
1873.441010   12.537930   0.028750
1873.447044   12.549520   0.028590
1873.453044   12.522560   0.028010
1873.457630   12.556730   0.030160
1873.462090   12.538040   0.029220
1873.465548   12.533340   0.029270
1873.468261   12.515230   0.029560
1873.470892   12.533710   0.031490
1873.472722   12.545540   0.029790
1873.474437   12.549640   0.029850
1873.476606   12.568860   0.043040
1873.539458   12.544380   0.109350
1873.548852   12.590970   0.093600
1873.558313   12.491600   0.073460
1873.567696   12.520340   0.067770
1873.577180   12.588510   0.080940
1873.586745   12.549060   0.066010
1873.596227   12.515720   0.088540
1873.605773   12.506160   0.087190
1873.615321   12.517510   0.079470
1873.624816   12.513940   0.088510
1874.032527   12.549190   0.015240
1874.041923   12.546290   0.015990
1874.051714   12.534980   0.015700
1874.061193   12.555240   0.015700
1874.070741   12.541030   0.016570
1874.080230   12.535240   0.016460
1874.089638   12.535660   0.016170
1874.098984   12.546230   0.016860
1874.108441   12.536750   0.016460
1874.117749   12.535670   0.017210
1874.127103   12.540380   0.017500
1874.136654   12.547960   0.017670
1874.145982   12.546020   0.018070
1874.155173   12.542600   0.019460
1874.164605   12.532980   0.020670
1874.174153   12.537410   0.024430
1874.183645   12.556050   0.031550
1874.193053   12.545110   0.042790
1874.202515   12.528610   0.042910
1874.212179   12.524230   0.045980
1874.222051   12.545910   0.040470
1874.593715   12.464160   0.080020
1874.603390   12.558270   0.070030
1874.613039   12.526460   0.087600
1876.992585   12.522510   0.015880
1877.002277   12.540170   0.016050
1877.012009   12.522050   0.016980
1877.021623   12.537310   0.016970
1877.031340   12.532660   0.018020
1877.041094   12.538200   0.017500
1877.050632   12.560360   0.015940
1877.060512   12.533290   0.016340
1877.070280   12.549890   0.016920
1877.080037   12.562890   0.017210
1877.089835   12.536510   0.016800
1877.099542   12.539920   0.018020
1877.109324   12.539670   0.021080
1877.119234   12.536820   0.020590
1877.128562   12.535100   0.019460
1877.137988   12.546310   0.018830
1877.147449   12.536420   0.022700
1877.157081   12.541860   0.020960
1877.166514   12.534990   0.020500
1877.175811   12.533640   0.018820
1877.185180   12.544440   0.020510
1877.194638   12.552450   0.019240
1877.204359   12.543500   0.019460
1877.213829   12.532470   0.018360
1877.223290   12.565070   0.019460
1877.232928   12.540690   0.018940
1877.242583   12.516320   0.020620
1877.252102   12.560160   0.021590
1877.261424   12.543580   0.021360
1877.271317   12.564810   0.019580
1877.280810   12.539370   0.018010
1877.290913   12.538820   0.020560
1877.300784   12.517840   0.023850
1877.310552   12.533880   0.019980
1877.320329   12.550960   0.022980
1877.330019   12.558940   0.019980
1877.339609   12.543870   0.018250
1877.349339   12.547390   0.020850
1877.359563   12.553580   0.018650
1877.369289   12.553810   0.020380
1877.379166   12.557770   0.019860
1877.389199   12.537730   0.022750
1877.398748   12.545360   0.025820
1877.408188   12.523620   0.024210
1877.417610   12.544890   0.022760
1877.426444   12.547550   0.020730
1877.433416   12.538800   0.023040
1877.439426   12.572960   0.025080
1877.444578   12.554980   0.025000
1877.449101   12.544220   0.021830
1877.452622   12.544590   0.025920
1877.456119   12.542910   0.022640
1877.458826   12.541890   0.021880
1877.460660   12.542970   0.023100
1877.462441   12.531920   0.022750
1877.464144   12.529630   0.022990
1877.465872   12.538350   0.023850
1877.528546   12.551960   0.028410
1877.538164   12.540500   0.030660
1877.547759   12.528400   0.031820
1877.557433   12.540460   0.032980
1877.566991   12.541300   0.034310
1877.956588   12.534060   0.026480
1877.966360   12.548710   0.022930
1877.975795   12.551260   0.018190
1877.985575   12.549410   0.016450
1877.995071   12.550810   0.015590
1878.004964   12.549370   0.015470
1878.014335   12.544720   0.016630
1878.023915   12.549990   0.013440
1878.033403   12.545840   0.015470
1878.042881   12.542410   0.015190
1878.052477   12.534600   0.017210
1878.062202   12.537000   0.016510
1878.072038   12.542770   0.017090
1878.081838   12.546190   0.017550
1878.091595   12.540780   0.016630
1878.101204   12.512990   0.016690
1878.111056   12.551840   0.017670
1878.120475   12.535440   0.017730
1878.129972   12.539010   0.019230
1878.139452   12.538150   0.021940
1878.148981   12.545920   0.035860
1878.158293   12.524420   0.031360
1878.167692   12.528140   0.019570
1878.177309   12.518240   0.018940
1878.186872   12.542270   0.024020
1878.196273   12.518130   0.023320
1878.206054   12.545940   0.026910
1878.215833   12.530390   0.028060
1878.225557   12.550420   0.029330
1878.235117   12.524570   0.023960
1878.244657   12.530810   0.024310
1878.254352   12.538520   0.026450
1878.263984   12.543590   0.029040
1878.273770   12.526810   0.029100
1878.283405   12.563960   0.031640
1878.293079   12.541380   0.030260
1878.302887   12.539490   0.036900
1878.312828   12.558430   0.039550
1878.322431   12.537680   0.038120
1878.332111   12.503410   0.039110
1878.342126   12.561370   0.028070
1878.351898   12.547060   0.032860
1878.361666   12.537660   0.031010
1878.371492   12.529240   0.031930
1878.381052   12.551910   0.035120
1878.390611   12.530030   0.026240
1878.400035   12.552280   0.031990
1878.409523   12.558040   0.031970
1878.419250   12.556980   0.035170
1878.427139   12.550470   0.038680
1878.434256   12.538110   0.030760
1878.439734   12.571790   0.037520
1878.444205   12.536890   0.027790
1878.448555   12.571850   0.028780
1878.452064   12.538320   0.034530
1878.454721   12.533150   0.033720
1878.457364   12.531500   0.034130
1878.459093   12.548820   0.035860
1878.460943   12.532250   0.034760
1878.463071   12.539530   0.049290
1878.523903   12.542200   0.039490
1878.533380   12.530660   0.038340
1878.542754   12.543360   0.037780
1878.552323   12.546590   0.038630
1878.561961   12.555410   0.043080
1878.571685   12.556610   0.063070
1878.581234   12.543650   0.057010
1878.590773   12.566500   0.062100
1878.600390   12.533450   0.079130
1878.885725   12.550830   0.048590
1878.896259   12.530450   0.041700
1878.907039   12.540940   0.036800
1878.917827   12.553670   0.034480
1878.928636   12.537990   0.034640
1878.939490   12.529430   0.029790
1878.950209   12.543840   0.025060
1878.960985   12.548320   0.023970
1878.971663   12.544920   0.022410
1878.982256   12.558270   0.023210
1878.992862   12.542320   0.022000
1879.003349   12.552120   0.023670
1879.014056   12.541150   0.023790
1879.024781   12.554870   0.024250
1879.035403   12.575900   0.027370
1879.046338   12.550350   0.026960
1879.056998   12.534720   0.027830
1879.067120   12.542010   0.028410
1879.077625   12.537030   0.028000
1879.087804   12.541910   0.028980
1879.097718   12.532370   0.031640
1879.108265   12.548070   0.033890
1879.118677   12.532670   0.035050
1879.128946   12.552140   0.029560
1879.138951   12.537680   0.033310
1879.148948   12.537230   0.038340
1879.158753   12.530200   0.039440
1879.168681   12.532050   0.039610
1879.178653   12.533860   0.041670
1879.188532   12.538640   0.041690
1879.198658   12.547920   0.042850
1879.208980   12.534390   0.041460
1879.219105   12.553640   0.043190
1879.229198   12.544320   0.043840
1879.239692   12.558830   0.043350
1879.249885   12.553970   0.042210
1879.259988   12.567520   0.040240
1879.270136   12.551620   0.039380
1879.279998   12.522330   0.032110
1879.290256   12.548370   0.038910
1879.300321   12.573390   0.040140
1879.310604   12.546830   0.039140
1879.321132   12.558770   0.039670
1879.331398   12.535000   0.039790
1879.341711   12.543180   0.039950
1879.352168   12.506590   0.040590
1879.362239   12.517140   0.040180
1879.372581   12.502330   0.040770
1879.383093   12.555930   0.024400
1879.393142   12.576370   0.042900
1879.403333   12.522850   0.043950
1879.413718   12.538290   0.044920
1879.422210   12.564510   0.046560
1879.430290   12.536530   0.046540
1879.436891   12.525560   0.050470
1879.441492   12.518420   0.047810
1879.445571   12.538380   0.049370
1879.449457   12.524380   0.051600
1879.452342   12.544110   0.045880
1879.454194   12.526920   0.055090
1879.456055   12.565830   0.042790
1879.457932   12.560190   0.053030
1879.460282   12.551950   0.077250
1879.524043   12.555070   0.071920
1879.534146   12.552450   0.067870
1879.544253   12.526930   0.073160
1879.554321   12.436790   0.045600
1879.564508   12.524410   0.081390
1879.574677   12.583900   0.080460
1879.584814   12.501000   0.078730
1879.594935   12.563720   0.082510
1879.605121   12.571090   0.089630
1879.615186   12.574690   0.095410
1879.625350   12.521780   0.100330
1879.885631   12.500190   0.059370
1879.895153   12.508160   0.048630
1879.904711   12.587360   0.037240
1879.914664   12.569560   0.028360
1879.924232   12.545100   0.023270
1879.933937   12.560980   0.020610
1879.943742   12.549550   0.017960
1879.953255   12.547490   0.016690
1879.962965   12.546820   0.015700
1879.972299   12.536300   0.015420
1879.982133   12.531920   0.015880
1879.991480   12.546170   0.016980
1880.001350   12.534080   0.017320
1880.010995   12.547920   0.018820
1880.020489   12.537520   0.018590
1880.030167   12.551810   0.019410
1880.040004   12.534920   0.018250
1880.050020   12.541530   0.018650
1880.059700   12.549840   0.019460
1880.069635   12.544380   0.019400
1880.079469   12.529040   0.021080
1880.089000   12.552270   0.019800
1880.098524   12.543310   0.021250
1880.108072   12.553590   0.022980
1880.117530   12.538050   0.019750
1880.127140   12.552700   0.020610
1880.200091   12.551260   0.023510
1880.209735   12.543750   0.025470
1880.219431   12.539080   0.024540
1880.229324   12.554720   0.021480
1880.238989   12.542240   0.021420
1880.248836   12.518820   0.020840
1880.258298   12.544170   0.021770
1880.267686   12.530790   0.023040
1880.277275   12.531010   0.022690
1880.286928   12.545820   0.027140
1880.306613   12.563140   0.023270
1880.369120   12.544080   0.021710
1880.684731   12.588960   0.056880
1880.693935   12.558340   0.062710
1880.703424   12.573590   0.079170
1880.712965   12.504260   0.086680
1880.722745   12.531060   0.107650
1880.732829   12.585680   0.106360
1880.839020   12.504220   0.131660
1880.967707   12.541620   0.023910
1880.977730   12.534990   0.025120
1880.987626   12.539450   0.020150
1880.997175   12.525310   0.018650
1881.007352   12.523040   0.019630
1881.017262   12.521870   0.019640
1881.027023   12.531620   0.021250
1881.036583   12.564830   0.020270
1881.046307   12.545160   0.020840
1881.055914   12.531450   0.023790
1881.065565   12.536890   0.022520
1881.075352   12.573100   0.025810
1881.085120   12.531090   0.023150
1881.094964   12.542670   0.021890
1881.104801   12.549380   0.019460
1881.114937   12.539260   0.027140
1881.124474   12.528300   0.024400
1881.134326   12.546300   0.025230
1881.143810   12.538050   0.019570
1881.153419   12.559880   0.025250
1881.163015   12.548940   0.022860
1881.171357   12.552590   0.020260
1881.180981   12.537930   0.021070
1881.190627   12.521850   0.017900
1881.200550   12.536660   0.019400
1881.210473   12.557090   0.021070
1881.220305   12.534330   0.021940
1881.230199   12.562310   0.022230
1881.239668   12.547880   0.022690
1881.249328   12.528160   0.022230
1881.258917   12.533310   0.022110
1881.268352   12.533910   0.023210
1881.278189   12.547960   0.023040
1881.288137   12.552930   0.023560
1881.297680   12.535140   0.023440
1881.307337   12.547580   0.024250
1881.317394   12.556070   0.025410
1881.327336   12.559380   0.026150
1881.337373   12.538890   0.026100
1881.347129   12.543090   0.026500
1881.357110   12.545150   0.026790
1881.366722   12.542620   0.027370
1881.376276   12.526950   0.028000
1881.386104   12.526020   0.029220
1881.395996   12.530620   0.028990
1881.405772   12.560880   0.030310
1881.414838   12.531790   0.029730
1881.422098   12.545020   0.031230
1881.428287   12.522840   0.030030
1881.433496   12.519160   0.030960
1881.437835   12.527160   0.032040
1881.441542   12.535600   0.032450
1881.445078   12.514900   0.033930
1881.447777   12.526500   0.033460
1881.449541   12.550490   0.033580
1881.451276   12.531740   0.032280
1881.453055   12.555860   0.032910
1881.455245   12.534540   0.046750
1881.512259   12.532090   0.033960
1881.522032   12.514850   0.037210
1881.531584   12.534850   0.037950
1881.541053   12.561760   0.039050
1881.550943   12.531670   0.037480
1881.560601   12.525280   0.040950
1881.570473   12.565130   0.039090
1881.580253   12.522200   0.045840
1881.589860   12.546800   0.040540
1881.599577   12.529760   0.049020
1881.609472   12.566250   0.044370
1881.619114   12.578970   0.050930
1881.628942   12.548480   0.052510
1881.638590   12.566260   0.053880
1881.648351   12.592730   0.068820
1881.787777   12.586550   0.121260
1881.797497   12.551470   0.121190
1881.807277   12.509310   0.102690
1881.816745   12.564970   0.087950
1881.826319   12.577840   0.077670
1881.835921   12.473280   0.063910
1881.845731   12.545310   0.051740
1881.855252   12.567370   0.042960
1881.864967   12.555490   0.039120
1881.874874   12.544120   0.035810
1881.884546   12.542160   0.029740
1881.894462   12.537440   0.026500
1881.904494   12.538340   0.023440
1881.914271   12.541980   0.023040
1881.923884   12.531980   0.022920
1881.933466   12.534830   0.021820
1881.943231   12.543520   0.022170
1881.952875   12.517430   0.029390
1881.962633   12.524090   0.031180
1881.972149   12.554850   0.032220
1881.982098   12.548700   0.034010
1881.992169   12.532290   0.044350
1882.001889   12.531200   0.049820
1882.011594   12.533900   0.048870
1882.021627   12.535400   0.037270
1882.031644   12.561510   0.042750
1882.041324   12.584580   0.041860
1882.051198   12.524950   0.035160
1882.060871   12.514510   0.037180
1882.070527   12.546250   0.074910
1882.080330   12.516630   0.028360
1882.090096   12.556720   0.065750
1882.099569   12.586640   0.105010
1882.109365   12.571860   0.049850
1882.121972   12.483020   0.041930
1882.131558   12.511770   0.032410
1882.141120   12.527950   0.056380
1882.150540   12.509240   0.034990
1882.160119   12.546100   0.035510
1882.169652   12.564050   0.037760
1882.179008   12.558480   0.038690
1882.188466   12.517120   0.041320
1882.198063   12.554840   0.046190
1882.208031   12.522440   0.082780
1882.217722   12.604050   0.074320
1882.227231   12.531090   0.061010
1882.236839   12.510550   0.062650
1882.246327   12.538860   0.084850
1882.256107   12.560570   0.082750
1882.266006   12.573250   0.083750
1882.275585   12.548210   0.075900
1882.285301   12.582670   0.074930
1882.295361   12.496880   0.067390
1882.305067   12.568510   0.086460
1882.315073   12.565490   0.108250
1882.325032   12.548920   0.067910
1882.334886   12.573380   0.061840
1882.344919   12.531870   0.067480
1882.354771   12.576570   0.077730
1882.364587   12.569170   0.063930
1882.374737   12.554190   0.061810
1882.394964   12.524820   0.130560
1883.093660   12.560240   0.027950
1883.103366   12.533620   0.047470
1883.112818   12.578450   0.028360
1883.122237   12.531180   0.035280
1883.131900   12.532510   0.027540
1883.141295   12.565500   0.030610
1883.150882   12.522340   0.033030
1883.160374   12.554050   0.036900
1883.169871   12.559530   0.040140
1883.179271   12.525320   0.029160
1883.188727   12.551980   0.030400
1883.198404   12.553590   0.034350
1883.207904   12.539500   0.034760
1883.217549   12.559840   0.040270
1883.226897   12.557420   0.035920
1883.236210   12.515770   0.037700
1883.245790   12.561950   0.037240
1883.255334   12.528360   0.038390
1883.265175   12.519120   0.037700
1883.274780   12.577500   0.040200
1883.284849   12.530450   0.054780
1883.294394   12.536230   0.055980
1883.304305   12.525010   0.053950
1883.314080   12.564750   0.067790
1883.323720   12.579910   0.054770
1883.333437   12.525040   0.044120
1883.343435   12.552540   0.049900
1883.353548   12.539470   0.056850
1883.363493   12.539500   0.043780
1883.373027   12.558480   0.045940
1883.382657   12.534630   0.046680
1883.392439   12.524300   0.047140
1883.402040   12.541770   0.047150
1883.410061   12.536800   0.053590
1883.417485   12.539160   0.055400
1883.423677   12.501870   0.049240
1883.428949   12.535000   0.052040
1883.433300   12.486340   0.059130
1883.436812   12.519420   0.050130
1883.440325   12.532060   0.057580
1883.443180   12.542570   0.053010
1883.444926   12.494320   0.054380
1883.446707   12.549240   0.052550
1883.448508   12.510890   0.049860
1883.507335   12.517180   0.053930
1883.517022   12.557420   0.053700
1883.526655   12.570470   0.062430
1883.536232   12.534750   0.063100
1883.545818   12.562940   0.066330
1883.555341   12.605980   0.066860
1883.565051   12.531290   0.066300
1883.574608   12.567990   0.063920
1883.584302   12.556920   0.061080
1883.593915   12.561030   0.054690
1884.099534   12.543080   0.014550
1884.109140   12.544210   0.014200
1884.118686   12.542930   0.017780
1884.128292   12.525980   0.022960
1884.137551   12.541450   0.016180
1884.147279   12.542050   0.018250
1884.156774   12.545170   0.019000
1884.166197   12.533360   0.022240
1884.175960   12.553950   0.022590
1884.185414   12.544570   0.020240
1884.194977   12.537500   0.016690
1884.204574   12.541960   0.017960
1884.214174   12.535080   0.016460
1884.223839   12.528140   0.018370
1884.233272   12.534090   0.025890
1884.242628   12.549950   0.015240
1884.252195   12.558330   0.015010
1884.261682   12.538590   0.015070
1884.271201   12.539210   0.015070
1884.280876   12.550270   0.016400
1884.290846   12.554280   0.017900
1884.300573   12.541190   0.019230
1884.310420   12.562670   0.027920
1884.320206   12.552830   0.018530
1884.330156   12.557680   0.018880
1884.340081   12.532280   0.022470
1884.350052   12.539190   0.021660
1884.360119   12.532140   0.018300
1884.370060   12.549200   0.018710
1884.379738   12.542860   0.019980
1884.389528   12.535800   0.016110
1884.399065   12.538410   0.016800
1884.406881   12.533650   0.019400
1884.413865   12.530600   0.022400
1884.420368   12.522170   0.025370
1884.425635   12.544840   0.017850
1884.430150   12.535290   0.015880
1884.433678   12.550780   0.017960
1884.437202   12.532840   0.017490
1884.439908   12.531500   0.018650
1884.441669   12.534440   0.018480
1884.443407   12.559840   0.017780
1884.445186   12.538770   0.017210
1884.446926   12.540410   0.023750
1884.503638   12.545100   0.016230
1884.513187   12.525730   0.019440
1884.522993   12.538510   0.016460
1884.532900   12.544090   0.014900
1884.542819   12.518500   0.018660
1884.552706   12.528390   0.022010
1884.562458   12.547730   0.013740
1884.572213   12.543110   0.017240
1884.581820   12.551240   0.014320
1884.591479   12.540870   0.018080
1884.600983   12.556190   0.016230
1884.610820   12.539450   0.015240
1884.886961   12.579630   0.038520
1884.896459   12.566350   0.045070
1884.906042   12.544860   0.038590
1884.915643   12.515420   0.048390
1884.925737   12.561160   0.035230
1884.935570   12.516170   0.048850
1884.945448   12.536370   0.040060
1884.954875   12.501320   0.042600
1884.964329   12.524240   0.040830
1884.974229   12.513100   0.049350
1884.983546   12.527220   0.049720
1884.993441   12.525410   0.044970
1885.003341   12.571360   0.040780
1885.013229   12.541610   0.044760
1885.022911   12.547500   0.045510
1885.032502   12.546630   0.052140
1885.042137   12.524210   0.048620
1885.052183   12.514650   0.050950
1885.061957   12.524520   0.060130
1885.071678   12.544680   0.063100
1885.081285   12.491410   0.073430
1885.090973   12.545450   0.063700
1885.100847   12.579910   0.056870
1885.278794   12.567390   0.034360
1885.288696   12.550700   0.047480
1885.298475   12.576740   0.040360
1885.308250   12.537780   0.035220
1885.318087   12.551650   0.037980
1885.328301   12.566230   0.048300
1885.338173   12.482560   0.069830
1885.347960   12.567980   0.062220
1885.357853   12.512270   0.067200
1885.367578   12.510580   0.066350
1885.377344   12.567370   0.081690
1885.386938   12.541600   0.081870
1885.396599   12.532550   0.066110
1885.404395   12.529530   0.060190
1885.411445   12.573090   0.068660
1885.417511   12.561210   0.073910
1885.422892   12.484080   0.074380
1885.427461   12.483880   0.069950
1885.430989   12.518180   0.055100
1885.434637   12.517420   0.065920
1885.437356   12.557800   0.067110
1885.439093   12.566690   0.064270
1885.440855   12.521950   0.063030
1885.442624   12.591930   0.062610
1885.444416   12.534340   0.062000
1885.502228   12.569840   0.069980
1885.511985   12.551350   0.087080
1885.521821   12.559190   0.069690
1885.531512   12.533980   0.066350
1885.541243   12.543180   0.071700
1885.551133   12.584150   0.061330
1885.560860   12.541410   0.060510
1885.570601   12.603150   0.059150
1885.580236   12.532350   0.070900
1885.590133   12.566830   0.052420
1886.072366   12.541400   0.013510
1886.082057   12.545020   0.014430
1886.091456   12.557490   0.015300
1886.101064   12.536440   0.015530
1886.110701   12.533880   0.015190
1886.120214   12.551380   0.015590
1886.129544   12.525410   0.016170
1886.138882   12.527750   0.016510
1886.148233   12.532920   0.016570
1886.157943   12.534270   0.017150
1886.167550   12.535610   0.019660
1886.177101   12.559200   0.019520
1886.186997   12.545140   0.020150
1886.196609   12.527100   0.021130
1886.206153   12.540210   0.023270
1886.215757   12.557180   0.025240
1886.225422   12.534000   0.032390
1886.234829   12.529420   0.033790
1886.244630   12.538270   0.032100
1886.254426   12.549750   0.024040
1886.263771   12.547390   0.019800
1886.273578   12.530860   0.032500
1886.283270   12.551810   0.019400
1886.293134   12.561600   0.020440
1886.303115   12.556020   0.023390
1886.312914   12.562260   0.021480
1886.322818   12.529040   0.022060
1886.332859   12.558100   0.022060
1886.342543   12.538960   0.021140
1886.352534   12.554050   0.021420
1886.362281   12.543360   0.023270
1886.372003   12.540470   0.024550
1886.381496   12.535860   0.024540
1886.391198   12.555270   0.027370
1886.399994   12.518810   0.026740
1886.408171   12.534140   0.028760
1886.414363   12.529380   0.035880
1886.419581   12.523250   0.034100
1886.423873   12.534010   0.032240
1886.427459   12.549100   0.032450
1886.431086   12.546970   0.031840
1886.433748   12.532890   0.035180
1886.435540   12.550850   0.038070
1886.437293   12.527080   0.032680
1886.439058   12.542710   0.033230
1886.441348   12.530590   0.068440
