1863.169882   14.420590   0.080780
1863.179028   14.374400   0.088080
1863.188111   14.419430   0.111950
1863.197263   14.428720   0.105080
1863.206453   14.390490   0.094640
1863.215516   14.389460   0.116550
1863.224486   14.371390   0.114930
1863.233708   14.406760   0.125170
1863.243026   14.448230   0.122700
1863.252052   14.445250   0.116830
1863.260978   14.434110   0.105620
1863.270074   14.487430   0.107920
1863.279229   14.409190   0.108530
1863.288341   14.404340   0.097770
1863.297662   14.424500   0.095670
1863.306748   14.386850   0.111480
1863.315898   14.382620   0.108950
1863.325261   14.434630   0.111680
1863.334632   14.387390   0.109270
1863.344416   14.461720   0.114890
1863.353962   14.328690   0.107700
1863.363511   14.431970   0.097040
1863.372640   14.452770   0.089600
1863.381795   14.387430   0.090670
1863.391577   14.426580   0.097950
1863.400670   14.508590   0.104870
1863.410157   14.408160   0.105380
1863.419415   14.460520   0.112980
1863.428728   14.424570   0.113910
1863.438171   14.457860   0.116910
1863.447725   14.371910   0.123630
1864.122118   14.391080   0.075200
1864.131216   14.400070   0.102580
1864.140349   14.416730   0.087540
1864.149328   14.413890   0.089020
1864.158727   14.458260   0.079860
1864.168077   14.455110   0.102720
1864.177441   14.372360   0.100570
1864.186471   14.447700   0.075440
1864.195786   14.461360   0.101290
1864.204761   14.350470   0.086840
1864.213956   14.407370   0.080550
1864.223275   14.387130   0.079190
1864.232312   14.385170   0.102480
1864.241734   14.404040   0.090520
1864.250994   14.393330   0.080820
1864.260292   14.430710   0.098990
1864.269452   14.479350   0.087510
1864.278712   14.372870   0.100800
1864.288040   14.480380   0.109280
1864.297228   14.385870   0.099490
1864.306786   14.440740   0.108190
1864.315982   14.341260   0.103840
1864.325240   14.347810   0.097570
1864.334830   14.437530   0.101120
1864.344223   14.348610   0.128930
1864.353629   14.290600   0.125210
1864.381718   14.390820   0.078300
1864.391386   14.308570   0.120990
1864.410777   14.300530   0.126580
1864.420081   14.337990   0.106910
1865.081649   14.432020   0.114440
1865.090914   14.402670   0.120000
1865.103000   14.420940   0.112780
1865.112265   14.405870   0.102900
1865.121493   14.449540   0.119010
1865.180915   14.446660   0.080160
1865.189934   14.450590   0.061150
1865.199137   14.446590   0.073070
1865.208040   14.396250   0.056820
1865.217207   14.457590   0.094350
1865.226382   14.346080   0.087370
1865.235932   14.377020   0.095060
1865.245886   14.347710   0.097250
1865.255783   14.478640   0.099810
1865.265750   14.440100   0.129570
1865.275774   14.347010   0.109660
1865.285892   14.454540   0.100960
1865.295973   14.384560   0.108580
1865.306185   14.471870   0.108430
1865.316145   14.469690   0.107060
1865.326150   14.595420   0.124940
1865.336352   14.368270   0.109680
1865.346577   14.357960   0.112350
1865.356675   14.474880   0.118920
1865.366659   14.389380   0.119630
1865.376904   14.450650   0.099840
1865.387088   14.438280   0.133320
1865.397153   14.462400   0.072600
1865.407149   14.388520   0.120400
1865.417333   14.426240   0.117920
1865.427630   14.433820   0.125640
1865.437669   14.494080   0.125620
1866.165339   14.406840   0.061140
1866.174723   14.388140   0.064800
1866.184057   14.426080   0.063940
1866.193410   14.409580   0.070150
1866.202706   14.407570   0.069990
1866.212035   14.394700   0.069440
1866.221409   14.391900   0.070540
1866.230791   14.403220   0.068430
1866.240551   14.375430   0.073190
1866.250004   14.419460   0.071780
1866.259354   14.469550   0.072530
1867.193045   14.387970   0.045620
1867.202355   14.391090   0.048120
1867.211516   14.418760   0.047000
1867.220585   14.400490   0.052690
1867.230131   14.386720   0.053870
1867.239707   14.388250   0.054330
1867.249230   14.385990   0.048990
1867.258785   14.413740   0.050590
1867.268385   14.385710   0.053950
1867.277702   14.415640   0.060330
1867.287153   14.407600   0.058650
1867.296854   14.411040   0.061980
1867.306121   14.376120   0.056960
1867.315500   14.385620   0.059240
1867.325094   14.394970   0.062950
1867.334502   14.384390   0.063920
1867.344482   14.394720   0.066430
1867.354030   14.378230   0.066770
1867.363492   14.428470   0.078250
1867.372735   14.398050   0.071770
1867.382212   14.445950   0.071020
1867.391671   14.382280   0.081750
1867.401392   14.439880   0.075920
1867.410805   14.395530   0.067770
1867.420288   14.341340   0.090330
1867.429722   14.420450   0.098870
1867.439192   14.385390   0.083130
1867.448574   14.348530   0.100660
1867.456168   14.432300   0.088340
1867.463320   14.459770   0.089940
1867.469421   14.435960   0.095730
1867.473939   14.400240   0.076340
1867.478291   14.466980   0.070440
1867.481655   14.313620   0.066880
1867.484335   14.465860   0.079130
1867.486951   14.423300   0.078000
1867.488639   14.425140   0.076540
1867.490315   14.417830   0.081040
1867.492002   14.429610   0.077350
1867.493724   14.327250   0.074550
1868.197661   14.474610   0.096310
1868.207123   14.420390   0.092930
1868.216418   14.441870   0.091620
1868.225986   14.497630   0.118180
1868.235810   14.400860   0.093130
1868.245580   14.486050   0.118580
1868.255259   14.427870   0.120400
1868.264815   14.424520   0.127770
1868.283929   14.333450   0.116440
1868.322471   14.324570   0.101660
1868.332083   14.404460   0.126260
1868.341647   14.358470   0.074200
1868.399668   14.273600   0.077900
1870.219778   14.416870   0.057840
1870.229270   14.393550   0.062200
1870.238762   14.393240   0.067330
1870.248135   14.376630   0.059830
1870.257691   14.426150   0.073570
1870.267266   14.412250   0.067530
1870.276950   14.445630   0.069610
1870.286498   14.436060   0.076720
1870.295849   14.428300   0.067950
1870.305565   14.378480   0.070120
1870.315197   14.437050   0.082080
1870.325274   14.400880   0.084000
1870.335174   14.406740   0.076210
1870.344892   14.440480   0.086890
1870.354573   14.404730   0.097590
1870.364104   14.317710   0.121770
1870.373603   14.393790   0.123270
1870.383600   14.444420   0.075700
1871.136689   14.436590   0.073370
1871.146179   14.414860   0.069640
1871.155384   14.385240   0.070130
1871.164955   14.399270   0.074260
1871.174269   14.392350   0.077600
1871.183469   14.418990   0.082810
1871.192872   14.432060   0.077490
1871.202392   14.406440   0.081780
1871.211865   14.438300   0.096610
1871.221273   14.430640   0.097130
1871.230922   14.386570   0.076470
1871.240394   14.483310   0.082070
1871.250018   14.446100   0.089040
1871.259511   14.445400   0.082610
1871.269122   14.369740   0.083600
1871.278903   14.403340   0.075750
1871.288648   14.443180   0.089480
1871.298226   14.509630   0.088750
1871.307789   14.479590   0.094870
1871.317562   14.425210   0.093790
1871.327342   14.368270   0.094470
1871.337079   14.352530   0.102740
1871.346725   14.475110   0.108970
1871.356495   14.417840   0.100350
1871.366277   14.343450   0.111270
1871.375944   14.375160   0.115720
1871.385808   14.434650   0.123410
1871.395399   14.417470   0.075200
1871.414342   14.352730   0.073800
1871.423744   14.396440   0.110240
1871.433495   14.369310   0.108970
1871.442405   14.402480   0.102400
1871.449670   14.382610   0.132550
1871.455666   14.297160   0.106280
1871.466122   14.444970   0.078500
1871.469307   14.416260   0.078800
1871.476069   14.429340   0.108260
1871.477819   14.369200   0.132080
1871.479556   14.415110   0.076700
1872.324463   14.445560   0.078950
1872.334315   14.340040   0.087430
1872.344041   14.411090   0.083380
1872.353623   14.430630   0.088400
1872.363427   14.421040   0.082750
1872.373279   14.406760   0.077330
1872.383099   14.443870   0.083490
1872.392766   14.484750   0.088000
1872.402203   14.461190   0.082370
1872.412032   14.447420   0.089240
1872.421585   14.359160   0.085990
1872.431130   14.401780   0.096890
1872.439874   14.502990   0.103470
1872.447517   14.400620   0.093610
1872.454162   14.427690   0.100320
1872.459603   14.420240   0.109590
1872.463903   14.455820   0.113280
1872.467716   14.373560   0.103430
1872.470496   14.473390   0.106190
1872.473152   14.415700   0.104710
1872.474857   14.392050   0.104430
1872.476617   14.436690   0.110040
1872.478370   14.392580   0.113890
1872.480228   14.379310   0.104470
1872.541663   14.416510   0.127840
1872.550998   14.379100   0.076900
1873.229437   14.366480   0.089960
1873.238826   14.404460   0.099990
1873.248403   14.449200   0.092690
1873.258009   14.401330   0.094400
1873.267456   14.444920   0.104940
1873.276959   14.421480   0.097530
1873.286788   14.449910   0.105440
1873.296275   14.403180   0.102890
1873.305896   14.379950   0.112400
1873.315548   14.401130   0.117640
1873.325684   14.438450   0.116280
1873.344942   14.356300   0.092730
1873.354842   14.405270   0.116180
1873.374382   14.371330   0.094580
1873.383960   14.475760   0.122020
1873.393856   14.350760   0.120720
1873.403606   14.365730   0.121530
1873.432622   14.447580   0.123210
1873.441010   14.355070   0.112370
1873.447044   14.329520   0.112540
1873.453044   14.455690   0.118740
1873.457630   14.397940   0.121830
1873.462090   14.476280   0.124990
1873.465548   14.471760   0.123150
1873.468261   14.372640   0.119960
1873.470892   14.418580   0.105360
1873.472722   14.454490   0.123990
1873.474437   14.427960   0.122750
1873.476606   14.412890   0.174410
1874.032527   14.423800   0.060620
1874.041923   14.392970   0.060280
1874.051714   14.387600   0.060000
1874.061193   14.370020   0.061300
1874.070741   14.412410   0.063650
1874.080230   14.386620   0.063100
1874.089638   14.412470   0.063690
1874.098984   14.403360   0.069970
1874.108441   14.411330   0.065150
1874.117749   14.380910   0.072100
1874.127103   14.369830   0.073690
1874.136654   14.434010   0.069540
1874.145982   14.421520   0.065720
1874.155173   14.405190   0.077110
1874.164605   14.432280   0.088950
1874.174153   14.398050   0.106690
1874.183722   14.434550   0.107130
1876.992585   14.377510   0.065660
1877.002277   14.357280   0.066690
1877.012009   14.348450   0.073410
1877.021623   14.385170   0.071400
1877.031340   14.393480   0.081170
1877.041094   14.411960   0.074160
1877.050632   14.409550   0.066650
1877.060512   14.454170   0.069330
1877.070280   14.419120   0.068570
1877.080037   14.395100   0.068490
1877.089835   14.384120   0.064530
1877.099542   14.373560   0.072420
1877.109324   14.438370   0.094090
1877.119234   14.390450   0.084620
1877.128562   14.445560   0.085840
1877.137988   14.392150   0.077760
1877.147449   14.417340   0.097180
1877.157081   14.355160   0.090410
1877.166514   14.406600   0.087480
1877.175811   14.371250   0.083200
1877.185180   14.421210   0.090940
1877.194638   14.381850   0.082670
1877.204359   14.459110   0.081720
1877.213829   14.428430   0.081420
1877.223290   14.374110   0.085250
1877.232928   14.436650   0.084040
1877.242583   14.338850   0.089400
1877.252102   14.439000   0.094400
1877.261424   14.461260   0.093760
1877.271317   14.412830   0.083130
1877.280810   14.367710   0.073730
1877.290913   14.331790   0.082970
1877.300784   14.449120   0.099200
1877.310552   14.361280   0.084220
1877.320329   14.461180   0.100850
1877.330019   14.429630   0.082280
1877.339609   14.385810   0.074550
1877.349339   14.471320   0.091260
1877.359563   14.395500   0.079710
1877.369289   14.432550   0.090020
1877.379166   14.422870   0.086460
1877.389199   14.397670   0.095320
1877.398748   14.418910   0.109720
1877.408188   14.449930   0.109640
1877.417610   14.323980   0.094280
1877.426444   14.403560   0.082080
1877.433416   14.381050   0.094420
1877.439426   14.460540   0.107020
1877.444578   14.453900   0.114710
1877.449101   14.392340   0.081630
1877.452622   14.502620   0.116500
1877.456119   14.366750   0.090260
1877.458826   14.377950   0.087950
1877.460660   14.428320   0.090240
1877.462441   14.392360   0.090740
1877.464144   14.389410   0.086310
1877.465872   14.444610   0.096470
1877.528546   14.512470   0.122900
1877.538164   14.367480   0.117020
1877.547759   14.485410   0.132770
1877.557279   14.376060   0.075100
1877.567068   14.494820   0.106630
1877.956588   14.385850   0.110580
1877.966360   14.440400   0.094370
1877.975795   14.397100   0.071800
1877.985575   14.415720   0.061320
1877.995071   14.347170   0.061450
1878.004964   14.376130   0.058540
1878.014335   14.375880   0.069390
1878.023915   14.426980   0.053880
1878.033403   14.384540   0.057710
1878.042881   14.366590   0.055560
1878.052477   14.411610   0.063590
1878.062202   14.409910   0.063050
1878.072038   14.435950   0.068680
1878.081838   14.374380   0.065700
1878.091595   14.406950   0.059700
1878.101204   14.431640   0.065270
1878.111056   14.392960   0.065080
1878.120475   14.444280   0.069460
1878.129972   14.414800   0.071510
1878.139452   14.478270   0.087970
1878.149134   14.312450   0.075400
1878.158293   14.441210   0.128600
1878.167692   14.403110   0.076540
1878.177309   14.418360   0.072650
1878.186872   14.447680   0.098860
1878.196273   14.438570   0.095410
1878.206054   14.401670   0.111730
1878.215833   14.382620   0.110570
1878.225557   14.369450   0.120080
1878.235117   14.385790   0.098410
1878.244657   14.443770   0.102270
1878.254352   14.425520   0.112530
1878.263984   14.492390   0.123130
1878.273770   14.489130   0.122620
1878.283405   14.388230   0.126510
1878.293079   14.442390   0.125510
1878.351898   14.451210   0.125810
1878.361666   14.383560   0.120800
1878.371492   14.420600   0.126890
1878.390765   14.520400   0.075200
1878.400035   14.296460   0.119660
1878.409600   14.428360   0.102380
1878.457210   14.411810   0.078600
1878.460943   14.219920   0.071300
1878.462507   14.346650   0.078700
1878.463635   14.339260   0.076500
1878.542601   14.365310   0.075500
1878.939490   14.504170   0.127640
1878.950209   14.463040   0.100650
1878.960985   14.432400   0.103420
1878.971663   14.389640   0.088400
1878.982256   14.437970   0.096890
1878.992862   14.452080   0.085490
1879.003349   14.356480   0.093600
1879.014056   14.327660   0.092220
1879.024781   14.358850   0.094390
1879.035403   14.367150   0.109360
1879.046338   14.480190   0.110630
1879.056998   14.358120   0.107030
1879.067120   14.440610   0.114850
1879.077625   14.329870   0.102330
1879.087804   14.288900   0.112150
1879.097718   14.360850   0.126290
1879.108265   14.376580   0.108330
1879.139027   14.422350   0.108820
1879.914511   14.544280   0.068400
1879.924232   14.434460   0.103820
1879.933937   14.406980   0.089160
1879.943742   14.417640   0.079800
1879.953255   14.395220   0.068720
1879.962965   14.422140   0.067030
1879.972299   14.374720   0.059590
1879.982133   14.372110   0.063150
1879.991480   14.408810   0.071200
1880.001350   14.433280   0.071120
1880.010995   14.408270   0.085290
1880.020489   14.423260   0.084650
1880.030167   14.360750   0.079400
1880.040004   14.431170   0.078310
1880.050020   14.485900   0.084610
1880.059700   14.413410   0.083490
1880.069635   14.423240   0.084550
1880.079469   14.405690   0.090650
1880.089000   14.413900   0.085840
1880.108072   14.458940   0.100280
1880.117530   14.436760   0.089280
1880.127140   14.359380   0.089610
1880.200091   14.520350   0.102410
1880.238989   14.401950   0.093750
1880.248836   14.411010   0.087360
1880.258298   14.453710   0.099410
1880.267686   14.407160   0.101110
1880.306613   14.443350   0.098960
1880.967707   14.646770   0.104000
1880.987626   14.379200   0.085270
1880.997175   14.373560   0.081390
1881.007352   14.394020   0.085440
1881.017262   14.400020   0.090020
1881.027023   14.406420   0.095690
1881.036583   14.362160   0.085130
1881.046307   14.391130   0.092360
1881.055914   14.403950   0.105050
1881.065565   14.348640   0.098540
1881.075352   14.431520   0.107590
1881.085120   14.422690   0.098340
1881.094964   14.461840   0.100370
1881.104801   14.398230   0.083000
1881.114937   14.435680   0.116060
1881.124474   14.397540   0.101890
1881.134326   14.363420   0.109010
1881.143810   14.392060   0.080430
1881.153419   14.522260   0.118090
1881.163015   14.368740   0.100110
1881.171357   14.391200   0.082270
1881.180981   14.344270   0.080570
1881.190627   14.359790   0.074860
1881.200550   14.375030   0.079890
1881.210473   14.412610   0.081060
1881.220305   14.395460   0.085040
1881.230199   14.383180   0.085090
1881.239668   14.373400   0.090770
1881.249328   14.433660   0.086680
1881.258917   14.504310   0.090790
1881.268352   14.382030   0.094440
1881.278189   14.340410   0.087350
1881.288137   14.329700   0.088360
1881.297680   14.415410   0.094050
1881.307337   14.416690   0.101310
1881.317394   14.431050   0.109010
1881.327336   14.390510   0.104510
1881.337373   14.385810   0.108320
1881.347129   14.424890   0.109090
1881.357110   14.409570   0.110860
1881.366722   14.422090   0.115250
1881.376276   14.473700   0.112550
1881.386104   14.454030   0.121880
1881.395996   14.370200   0.120320
1881.405772   14.354520   0.121910
1881.414838   14.365450   0.115620
1881.422174   14.435940   0.102280
1881.428287   14.426010   0.129510
1881.433496   14.456890   0.133240
1881.437835   14.431550   0.131480
1881.441619   14.398180   0.102440
1881.444925   14.349390   0.074100
1881.447777   14.442290   0.074500
1881.449541   14.413760   0.133020
1881.451352   14.379290   0.108470
1881.453055   14.400170   0.129960
1881.455125   14.324950   0.169300
1881.512413   14.373500   0.076700
1881.884700   14.426380   0.069400
1881.894462   14.398400   0.111030
1881.904494   14.442580   0.100270
1881.914271   14.388640   0.090920
1881.923884   14.528230   0.100700
1881.933466   14.466290   0.090900
1881.943231   14.456100   0.093210
1881.952798   14.374680   0.095780
1881.962710   14.371140   0.101070
1881.972149   14.462120   0.132460
1881.982098   14.454600   0.082000
1882.051198   14.255140   0.077900
1882.080330   14.446420   0.125070
1882.131558   14.418700   0.082300
1883.093660   14.386870   0.114720
1883.112741   14.484030   0.096600
1883.131900   14.390730   0.116260
1883.141295   14.353460   0.068000
1883.179271   14.374240   0.117990
1883.188803   14.424280   0.100290
1884.099534   14.433540   0.067150
1884.109140   14.376290   0.061140
1884.118686   14.432270   0.078390
1884.128292   14.391790   0.094020
1884.137551   14.327530   0.070880
1884.147279   14.393210   0.081150
1884.156774   14.401590   0.086680
1884.166197   14.436320   0.081140
1884.175960   14.457970   0.102920
1884.185414   14.464990   0.092410
1884.194977   14.341140   0.069000
1884.204574   14.439100   0.083980
1884.214174   14.443350   0.073390
1884.223839   14.477930   0.089050
1884.233272   14.495220   0.119060
1884.242628   14.452560   0.064570
1884.252195   14.415520   0.064210
1884.261682   14.347450   0.063170
1884.271201   14.412470   0.065430
1884.280876   14.406970   0.070390
1884.290846   14.485160   0.083590
1884.300573   14.426900   0.084710
1884.320206   14.373550   0.078080
1884.330156   14.424840   0.082460
1884.340081   14.431310   0.102790
1884.350052   14.411200   0.091350
1884.360119   14.384900   0.076530
1884.370060   14.409550   0.083080
1884.379738   14.416000   0.089150
1884.389528   14.429200   0.068210
1884.399065   14.425760   0.073940
1884.406881   14.403160   0.089440
1884.413865   14.422230   0.103440
1884.420445   14.464050   0.085570
1884.425635   14.359710   0.076440
1884.430150   14.363360   0.069060
1884.433678   14.435980   0.081610
1884.437202   14.404580   0.071410
1884.439908   14.432620   0.083210
1884.441669   14.468530   0.082100
1884.443407   14.438620   0.079250
1884.445186   14.347580   0.079460
1884.446926   14.385480   0.098300
1884.503638   14.409390   0.072100
1884.513187   14.364250   0.085660
1884.522993   14.386660   0.069600
1884.532900   14.412180   0.065170
1884.542819   14.441600   0.085340
1884.552782   14.456340   0.041700
1884.562458   14.416470   0.057790
1884.572213   14.432090   0.074510
1884.581820   14.403200   0.063270
1884.591479   14.406820   0.080600
1884.600983   14.396920   0.071070
1884.610820   14.434430   0.062120
1886.072366   14.424380   0.056180
1886.082057   14.391550   0.058630
1886.091456   14.403700   0.059670
1886.101064   14.425000   0.066580
1886.110701   14.426810   0.066760
1886.120214   14.415510   0.061110
1886.129544   14.395090   0.062310
1886.138882   14.404490   0.070410
1886.148233   14.392210   0.062480
1886.157943   14.381640   0.065230
1886.167550   14.377290   0.083650
1886.177101   14.353200   0.080020
1886.186997   14.374520   0.086360
1886.196609   14.399960   0.093810
1886.206153   14.432020   0.106590
1886.215757   14.412140   0.106210
1886.225269   14.335790   0.075000
1886.234982   14.296400   0.075000
1886.254426   14.383060   0.102800
1886.263771   14.582170   0.084460
1886.283270   14.379670   0.084880
1886.293134   14.418770   0.087030
1886.303115   14.449260   0.103480
1886.312914   14.495780   0.096760
1886.322818   14.365460   0.094170
1886.332859   14.450300   0.098220
1886.342543   14.480620   0.099780
1886.352534   14.388790   0.092030
1886.362281   14.392130   0.100910
1886.372003   14.498080   0.108740
1886.381496   14.392970   0.109050
1886.391198   14.448580   0.117870
1886.400071   14.369420   0.095350
1886.408171   14.429270   0.126450
1886.427612   14.365700   0.075300
1886.431010   14.404760   0.103200
1886.437293   14.399640   0.075500
