1863.169882   14.096010   0.069190
1863.179028   14.094700   0.070450
1863.188111   14.108350   0.084830
1863.197263   14.064810   0.077920
1863.206453   14.082640   0.075630
1863.215516   14.159740   0.097330
1863.224486   14.087840   0.092820
1863.233708   14.055730   0.093880
1863.243026   14.062940   0.097740
1863.252052   14.130650   0.087040
1863.260978   14.063330   0.084000
1863.270074   14.027660   0.098720
1863.279229   14.101120   0.084260
1863.288341   14.050050   0.079450
1863.297662   14.109840   0.075840
1863.306748   14.140070   0.090150
1863.315898   14.088730   0.093130
1863.325261   14.089780   0.085290
1863.334632   14.146700   0.093360
1863.344416   14.077620   0.080850
1863.353962   14.071730   0.087380
1863.363511   14.076990   0.072100
1863.372640   14.081940   0.071860
1863.381795   14.123290   0.067660
1863.391577   14.113710   0.074280
1863.400670   14.095230   0.081730
1863.410157   14.110600   0.081170
1863.419415   14.086340   0.086300
1863.428728   14.112780   0.095250
1863.438171   14.062470   0.092240
1863.447725   14.119290   0.102590
1863.457038   14.043020   0.112330
1863.464590   14.121870   0.105860
1863.471716   14.021830   0.074600
1863.477686   14.049400   0.127400
1863.482900   14.086520   0.127080
1863.487114   14.071100   0.110310
1863.490505   14.101270   0.104510
1863.494064   14.109800   0.127110
1863.496544   14.068580   0.109400
1863.498118   14.038740   0.076500
1863.500240   14.092870   0.078000
1864.122118   14.079840   0.054100
1864.131216   14.100570   0.073980
1864.140349   14.107560   0.067770
1864.149328   14.114740   0.063780
1864.158727   14.123380   0.061230
1864.168077   14.118800   0.087470
1864.177441   14.083300   0.074860
1864.186471   14.111100   0.061110
1864.195786   14.069800   0.074260
1864.204761   14.104800   0.070750
1864.213956   14.032430   0.064390
1864.223275   14.108030   0.065290
1864.232312   14.079640   0.076230
1864.241734   14.110300   0.080370
1864.250994   14.113840   0.068210
1864.260292   14.068170   0.082080
1864.269452   14.120440   0.070190
1864.278712   14.135940   0.085860
1864.288040   14.062540   0.084380
1864.297228   14.071170   0.078440
1864.306786   14.080140   0.082340
1864.315982   14.120840   0.082490
1864.325240   14.166110   0.081580
1864.334830   14.059760   0.075900
1864.344223   14.101230   0.106020
1864.353629   14.037750   0.103700
1864.362884   13.998350   0.109450
1864.372208   14.074360   0.104730
1864.381718   14.127550   0.117500
1864.391386   14.041930   0.101200
1864.401175   14.081070   0.120990
1864.410777   14.026060   0.110490
1864.420158   14.141280   0.118430
1864.429378   14.086250   0.123740
1864.438486   14.057410   0.071400
1865.081649   14.067650   0.091280
1865.090914   14.088860   0.096090
1865.103000   14.132990   0.091810
1865.112265   14.057990   0.085510
1865.121493   14.154980   0.105540
1865.180915   14.072230   0.060680
1865.189934   14.088260   0.046900
1865.199137   14.119270   0.060310
1865.208040   14.089770   0.045630
1865.217207   14.073840   0.071780
1865.226382   14.068480   0.068950
1865.235932   14.120090   0.076060
1865.245886   14.093740   0.080440
1865.255783   14.138670   0.080890
1865.265750   14.095550   0.100260
1865.275774   14.112910   0.091210
1865.285892   14.085840   0.078520
1865.295973   14.093190   0.084260
1865.306185   14.052770   0.080520
1865.316145   14.089840   0.082300
1865.326150   14.026590   0.087370
1865.336276   14.117590   0.111090
1865.346577   14.095310   0.096210
1865.356675   14.051770   0.090530
1865.366659   14.039200   0.098620
1865.376904   14.057350   0.098910
1865.387088   13.984830   0.099070
1865.397153   14.007040   0.103260
1865.407149   14.068450   0.100030
1865.417333   14.105710   0.093660
1865.427630   14.145100   0.101400
1865.437669   14.084080   0.099320
1865.448171   14.093100   0.125550
1865.457247   14.125070   0.101330
1866.165339   14.090410   0.050580
1866.174723   14.071110   0.049950
1866.184057   14.078950   0.052120
1866.193410   14.145490   0.055810
1866.202706   14.111400   0.053240
1866.212035   14.061880   0.052010
1866.221409   14.085530   0.055350
1866.230791   14.117300   0.054010
1866.240551   14.083640   0.057540
1866.250004   14.072140   0.055370
1866.259354   14.052810   0.055700
1867.193045   14.103420   0.035970
1867.202355   14.095970   0.038370
1867.211516   14.071680   0.038270
1867.220585   14.101790   0.042510
1867.230131   14.112680   0.043550
1867.239707   14.087950   0.040730
1867.249230   14.070990   0.038800
1867.258785   14.088750   0.041110
1867.268385   14.058080   0.042750
1867.277702   14.096420   0.043770
1867.287153   14.084310   0.043550
1867.296854   14.044680   0.043370
1867.306121   14.072480   0.045130
1867.315500   14.087280   0.045740
1867.325094   14.085800   0.047810
1867.334502   14.097140   0.047250
1867.344482   14.105160   0.053950
1867.354030   14.106130   0.047880
1867.363492   14.119620   0.061580
1867.372735   14.074420   0.053830
1867.382212   14.091170   0.054630
1867.391671   14.120890   0.063820
1867.401392   14.114720   0.057730
1867.410805   14.044910   0.057440
1867.420288   14.131730   0.075250
1867.429722   14.100140   0.079460
1867.439192   14.092160   0.065210
1867.448574   14.060020   0.078630
1867.456168   14.079900   0.069180
1867.463320   14.072670   0.072600
1867.469421   14.069750   0.071790
1867.473939   14.145370   0.058560
1867.478291   14.107930   0.051960
1867.481655   14.120990   0.051920
1867.484335   14.134540   0.058900
1867.486951   14.073170   0.053600
1867.488639   14.084710   0.060950
1867.490315   14.117740   0.063170
1867.492002   14.102180   0.057150
1867.493724   14.078510   0.057680
1868.197661   14.048050   0.070500
1868.207123   14.074530   0.071100
1868.216495   14.112260   0.092820
1868.225986   14.120480   0.086140
1868.235811   14.022550   0.095030
1868.245580   14.084630   0.090850
1868.255259   14.133770   0.088520
1868.264815   14.091340   0.102800
1868.274279   14.054800   0.103890
1868.283929   14.155880   0.079420
1868.312421   13.946870   0.073600
1868.322548   14.181240   0.113710
1868.332083   14.172050   0.109280
1868.341800   14.049810   0.115440
1868.351466   14.064690   0.128700
1868.360837   14.147380   0.107980
1868.370659   14.073450   0.125650
1868.380417   14.045450   0.128190
1868.390367   14.169190   0.130250
1868.399668   14.134660   0.124770
1868.409699   14.033360   0.097850
1868.419023   14.124870   0.125750
1868.428372   14.079260   0.124410
1868.437691   14.035510   0.126590
1868.446987   14.152610   0.132010
1868.454949   14.075490   0.135140
1868.461066   14.109680   0.132850
1868.471593   14.015450   0.085200
1868.486154   14.037840   0.081000
1870.219778   14.073820   0.045980
1870.229270   14.107910   0.045970
1870.238762   14.075850   0.054170
1870.248135   14.057800   0.048970
1870.257691   14.112230   0.055400
1870.267266   14.098200   0.057450
1870.276950   14.093920   0.053630
1870.286498   14.114070   0.056240
1870.295849   14.085780   0.052040
1870.305565   14.084510   0.054730
1870.315197   14.065900   0.063150
1870.325274   14.094780   0.063860
1870.335174   14.089490   0.054510
1870.344892   14.024440   0.063660
1870.354573   14.095870   0.080280
1870.364104   14.032750   0.097400
1870.373603   14.082410   0.092060
1870.383600   14.151310   0.111680
1870.393319   13.986160   0.094380
1870.440531   14.039560   0.107320
1870.448993   14.057320   0.128000
1870.456179   14.109790   0.122600
1871.136689   14.143680   0.056890
1871.146179   14.075520   0.053640
1871.155384   14.085150   0.052810
1871.164955   14.078500   0.059630
1871.174269   14.078270   0.061320
1871.183469   14.076610   0.065480
1871.192872   14.079870   0.057350
1871.202392   14.086120   0.064420
1871.211865   14.013460   0.073400
1871.221273   14.090140   0.075800
1871.230922   14.067170   0.063430
1871.240394   14.074710   0.062380
1871.250018   14.096170   0.067100
1871.259511   14.089320   0.061610
1871.269122   14.077470   0.062500
1871.278903   14.109200   0.062240
1871.288648   14.076330   0.069920
1871.298226   14.050250   0.064930
1871.307789   14.123090   0.074780
1871.317562   14.071840   0.073160
1871.327342   14.110620   0.074450
1871.337079   14.131910   0.080690
1871.346725   14.103340   0.084330
1871.356495   14.120450   0.083390
1871.366277   14.028340   0.088980
1871.375944   14.124410   0.081460
1871.385808   14.036690   0.094460
1871.395399   14.157400   0.105430
1871.404882   14.091470   0.115590
1871.414342   14.100340   0.114380
1871.423744   14.034690   0.109980
1871.433495   14.118730   0.114030
1871.442405   14.069030   0.105670
1871.449670   14.128890   0.114200
1871.455742   14.160780   0.116430
1871.461191   14.136030   0.119970
1871.465968   14.133850   0.117860
1871.469461   14.132820   0.113500
1871.472994   14.127800   0.115140
1871.476070   14.063640   0.109160
1871.477819   14.065840   0.109160
1871.479709   14.053660   0.110140
1871.481438   14.027510   0.108900
1871.550420   14.080610   0.122310
1871.559908   14.173220   0.124770
1871.569340   14.081680   0.133020
1872.324463   14.047010   0.058370
1872.334315   14.122240   0.067530
1872.344041   14.135030   0.065410
1872.353623   14.130050   0.066460
1872.363427   14.074910   0.060380
1872.373279   14.063830   0.062220
1872.383099   14.100200   0.063370
1872.392766   14.079170   0.062130
1872.402203   14.051340   0.064570
1872.412032   14.087320   0.066640
1872.421585   14.117410   0.073040
1872.431130   14.091080   0.080440
1872.439874   14.114980   0.072180
1872.447517   14.027150   0.074780
1872.454162   14.101010   0.078420
1872.459603   14.052840   0.083240
1872.463903   14.104660   0.091420
1872.467716   14.138590   0.084730
1872.470496   14.076070   0.075370
1872.473152   14.113070   0.085100
1872.474857   14.077890   0.086750
1872.476617   14.151460   0.086620
1872.478370   14.084740   0.080400
1872.480228   14.100370   0.084500
1872.541663   14.106010   0.100030
1872.550845   14.090190   0.103730
1872.560270   14.042390   0.112680
1872.569828   14.138240   0.125490
1872.579400   14.059760   0.129350
1872.589096   14.086040   0.079600
1873.229437   14.085660   0.071640
1873.238826   14.078940   0.074400
1873.248403   14.080460   0.077320
1873.258009   14.061450   0.075500
1873.267456   14.063930   0.080560
1873.276959   14.134860   0.080620
1873.286788   14.101180   0.078070
1873.296275   14.220490   0.085760
1873.305896   14.049590   0.087580
1873.315548   14.099790   0.091520
1873.325684   14.163250   0.096400
1873.335346   14.211880   0.102490
1873.344943   14.129290   0.106710
1873.354842   14.060990   0.096520
1873.364691   14.044830   0.099810
1873.374458   14.125400   0.103940
1873.383960   14.125790   0.093090
1873.393856   14.127130   0.097350
1873.403606   14.086890   0.100520
1873.413210   14.089070   0.111550
1873.422938   14.061780   0.108490
1873.432622   14.078380   0.098960
1873.441010   14.108740   0.093690
1873.447044   14.142310   0.094790
1873.453044   14.059490   0.091250
1873.457630   14.064390   0.088680
1873.462090   14.113390   0.095630
1873.465548   14.088110   0.096680
1873.468261   14.094890   0.097350
1873.470892   14.162700   0.110630
1873.472722   14.083690   0.094120
1873.474437   14.136840   0.096590
1873.476606   14.084040   0.139710
1874.032527   14.086290   0.047930
1874.041923   14.074360   0.049460
1874.051714   14.047510   0.048680
1874.061193   14.089060   0.047950
1874.070741   14.072440   0.050150
1874.080230   14.081200   0.052330
1874.089638   14.117490   0.051370
1874.098984   14.096930   0.054300
1874.108441   14.054670   0.049980
1874.117749   14.114070   0.057490
1874.127103   14.071930   0.054110
1874.136654   14.090760   0.051730
1874.145982   14.122660   0.058760
1874.155173   14.071050   0.056650
1874.164605   14.075280   0.066980
1874.174153   14.041980   0.081040
1874.183645   14.131240   0.104380
1874.202515   14.118340   0.076800
1874.222051   13.950510   0.121860
1876.992585   14.046420   0.049780
1877.002277   14.062800   0.054350
1877.012009   14.099190   0.057160
1877.021623   14.067540   0.056180
1877.031340   14.080840   0.062760
1877.041094   14.076160   0.057990
1877.050632   14.031120   0.049360
1877.060512   14.068370   0.051760
1877.070280   14.127470   0.053600
1877.080037   14.089390   0.055570
1877.089835   14.040660   0.053660
1877.099542   14.076320   0.059300
1877.109324   14.071520   0.070800
1877.119234   14.090900   0.069130
1877.128562   14.065820   0.064020
1877.137988   14.022130   0.060280
1877.147449   14.062990   0.077200
1877.157081   14.139010   0.073900
1877.166514   14.095660   0.067210
1877.175811   14.055240   0.064460
1877.185180   14.116900   0.069010
1877.194638   14.075400   0.067360
1877.204359   14.026630   0.065690
1877.213829   14.052920   0.061480
1877.223290   14.042580   0.064530
1877.232928   14.071080   0.058060
1877.242583   14.077580   0.072460
1877.252102   14.115190   0.073060
1877.261424   14.099060   0.069810
1877.271317   14.106010   0.063770
1877.280810   14.057200   0.058030
1877.290913   14.080160   0.066140
1877.300784   14.055430   0.077950
1877.310552   14.033040   0.064620
1877.320329   14.129620   0.079870
1877.330019   14.079980   0.063320
1877.339609   14.074800   0.060800
1877.349339   14.091240   0.069340
1877.359563   14.091610   0.058110
1877.369289   14.118250   0.070870
1877.379166   14.126240   0.066280
1877.389199   14.182010   0.077910
1877.398748   14.019160   0.082500
1877.408188   14.069190   0.081030
1877.417610   14.090430   0.079360
1877.426444   14.047490   0.065290
1877.433416   14.005860   0.075290
1877.439426   14.092300   0.082660
1877.444578   14.076660   0.080910
1877.449101   14.075400   0.065720
1877.452622   14.123450   0.087920
1877.456119   14.051610   0.071600
1877.458826   14.094130   0.070740
1877.460660   14.084410   0.072740
1877.462441   14.031600   0.071010
1877.464144   14.123220   0.072120
1877.465872   14.119480   0.076850
1877.528546   14.108410   0.083980
1877.538164   14.196320   0.101390
1877.547759   14.091750   0.105900
1877.557433   14.131280   0.108270
1877.566991   14.097750   0.106980
1877.956588   14.110660   0.089630
1877.966360   14.078800   0.075060
1877.975795   14.070860   0.055670
1877.985575   14.045300   0.048400
1877.995071   14.074470   0.046500
1878.004964   14.077360   0.045560
1878.014335   14.095280   0.054010
1878.023915   14.090350   0.042080
1878.033403   14.078530   0.045330
1878.042881   14.093520   0.047000
1878.052477   14.095950   0.054540
1878.062202   14.101110   0.050020
1878.072038   14.086650   0.052210
1878.081838   14.075630   0.054100
1878.091595   14.067530   0.050130
1878.101204   14.116650   0.050490
1878.111056   14.076150   0.052970
1878.120475   14.143350   0.054470
1878.129972   14.095140   0.061620
1878.139452   14.117900   0.065840
1878.148981   14.069750   0.110450
1878.158293   14.138080   0.097200
1878.167692   14.103490   0.056290
1878.177309   14.100020   0.059360
1878.186872   14.085790   0.068150
1878.196273   14.107460   0.079010
1878.206054   14.110940   0.084570
1878.215833   14.122290   0.091820
1878.225557   14.050430   0.095040
1878.235117   14.088730   0.081720
1878.244657   14.038630   0.079710
1878.254352   14.070130   0.087990
1878.263984   14.085050   0.089490
1878.273770   14.103810   0.100410
1878.283405   14.038570   0.098270
1878.293079   14.096960   0.098970
1878.302887   14.066970   0.121180
1878.312828   14.087280   0.129410
1878.322431   14.096890   0.125950
1878.332111   13.986060   0.122750
1878.342126   14.081560   0.090470
1878.351898   14.068120   0.104140
1878.361666   14.114990   0.101310
1878.371492   14.077550   0.103950
1878.381052   14.181900   0.117610
1878.390611   14.190650   0.092000
1878.400035   14.119570   0.108310
1878.409523   14.111540   0.104010
1878.419250   14.104930   0.118330
1878.427139   14.065830   0.114920
1878.434256   14.119690   0.099000
1878.439734   14.134910   0.123600
1878.444205   14.156440   0.100550
1878.448555   14.001000   0.090210
1878.452064   14.147380   0.117670
1878.454721   14.072490   0.115550
1878.457364   14.085820   0.115480
1878.459093   14.139870   0.116300
1878.460943   14.102750   0.116640
1878.463071   14.113260   0.166620
1878.523903   14.122580   0.125270
1878.533380   14.103260   0.122620
1878.542754   14.102600   0.115320
1878.552323   14.030950   0.120010
1878.561808   14.027250   0.077600
1878.906962   14.144890   0.109960
1878.917827   14.074020   0.121210
1878.928636   14.105150   0.116950
1878.939490   14.120170   0.095980
1878.950209   14.068570   0.089070
1878.960985   14.082060   0.072950
1878.971663   14.079350   0.071970
1878.982256   14.100350   0.074950
1878.992862   14.113070   0.069740
1879.003349   14.106270   0.073220
1879.014056   14.099500   0.076080
1879.024781   14.147490   0.076670
1879.035403   14.113680   0.087240
1879.046338   14.142000   0.081670
1879.056998   14.101960   0.092300
1879.067120   14.120440   0.092010
1879.077625   14.109570   0.088050
1879.087804   14.139310   0.096400
1879.097718   14.118170   0.101760
1879.108265   14.110670   0.114030
1879.118677   14.042220   0.113590
1879.128946   14.070120   0.097090
1879.138951   14.140930   0.106170
1879.148948   14.124530   0.122760
1879.158753   14.132460   0.132310
1879.168681   14.047790   0.125660
1879.178500   14.024400   0.068400
1879.188685   13.956820   0.073100
1879.198658   14.103710   0.130220
1879.208827   14.059990   0.074900
1879.219105   14.038400   0.128290
1879.239692   13.903800   0.074000
1879.259835   14.176810   0.074400
1879.270136   14.096870   0.123000
1879.279998   14.156420   0.106440
1879.290256   14.062160   0.123960
1879.300321   14.043110   0.126910
1879.310604   14.136520   0.129000
1879.321132   14.064540   0.127860
1879.331398   14.010180   0.124030
1879.341711   14.064570   0.126790
1879.352168   14.049090   0.131690
1879.362316   14.207150   0.112800
1879.372734   13.966380   0.068600
1879.383093   14.143710   0.075700
1879.393142   14.021880   0.131000
1879.413871   14.016810   0.076900
1879.914664   14.098670   0.099360
1879.924232   14.080280   0.081110
1879.933937   14.105910   0.069090
1879.943742   14.088480   0.057570
1879.953255   14.088470   0.053660
1879.962965   14.058880   0.049710
1879.972299   14.082010   0.048010
1879.982133   14.105420   0.050870
1879.991480   14.092690   0.053910
1880.001350   14.121190   0.056560
1880.010995   14.066410   0.062840
1880.020489   14.124020   0.063910
1880.030167   14.118610   0.067010
1880.040004   14.133560   0.062790
1880.050020   14.133820   0.065850
1880.059700   14.120000   0.065660
1880.069635   14.073030   0.067770
1880.079469   14.180010   0.071230
1880.089000   14.064980   0.064800
1880.098524   14.041060   0.069400
1880.108072   14.051050   0.076270
1880.117530   14.052930   0.065350
1880.127140   14.065980   0.068450
1880.200091   14.068510   0.077380
1880.209735   14.068240   0.087150
1880.219431   14.137640   0.080290
1880.229324   14.061330   0.070890
1880.238989   14.066230   0.072960
1880.248836   14.143360   0.065480
1880.258298   14.291940   0.079780
1880.267686   14.048340   0.072510
1880.277275   14.057890   0.078830
1880.286928   14.089920   0.091810
1880.306613   14.049060   0.074350
1880.369120   14.075000   0.074020
1880.967707   14.151990   0.089900
1880.977730   14.174460   0.087230
1880.987626   14.047650   0.065970
1880.997175   14.100970   0.062300
1881.007352   14.064850   0.068230
1881.017262   14.084190   0.067240
1881.027023   14.085760   0.075130
1881.036583   14.051980   0.067900
1881.046307   14.076650   0.074290
1881.055914   14.024660   0.081010
1881.065565   14.185010   0.078550
1881.075352   14.100030   0.083680
1881.085120   14.101570   0.078980
1881.094964   14.053430   0.072740
1881.104801   14.052650   0.059230
1881.114937   14.156580   0.096220
1881.124474   14.100320   0.085610
1881.134326   14.117390   0.088170
1881.143810   14.117340   0.060840
1881.153419   14.053010   0.087430
1881.163015   14.075950   0.075040
1881.171357   14.060120   0.066080
1881.180981   14.072390   0.070610
1881.190627   14.027430   0.054180
1881.200550   14.069050   0.057170
1881.210473   14.079470   0.065480
1881.220305   14.101410   0.076880
1881.230199   14.051610   0.063060
1881.239668   14.075890   0.071780
1881.249328   14.072970   0.072830
1881.258917   14.098280   0.070700
1881.268352   14.072930   0.078620
1881.278189   14.103300   0.069630
1881.288137   14.070290   0.070820
1881.297680   14.127840   0.072290
1881.307337   14.047650   0.078760
1881.317394   14.107010   0.080840
1881.327336   14.076580   0.081140
1881.337373   14.119160   0.081700
1881.347129   14.066820   0.080230
1881.357110   14.069790   0.081310
1881.366722   14.087040   0.080790
1881.376276   14.083600   0.085430
1881.386104   14.100080   0.097150
1881.395996   14.068690   0.097170
1881.405772   14.100340   0.099860
1881.414838   14.102040   0.095170
1881.422098   14.052890   0.094880
1881.428287   14.099140   0.100250
1881.433496   14.148580   0.108890
1881.437835   14.116990   0.099140
1881.441542   14.134700   0.109790
1881.445078   14.132570   0.115430
1881.447777   14.054290   0.104140
1881.449541   14.028200   0.106240
1881.451276   14.101920   0.107270
1881.453055   14.140890   0.115840
1881.455245   14.121900   0.150380
1881.512259   14.058970   0.109340
1881.522032   14.072290   0.115000
1881.531584   14.089350   0.122590
1881.541053   14.056860   0.122850
1881.550943   14.078910   0.116110
1881.560601   14.141900   0.133500
1881.570473   14.073760   0.115970
1881.580330   14.124260   0.109210
1881.589860   14.058370   0.126840
1881.609472   14.031070   0.130310
1881.865043   14.073920   0.106320
1881.874874   14.087380   0.123970
1881.884546   14.045090   0.099730
1881.894462   14.084230   0.087400
1881.904494   14.149190   0.076570
1881.914271   14.070090   0.073130
1881.923884   14.137020   0.081210
1881.933466   14.051060   0.067690
1881.943231   14.085740   0.078760
1881.952875   14.105240   0.090400
1881.962633   14.157680   0.109960
1881.972149   14.156340   0.114200
1881.982098   14.105060   0.118250
1882.021627   14.061210   0.119910
1882.031644   14.054530   0.072500
1882.041248   14.148730   0.107910
1882.051198   14.192970   0.127140
1882.060871   14.123310   0.127890
1882.080330   14.093700   0.103110
1882.122048   14.073590   0.106090
1882.131558   14.001320   0.110330
1882.150540   14.062720   0.118990
1882.160119   13.987530   0.119710
1882.169652   14.130870   0.126960
1882.179008   14.090100   0.124740
1882.188466   13.984460   0.075300
1883.093660   14.161600   0.099490
1883.112818   14.161770   0.110100
1883.122390   14.141730   0.065400
1883.131900   14.002840   0.098540
1883.141295   14.094290   0.113240
1883.150882   14.075580   0.117710
1883.160374   14.043830   0.119930
1883.169718   14.162290   0.072800
1883.179271   14.116940   0.097780
1883.188727   14.131280   0.103550
1883.198404   14.067310   0.120740
1883.207904   13.986770   0.118310
1883.217549   14.096800   0.119130
1883.226897   14.003850   0.122640
1883.236134   14.173140   0.109330
1883.245867   14.114550   0.099220
1883.265251   14.004200   0.105040
1883.274934   14.104570   0.080500
1884.099534   14.074330   0.048400
1884.109140   14.074380   0.044350
1884.118686   14.093210   0.061200
1884.128292   14.132290   0.079850
1884.137551   14.077450   0.052320
1884.147279   14.097020   0.062990
1884.156774   14.057980   0.062490
1884.166197   14.153120   0.083290
1884.175960   14.069410   0.081880
1884.185414   14.093550   0.073040
1884.194977   14.079830   0.056670
1884.204574   14.126750   0.060600
1884.214174   14.090090   0.054860
1884.223839   14.108290   0.067140
1884.233272   14.050080   0.092760
1884.242628   14.060310   0.049850
1884.252195   14.084260   0.047920
1884.261682   14.047430   0.047530
1884.271201   14.078650   0.048170
1884.280876   14.135690   0.056430
1884.290846   14.090510   0.058400
1884.300573   14.064720   0.062360
1884.310420   14.081510   0.106410
1884.320206   14.097720   0.061400
1884.330156   14.081820   0.061020
1884.340081   14.123120   0.080550
1884.350052   14.029880   0.076200
1884.360119   14.092120   0.061960
1884.370060   14.071240   0.060750
1884.379738   14.095680   0.068470
1884.389528   14.106640   0.051280
1884.399065   14.062370   0.052850
1884.406881   14.132860   0.069310
1884.413865   14.115240   0.078400
1884.420368   14.093950   0.090520
1884.425635   14.114130   0.061540
1884.430150   14.078740   0.050010
1884.433678   14.089170   0.054110
1884.437202   14.067960   0.058900
1884.439908   14.047910   0.060380
1884.441669   14.040250   0.057990
1884.443407   14.118390   0.059300
1884.445186   14.038560   0.055930
1884.446926   14.121590   0.087070
1884.503638   14.060650   0.052600
1884.513187   14.122490   0.064830
1884.522993   14.080120   0.053680
1884.532900   14.087210   0.046650
1884.542819   14.121820   0.065860
1884.552706   14.119220   0.074440
1884.562458   14.080990   0.043420
1884.572213   14.104490   0.054760
1884.581820   14.056610   0.044690
1884.591479   14.061960   0.061320
1884.600983   14.065830   0.053070
1884.610820   14.093850   0.047820
1884.886884   14.102990   0.105460
1884.896612   14.067300   0.075800
1884.906042   14.127330   0.130140
1884.925737   14.131430   0.123060
1884.945295   14.042580   0.067300
1885.003341   14.115480   0.129510
1885.278794   14.097960   0.114730
1885.298474   14.060610   0.092630
1885.308250   14.045820   0.120150
1885.318087   14.128700   0.071200
1886.072366   14.066000   0.043920
1886.082057   14.088770   0.045630
1886.091456   14.121700   0.047360
1886.101064   14.073300   0.048370
1886.110701   14.101280   0.047710
1886.120214   14.115530   0.047410
1886.129544   14.066500   0.050110
1886.138882   14.099100   0.054100
1886.148233   14.064170   0.053690
1886.157943   14.076110   0.054280
1886.167550   14.077970   0.068360
1886.177101   14.088570   0.062750
1886.186997   14.067650   0.062450
1886.196609   14.059950   0.070410
1886.206153   14.081870   0.080870
1886.215757   14.055180   0.074590
1886.225422   14.069270   0.110980
1886.234829   14.115120   0.114230
1886.244630   14.087300   0.119420
1886.254426   14.031410   0.084670
1886.263771   14.118940   0.065260
1886.273578   14.069760   0.112520
1886.283270   14.085570   0.062420
1886.293134   14.144890   0.066350
1886.303115   14.102010   0.077430
1886.312914   14.081340   0.070120
1886.322818   14.050810   0.075940
1886.332859   14.071900   0.072900
1886.342543   14.085930   0.067610
1886.352534   14.066480   0.068580
1886.362281   14.116500   0.079160
1886.372003   14.148250   0.085680
1886.381496   14.109740   0.088260
1886.391198   14.112820   0.096380
1886.399994   14.096530   0.094720
1886.408171   14.080230   0.098610
1886.414363   14.068890   0.118380
1886.419581   14.174590   0.125480
1886.423873   14.119150   0.115430
1886.427459   14.121060   0.104860
1886.431086   14.120020   0.103720
1886.433748   14.111800   0.119520
1886.435540   14.086620   0.126550
1886.437293   14.036160   0.108910
1886.439058   14.087160   0.112490
