1863.169882   13.680000   0.052800
1863.179028   13.747350   0.060790
1863.188111   13.708970   0.066160
1863.197263   13.730420   0.061740
1863.206453   13.689230   0.057940
1863.215516   13.684770   0.073830
1863.224486   13.710800   0.069470
1863.233708   13.744750   0.070200
1863.243026   13.732380   0.076340
1863.252052   13.713430   0.066090
1863.260978   13.671890   0.061770
1863.270074   13.673580   0.071940
1863.279229   13.681160   0.063990
1863.288341   13.757700   0.061790
1863.297662   13.699750   0.055510
1863.306748   13.707760   0.060510
1863.315898   13.752230   0.066170
1863.325261   13.696150   0.064530
1863.334632   13.699290   0.070120
1863.344416   13.700800   0.065250
1863.353962   13.701730   0.065880
1863.363511   13.664120   0.057120
1863.372640   13.693390   0.051020
1863.381795   13.684810   0.054460
1863.391577   13.697540   0.056860
1863.400670   13.720990   0.060820
1863.410157   13.707540   0.063230
1863.419415   13.756660   0.067140
1863.428728   13.722220   0.066410
1863.438171   13.761580   0.073100
1863.447725   13.711050   0.079050
1863.457038   13.720630   0.094360
1863.464667   13.718950   0.106110
1863.471563   13.751380   0.108610
1863.477686   13.715150   0.101640
1863.482900   13.702310   0.097300
1863.487037   13.673080   0.111910
1863.490505   13.650340   0.110400
1863.494064   13.687060   0.105850
1863.496621   13.718090   0.110190
1863.498272   13.692980   0.104200
1863.500087   13.726130   0.114510
1863.501889   13.747770   0.117110
1863.503937   13.666800   0.163900
1864.122118   13.675790   0.043020
1864.131216   13.718840   0.060730
1864.140349   13.716370   0.054220
1864.149328   13.697540   0.052830
1864.158727   13.674990   0.044630
1864.168077   13.690020   0.060550
1864.177441   13.708060   0.056440
1864.186471   13.730360   0.046130
1864.195786   13.650020   0.058920
1864.204761   13.702030   0.049360
1864.213956   13.681370   0.047010
1864.223275   13.705140   0.045320
1864.232312   13.703440   0.055760
1864.241734   13.744900   0.056940
1864.250994   13.717880   0.047520
1864.260292   13.696560   0.059760
1864.269452   13.702340   0.053060
1864.278712   13.711830   0.063200
1864.288040   13.657010   0.065470
1864.297228   13.677820   0.060760
1864.306786   13.666690   0.062090
1864.315982   13.682940   0.065530
1864.325240   13.695280   0.060480
1864.334830   13.696240   0.059580
1864.344223   13.699800   0.083660
1864.353629   13.688270   0.080790
1864.362884   13.602150   0.088150
1864.372284   13.538290   0.097580
1864.381718   13.731800   0.091700
1864.391386   13.655120   0.069790
1864.401175   13.686300   0.100250
1864.410777   13.647880   0.084990
1864.420158   13.652640   0.089660
1864.429378   13.729710   0.096260
1864.438639   13.731500   0.109770
1864.448099   13.779430   0.100820
1864.457409   13.719120   0.107630
1864.465120   13.671740   0.119120
1865.081649   13.676020   0.070510
1865.090914   13.710520   0.075480
1865.103000   13.672960   0.066800
1865.112265   13.676260   0.065260
1865.121493   13.669400   0.079980
1865.180915   13.708430   0.045930
1865.189934   13.731710   0.035050
1865.199137   13.729210   0.042730
1865.208040   13.699750   0.033600
1865.217207   13.674100   0.050690
1865.226382   13.745370   0.053200
1865.235932   13.712080   0.057650
1865.245886   13.666550   0.058100
1865.255783   13.733130   0.057710
1865.265750   13.691250   0.074550
1865.275774   13.744290   0.069550
1865.285892   13.720390   0.059840
1865.295973   13.733990   0.067270
1865.306185   13.726630   0.063360
1865.316145   13.722560   0.061510
1865.326150   13.702760   0.061590
1865.336276   13.744340   0.078350
1865.346577   13.689950   0.069450
1865.356675   13.698120   0.068740
1865.366659   13.692930   0.075230
1865.376904   13.720980   0.074830
1865.387088   13.678940   0.072220
1865.397153   13.709930   0.082190
1865.407149   13.721420   0.077680
1865.417333   13.673730   0.070590
1865.427630   13.674800   0.074960
1865.437669   13.737080   0.076100
1865.448171   13.709430   0.091190
1865.457324   13.813280   0.110740
1865.465615   13.718110   0.113770
1865.472141   13.724960   0.079800
1865.482258   13.706220   0.107700
1865.489708   13.690120   0.103240
1865.492667   13.694400   0.124300
1865.494427   13.766470   0.099700
1865.496283   13.705660   0.116890
1865.498090   13.693610   0.124060
1866.165339   13.703230   0.038590
1866.174723   13.696890   0.037600
1866.184057   13.725140   0.039510
1866.193410   13.729930   0.039390
1866.202706   13.700770   0.040590
1866.212035   13.734280   0.042860
1866.221409   13.702310   0.043910
1866.230791   13.715830   0.041740
1866.240551   13.720300   0.042130
1866.250004   13.715040   0.042150
1866.259354   13.715450   0.042670
1867.193045   13.729300   0.028580
1867.202355   13.704460   0.029470
1867.211516   13.703830   0.029620
1867.220585   13.703450   0.032390
1867.230131   13.709540   0.032000
1867.239707   13.713950   0.032330
1867.249230   13.710310   0.031130
1867.258785   13.717540   0.031820
1867.268385   13.726710   0.033260
1867.277702   13.707880   0.033780
1867.287153   13.685900   0.033320
1867.296854   13.689290   0.033550
1867.306121   13.700530   0.035630
1867.315500   13.700640   0.037130
1867.325094   13.719080   0.037690
1867.334502   13.675620   0.037130
1867.344482   13.717600   0.041450
1867.354030   13.703200   0.039380
1867.363492   13.739200   0.044020
1867.372735   13.691880   0.040930
1867.382212   13.682170   0.040490
1867.391671   13.692820   0.047620
1867.401392   13.695490   0.044570
1867.410805   13.701320   0.042710
1867.420288   13.697760   0.052430
1867.429722   13.741980   0.059160
1867.439192   13.679330   0.053130
1867.448574   13.711760   0.056250
1867.456168   13.718840   0.051380
1867.463320   13.677490   0.052910
1867.469421   13.723490   0.057970
1867.473939   13.739030   0.044270
1867.478291   13.680060   0.039730
1867.481655   13.711010   0.040660
1867.484335   13.731990   0.045360
1867.486951   13.704780   0.042280
1867.488639   13.717680   0.045530
1867.490315   13.712150   0.048990
1867.492002   13.694210   0.046040
1867.493724   13.713850   0.043610
1868.197661   13.731270   0.056020
1868.207123   13.689500   0.055780
1868.216495   13.601300   0.070400
1868.225986   13.678210   0.069160
1868.235811   13.669400   0.077830
1868.245580   13.717480   0.069330
1868.255259   13.681620   0.077540
1868.264815   13.680440   0.077000
1868.274279   13.680490   0.079700
1868.283929   13.703450   0.074320
1868.293537   13.694650   0.107610
1868.303104   13.734190   0.114910
1868.312574   13.675550   0.121120
1868.322548   13.736670   0.089930
1868.332083   13.730640   0.079500
1868.341800   13.746460   0.093350
1868.351466   13.716190   0.111740
1868.360837   13.656220   0.111680
1868.370659   13.668260   0.103060
1868.380417   13.748210   0.104580
1868.390367   13.683100   0.104000
1868.399668   13.676610   0.098570
1868.409622   13.683640   0.105280
1868.419023   13.692900   0.103630
1868.428372   13.726300   0.104360
1868.437691   13.718480   0.108430
1868.446987   13.733170   0.103500
1868.454949   13.720840   0.107720
1868.461066   13.811990   0.115560
1868.467151   13.667180   0.106720
1868.471440   13.730580   0.119400
1868.475710   13.770410   0.129620
1868.479340   13.808550   0.074700
1868.481716   13.755310   0.105430
1868.484421   13.688530   0.123520
1868.486154   13.737250   0.121200
1868.487874   13.701680   0.122160
1868.489584   13.679960   0.120540
1868.491280   13.633530   0.099940
1870.219778   13.690400   0.034620
1870.229270   13.684320   0.036030
1870.238762   13.724190   0.039450
1870.248135   13.722700   0.038050
1870.257691   13.708670   0.043480
1870.267266   13.727180   0.041430
1870.276950   13.697230   0.040200
1870.286498   13.684970   0.043180
1870.295849   13.705520   0.040710
1870.305565   13.662920   0.043960
1870.315197   13.718390   0.044920
1870.325274   13.679250   0.050940
1870.335174   13.683810   0.044350
1870.344892   13.696770   0.051110
1870.354573   13.721420   0.059760
1870.364104   13.748480   0.075810
1870.373603   13.665590   0.072590
1870.383600   13.783570   0.091590
1870.393243   13.709410   0.109580
1870.402667   13.703060   0.075100
1870.412494   13.678580   0.098850
1870.421719   13.724350   0.109030
1870.430979   13.646130   0.101630
1870.440608   13.714220   0.116540
1870.448993   13.720890   0.103210
1870.456179   13.736000   0.101700
1870.461756   13.761430   0.128110
1870.466440   13.632290   0.068200
1870.470290   13.633120   0.113680
1870.474111   13.699510   0.105150
1870.480264   13.722090   0.100530
1870.481944   13.753820   0.074500
1871.136689   13.718110   0.043100
1871.146179   13.710630   0.040270
1871.155384   13.695540   0.039270
1871.164955   13.710700   0.044830
1871.174269   13.682560   0.043850
1871.183469   13.729080   0.046110
1871.192872   13.720010   0.044790
1871.202392   13.736040   0.043850
1871.211865   13.705050   0.055270
1871.221273   13.749900   0.057280
1871.230922   13.726580   0.047190
1871.240394   13.720370   0.046290
1871.250018   13.745400   0.050730
1871.259511   13.694120   0.048740
1871.269122   13.694850   0.045300
1871.278903   13.686050   0.048040
1871.288648   13.750250   0.052830
1871.298226   13.724390   0.048060
1871.307789   13.725310   0.053680
1871.317562   13.726120   0.056380
1871.327342   13.710100   0.059150
1871.337079   13.740660   0.061360
1871.346725   13.717580   0.066470
1871.356495   13.711050   0.065100
1871.366277   13.713130   0.072360
1871.375944   13.721210   0.062490
1871.385808   13.732600   0.073520
1871.395399   13.713770   0.079160
1871.404882   13.695130   0.087600
1871.414342   13.752920   0.087660
1871.423744   13.761090   0.087260
1871.433495   13.707540   0.086960
1871.442405   13.721220   0.080100
1871.449670   13.696020   0.081040
1871.455742   13.704650   0.085630
1871.461191   13.673380   0.095480
1871.465968   13.716440   0.087960
1871.469461   13.705590   0.089280
1871.472994   13.710870   0.088330
1871.476070   13.740920   0.080990
1871.477819   13.711810   0.086950
1871.479709   13.736110   0.079120
1871.481438   13.682860   0.081760
1871.550420   13.730220   0.098500
1871.559908   13.685110   0.094300
1871.569340   13.699950   0.109590
1871.578835   13.672460   0.108140
1871.588334   13.788650   0.123130
1872.324463   13.688760   0.051190
1872.334315   13.689450   0.051800
1872.344041   13.702530   0.049290
1872.353623   13.738920   0.051000
1872.363427   13.694690   0.046120
1872.373279   13.745570   0.047150
1872.383099   13.727080   0.050450
1872.392766   13.674260   0.046220
1872.402203   13.718660   0.046890
1872.412032   13.706470   0.049260
1872.421585   13.710970   0.056000
1872.431130   13.690960   0.056430
1872.439874   13.717020   0.053950
1872.447517   13.692540   0.057020
1872.454162   13.732610   0.057590
1872.459603   13.687540   0.068640
1872.463903   13.717150   0.069860
1872.467716   13.682590   0.058980
1872.470496   13.704140   0.063730
1872.473152   13.685560   0.062370
1872.474857   13.740110   0.063930
1872.476617   13.678620   0.066030
1872.478370   13.738840   0.065780
1872.480228   13.759070   0.067360
1872.541663   13.719030   0.078570
1872.550845   13.720860   0.090820
1872.560270   13.707940   0.091040
1872.569828   13.716540   0.093970
1872.579400   13.736670   0.103710
1872.588943   13.790360   0.119680
1872.598411   13.631210   0.096030
1873.229437   13.748410   0.055540
1873.238826   13.718590   0.059720
1873.248403   13.731370   0.055440
1873.258009   13.701510   0.057950
1873.267456   13.691720   0.060290
1873.276959   13.711160   0.061470
1873.286788   13.725110   0.062250
1873.296275   13.722400   0.062280
1873.305896   13.736880   0.069680
1873.315548   13.713080   0.072930
1873.325684   13.730130   0.073400
1873.335346   13.716310   0.079620
1873.344943   13.616370   0.076080
1873.354842   13.685620   0.070570
1873.364691   13.762850   0.083510
1873.374458   13.780270   0.079200
1873.383960   13.696460   0.072160
1873.393856   13.702750   0.069860
1873.403606   13.710700   0.078940
1873.413210   13.696660   0.088740
1873.422938   13.736140   0.089890
1873.432622   13.712540   0.078530
1873.441010   13.681880   0.073400
1873.447044   13.710080   0.067280
1873.453044   13.718220   0.063940
1873.457630   13.676180   0.069410
1873.462090   13.702920   0.074450
1873.465548   13.723980   0.077950
1873.468261   13.688510   0.078130
1873.470892   13.715300   0.080680
1873.472722   13.712100   0.077690
1873.474437   13.687920   0.075060
1873.476606   13.691230   0.109870
1874.032527   13.712180   0.034580
1874.041923   13.692820   0.039640
1874.051714   13.685330   0.037850
1874.061193   13.717320   0.038790
1874.070741   13.682800   0.040440
1874.080230   13.708570   0.038240
1874.089638   13.710910   0.039030
1874.098984   13.696000   0.041960
1874.108441   13.710780   0.038740
1874.117749   13.715640   0.042840
1874.127103   13.664720   0.043280
1874.136654   13.703960   0.041410
1874.145982   13.732780   0.043630
1874.155173   13.712550   0.048200
1874.164605   13.684170   0.051460
1874.174153   13.713380   0.061290
1874.183645   13.708160   0.076580
1874.193053   13.630980   0.101370
1874.202515   13.753790   0.112300
1874.212179   13.665860   0.120870
1874.222051   13.715300   0.104140
1876.992585   13.700090   0.039150
1877.002277   13.666550   0.040820
1877.012009   13.690550   0.044870
1877.021623   13.683150   0.042010
1877.031340   13.719300   0.046670
1877.041094   13.701350   0.044300
1877.050632   13.680010   0.039420
1877.060512   13.702950   0.040660
1877.070280   13.694020   0.043150
1877.080037   13.700930   0.043190
1877.089835   13.697150   0.039790
1877.099542   13.691720   0.043490
1877.109324   13.723480   0.054540
1877.119234   13.722240   0.051430
1877.128562   13.715200   0.049360
1877.137988   13.704890   0.048240
1877.147449   13.712790   0.056590
1877.157081   13.698260   0.054360
1877.166514   13.690540   0.050330
1877.175811   13.683960   0.045960
1877.185180   13.701630   0.048030
1877.194638   13.711560   0.050160
1877.204359   13.721270   0.047060
1877.213829   13.701190   0.043560
1877.223290   13.713440   0.047750
1877.232928   13.723210   0.045800
1877.242583   13.716500   0.053200
1877.252102   13.700340   0.054100
1877.261424   13.706470   0.052950
1877.271317   13.659550   0.048280
1877.280810   13.682220   0.044400
1877.290913   13.712890   0.049570
1877.300784   13.727470   0.058560
1877.310552   13.707730   0.048520
1877.320329   13.668800   0.060890
1877.330019   13.687810   0.052090
1877.339609   13.701470   0.044240
1877.349339   13.705980   0.053900
1877.359563   13.701250   0.046530
1877.369289   13.698490   0.053140
1877.379166   13.718410   0.046790
1877.389199   13.724040   0.056530
1877.398748   13.730060   0.064620
1877.408188   13.676210   0.060580
1877.417610   13.728140   0.058560
1877.426444   13.691170   0.052850
1877.433416   13.669570   0.052830
1877.439426   13.667210   0.063930
1877.444578   13.755760   0.062500
1877.449101   13.762960   0.055000
1877.452622   13.713850   0.064010
1877.456119   13.682770   0.053850
1877.458826   13.715980   0.053290
1877.460660   13.726030   0.055240
1877.462441   13.705750   0.054840
1877.464144   13.679100   0.056640
1877.465872   13.679480   0.058300
1877.528546   13.648790   0.070950
1877.538164   13.680410   0.075000
1877.547759   13.702470   0.078230
1877.557433   13.691030   0.079210
1877.566991   13.705960   0.083410
1877.956588   13.745080   0.068320
1877.966360   13.669640   0.060740
1877.975795   13.707890   0.044880
1877.985575   13.714460   0.040600
1877.995071   13.721280   0.036490
1878.004964   13.694450   0.035680
1878.014335   13.698410   0.038110
1878.023915   13.731300   0.032260
1878.033403   13.702790   0.036030
1878.042881   13.700490   0.035460
1878.052477   13.735780   0.040840
1878.062202   13.708850   0.039180
1878.072038   13.682530   0.039670
1878.081838   13.712130   0.040890
1878.091595   13.741560   0.039040
1878.101204   13.703140   0.039500
1878.110979   13.698600   0.035500
1878.120475   13.723820   0.041530
1878.129972   13.707550   0.046470
1878.139452   13.734560   0.051120
1878.148981   13.703460   0.089530
1878.158293   13.689730   0.084050
1878.167692   13.711130   0.046190
1878.177309   13.705230   0.045870
1878.186872   13.728400   0.057490
1878.196273   13.724530   0.057880
1878.206054   13.692410   0.068070
1878.215833   13.699110   0.074840
1878.225557   13.690840   0.071250
1878.235117   13.733890   0.064330
1878.244657   13.697800   0.065850
1878.254352   13.725490   0.065410
1878.263984   13.723830   0.066980
1878.273770   13.720780   0.075710
1878.283405   13.739390   0.081480
1878.293079   13.720010   0.075080
1878.302887   13.675510   0.098970
1878.312828   13.705160   0.098650
1878.322431   13.726150   0.101250
1878.332111   13.746200   0.105470
1878.342126   13.720740   0.076520
1878.351898   13.696650   0.084880
1878.361666   13.764810   0.079760
1878.371492   13.693760   0.077670
1878.381052   13.719780   0.094250
1878.390611   13.703990   0.067530
1878.400035   13.738340   0.087890
1878.409523   13.712850   0.085180
1878.419250   13.761880   0.095430
1878.427139   13.783650   0.095860
1878.434256   13.740790   0.077820
1878.439734   13.748650   0.094800
1878.444205   13.658930   0.070650
1878.448555   13.701880   0.067500
1878.452064   13.702370   0.086860
1878.454721   13.791110   0.094280
1878.457364   13.725160   0.092510
1878.459093   13.757320   0.088100
1878.460943   13.789460   0.088400
1878.463071   13.685990   0.125280
1878.523903   13.700650   0.098430
1878.533380   13.696430   0.091520
1878.542754   13.671460   0.092990
1878.552323   13.721590   0.095520
1878.561961   13.718310   0.110560
1878.581387   13.637350   0.070300
1878.896259   13.871410   0.117970
1878.907039   13.679470   0.095220
1878.917827   13.691170   0.097330
1878.928636   13.748300   0.087090
1878.939490   13.732140   0.077790
1878.950209   13.707850   0.063170
1878.960985   13.730400   0.064060
1878.971663   13.715590   0.053650
1878.982256   13.728730   0.058390
1878.992862   13.702780   0.053650
1879.003349   13.698370   0.054220
1879.014056   13.689710   0.059210
1879.024781   13.758590   0.063770
1879.035403   13.673890   0.067900
1879.046338   13.702210   0.068660
1879.056998   13.728130   0.072930
1879.067120   13.732570   0.070180
1879.077625   13.700640   0.072810
1879.087804   13.714220   0.068670
1879.097718   13.704470   0.082820
1879.108265   13.720720   0.080280
1879.118677   13.724100   0.083730
1879.128946   13.735680   0.076480
1879.138951   13.652200   0.079160
1879.148948   13.654960   0.093220
1879.158753   13.707550   0.105450
1879.168681   13.746690   0.098790
1879.178653   13.703570   0.106800
1879.188532   13.629020   0.105610
1879.198658   13.576510   0.105260
1879.208980   13.723780   0.112760
1879.219105   13.723400   0.114320
1879.229198   13.746190   0.115040
1879.239692   13.676460   0.110010
1879.249885   13.694280   0.110360
1879.259988   13.721530   0.108840
1879.270136   13.709360   0.101640
1879.279998   13.709630   0.082870
1879.290256   13.689490   0.101230
1879.300321   13.672310   0.103160
1879.310604   13.687980   0.097410
1879.321132   13.786920   0.105390
1879.331398   13.679460   0.105710
1879.341711   13.646950   0.101650
1879.352168   13.658160   0.101980
1879.362239   13.752720   0.106000
1879.372581   13.700240   0.109350
1879.383093   13.654530   0.062000
1879.393142   13.644800   0.107680
1879.403333   13.825660   0.122410
1879.413718   13.780120   0.122840
1879.422210   13.775060   0.130280
1879.430290   13.718850   0.124060
1879.436968   13.727740   0.104580
1879.441492   13.794970   0.130180
1879.445571   13.715940   0.101970
1879.449533   13.659540   0.103420
1879.452342   13.672130   0.103960
1879.454194   13.716990   0.127490
1879.456055   13.666350   0.110000
1879.457932   13.727140   0.132110
1879.459809   13.677720   0.126760
1879.460754   13.682710   0.069400
1879.904711   13.625530   0.097820
1879.914664   13.719980   0.078300
1879.924232   13.678540   0.062630
1879.933937   13.710270   0.053100
1879.943742   13.708650   0.045450
1879.953255   13.735170   0.042510
1879.962965   13.715960   0.038230
1879.972299   13.729200   0.037660
1879.982133   13.715250   0.037720
1879.991480   13.693410   0.039960
1880.001350   13.701920   0.044460
1880.010995   13.691690   0.047680
1880.020489   13.712080   0.050570
1880.030167   13.685320   0.049500
1880.040004   13.680700   0.048050
1880.050020   13.701660   0.047860
1880.059700   13.689220   0.048580
1880.069635   13.715890   0.049880
1880.079469   13.737200   0.052330
1880.089000   13.713920   0.050350
1880.098524   13.714640   0.051390
1880.108072   13.699990   0.057510
1880.117530   13.758830   0.051630
1880.127140   13.707520   0.052730
1880.200091   13.705610   0.059130
1880.209735   13.705060   0.064300
1880.219431   13.707340   0.059180
1880.229324   13.703480   0.055470
1880.238989   13.691280   0.051240
1880.248836   13.711300   0.049310
1880.258298   13.691650   0.052250
1880.267686   13.706950   0.056820
1880.277275   13.722510   0.058140
1880.286928   13.723990   0.067620
1880.306613   13.718550   0.059820
1880.369120   13.707220   0.057240
1880.967707   13.717310   0.063870
1880.977730   13.763090   0.065620
1880.987626   13.743310   0.049980
1880.997175   13.712110   0.043830
1881.007352   13.700660   0.050060
1881.017262   13.702880   0.049830
1881.027023   13.674480   0.053340
1881.036583   13.704530   0.053550
1881.046307   13.716170   0.052860
1881.055914   13.683790   0.060280
1881.065565   13.703740   0.059060
1881.075352   13.696060   0.063880
1881.085120   13.668690   0.058330
1881.094964   13.750690   0.055900
1881.104801   13.735120   0.047640
1881.114937   13.714890   0.072060
1881.124474   13.719490   0.063990
1881.134326   13.726610   0.068830
1881.143810   13.716760   0.048310
1881.153419   13.701180   0.065950
1881.163015   13.705800   0.057630
1881.171357   13.706510   0.048310
1881.180981   13.702590   0.051120
1881.190627   13.720300   0.044180
1881.200550   13.708460   0.046510
1881.210473   13.681810   0.051220
1881.220305   13.693110   0.056680
1881.230199   13.717390   0.053760
1881.239668   13.704120   0.055030
1881.249328   13.735100   0.057650
1881.258917   13.713480   0.057340
1881.268352   13.721520   0.061010
1881.278189   13.715600   0.058200
1881.288137   13.739240   0.057610
1881.297680   13.696250   0.060410
1881.307337   13.733450   0.064970
1881.317394   13.705090   0.062710
1881.327336   13.687540   0.060820
1881.337373   13.692340   0.065340
1881.347129   13.728850   0.066390
1881.357110   13.706870   0.064700
1881.366722   13.711490   0.071140
1881.376276   13.695090   0.072620
1881.386104   13.718190   0.072920
1881.395996   13.741960   0.075810
1881.405772   13.636040   0.078430
1881.414838   13.687000   0.077480
1881.422098   13.733680   0.080740
1881.428287   13.659690   0.079420
1881.433496   13.706740   0.081060
1881.437835   13.736510   0.081120
1881.441542   13.687800   0.084090
1881.445078   13.657740   0.084380
1881.447777   13.730610   0.085610
1881.449541   13.645310   0.077800
1881.451276   13.688070   0.082880
1881.453055   13.678540   0.088510
1881.455245   13.698880   0.118200
1881.512259   13.688850   0.084180
1881.522032   13.738150   0.088050
1881.531584   13.727670   0.088070
1881.541053   13.678700   0.097450
1881.550943   13.787600   0.108520
1881.560601   13.717720   0.103110
1881.570473   13.731910   0.102590
1881.580253   13.668750   0.114730
1881.589860   13.661560   0.106420
1881.599577   13.701250   0.119000
1881.609472   13.651890   0.109180
1881.619114   13.727100   0.126860
1881.638437   13.527470   0.079200
1881.855252   13.679770   0.116970
1881.864967   13.630930   0.093890
1881.874874   13.725390   0.083500
1881.884546   13.753680   0.073370
1881.894462   13.719730   0.062460
1881.904494   13.713490   0.057090
1881.914271   13.704000   0.054450
1881.923884   13.720960   0.055510
1881.933466   13.728630   0.054640
1881.943231   13.739000   0.056850
1881.952875   13.714350   0.072180
1881.962633   13.735750   0.078000
1881.972149   13.746790   0.085310
1881.982098   13.681020   0.087780
1881.992169   13.702520   0.110560
1882.001889   13.724090   0.121630
1882.011594   13.682850   0.120570
1882.021627   13.757270   0.101460
1882.031644   13.659390   0.107060
1882.041324   13.721230   0.107060
1882.051198   13.700600   0.093430
1882.060871   13.741040   0.100030
1882.080330   13.741940   0.069480
1882.109365   13.787930   0.073300
1882.121972   13.772560   0.115200
1882.131558   13.666760   0.085790
1882.150540   13.703720   0.095800
1882.160119   13.708660   0.094620
1882.169652   13.726680   0.101830
1882.179008   13.758850   0.103050
1882.188466   13.674240   0.108920
1882.198063   13.679380   0.121990
1883.093660   13.648860   0.074580
1883.103290   13.756780   0.085240
1883.112818   13.705380   0.077000
1883.122237   13.707070   0.090150
1883.131900   13.650150   0.073560
1883.141295   13.712790   0.080120
1883.150882   13.763030   0.086880
1883.160374   13.756170   0.096640
1883.169871   13.634130   0.098140
1883.179271   13.711040   0.074670
1883.188727   13.761490   0.077050
1883.198404   13.694940   0.089250
1883.207904   13.676160   0.096420
1883.217549   13.654010   0.095420
1883.226897   13.740720   0.104180
1883.236210   13.754470   0.100630
1883.245790   13.703540   0.093870
1883.255334   13.751890   0.109170
1883.265175   13.741840   0.108340
1883.274780   13.742910   0.109100
1883.304382   13.559810   0.097090
1883.323566   13.545050   0.069900
1883.333437   13.765150   0.120640
1883.343359   13.762790   0.097300
1883.353701   13.616750   0.066900
1883.363493   13.756490   0.117260
1883.373027   13.713240   0.122870
1883.382656   13.715400   0.100970
1883.392439   13.712630   0.115930
1883.402040   13.656290   0.119460
1883.410138   13.624870   0.106210
1883.417408   13.601110   0.099560
1883.423677   13.768580   0.130570
1883.428949   13.642720   0.124090
1883.436812   13.805950   0.124290
1883.443180   13.674730   0.118020
1883.445080   13.640360   0.066700
1883.446707   13.812490   0.127290
1883.448508   13.779730   0.120550
1883.517022   13.743750   0.126760
1883.593991   13.721120   0.109260
1884.099534   13.717250   0.034700
1884.109140   13.701870   0.034260
1884.118686   13.694550   0.041690
1884.128292   13.686680   0.057860
1884.137551   13.723240   0.040580
1884.147279   13.723310   0.045210
1884.156774   13.697080   0.046860
1884.166197   13.766180   0.062220
1884.175960   13.733390   0.056340
1884.185414   13.728370   0.051820
1884.194977   13.701360   0.042040
1884.204574   13.727000   0.045200
1884.214174   13.696290   0.040580
1884.223839   13.722260   0.046470
1884.233272   13.665350   0.071970
1884.242628   13.721100   0.037380
1884.252195   13.712440   0.035620
1884.261682   13.693970   0.036730
1884.271201   13.717710   0.037270
1884.280876   13.720830   0.039290
1884.290846   13.704950   0.042860
1884.300573   13.731190   0.048320
1884.310420   13.697420   0.076380
1884.320206   13.683750   0.043430
1884.330156   13.688180   0.047530
1884.340081   13.726720   0.064720
1884.350052   13.673830   0.059030
1884.360119   13.699670   0.045880
1884.370060   13.728160   0.045270
1884.379738   13.683570   0.049250
1884.389528   13.671550   0.040190
1884.399065   13.661070   0.040930
1884.406881   13.728650   0.048720
1884.413865   13.722490   0.055370
1884.420368   13.773110   0.068070
1884.425635   13.700580   0.043010
1884.430150   13.717700   0.038050
1884.433678   13.707850   0.044480
1884.437202   13.702270   0.042670
1884.439908   13.709990   0.047890
1884.441669   13.723880   0.045670
1884.443407   13.710060   0.045270
1884.445186   13.697760   0.040600
1884.446926   13.705600   0.063780
1884.503638   13.736800   0.041640
1884.513187   13.724700   0.051140
1884.522993   13.682860   0.042330
1884.532900   13.687690   0.036740
1884.542819   13.710620   0.046760
1884.552706   13.704480   0.057030
1884.562458   13.697500   0.033140
1884.572213   13.705540   0.043310
1884.581820   13.700360   0.034820
1884.591479   13.709900   0.045540
1884.600983   13.698870   0.040270
1884.610820   13.707140   0.037700
1884.886961   13.739540   0.107130
1884.896459   13.656970   0.107150
1884.906042   13.778990   0.106520
1884.915796   13.844150   0.068600
1884.925737   13.664250   0.093360
1884.935647   13.771440   0.094880
1884.945448   13.718500   0.102250
1884.954875   13.693770   0.109010
1884.964329   13.781000   0.110980
1884.974229   13.658180   0.115420
1884.983622   13.661830   0.095890
1884.993441   13.690140   0.110310
1885.003341   13.693780   0.098190
1885.013229   13.745350   0.126550
1885.022911   13.659730   0.117510
1885.032426   13.682480   0.108070
1885.042138   13.691620   0.103540
1885.052183   13.627240   0.072600
1885.278794   13.748600   0.087370
1885.288849   13.647440   0.059300
1885.298475   13.714340   0.100970
1885.308250   13.710130   0.096600
1885.318087   13.649290   0.097730
1885.328301   13.777000   0.112980
1885.590133   13.830820   0.070500
1886.072366   13.735790   0.032860
1886.082057   13.705120   0.033830
1886.091456   13.699560   0.035690
1886.101064   13.700920   0.036730
1886.110701   13.691240   0.036200
1886.120214   13.704000   0.038410
1886.129544   13.712120   0.039290
1886.138882   13.713190   0.039210
1886.148233   13.701070   0.038510
1886.157943   13.694160   0.040010
1886.167550   13.708510   0.049830
1886.177101   13.750220   0.046830
1886.186997   13.699340   0.047550
1886.196609   13.692200   0.051100
1886.206153   13.692860   0.061160
1886.215757   13.719280   0.062580
1886.225422   13.763300   0.090660
1886.234829   13.798050   0.093030
1886.244630   13.736610   0.084250
1886.254426   13.714950   0.063050
1886.263771   13.702130   0.047920
1886.273578   13.740620   0.090900
1886.283270   13.729710   0.050250
1886.293134   13.751400   0.050440
1886.303115   13.711180   0.062480
1886.312914   13.719330   0.051370
1886.322818   13.693840   0.056230
1886.332859   13.722500   0.055260
1886.342543   13.704680   0.051170
1886.352534   13.679470   0.052710
1886.362281   13.705960   0.058750
1886.372003   13.719500   0.062760
1886.381496   13.709680   0.063900
1886.391198   13.741790   0.068720
1886.399994   13.759990   0.070460
1886.408171   13.698150   0.072040
1886.414363   13.636280   0.078230
1886.419581   13.646790   0.090710
1886.423873   13.732720   0.086290
1886.427459   13.701000   0.082180
1886.431086   13.712060   0.077470
1886.433748   13.741790   0.092230
1886.435540   13.764920   0.101100
1886.437293   13.666150   0.082390
1886.439058   13.722640   0.084300
1886.441348   13.645760   0.165130
