1863.169882   14.294240   0.077980
1863.179028   14.309640   0.085290
1863.188111   14.324930   0.093820
1863.197263   14.249970   0.086150
1863.206453   14.362580   0.085020
1863.215516   14.291810   0.100280
1863.224486   14.330560   0.098870
1863.233708   14.265550   0.103150
1863.243026   14.275620   0.109340
1863.252052   14.239870   0.096510
1863.260978   14.287700   0.084600
1863.270074   14.279800   0.114900
1863.279229   14.343820   0.097480
1863.288341   14.268080   0.095020
1863.297662   14.274980   0.084020
1863.306748   14.269040   0.091080
1863.315898   14.408070   0.104500
1863.325261   14.351010   0.097450
1863.334632   14.349390   0.106320
1863.344416   14.343960   0.098390
1863.353962   14.276800   0.094310
1863.363511   14.296260   0.084720
1863.372640   14.277490   0.083310
1863.381795   14.264370   0.077930
1863.391577   14.262860   0.078890
1863.400670   14.299820   0.081940
1863.410157   14.278410   0.087180
1863.419415   14.276990   0.100830
1863.428728   14.303420   0.098890
1863.438171   14.318870   0.102910
1863.447725   14.289740   0.115380
1863.457038   14.264650   0.122090
1863.464590   14.288090   0.111390
1863.496467   14.226180   0.075800
1864.122118   14.338330   0.062220
1864.131216   14.332960   0.084990
1864.140349   14.307970   0.077900
1864.149328   14.299510   0.076720
1864.158727   14.248520   0.064790
1864.168077   14.345440   0.097610
1864.177441   14.333300   0.092990
1864.186471   14.286910   0.070190
1864.195786   14.366810   0.087680
1864.204761   14.328290   0.080940
1864.213956   14.283950   0.069660
1864.223275   14.318470   0.072500
1864.232312   14.296120   0.088130
1864.241734   14.284380   0.082980
1864.250994   14.271940   0.075440
1864.260292   14.346220   0.083680
1864.269452   14.349800   0.074330
1864.278712   14.331640   0.095170
1864.288040   14.364080   0.095800
1864.297228   14.335730   0.088860
1864.306786   14.284720   0.089530
1864.315982   14.292090   0.092730
1864.325240   14.241990   0.092500
1864.334830   14.296670   0.088330
1864.344223   14.332340   0.113050
1864.353629   14.319110   0.119410
1864.362807   14.310260   0.104110
1864.372284   14.207920   0.080900
1864.381718   14.299520   0.129520
1864.391386   14.287820   0.117680
1864.401328   14.263310   0.075300
1864.410777   14.277280   0.124080
1864.420158   14.361050   0.127150
1864.429378   14.245880   0.135440
1865.081649   14.334090   0.104770
1865.090914   14.246200   0.096380
1865.103000   14.350150   0.095350
1865.112265   14.276170   0.097570
1865.121493   14.334690   0.117360
1865.180915   14.235230   0.070290
1865.189934   14.282910   0.050410
1865.199137   14.285030   0.067320
1865.208040   14.281300   0.050770
1865.217207   14.246330   0.084530
1865.226382   14.300690   0.073870
1865.235932   14.328570   0.089720
1865.245886   14.325880   0.082660
1865.255783   14.326470   0.090280
1865.265750   14.322960   0.116700
1865.275774   14.320920   0.101560
1865.285892   14.364450   0.091910
1865.295973   14.217580   0.091560
1865.306185   14.302380   0.094450
1865.316145   14.275240   0.087000
1865.326150   14.293890   0.097430
1865.336276   14.335620   0.122760
1865.346577   14.320860   0.109650
1865.356675   14.262080   0.103060
1865.366659   14.378480   0.120210
1865.376904   14.226890   0.113910
1865.387088   14.309640   0.116290
1865.397153   14.356050   0.123170
1865.407149   14.299420   0.117900
1865.417333   14.290060   0.106150
1865.427630   14.319410   0.118530
1865.437669   14.242500   0.111490
1865.448247   14.296800   0.109810
1866.165339   14.268120   0.054710
1866.174723   14.280650   0.058040
1866.184057   14.302140   0.057320
1866.193410   14.311770   0.059080
1866.202706   14.325000   0.059660
1866.212035   14.281010   0.061020
1866.221409   14.313630   0.060630
1866.230791   14.244980   0.057860
1866.240551   14.359000   0.060860
1866.250004   14.314110   0.059580
1866.259354   14.312100   0.063010
1867.193045   14.297620   0.040530
1867.202355   14.294690   0.043330
1867.211516   14.289760   0.042960
1867.220585   14.294250   0.045270
1867.230131   14.275390   0.046020
1867.239707   14.261410   0.046130
1867.249230   14.291240   0.045040
1867.258785   14.291330   0.048790
1867.268385   14.314140   0.048620
1867.277702   14.266650   0.049570
1867.287153   14.305110   0.048560
1867.296854   14.265260   0.051800
1867.306121   14.277880   0.049960
1867.315500   14.275320   0.052710
1867.325094   14.300140   0.054870
1867.334502   14.310980   0.055910
1867.344482   14.310300   0.062670
1867.354030   14.293150   0.057050
1867.363492   14.341150   0.071020
1867.372735   14.300100   0.062320
1867.382212   14.264550   0.066100
1867.391671   14.286030   0.072900
1867.401392   14.280990   0.067640
1867.410805   14.258880   0.064860
1867.420288   14.254730   0.082770
1867.429722   14.236290   0.089160
1867.439192   14.246760   0.081280
1867.448574   14.162360   0.091420
1867.456168   14.304150   0.080580
1867.463320   14.242050   0.081210
1867.469421   14.266690   0.086280
1867.473939   14.278440   0.067560
1867.478291   14.256270   0.060520
1867.481655   14.364420   0.069750
1867.484335   14.300840   0.072130
1867.486951   14.321040   0.064940
1867.488639   14.277890   0.073100
1867.490315   14.299890   0.072660
1867.492002   14.314360   0.074840
1867.493724   14.294640   0.069940
1868.197661   14.324250   0.075470
1868.207123   14.308790   0.081460
1868.216418   14.311570   0.083560
1868.225986   14.333180   0.106700
1868.235810   14.443270   0.096380
1868.245580   14.321020   0.111620
1868.255259   14.321550   0.114170
1868.264815   14.400730   0.119720
1868.274279   14.302030   0.119750
1868.283929   14.339030   0.114450
1868.322548   14.316020   0.129890
1868.332083   14.306070   0.125850
1868.341800   14.243070   0.126980
1868.380494   14.230120   0.115550
1868.390520   14.222810   0.078500
1868.418946   14.259450   0.113730
1868.428372   14.274520   0.076200
1868.460989   14.206470   0.112550
1870.219778   14.292670   0.049210
1870.229270   14.308760   0.054130
1870.238762   14.323330   0.060800
1870.248135   14.277030   0.053000
1870.257691   14.294150   0.064150
1870.267266   14.341000   0.060600
1870.276950   14.331530   0.060960
1870.286498   14.296900   0.057800
1870.295849   14.287970   0.045540
1870.305565   14.314010   0.061330
1870.315197   14.287310   0.065120
1870.325274   14.309600   0.074760
1870.335174   14.287290   0.069010
1870.344892   14.274190   0.073900
1870.354573   14.290020   0.087590
1870.364104   14.260930   0.110390
1870.373603   14.394910   0.116140
1870.383600   14.297540   0.126400
1871.136689   14.287260   0.065880
1871.146179   14.327510   0.058020
1871.155384   14.302880   0.062940
1871.164955   14.362290   0.069990
1871.174269   14.318570   0.065160
1871.183469   14.267350   0.072140
1871.192872   14.271040   0.068580
1871.202392   14.313660   0.073030
1871.211865   14.315320   0.086680
1871.221273   14.319110   0.089210
1871.230922   14.246500   0.072690
1871.240394   14.218830   0.074290
1871.250018   14.340020   0.079090
1871.259511   14.343540   0.075450
1871.269122   14.332800   0.076800
1871.278903   14.302690   0.073720
1871.288648   14.312100   0.080660
1871.298226   14.309320   0.073440
1871.307789   14.285180   0.085140
1871.317562   14.334340   0.084970
1871.327342   14.272480   0.085380
1871.337079   14.315640   0.095350
1871.346725   14.372270   0.098950
1871.356495   14.339000   0.095150
1871.366277   14.299280   0.096740
1871.375944   14.294810   0.104810
1871.385808   14.286020   0.115190
1871.395399   14.302590   0.121140
1871.404882   14.291250   0.132230
1871.414342   14.161210   0.125980
1871.423744   14.255290   0.126720
1871.433495   14.245110   0.132010
1871.442405   14.202440   0.110560
1871.449670   14.257830   0.121130
1871.455742   14.203530   0.119970
1871.461268   14.200780   0.106600
1871.465968   14.353370   0.126330
1871.469384   14.295860   0.100620
1871.472994   14.195110   0.114910
1871.476070   14.271490   0.121990
1871.477819   14.294170   0.125090
1871.479709   14.237610   0.119180
1871.481438   14.332260   0.120620
1871.550420   14.198180   0.124550
1871.559755   14.328110   0.076700
1871.569187   14.333830   0.081100
1872.324463   14.301160   0.068800
1872.334315   14.343010   0.080380
1872.344041   14.344830   0.073190
1872.353623   14.316950   0.071790
1872.363427   14.275590   0.072900
1872.373279   14.289910   0.071480
1872.383099   14.382480   0.076320
1872.392766   14.269510   0.069450
1872.402203   14.322340   0.073270
1872.412032   14.325930   0.077320
1872.421585   14.281510   0.082820
1872.431130   14.243560   0.087650
1872.439874   14.288390   0.084320
1872.447517   14.267260   0.081820
1872.454162   14.272220   0.081260
1872.459603   14.265260   0.095050
1872.463903   14.233980   0.099240
1872.467716   14.319810   0.087910
1872.470496   14.283420   0.097610
1872.473152   14.272210   0.092510
1872.474857   14.358030   0.102030
1872.476617   14.280980   0.097640
1872.478370   14.261310   0.094740
1872.480228   14.306500   0.097690
1872.541663   14.250580   0.119050
1872.550845   14.200090   0.119240
1872.560270   14.238530   0.123280
1872.569905   14.209390   0.099580
1873.229437   14.391640   0.083100
1873.238826   14.349780   0.084250
1873.248403   14.229150   0.084140
1873.258009   14.246310   0.080700
1873.267456   14.308090   0.083090
1873.276959   14.303290   0.084180
1873.286788   14.304290   0.087610
1873.296275   14.216900   0.088850
1873.305896   14.296480   0.101100
1873.315548   14.431130   0.113020
1873.325684   14.312760   0.111270
1873.335346   14.245710   0.112240
1873.344943   14.455860   0.117540
1873.354842   14.297820   0.112230
1873.364767   14.338400   0.095250
1873.374458   14.231330   0.112930
1873.383960   14.258690   0.105110
1873.393856   14.274810   0.110350
1873.403606   14.344990   0.115950
1873.413057   14.358850   0.071200
1873.422938   14.312610   0.119650
1873.432622   14.315560   0.115140
1873.441010   14.346560   0.105660
1873.447044   14.338830   0.105010
1873.453044   14.230670   0.093290
1873.457630   14.361300   0.110820
1873.462090   14.334220   0.106120
1873.465548   14.341310   0.115940
1873.468261   14.294520   0.109500
1873.470892   14.295680   0.114260
1873.472722   14.325350   0.116610
1873.474437   14.362390   0.109860
1873.476606   14.310030   0.156530
1874.032527   14.288950   0.052200
1874.041923   14.294680   0.058090
1874.051714   14.270790   0.057030
1874.061193   14.300790   0.053440
1874.070741   14.289150   0.061850
1874.080230   14.297400   0.058250
1874.089638   14.333700   0.063270
1874.098984   14.350130   0.065230
1874.108441   14.262970   0.061160
1874.117749   14.321020   0.064910
1874.127103   14.317210   0.064900
1874.136654   14.320970   0.064110
1874.145982   14.311670   0.063020
1874.155173   14.348210   0.071300
1874.164605   14.349830   0.078800
1874.174153   14.277720   0.091060
1874.183645   14.259780   0.119880
1876.992585   14.251070   0.057610
1877.002277   14.290290   0.059400
1877.012009   14.264210   0.064040
1877.021623   14.267730   0.065130
1877.031340   14.337090   0.071000
1877.041094   14.279000   0.069570
1877.050632   14.234580   0.055610
1877.060512   14.264370   0.062350
1877.070280   14.285400   0.064500
1877.080037   14.324780   0.065220
1877.089835   14.261920   0.061070
1877.099542   14.212020   0.069040
1877.109324   14.317030   0.085180
1877.119234   14.359020   0.084620
1877.128562   14.335930   0.076130
1877.137988   14.289330   0.073750
1877.147449   14.252950   0.087530
1877.157081   14.219260   0.080450
1877.166514   14.305160   0.076670
1877.175811   14.406800   0.075220
1877.185180   14.255380   0.079640
1877.194638   14.252890   0.071740
1877.204359   14.280100   0.075470
1877.213829   14.286820   0.067910
1877.223290   14.272360   0.071680
1877.232928   14.278310   0.070680
1877.242583   14.341630   0.083500
1877.252102   14.231120   0.079350
1877.261424   14.257750   0.082070
1877.271317   14.304450   0.074330
1877.280810   14.280720   0.068380
1877.290913   14.303850   0.079980
1877.300784   14.237340   0.088110
1877.310552   14.261980   0.078150
1877.320329   14.319650   0.093610
1877.330019   14.308090   0.075730
1877.339609   14.245800   0.068000
1877.349339   14.307020   0.079770
1877.359563   14.261720   0.073280
1877.369289   14.288570   0.079500
1877.379166   14.281490   0.073400
1877.389199   14.272750   0.089750
1877.398748   14.332940   0.095230
1877.408188   14.345680   0.091940
1877.417610   14.284120   0.085870
1877.426444   14.250580   0.076970
1877.433416   14.261610   0.084870
1877.439426   14.374420   0.100880
1877.444578   14.252900   0.087280
1877.449101   14.310760   0.079970
1877.452622   14.368520   0.102240
1877.456119   14.338060   0.089720
1877.458826   14.276390   0.078650
1877.460660   14.323260   0.088120
1877.462441   14.316850   0.085770
1877.464144   14.338520   0.085270
1877.465872   14.302540   0.090350
1877.528546   14.202160   0.102990
1877.538164   14.261800   0.110020
1877.547759   14.389620   0.117930
1877.557433   14.256850   0.116490
1877.566991   14.230560   0.118910
1877.956588   14.365690   0.098450
1877.966360   14.303540   0.086260
1877.975795   14.326360   0.065500
1877.985575   14.315680   0.056920
1877.995071   14.270870   0.053440
1878.004964   14.312490   0.051920
1878.014335   14.311030   0.058100
1878.023915   14.335770   0.050910
1878.033403   14.317470   0.053980
1878.042881   14.285110   0.051330
1878.052477   14.275940   0.057090
1878.062202   14.286790   0.056420
1878.072038   14.339300   0.059330
1878.081838   14.310880   0.061380
1878.091595   14.323110   0.056540
1878.101204   14.244720   0.055500
1878.111056   14.337890   0.060630
1878.120475   14.286200   0.061520
1878.129972   14.298380   0.068590
1878.139452   14.289880   0.071800
1878.148905   14.186260   0.099840
1878.158293   14.335720   0.113670
1878.167692   14.307790   0.069740
1878.177309   14.279750   0.064760
1878.186872   14.328220   0.087670
1878.196273   14.324980   0.079510
1878.206054   14.252540   0.088600
1878.215833   14.311110   0.109240
1878.225557   14.367300   0.112600
1878.235117   14.319740   0.095700
1878.244657   14.330080   0.089790
1878.254352   14.376870   0.106830
1878.263984   14.282230   0.104720
1878.273770   14.273550   0.108130
1878.283405   14.254950   0.110200
1878.293079   14.344870   0.122820
1878.322431   14.213360   0.081200
1878.332264   14.229400   0.079700
1878.342126   14.270460   0.101890
1878.351898   14.233610   0.113490
1878.361666   14.347490   0.120690
1878.371492   14.252100   0.118710
1878.381052   14.413600   0.111660
1878.390611   14.332230   0.102230
1878.400035   14.301050   0.121920
1878.409523   14.222660   0.115880
1878.419326   14.347770   0.106490
1878.427139   14.213040   0.096680
1878.434332   14.340690   0.078500
1878.439811   14.344100   0.110750
1878.444205   14.329810   0.105520
1878.448478   14.274850   0.075500
1878.452064   14.259120   0.097240
1878.454721   14.235110   0.121760
1878.457364   14.274550   0.123160
1878.459093   14.327200   0.126430
1878.460943   14.274370   0.126380
1878.463071   14.281110   0.173280
1878.523749   14.127340   0.066500
1878.533380   14.216140   0.125640
1878.542754   14.286220   0.123880
1878.552246   14.173670   0.102980
1878.928636   14.231850   0.105580
1878.939490   14.327430   0.123390
1878.950209   14.331610   0.096530
1878.960985   14.251510   0.089090
1878.971663   14.300160   0.076150
1878.982256   14.309560   0.083020
1878.992862   14.263250   0.078530
1879.003349   14.347970   0.086590
1879.014056   14.278000   0.082030
1879.024781   14.327930   0.082810
1879.035403   14.336410   0.100140
1879.046338   14.249270   0.094650
1879.056998   14.309720   0.100170
1879.067120   14.233830   0.096340
1879.077625   14.355880   0.104290
1879.087804   14.342440   0.097060
1879.097718   14.316260   0.115880
1879.108265   14.276650   0.122720
1879.118677   14.311090   0.109040
1879.128870   14.189500   0.072600
1879.138951   14.301510   0.111680
1879.290103   14.157000   0.080600
1879.300321   14.292210   0.080200
1879.352015   14.183440   0.080400
1879.914664   14.430260   0.119950
1879.924232   14.409850   0.097550
1879.933937   14.321390   0.078790
1879.943742   14.282690   0.066190
1879.953255   14.280520   0.060800
1879.962965   14.265280   0.053580
1879.972299   14.273640   0.055890
1879.982133   14.248610   0.058550
1879.991480   14.289540   0.058370
1880.001350   14.334520   0.066560
1880.010995   14.294020   0.072920
1880.020489   14.269750   0.070140
1880.030167   14.344650   0.079360
1880.040004   14.295650   0.069050
1880.050020   14.299380   0.069190
1880.059700   14.272110   0.072250
1880.069635   14.372340   0.081480
1880.079469   14.305340   0.081830
1880.089000   14.305630   0.076130
1880.098524   14.412960   0.089370
1880.108072   14.338790   0.089610
1880.117530   14.275760   0.077640
1880.127140   14.299000   0.079200
1880.200091   14.307640   0.093550
1880.209735   14.277730   0.100800
1880.219431   14.324740   0.094090
1880.229324   14.291920   0.081780
1880.238989   14.276660   0.079190
1880.248836   14.247440   0.072470
1880.258298   14.313480   0.084400
1880.267686   14.317700   0.089140
1880.277275   14.299990   0.085430
1880.286928   14.331410   0.104510
1880.306613   14.213140   0.085890
1880.369120   14.281120   0.084370
1880.967707   14.266310   0.096140
1880.977730   14.400600   0.096680
1880.987626   14.302900   0.075610
1880.997175   14.302740   0.074490
1881.007352   14.355270   0.077320
1881.017262   14.287630   0.076900
1881.027023   14.264310   0.084490
1881.036583   14.300370   0.081800
1881.046307   14.264500   0.086140
1881.055914   14.369170   0.095520
1881.065565   14.321990   0.089310
1881.075352   14.223850   0.093950
1881.085120   14.286080   0.089290
1881.094964   14.350740   0.090730
1881.104801   14.290100   0.075090
1881.114937   14.404070   0.105250
1881.124474   14.311450   0.095810
1881.134326   14.270970   0.098450
1881.143810   14.268500   0.076110
1881.153419   14.288000   0.096940
1881.163015   14.327590   0.091860
1881.171357   14.244450   0.073160
1881.180981   14.326180   0.078180
1881.190627   14.253660   0.063690
1881.200550   14.292030   0.072400
1881.210473   14.324080   0.081320
1881.220305   14.269810   0.082180
1881.230199   14.270250   0.075250
1881.239668   14.323400   0.084000
1881.249328   14.266440   0.085170
1881.258917   14.306760   0.083730
1881.268352   14.288970   0.087380
1881.278189   14.277110   0.091690
1881.288137   14.310000   0.083830
1881.297680   14.314720   0.087010
1881.307337   14.297000   0.092780
1881.317394   14.298210   0.086660
1881.327336   14.358850   0.094280
1881.337373   14.332770   0.096770
1881.347129   14.334870   0.095350
1881.357110   14.283890   0.099260
1881.366722   14.297320   0.100370
1881.376276   14.320410   0.102630
1881.386104   14.296250   0.106040
1881.395996   14.302950   0.110610
1881.405772   14.320180   0.113770
1881.414838   14.267420   0.111660
1881.422098   14.151290   0.111220
1881.428287   14.268350   0.114700
1881.433496   14.281490   0.107640
1881.437835   14.292290   0.114990
1881.441542   14.292750   0.119780
1881.445078   14.292810   0.120300
1881.447777   14.296440   0.119740
1881.449541   14.301780   0.117590
1881.451276   14.325580   0.119000
1881.453055   14.347730   0.122780
1881.455245   14.275810   0.173610
1881.512259   14.346510   0.123120
1881.522032   14.281650   0.122290
1881.531661   14.284940   0.105960
1881.540900   14.341850   0.072500
1881.550866   14.182640   0.103750
1881.560601   14.218860   0.134410
1881.570473   14.306260   0.137420
1881.589860   14.260490   0.077600
1881.874874   14.243160   0.078400
1881.884546   14.238690   0.120650
1881.894462   14.326330   0.100830
1881.904494   14.334380   0.086170
1881.914271   14.309340   0.086600
1881.923884   14.267540   0.087940
1881.933466   14.291100   0.072970
1881.943231   14.298720   0.080150
1881.952875   14.290830   0.108650
1881.962633   14.315100   0.121770
1881.972149   14.241300   0.123470
1881.982021   14.407840   0.105150
1882.021627   14.141980   0.076600
1882.051198   14.204990   0.076500
1882.060948   14.280000   0.112930
1882.080330   14.361080   0.117560
1882.131635   14.304620   0.098570
1882.150540   14.262240   0.130970
1882.159966   14.198200   0.076900
1883.093660   14.242270   0.109520
1883.112818   14.324550   0.115140
1883.131900   14.394770   0.116160
1883.141295   14.360510   0.120610
1883.150882   14.296470   0.103330
1883.160528   14.371830   0.076100
1883.179271   14.309060   0.113870
1883.188727   14.417250   0.122230
1883.198251   14.334330   0.075400
1883.207904   14.240080   0.128350
1883.217395   14.274520   0.070700
1883.236057   14.303710   0.074600
1884.099534   14.255180   0.056120
1884.109140   14.287810   0.055520
1884.118686   14.310750   0.066600
1884.128292   14.084490   0.078060
1884.137551   14.314390   0.060700
1884.147279   14.329240   0.073930
1884.156774   14.299280   0.075340
1884.166197   14.316050   0.091700
1884.175960   14.272870   0.091380
1884.185414   14.309710   0.081330
1884.194977   14.298350   0.067610
1884.204574   14.274200   0.067540
1884.214174   14.276350   0.062410
1884.223839   14.339470   0.077310
1884.233272   14.300870   0.104850
1884.242628   14.236550   0.059570
1884.252195   14.309660   0.056770
1884.261682   14.292650   0.059400
1884.271201   14.285700   0.060210
1884.280876   14.292840   0.065940
1884.290846   14.267570   0.069420
1884.300573   14.213040   0.075630
1884.310420   14.396350   0.091930
1884.320206   14.296480   0.076920
1884.330156   14.263680   0.075300
1884.340081   14.321830   0.095630
1884.350052   14.290990   0.085310
1884.360119   14.250390   0.071570
1884.370060   14.225990   0.070000
1884.379738   14.335220   0.075380
1884.389528   14.272260   0.060350
1884.399065   14.322790   0.060190
1884.406881   14.311060   0.077430
1884.413865   14.241790   0.089100
1884.420368   14.433780   0.099030
1884.425635   14.346220   0.073480
1884.430150   14.286110   0.056640
1884.433678   14.383900   0.066580
1884.437202   14.340930   0.073710
1884.439908   14.336370   0.071060
1884.441669   14.245140   0.069590
1884.443407   14.287880   0.068800
1884.445186   14.333760   0.067740
1884.446926   14.471840   0.099820
1884.503638   14.305890   0.066140
1884.513187   14.264200   0.076190
1884.522993   14.278970   0.061880
1884.532900   14.283090   0.056980
1884.542819   14.259140   0.071300
1884.552706   14.332030   0.080100
1884.562458   14.272150   0.049220
1884.572213   14.290450   0.066040
1884.581820   14.284480   0.051630
1884.591479   14.292180   0.069250
1884.600983   14.212680   0.060760
1884.610820   14.258650   0.055570
1884.905966   14.240850   0.108420
1884.925737   14.286410   0.129680
1885.278947   14.214800   0.069400
1886.072366   14.296080   0.047110
1886.082057   14.271580   0.052500
1886.091456   14.342890   0.055210
1886.101064   14.310280   0.060090
1886.110701   14.298710   0.058500
1886.120214   14.284960   0.058880
1886.129544   14.298640   0.060270
1886.138882   14.247710   0.059000
1886.148233   14.289550   0.056440
1886.157943   14.297880   0.062190
1886.167550   14.195990   0.075350
1886.177101   14.270450   0.073060
1886.186997   14.261190   0.075120
1886.196609   14.333660   0.083250
1886.206153   14.327730   0.090150
1886.215757   14.277100   0.095470
1886.225422   14.294590   0.102680
1886.234829   14.312680   0.128320
1886.244630   14.328500   0.127770
1886.254426   14.311020   0.093190
1886.263771   14.275210   0.073620
1886.273655   14.195390   0.106150
1886.283270   14.310350   0.074210
1886.293134   14.254420   0.079830
1886.303115   14.298640   0.094800
1886.312914   14.305260   0.084770
1886.322818   14.270050   0.081100
1886.332859   14.215080   0.086320
1886.342543   14.222380   0.078090
1886.352534   14.287300   0.087300
1886.362281   14.383030   0.096010
1886.372003   14.297390   0.092300
1886.381496   14.257560   0.100940
1886.391198   14.257430   0.106990
1886.399994   14.292070   0.106110
1886.408171   14.291250   0.112670
1886.414440   14.234480   0.103380
1886.419658   14.350450   0.111110
1886.423873   14.301330   0.124220
1886.427535   14.352970   0.100800
1886.431086   14.303080   0.119460
1886.433595   14.338040   0.071600
1886.437293   14.364410   0.126020
1886.439058   14.322200   0.121990
