1863.169882   13.632650   0.051240
1863.179028   13.621130   0.057280
1863.188111   13.655680   0.061140
1863.197263   13.628810   0.059450
1863.206453   13.647230   0.056470
1863.215516   13.638420   0.066200
1863.224486   13.679210   0.068480
1863.233708   13.615670   0.072030
1863.243026   13.547870   0.070860
1863.252052   13.667700   0.067080
1863.260978   13.668070   0.059360
1863.270074   13.665110   0.068030
1863.279229   13.622600   0.065380
1863.288341   13.618510   0.061520
1863.297662   13.630840   0.057970
1863.306748   13.637280   0.067430
1863.315898   13.595500   0.068900
1863.325261   13.644740   0.063340
1863.334632   13.621920   0.065670
1863.344416   13.621780   0.065610
1863.353962   13.683430   0.060540
1863.363511   13.629300   0.054340
1863.372640   13.628270   0.056520
1863.381795   13.616510   0.050930
1863.391577   13.633260   0.055390
1863.400670   13.638170   0.055970
1863.410157   13.606650   0.061040
1863.419415   13.621720   0.065240
1863.428728   13.583380   0.071270
1863.438171   13.650810   0.071220
1863.447725   13.588590   0.075890
1863.457038   13.631880   0.089710
1863.464667   13.680820   0.104860
1863.471563   13.652070   0.111710
1863.477686   13.655510   0.099530
1863.482900   13.652130   0.108230
1863.487037   13.611070   0.109700
1863.490505   13.651800   0.109670
1863.494064   13.593300   0.103090
1863.496621   13.680350   0.114740
1863.498272   13.651200   0.109710
1863.500087   13.646350   0.116080
1863.501889   13.593210   0.112070
1863.503937   13.627920   0.161780
1864.122118   13.667910   0.041290
1864.131216   13.671040   0.055390
1864.140349   13.633360   0.049300
1864.149328   13.629060   0.051550
1864.158727   13.643160   0.045210
1864.168077   13.662940   0.061000
1864.177441   13.693130   0.056870
1864.186471   13.642390   0.043440
1864.195786   13.655310   0.055110
1864.204761   13.639190   0.049320
1864.213956   13.658950   0.049170
1864.223275   13.618520   0.046230
1864.232312   13.656820   0.057450
1864.241734   13.609740   0.053960
1864.250994   13.633490   0.049130
1864.260292   13.640330   0.056300
1864.269452   13.642340   0.051690
1864.278712   13.621050   0.059870
1864.288040   13.656550   0.061610
1864.297228   13.609960   0.052540
1864.306786   13.649040   0.055570
1864.315982   13.635900   0.063180
1864.325240   13.637220   0.058220
1864.334830   13.611010   0.055180
1864.344223   13.660150   0.079590
1864.353629   13.700050   0.079990
1864.362884   13.616820   0.082620
1864.372284   13.697470   0.109280
1864.381718   13.620280   0.088500
1864.391386   13.603500   0.073100
1864.401175   13.533290   0.095410
1864.410777   13.595500   0.081580
1864.420158   13.600100   0.081200
1864.429378   13.635550   0.097240
1864.438639   13.586140   0.107910
1864.448098   13.604290   0.119460
1864.457409   13.665990   0.127200
1864.465120   13.656790   0.123390
1865.081649   13.671320   0.068110
1865.090914   13.612850   0.070470
1865.103000   13.648610   0.063140
1865.112265   13.643710   0.062760
1865.121493   13.640000   0.077030
1865.180915   13.639980   0.043530
1865.189934   13.646510   0.034240
1865.199137   13.657100   0.042620
1865.208040   13.634290   0.034710
1865.217207   13.641340   0.050410
1865.226382   13.603680   0.046900
1865.235932   13.639400   0.055610
1865.245809   13.613350   0.042960
1865.255783   13.667220   0.056590
1865.265750   13.643680   0.074170
1865.275774   13.659310   0.065810
1865.285892   13.622900   0.054380
1865.295973   13.571910   0.061740
1865.306185   13.616740   0.058060
1865.316145   13.652690   0.054880
1865.326150   13.644920   0.061780
1865.336276   13.638370   0.076620
1865.346577   13.626570   0.069060
1865.356675   13.655730   0.066720
1865.366659   13.647350   0.069270
1865.376904   13.598390   0.074780
1865.387088   13.644620   0.070690
1865.397153   13.662430   0.078290
1865.407149   13.652520   0.075270
1865.417333   13.653300   0.070030
1865.427630   13.588600   0.072060
1865.437669   13.591950   0.073190
1865.448171   13.674220   0.095440
1865.457324   13.631970   0.099690
1865.465615   13.648470   0.108050
1865.471988   13.563960   0.099600
1865.482335   13.520170   0.115520
1865.489785   13.483800   0.120510
1865.492667   13.548060   0.115490
1865.494427   13.604320   0.115020
1865.496283   13.595730   0.109960
1865.498283   13.569480   0.138510
1866.165339   13.657650   0.037550
1866.174723   13.648530   0.037180
1866.184057   13.655890   0.038340
1866.193410   13.626290   0.039500
1866.202706   13.637360   0.039840
1866.212035   13.685410   0.041350
1866.221409   13.629980   0.041120
1866.230791   13.671550   0.040590
1866.240551   13.611930   0.039720
1866.250004   13.643100   0.040310
1866.259354   13.648880   0.041350
1867.193045   13.627380   0.027260
1867.202355   13.642980   0.028000
1867.211516   13.618450   0.027890
1867.220585   13.654530   0.030310
1867.230131   13.629550   0.031060
1867.239707   13.614590   0.030500
1867.249230   13.632760   0.029850
1867.258785   13.648380   0.031240
1867.268385   13.641130   0.031550
1867.277702   13.634980   0.032230
1867.287153   13.650390   0.033220
1867.296854   13.635840   0.032970
1867.306121   13.637870   0.032570
1867.315500   13.627220   0.033740
1867.325094   13.620220   0.033490
1867.334502   13.620510   0.035300
1867.344482   13.653660   0.039900
1867.354030   13.649860   0.036860
1867.363492   13.663040   0.045030
1867.372735   13.647120   0.038820
1867.382212   13.609890   0.039750
1867.391671   13.643970   0.046900
1867.401392   13.616520   0.042120
1867.410805   13.611100   0.040670
1867.420288   13.620110   0.051950
1867.429722   13.627730   0.058780
1867.439192   13.661900   0.051220
1867.448574   13.618850   0.058660
1867.456168   13.602490   0.047720
1867.463320   13.641600   0.050130
1867.469421   13.645880   0.054360
1867.473939   13.651790   0.044220
1867.478291   13.661280   0.041350
1867.481655   13.641660   0.041380
1867.484335   13.615900   0.047230
1867.486951   13.630040   0.042900
1867.488639   13.612090   0.048260
1867.490315   13.652240   0.047930
1867.492002   13.633360   0.044950
1867.493724   13.652190   0.044320
1868.197661   13.658050   0.051720
1868.207123   13.665330   0.052690
1868.216495   13.638090   0.072150
1868.225986   13.670290   0.062300
1868.235811   13.551570   0.074240
1868.245580   13.685410   0.069240
1868.255259   13.693760   0.069430
1868.264815   13.667200   0.073960
1868.274279   13.581110   0.082380
1868.283929   13.670950   0.067270
1868.293537   13.658140   0.107970
1868.303104   13.625420   0.119290
1868.312574   13.731060   0.124460
1868.322548   13.637620   0.085290
1868.332083   13.651380   0.087940
1868.341800   13.618950   0.085010
1868.351466   13.621880   0.108560
1868.360837   13.595300   0.105140
1868.370659   13.609840   0.098680
1868.380417   13.603150   0.106590
1868.390367   13.636660   0.099020
1868.399668   13.642690   0.098000
1868.409622   13.682130   0.110410
1868.419023   13.660590   0.097150
1868.428372   13.605510   0.099760
1868.437691   13.649860   0.106670
1868.446987   13.635840   0.105060
1868.454949   13.552150   0.112400
1868.461066   13.609670   0.109480
1868.467151   13.710140   0.118640
1868.471440   13.607400   0.115760
1868.475710   13.570900   0.121220
1868.479187   13.699830   0.132970
1868.481793   13.594800   0.126750
1868.484421   13.626490   0.126300
1868.486154   13.666230   0.123790
1868.487874   13.616590   0.119010
1868.489584   13.640890   0.124350
1868.491280   13.632650   0.128870
1870.219778   13.641440   0.034670
1870.229270   13.628150   0.035230
1870.238762   13.630440   0.040510
1870.248135   13.633340   0.035510
1870.257691   13.679720   0.041640
1870.267266   13.655480   0.039680
1870.276950   13.648590   0.040690
1870.286498   13.640070   0.041750
1870.295849   13.631150   0.038190
1870.305565   13.654890   0.040380
1870.315197   13.656090   0.048740
1870.325274   13.633550   0.047400
1870.335174   13.654910   0.042680
1870.344892   13.628740   0.048270
1870.354573   13.654860   0.052600
1870.364104   13.637130   0.077480
1870.373603   13.627180   0.070980
1870.383600   13.609080   0.079620
1870.393243   13.637230   0.103650
1870.412494   13.597640   0.099440
1870.421795   13.611120   0.097090
1870.430979   13.514500   0.102280
1870.440608   13.672600   0.112010
1870.448993   13.652350   0.101170
1870.456179   13.608090   0.095640
1870.461756   13.625310   0.117310
1870.466440   13.730690   0.074700
1870.470290   13.563760   0.113180
1870.474034   13.662680   0.073300
1870.480264   13.606230   0.096460
1870.481944   13.560910   0.069000
1871.136689   13.669530   0.042040
1871.146179   13.650520   0.039390
1871.155384   13.654210   0.040470
1871.164955   13.686790   0.045760
1871.174269   13.634000   0.042410
1871.183469   13.685070   0.045730
1871.192872   13.657540   0.041640
1871.202392   13.648990   0.044560
1871.211865   13.643180   0.056060
1871.221273   13.619490   0.054470
1871.230922   13.667910   0.046790
1871.240394   13.654550   0.043870
1871.250018   13.679590   0.047870
1871.259511   13.672290   0.048120
1871.269122   13.624820   0.047020
1871.278903   13.628770   0.043430
1871.288648   13.639570   0.049660
1871.298226   13.619130   0.048220
1871.307789   13.681880   0.055300
1871.317562   13.641440   0.051600
1871.327342   13.619970   0.055150
1871.337079   13.691480   0.060750
1871.346725   13.626880   0.062860
1871.356495   13.615950   0.060620
1871.366277   13.630490   0.066590
1871.375944   13.637460   0.069100
1871.385808   13.650080   0.078100
1871.395399   13.543000   0.078060
1871.404882   13.614750   0.086740
1871.414342   13.616290   0.090400
1871.423744   13.661850   0.086780
1871.433495   13.612230   0.088350
1871.442405   13.663720   0.077340
1871.449670   13.659380   0.081100
1871.455742   13.576730   0.082570
1871.461191   13.688080   0.096830
1871.465968   13.635990   0.092800
1871.469461   13.666850   0.089230
1871.472994   13.666190   0.086460
1871.476070   13.655350   0.087090
1871.477819   13.688400   0.086300
1871.479709   13.607990   0.083960
1871.481438   13.693680   0.082530
1871.550420   13.636780   0.096580
1871.559908   13.639400   0.092350
1871.569340   13.693510   0.096750
1871.578835   13.646110   0.101340
1871.588334   13.695610   0.124500
1871.597765   13.591230   0.073200
1872.324463   13.687880   0.046360
1872.334315   13.699490   0.049290
1872.344041   13.647010   0.050890
1872.353623   13.668690   0.048700
1872.363427   13.648960   0.046610
1872.373279   13.667940   0.048100
1872.383099   13.664170   0.047080
1872.392766   13.663700   0.048810
1872.402203   13.632340   0.049810
1872.412032   13.654700   0.052040
1872.421585   13.604090   0.056720
1872.431130   13.638640   0.057630
1872.439874   13.648320   0.056260
1872.447517   13.639860   0.053500
1872.454162   13.620290   0.058630
1872.459603   13.607290   0.067180
1872.463903   13.634560   0.064320
1872.467716   13.646640   0.061930
1872.470496   13.620920   0.062770
1872.473152   13.599550   0.064460
1872.474857   13.619330   0.064650
1872.476617   13.606280   0.065410
1872.478370   13.627310   0.065340
1872.480228   13.638550   0.061990
1872.541663   13.671330   0.078450
1872.550845   13.697920   0.080760
1872.560270   13.668920   0.075940
1872.569828   13.638500   0.097070
1872.579400   13.661490   0.106050
1872.588943   13.646910   0.116060
1872.598487   13.590220   0.104740
1873.229437   13.667420   0.050370
1873.238826   13.625070   0.058870
1873.248403   13.619830   0.056240
1873.258009   13.574250   0.053620
1873.267456   13.640070   0.058090
1873.276959   13.652700   0.054130
1873.286788   13.602830   0.060630
1873.296275   13.665130   0.061860
1873.305896   13.599980   0.068300
1873.315548   13.609370   0.067040
1873.325684   13.625440   0.071630
1873.335346   13.614710   0.074330
1873.344943   13.617260   0.076280
1873.354842   13.524500   0.069000
1873.364691   13.569890   0.077100
1873.374458   13.619910   0.076160
1873.383960   13.610990   0.068990
1873.393856   13.684680   0.071290
1873.403606   13.695590   0.075150
1873.413210   13.639490   0.083210
1873.422938   13.775450   0.090150
1873.432622   13.635630   0.076580
1873.441010   13.667580   0.072460
1873.447044   13.686470   0.067600
1873.453044   13.625790   0.070760
1873.457630   13.597900   0.070390
1873.462090   13.601970   0.075110
1873.465548   13.654400   0.076360
1873.468261   13.637460   0.078940
1873.470892   13.639730   0.081910
1873.472722   13.653030   0.074020
1873.474437   13.681430   0.078300
1873.476606   13.623300   0.107900
1873.586745   13.534520   0.077100
1874.032527   13.650130   0.034590
1874.041923   13.630550   0.037010
1874.051714   13.629770   0.037730
1874.061193   13.650480   0.036290
1874.070741   13.639870   0.039080
1874.080230   13.641390   0.040540
1874.089638   13.642770   0.038430
1874.098984   13.636750   0.040450
1874.108441   13.642510   0.038570
1874.117749   13.627670   0.041470
1874.127103   13.628550   0.043480
1874.136654   13.639310   0.042350
1874.145982   13.667750   0.042710
1874.155173   13.645810   0.045910
1874.164605   13.656700   0.048060
1874.174153   13.658230   0.061380
1874.183645   13.670470   0.076220
1874.193053   13.689850   0.102540
1874.202515   13.677430   0.109470
1874.212179   13.623680   0.115330
1874.222051   13.655510   0.105740
1876.992585   13.599930   0.039970
1877.002277   13.624670   0.040050
1877.012009   13.627140   0.043000
1877.021623   13.615950   0.040540
1877.031340   13.619160   0.045860
1877.041094   13.631510   0.044310
1877.050632   13.621550   0.037480
1877.060512   13.647910   0.040930
1877.070280   13.667530   0.042790
1877.080037   13.654160   0.042000
1877.089835   13.616500   0.041320
1877.099542   13.614710   0.044070
1877.109324   13.611600   0.053500
1877.119234   13.599950   0.051500
1877.128562   13.613710   0.046710
1877.137988   13.590970   0.046880
1877.147449   13.618490   0.057080
1877.157081   13.612170   0.052770
1877.166514   13.602510   0.048500
1877.175811   13.665530   0.044770
1877.185180   13.687560   0.050700
1877.194638   13.646260   0.047010
1877.204359   13.609980   0.046730
1877.213829   13.657840   0.043440
1877.223290   13.661520   0.050290
1877.232928   13.601610   0.046020
1877.242583   13.634110   0.052920
1877.252102   13.650430   0.052320
1877.261424   13.635570   0.050410
1877.271317   13.622210   0.046850
1877.280810   13.658380   0.042060
1877.290913   13.607390   0.048260
1877.300784   13.649110   0.057380
1877.310552   13.635980   0.048310
1877.320329   13.665800   0.056530
1877.330019   13.642270   0.049670
1877.339609   13.638120   0.043980
1877.349339   13.631780   0.050270
1877.359563   13.630980   0.042770
1877.369289   13.643330   0.051110
1877.379166   13.655550   0.046700
1877.389199   13.652480   0.056530
1877.398748   13.657190   0.063450
1877.408188   13.645920   0.059690
1877.417610   13.664830   0.054760
1877.426444   13.662440   0.052490
1877.433416   13.623890   0.055030
1877.439426   13.633660   0.060520
1877.444578   13.665690   0.063320
1877.449101   13.653750   0.051040
1877.452622   13.608750   0.064160
1877.456119   13.648040   0.053890
1877.458826   13.655800   0.053840
1877.460660   13.648190   0.054490
1877.462441   13.669020   0.056800
1877.464144   13.616840   0.056360
1877.465872   13.585900   0.057880
1877.528546   13.599540   0.066300
1877.538164   13.629550   0.072250
1877.547759   13.603960   0.078030
1877.557433   13.694310   0.080540
1877.566991   13.710380   0.088140
1877.956588   13.638180   0.064740
1877.966360   13.634420   0.057750
1877.975795   13.532450   0.039630
1877.985575   13.644190   0.039380
1877.995071   13.631730   0.035800
1878.004964   13.637390   0.035450
1878.014335   13.630680   0.038690
1878.023915   13.672650   0.031970
1878.033403   13.654480   0.035450
1878.042881   13.654250   0.035390
1878.052477   13.672890   0.040040
1878.062202   13.666070   0.038990
1878.072038   13.659430   0.040880
1878.081838   13.636090   0.038690
1878.091595   13.649350   0.038410
1878.101204   13.644360   0.037880
1878.111056   13.635720   0.039220
1878.120475   13.646420   0.041190
1878.129972   13.650710   0.045110
1878.139452   13.650070   0.052620
1878.148981   13.611490   0.083230
1878.158293   13.664950   0.083780
1878.167692   13.648530   0.047140
1878.177309   13.633280   0.044030
1878.186872   13.661160   0.055960
1878.196273   13.640850   0.054930
1878.206054   13.665110   0.069100
1878.215833   13.651890   0.074480
1878.225557   13.645320   0.074140
1878.235117   13.637850   0.060320
1878.244657   13.627050   0.060600
1878.254352   13.597980   0.061380
1878.263984   13.623040   0.076810
1878.273770   13.680690   0.080540
1878.283405   13.615580   0.080140
1878.293079   13.652360   0.069070
1878.302887   13.624080   0.094360
1878.312828   13.655750   0.095430
1878.322431   13.662940   0.102140
1878.332111   13.665900   0.104690
1878.342126   13.673960   0.070300
1878.351898   13.633340   0.084150
1878.361666   13.703130   0.083220
1878.371492   13.675310   0.084930
1878.381052   13.674130   0.089750
1878.390611   13.647580   0.070930
1878.400035   13.651870   0.085590
1878.409523   13.582890   0.078780
1878.419250   13.684310   0.086990
1878.427139   13.710200   0.094690
1878.434256   13.777210   0.077660
1878.439734   13.717490   0.088600
1878.444205   13.688110   0.074390
1878.448555   13.740340   0.075030
1878.452064   13.587020   0.086700
1878.454721   13.632870   0.088330
1878.457364   13.656140   0.086830
1878.459093   13.569490   0.085930
1878.460943   13.648190   0.084320
1878.463071   13.644840   0.124380
1878.523903   13.709500   0.094110
1878.533380   13.648660   0.096420
1878.542754   13.622680   0.093600
1878.552323   13.587740   0.091550
1878.561961   13.554880   0.109060
1878.581387   13.712130   0.079100
1878.590927   13.502210   0.074100
1878.896259   13.566460   0.098410
1878.907039   13.606240   0.091450
1878.917827   13.593330   0.093380
1878.928636   13.650820   0.092190
1878.939490   13.611590   0.078900
1878.950209   13.604310   0.065540
1878.960985   13.625520   0.063730
1878.971663   13.612270   0.057810
1878.982256   13.644350   0.059430
1878.992862   13.633550   0.050580
1879.003349   13.623590   0.056700
1879.014056   13.624220   0.058680
1879.024781   13.651120   0.057440
1879.035403   13.661060   0.066500
1879.046338   13.683920   0.068510
1879.056998   13.661790   0.065090
1879.067120   13.642160   0.066660
1879.077625   13.622600   0.066480
1879.087804   13.622370   0.068420
1879.097718   13.630220   0.079720
1879.108265   13.599500   0.081910
1879.118677   13.576700   0.090330
1879.128946   13.561070   0.074110
1879.138951   13.630720   0.080730
1879.148948   13.694830   0.104090
1879.158753   13.657060   0.108080
1879.168681   13.610620   0.100140
1879.178653   13.639800   0.110620
1879.188532   13.639130   0.112320
1879.198658   13.644580   0.112200
1879.208980   13.651540   0.112720
1879.219105   13.625470   0.112190
1879.229198   13.629250   0.113820
1879.239692   13.653670   0.116750
1879.249885   13.605370   0.110860
1879.259988   13.547840   0.100940
1879.270136   13.661020   0.106140
1879.279998   13.603190   0.082360
1879.290256   13.689030   0.102830
1879.300321   13.570490   0.102560
1879.310604   13.652590   0.095910
1879.321132   13.696240   0.104810
1879.331398   13.655990   0.106910
1879.341711   13.633110   0.107170
1879.352168   13.614390   0.110250
1879.362239   13.674170   0.108060
1879.372581   13.715410   0.112020
1879.383093   13.620920   0.065800
1879.393142   13.594630   0.108080
1879.403333   13.623120   0.115490
1879.413718   13.519140   0.115550
1879.422210   13.569820   0.125790
1879.430290   13.518420   0.120030
1879.436891   13.585700   0.126470
1879.441492   13.675500   0.128640
1879.445571   13.649670   0.127080
1879.449533   13.586920   0.100780
1879.452342   13.698660   0.100830
1879.454194   13.656170   0.133310
1879.459809   13.551070   0.104950
1879.460907   13.503140   0.068900
1879.895306   13.623310   0.062500
1879.904711   13.729780   0.103070
1879.914664   13.573300   0.076860
1879.924232   13.597990   0.065190
1879.933937   13.638960   0.053690
1879.943742   13.629810   0.046800
1879.953255   13.674140   0.042960
1879.962965   13.623960   0.038030
1879.972299   13.644210   0.035680
1879.982133   13.635810   0.038340
1879.991480   13.647010   0.041720
1880.001350   13.648760   0.043470
1880.010995   13.635240   0.049110
1880.020489   13.638930   0.048040
1880.030167   13.654890   0.047860
1880.040004   13.643650   0.044220
1880.050020   13.655550   0.047280
1880.059700   13.656740   0.050550
1880.069635   13.606450   0.048940
1880.079469   13.638040   0.054660
1880.089000   13.640900   0.051120
1880.098524   13.648600   0.052820
1880.108072   13.640040   0.056990
1880.117530   13.607960   0.051050
1880.200091   13.692890   0.060670
1880.209735   13.660680   0.063590
1880.219431   13.649280   0.056550
1880.229324   13.620740   0.050400
1880.238989   13.658550   0.048950
1880.267686   13.669010   0.058480
1880.277275   13.612150   0.057910
1880.286928   13.611550   0.067950
1880.306613   13.685280   0.060010
1880.369120   13.635320   0.051650
1880.967707   13.645320   0.064550
1880.977730   13.694320   0.061840
1880.987626   13.632910   0.052020
1880.997175   13.689110   0.049340
1881.007352   13.668020   0.050300
1881.017262   13.603190   0.051020
1881.027023   13.642800   0.055140
1881.036583   13.644320   0.051520
1881.046307   13.694800   0.056260
1881.055914   13.649070   0.061030
1881.065565   13.686360   0.060110
1881.075352   13.660750   0.063450
1881.085120   13.611020   0.059330
1881.094964   13.609160   0.057390
1881.104801   13.588110   0.049990
1881.114937   13.646340   0.068480
1881.124474   13.623510   0.061390
1881.134326   13.607940   0.064400
1881.143810   13.595780   0.050720
1881.153419   13.649270   0.064610
1881.163015   13.609740   0.058170
1881.171357   13.642030   0.050170
1881.180981   13.613790   0.056350
1881.190627   13.636530   0.044780
1881.200550   13.643060   0.048390
1881.210473   13.647540   0.052390
1881.220305   13.643510   0.057660
1881.230199   13.629120   0.057010
1881.239668   13.610430   0.059750
1881.249328   13.646150   0.059130
1881.258917   13.652670   0.060230
1881.268352   13.669230   0.059490
1881.278189   13.611510   0.062340
1881.288137   13.593970   0.063170
1881.297680   13.627500   0.062590
1881.307337   13.668460   0.064920
1881.317394   13.681630   0.068400
1881.327336   13.633600   0.064860
1881.337373   13.652480   0.070330
1881.347129   13.635290   0.067980
1881.357110   13.613420   0.068680
1881.366722   13.663780   0.075180
1881.376276   13.647420   0.075310
1881.386104   13.627140   0.079720
1881.395996   13.642560   0.071320
1881.405772   13.668810   0.080920
1881.414838   13.638330   0.077770
1881.422098   13.678800   0.083900
1881.428287   13.682420   0.072260
1881.433496   13.645870   0.077410
1881.437835   13.665550   0.081360
1881.441542   13.614350   0.083050
1881.445078   13.612810   0.087160
1881.447777   13.587960   0.084560
1881.449541   13.615740   0.079960
1881.451276   13.664090   0.088330
1881.453055   13.688100   0.084880
1881.455245   13.639530   0.120120
1881.512259   13.624520   0.079680
1881.522032   13.706570   0.097790
1881.531584   13.720440   0.095690
1881.541053   13.608860   0.088560
1881.550943   13.564160   0.100220
1881.560601   13.656390   0.100900
1881.570473   13.700400   0.108550
1881.580253   13.665280   0.116250
1881.589860   13.670630   0.104450
1881.599577   13.601540   0.117750
1881.609472   13.664960   0.115370
1881.619114   13.701120   0.134260
1881.855252   13.707880   0.126400
1881.864967   13.650310   0.109890
1881.874874   13.708090   0.091550
1881.884546   13.674180   0.076990
1881.894462   13.612710   0.066600
1881.904494   13.665030   0.062200
1881.914271   13.598430   0.060120
1881.923884   13.654720   0.062530
1881.933466   13.621500   0.054360
1881.943231   13.578300   0.055000
1881.952875   13.621780   0.077520
1881.962633   13.590060   0.079900
1881.972149   13.713000   0.083020
1881.982098   13.680860   0.089560
1881.992169   13.668920   0.112030
1882.001889   13.585520   0.111990
1882.011594   13.635970   0.114200
1882.021627   13.693260   0.102110
1882.031644   13.616290   0.101850
1882.041324   13.681220   0.104370
1882.051198   13.700690   0.096310
1882.060871   13.615030   0.093280
1882.080330   13.606690   0.074880
1882.109365   13.692330   0.123100
1882.121972   13.668400   0.107220
1882.131558   13.606970   0.081920
1882.141044   13.721240   0.096590
1882.150540   13.577340   0.088400
1882.160119   13.565280   0.090590
1882.169652   13.618400   0.096880
1882.179008   13.595990   0.095650
1882.188466   13.616140   0.105360
1882.198063   13.635240   0.117940
1882.227231   13.612450   0.070000
1883.093660   13.636140   0.072570
1883.103290   13.582220   0.079920
1883.122237   13.628060   0.085810
1883.131900   13.669600   0.072270
1883.141295   13.633360   0.080620
1883.150882   13.653710   0.084550
1883.160374   13.609590   0.089940
1883.169871   13.660490   0.094120
1883.179271   13.622330   0.077490
1883.188727   13.651130   0.078720
1883.198404   13.590990   0.088460
1883.207904   13.593140   0.087620
1883.217549   13.590530   0.091880
1883.226897   13.664100   0.097850
1883.236210   13.603220   0.092510
1883.245790   13.495930   0.086370
1883.255334   13.623530   0.097450
1883.265175   13.694790   0.098030
1883.274780   13.718380   0.099150
1883.294470   13.501910   0.095960
1883.304382   13.529740   0.090930
1883.323643   13.575770   0.098500
1883.333437   13.595290   0.112630
1883.343435   13.569550   0.108710
1883.353625   13.544110   0.086370
1883.363493   13.652360   0.106690
1883.373027   13.719220   0.118280
1883.382734   13.631730   0.097380
1883.392439   13.617120   0.112430
1883.402040   13.683040   0.112660
1883.410061   13.695670   0.120220
1883.417486   13.634210   0.105430
1883.423677   13.739750   0.125180
1883.428949   13.670510   0.125630
1883.433223   13.453080   0.092430
1883.436735   13.632890   0.094400
1883.443180   13.718730   0.121270
1883.444926   13.565560   0.067100
1883.446707   13.742290   0.122290
1883.448508   13.652140   0.121940
1883.507181   13.705430   0.079300
1883.517098   13.713730   0.108800
1884.099534   13.636720   0.036400
1884.109140   13.634870   0.034860
1884.118686   13.601060   0.044340
1884.128292   13.636640   0.054460
1884.137551   13.606510   0.041350
1884.147279   13.648310   0.045530
1884.156774   13.613440   0.050360
1884.166197   13.613270   0.056650
1884.175960   13.568080   0.061270
1884.185414   13.630700   0.053810
1884.194977   13.629020   0.040710
1884.204574   13.602040   0.045260
1884.214174   13.623840   0.044250
1884.223839   13.655020   0.047170
1884.233272   13.517580   0.066360
1884.242628   13.616990   0.036040
1884.252195   13.627690   0.034950
1884.261682   13.634500   0.038530
1884.271201   13.638470   0.039450
1884.280876   13.627530   0.043470
1884.290846   13.643670   0.045780
1884.300573   13.668430   0.046630
1884.310420   13.585170   0.071880
1884.320206   13.660200   0.048280
1884.330156   13.634900   0.048810
1884.340081   13.616800   0.059800
1884.350052   13.608040   0.057280
1884.360119   13.659500   0.050230
1884.370060   13.668740   0.047530
1884.379738   13.643690   0.051810
1884.389528   13.642710   0.040470
1884.399065   13.617320   0.041350
1884.406881   13.663010   0.050740
1884.413865   13.658930   0.057990
1884.420368   13.687970   0.066660
1884.425635   13.631350   0.043900
1884.430150   13.640770   0.038460
1884.433678   13.637160   0.044650
1884.437202   13.639340   0.045120
1884.439908   13.634850   0.047230
1884.441669   13.680230   0.047290
1884.443407   13.659870   0.047470
1884.445186   13.652930   0.042380
1884.446926   13.696600   0.059300
1884.503638   13.643210   0.039380
1884.513187   13.621620   0.048270
1884.522993   13.671990   0.042620
1884.532900   13.631800   0.037060
1884.542819   13.614150   0.043290
1884.552706   13.617340   0.058420
1884.562458   13.636360   0.033020
1884.572213   13.624830   0.043340
1884.581820   13.620610   0.034780
1884.591479   13.642130   0.046430
1884.600983   13.621440   0.038980
1884.610820   13.665500   0.038050
1884.886961   13.693300   0.105310
1884.896459   13.730500   0.106990
1884.906042   13.614020   0.097050
1884.915720   13.805210   0.091740
1884.925737   13.654600   0.093810
1884.935570   13.563800   0.080690
1884.945448   13.593150   0.097760
1884.954875   13.725060   0.103130
1884.964329   13.710970   0.101760
1884.974229   13.585970   0.108840
1884.983546   13.611840   0.108130
1884.993441   13.643810   0.103070
1885.003341   13.579010   0.102830
1885.013229   13.623800   0.113990
1885.022911   13.693880   0.115330
1885.032426   13.616050   0.101900
1885.042137   13.599340   0.121930
1885.052107   13.659910   0.100790
1885.278794   13.663700   0.087120
1885.288696   13.582260   0.097370
1885.298475   13.515570   0.087600
1885.308250   13.694050   0.093240
1885.318087   13.622210   0.094460
1885.328301   13.645780   0.106180
1885.348113   13.571980   0.065700
1885.404548   13.510950   0.064700
1885.430912   13.652160   0.096610
1885.590133   13.709490   0.070500
1886.072366   13.626870   0.032050
1886.082057   13.642910   0.036560
1886.091456   13.617120   0.037420
1886.101064   13.648520   0.038920
1886.110701   13.631860   0.037300
1886.120214   13.657400   0.038460
1886.129544   13.651110   0.040950
1886.138882   13.627160   0.041050
1886.148233   13.668740   0.040320
1886.157943   13.630660   0.042410
1886.167550   13.617950   0.051050
1886.177101   13.617450   0.047930
1886.186997   13.618230   0.048520
1886.196609   13.613630   0.054500
1886.206153   13.644490   0.059490
1886.215757   13.603980   0.061890
1886.225422   13.548630   0.086460
1886.234829   13.634570   0.088810
1886.244630   13.659770   0.085290
1886.254426   13.663230   0.062280
1886.263771   13.612740   0.047160
1886.273578   13.653360   0.088650
1886.283270   13.634940   0.047310
1886.293134   13.644790   0.051170
1886.303115   13.651230   0.061130
1886.312914   13.636620   0.054580
1886.322818   13.634430   0.056490
1886.332859   13.587370   0.056020
1886.342543   13.629450   0.054140
1886.352534   13.607460   0.052630
1886.362281   13.660540   0.056710
1886.372003   13.637500   0.062070
1886.381496   13.643790   0.061090
1886.391198   13.639000   0.071940
1886.399994   13.603360   0.068600
1886.408171   13.677020   0.068770
1886.414363   13.677810   0.083380
1886.419581   13.738780   0.090800
1886.423873   13.585120   0.082400
1886.427459   13.675730   0.078830
1886.431086   13.675600   0.078820
1886.433748   13.618850   0.088780
1886.435540   13.562850   0.093380
1886.437293   13.581420   0.082360
1886.439058   13.694020   0.084210
1886.441096   13.681260   0.128610
