1863.169882   11.245570   0.009070
1863.179028   11.239190   0.009700
1863.188111   11.249120   0.011140
1863.197263   11.244990   0.010390
1863.206453   11.249720   0.010050
1863.215516   11.248150   0.011720
1863.224486   11.237480   0.011200
1863.233708   11.255910   0.012070
1863.243026   11.239940   0.011950
1863.252052   11.242690   0.010860
1863.260978   11.233990   0.010450
1863.270074   11.226410   0.011950
1863.279229   11.250270   0.010620
1863.288341   11.238770   0.010160
1863.297662   11.236270   0.009640
1863.306748   11.247270   0.010800
1863.315898   11.241190   0.010800
1863.325261   11.242450   0.010910
1863.334632   11.242310   0.011030
1863.344416   11.236250   0.010970
1863.353962   11.240700   0.010740
1863.363511   11.249050   0.009760
1863.372640   11.251640   0.009300
1863.381795   11.242060   0.009240
1863.391577   11.241570   0.009700
1863.400670   11.248020   0.010100
1863.410157   11.240940   0.010050
1863.419415   11.241410   0.010340
1863.428728   11.244510   0.010970
1863.438171   11.233820   0.011200
1863.447725   11.234390   0.011610
1863.457038   11.245980   0.013170
1863.464667   11.236750   0.015070
1863.471563   11.259050   0.015880
1863.477686   11.240680   0.014840
1863.482900   11.248580   0.015070
1863.487037   11.247670   0.015650
1863.490505   11.231890   0.015410
1863.494064   11.240710   0.014900
1863.496621   11.240820   0.015530
1863.498272   11.250690   0.015530
1863.500087   11.243030   0.015990
1863.501889   11.239220   0.016340
1863.503937   11.238760   0.022990
1864.122118   11.242180   0.007680
1864.131216   11.241610   0.009640
1864.140349   11.248230   0.008780
1864.149328   11.245350   0.008720
1864.158727   11.246270   0.008430
1864.168077   11.240200   0.010280
1864.177441   11.244350   0.009530
1864.186471   11.238470   0.008080
1864.195786   11.233990   0.009820
1864.204761   11.239740   0.009010
1864.213956   11.243150   0.008720
1864.223275   11.240550   0.008430
1864.232312   11.236490   0.009700
1864.241734   11.241110   0.009870
1864.250994   11.239180   0.008780
1864.260292   11.241320   0.010100
1864.269452   11.236280   0.009010
1864.278712   11.245840   0.010220
1864.288040   11.244080   0.010100
1864.297228   11.242100   0.009870
1864.306786   11.244750   0.010160
1864.315982   11.232910   0.010220
1864.325240   11.247710   0.010100
1864.334830   11.245550   0.009930
1864.344223   11.240800   0.012930
1864.353629   11.247640   0.012590
1864.362884   11.247490   0.013510
1864.372284   11.237520   0.015650
1864.381718   11.249730   0.014150
1864.391386   11.243620   0.012120
1864.401175   11.244590   0.014780
1864.410777   11.253350   0.013510
1864.420158   11.258220   0.013450
1864.429378   11.249620   0.014550
1864.438639   11.237000   0.016170
1864.448098   11.257840   0.018530
1864.457409   11.249100   0.019340
1864.465120   11.253670   0.018130
1864.472313   11.239300   0.020500
1864.477494   11.243290   0.024260
1864.482643   11.242550   0.031190
1864.486002   11.229110   0.041170
1864.489646   11.254130   0.036680
1864.492216   11.250110   0.028420
1864.494776   11.236490   0.027660
1864.496480   11.246380   0.029390
1864.498365   11.247760   0.028820
1864.500091   11.237090   0.030040
1864.501760   11.266560   0.029060
1865.081649   11.239160   0.010630
1865.090914   11.256020   0.011140
1865.103000   11.249530   0.010740
1865.112265   11.258170   0.010450
1865.121493   11.241380   0.012640
1865.180915   11.252900   0.007680
1865.189934   11.246350   0.006410
1865.199137   11.251800   0.007910
1865.208040   11.244720   0.006410
1865.217207   11.263640   0.009240
1865.226382   11.257700   0.008780
1865.235932   11.256960   0.009470
1865.245886   11.250780   0.009580
1865.255783   11.249630   0.009350
1865.265750   11.241540   0.011720
1865.275774   11.255670   0.010620
1865.285892   11.245530   0.009300
1865.295973   11.252690   0.010390
1865.306185   11.259290   0.010100
1865.316145   11.250900   0.009930
1865.326150   11.260730   0.010800
1865.336276   11.263130   0.012180
1865.346577   11.268500   0.011080
1865.356675   11.259830   0.010910
1865.366659   11.266560   0.012010
1865.376904   11.261300   0.011890
1865.387088   11.252960   0.012070
1865.397153   11.261870   0.012590
1865.407149   11.255030   0.012070
1865.417333   11.262090   0.011550
1865.427630   11.258270   0.012300
1865.437669   11.252180   0.012010
1865.448171   11.253770   0.014840
1865.457324   11.255740   0.015600
1865.465615   11.261920   0.016630
1865.471988   11.256470   0.020220
1865.477591   11.262280   0.024550
1865.482335   11.259000   0.020380
1865.486159   11.286710   0.023590
1865.489785   11.265040   0.020090
1865.492667   11.265400   0.018880
1865.494427   11.260740   0.018540
1865.496283   11.269870   0.017440
1865.498551   11.257290   0.030310
1866.165339   11.255610   0.007280
1866.174723   11.246910   0.007220
1866.184057   11.245760   0.007330
1866.193410   11.242910   0.007450
1866.202706   11.249170   0.007620
1866.212035   11.246710   0.007790
1866.221409   11.250040   0.007910
1866.230791   11.241030   0.007790
1866.240551   11.247870   0.007790
1866.250004   11.249580   0.007790
1866.259354   11.244720   0.007970
1867.193045   11.243930   0.005540
1867.202355   11.246750   0.005830
1867.211516   11.247570   0.005890
1867.220585   11.245960   0.006060
1867.230131   11.238290   0.006120
1867.239707   11.243910   0.006120
1867.249230   11.249080   0.006060
1867.258785   11.244590   0.006240
1867.268385   11.245970   0.006240
1867.277702   11.244570   0.006350
1867.287153   11.245420   0.006410
1867.296854   11.242150   0.006530
1867.306121   11.237850   0.006580
1867.315500   11.252710   0.006580
1867.325094   11.248780   0.006750
1867.334502   11.250750   0.006930
1867.344482   11.249070   0.006990
1867.354030   11.257110   0.007100
1867.363492   11.245610   0.007680
1867.372735   11.253650   0.007280
1867.382212   11.256610   0.007510
1867.391671   11.248760   0.007850
1867.401392   11.252650   0.007740
1867.410805   11.248240   0.007620
1867.420288   11.251230   0.008660
1867.429722   11.253630   0.009350
1867.439192   11.244620   0.008890
1867.448574   11.253190   0.009820
1867.456168   11.258870   0.008830
1867.463320   11.258560   0.009180
1867.469421   11.246320   0.009010
1867.473939   11.255370   0.007740
1867.478291   11.259340   0.007280
1867.481655   11.259850   0.007280
1867.484335   11.252840   0.007740
1867.486951   11.256930   0.007620
1867.488639   11.251530   0.007680
1867.490315   11.250390   0.007970
1867.492002   11.251790   0.007790
1867.493724   11.259720   0.007680
1868.197661   11.248700   0.009120
1868.207123   11.259480   0.009350
1868.216495   11.240280   0.011470
1868.225986   11.250160   0.010620
1868.235811   11.251050   0.011790
1868.245580   11.246390   0.011320
1868.255259   11.239450   0.011950
1868.264815   11.251650   0.012590
1868.274279   11.250680   0.013570
1868.283929   11.239820   0.012240
1868.293537   11.250440   0.017320
1868.303104   11.238440   0.019340
1868.312574   11.215980   0.018590
1868.322548   11.236230   0.013860
1868.332083   11.243280   0.013450
1868.341800   11.240790   0.013970
1868.351466   11.247800   0.016810
1868.360837   11.240150   0.016760
1868.370659   11.248080   0.015880
1868.380417   11.240240   0.016110
1868.390367   11.249380   0.015710
1868.399668   11.244990   0.015650
1868.409622   11.232090   0.016570
1868.419023   11.248210   0.016050
1868.428372   11.247760   0.016050
1868.437691   11.232340   0.016750
1868.446987   11.255320   0.016630
1868.454949   11.245850   0.017150
1868.461066   11.236530   0.016980
1868.467151   11.247590   0.017610
1868.471440   11.241680   0.018240
1868.475710   11.242300   0.019920
1868.479187   11.234540   0.020500
1868.481793   11.249410   0.020210
1868.484421   11.269380   0.019920
1868.486154   11.254890   0.018820
1868.487874   11.244940   0.019280
1868.489584   11.242390   0.019630
1868.491280   11.235930   0.020090
1868.552972   11.216790   0.030190
1868.562396   11.245690   0.027550
1868.572038   11.301360   0.069590
1868.581607   11.256650   0.045330
1868.591155   11.245150   0.046140
1868.600621   11.291670   0.061320
1868.610103   11.253200   0.067120
1869.239644   11.247440   0.023380
1869.249027   11.240070   0.023970
1869.258676   11.240990   0.026680
1869.268460   11.242300   0.032700
1869.278238   11.248200   0.035060
1869.287800   11.276210   0.035110
1869.297392   11.259060   0.038530
1869.307040   11.246720   0.038690
1869.316723   11.238320   0.055790
1869.326588   11.257740   0.049770
1869.336288   11.265040   0.056440
1869.345989   11.290610   0.061140
1869.356015   11.270130   0.074520
1869.365922   11.239940   0.069200
1869.375609   11.233740   0.077180
1869.384959   11.258410   0.098050
1869.394424   11.229400   0.075970
1869.403953   11.209270   0.093210
1869.413491   11.262840   0.096310
1869.422812   11.183590   0.096750
1869.432155   11.207270   0.101070
1869.441546   11.233760   0.111410
1869.456690   11.253580   0.070000
1869.462798   11.126490   0.068200
1869.467956   11.210620   0.069400
1869.472681   11.283680   0.121010
1869.476266   11.240010   0.118080
1869.478887   11.297610   0.121250
1869.481532   11.210810   0.122000
1869.483271   11.331790   0.121730
1869.485003   11.262890   0.100220
1869.486718   11.264840   0.117900
1869.488477   11.278160   0.104560
1870.219778   11.255810   0.006530
1870.229270   11.256610   0.006700
1870.238762   11.249130   0.007160
1870.248135   11.245440   0.006930
1870.257691   11.246550   0.007680
1870.267266   11.247190   0.007390
1870.276950   11.265380   0.007560
1870.286498   11.251540   0.007620
1870.295849   11.242680   0.007280
1870.305565   11.252210   0.007620
1870.315197   11.228310   0.008200
1870.325274   11.242830   0.008490
1870.335174   11.238290   0.008140
1870.344892   11.242160   0.008430
1870.354573   11.235820   0.009580
1870.364104   11.247300   0.012120
1870.373603   11.236310   0.011490
1870.383600   11.257720   0.013110
1870.393243   11.258330   0.015880
1870.402820   11.260260   0.021250
1870.412418   11.242910   0.019400
1870.421719   11.252320   0.019400
1870.431056   11.237320   0.019690
1870.440608   11.250010   0.016860
1870.448993   11.250110   0.015070
1870.456179   11.252710   0.015070
1870.461756   11.247220   0.017840
1870.466593   11.234240   0.020520
1870.470290   11.254380   0.017780
1870.474034   11.237130   0.019860
1870.476825   11.246810   0.022580
1870.478569   11.249410   0.021250
1870.480341   11.253180   0.020040
1870.482097   11.240820   0.020270
1870.483838   11.257180   0.021890
1870.485602   11.246710   0.021420
1871.136689   11.247350   0.007450
1871.146179   11.241240   0.007280
1871.155384   11.250970   0.007220
1871.164955   11.247040   0.007790
1871.174269   11.245450   0.007740
1871.183469   11.243810   0.007970
1871.192872   11.248350   0.007680
1871.202392   11.256600   0.008030
1871.211865   11.244670   0.009120
1871.221273   11.264370   0.009120
1871.230922   11.246300   0.008310
1871.240394   11.253760   0.008140
1871.250018   11.257260   0.008490
1871.259511   11.245080   0.008260
1871.269122   11.246530   0.008310
1871.278903   11.246100   0.008310
1871.288648   11.270580   0.008830
1871.298226   11.259700   0.008490
1871.307789   11.254970   0.008950
1871.317562   11.265780   0.009240
1871.327342   11.244860   0.009470
1871.337079   11.260290   0.010160
1871.346725   11.254300   0.010570
1871.356495   11.253680   0.010160
1871.366277   11.250740   0.011200
1871.375944   11.258170   0.011320
1871.385808   11.238740   0.012240
1871.395399   11.248930   0.013110
1871.404882   11.250970   0.014660
1871.414342   11.244700   0.014030
1871.423744   11.251140   0.013800
1871.433495   11.241980   0.013740
1871.442405   11.251730   0.012990
1871.449670   11.256380   0.013220
1871.455742   11.243230   0.013450
1871.461191   11.240730   0.014320
1871.465968   11.249390   0.013800
1871.469461   11.247170   0.013860
1871.472994   11.240710   0.013680
1871.476070   11.243750   0.013220
1871.477819   11.241830   0.013280
1871.479709   11.246790   0.013340
1871.481438   11.246700   0.013280
1871.550420   11.234140   0.014200
1871.559908   11.243020   0.014550
1871.569340   11.249170   0.015190
1871.578835   11.245530   0.015990
1871.588334   11.254280   0.017320
1871.597765   11.259120   0.020090
1871.607264   11.250780   0.023330
1871.616819   11.243140   0.027990
1871.626324   11.264930   0.031750
1872.324463   11.242100   0.008200
1872.334315   11.245610   0.008430
1872.344041   11.236800   0.008370
1872.353623   11.241710   0.008550
1872.363427   11.243830   0.008310
1872.373279   11.239290   0.008310
1872.383099   11.242270   0.008490
1872.392766   11.240150   0.008370
1872.402203   11.241030   0.008550
1872.412032   11.240330   0.008830
1872.421585   11.241210   0.009010
1872.431130   11.239300   0.009410
1872.439874   11.232560   0.009350
1872.447517   11.245090   0.009530
1872.454162   11.238710   0.009640
1872.459603   11.238330   0.010220
1872.463903   11.246790   0.010390
1872.467716   11.260530   0.010280
1872.470496   11.237410   0.010220
1872.473152   11.235810   0.010340
1872.474857   11.239550   0.010390
1872.476617   11.238670   0.010390
1872.478370   11.245120   0.010510
1872.480228   11.241460   0.010510
1872.541663   11.230120   0.012590
1872.550845   11.241510   0.012990
1872.560270   11.238330   0.013400
1872.569828   11.246480   0.014090
1872.579400   11.243840   0.014900
1872.588943   11.251780   0.016280
1872.598488   11.244300   0.018250
1872.608116   11.263160   0.020960
1872.617527   11.243390   0.024190
1872.627101   11.208600   0.029470
1872.636625   11.226680   0.040040
1872.646041   11.283110   0.046250
1873.229437   11.243960   0.009180
1873.238826   11.248710   0.009580
1873.248403   11.239830   0.009410
1873.258009   11.242190   0.009470
1873.267456   11.246280   0.009700
1873.276959   11.243460   0.009700
1873.286788   11.243370   0.009870
1873.296275   11.256110   0.010100
1873.305896   11.248090   0.010980
1873.315548   11.262200   0.010860
1873.325684   11.239250   0.011090
1873.335346   11.257350   0.011890
1873.344943   11.220750   0.012300
1873.354842   11.248630   0.011320
1873.364691   11.239110   0.012640
1873.374458   11.240770   0.011950
1873.383960   11.242930   0.011140
1873.393856   11.244980   0.011490
1873.403606   11.243730   0.011950
1873.413210   11.246110   0.013450
1873.422938   11.236510   0.013280
1873.432622   11.250960   0.012010
1873.441010   11.256690   0.011610
1873.447044   11.255940   0.011490
1873.453044   11.257560   0.011430
1873.457630   11.256930   0.011660
1873.462090   11.245240   0.011780
1873.465548   11.244180   0.011780
1873.468261   11.258660   0.012010
1873.470892   11.253770   0.012300
1873.472722   11.250300   0.011950
1873.474437   11.247540   0.011890
1873.476606   11.254250   0.017110
1873.539458   11.256570   0.045730
1873.548852   11.225870   0.032320
1873.558313   11.221440   0.026220
1873.567696   11.238170   0.025580
1873.577180   11.268380   0.027890
1873.586745   11.264230   0.023560
1873.596227   11.237790   0.031610
1873.605773   11.241530   0.032700
1873.615321   11.263410   0.029510
1873.624816   11.237590   0.029790
1874.032527   11.249610   0.006750
1874.041923   11.251380   0.006990
1874.051714   11.244780   0.006930
1874.061193   11.250400   0.006810
1874.070741   11.251640   0.007100
1874.080230   11.252810   0.007160
1874.089638   11.244630   0.007040
1874.098984   11.254740   0.007280
1874.108441   11.243850   0.007160
1874.117749   11.248970   0.007450
1874.127103   11.250040   0.007450
1874.136654   11.246420   0.007560
1874.145982   11.252230   0.007850
1874.155173   11.253290   0.008310
1874.164605   11.251250   0.008720
1874.174153   11.246500   0.010050
1874.183645   11.244050   0.012530
1874.193053   11.232260   0.016630
1874.202515   11.254190   0.017150
1874.212179   11.240320   0.018610
1874.222051   11.231920   0.015880
1874.593715   11.223920   0.028940
1874.603390   11.238150   0.026450
1874.613039   11.280080   0.031480
1876.992585   11.244730   0.006930
1877.002277   11.248760   0.006930
1877.012009   11.254010   0.007220
1877.021623   11.241940   0.006990
1877.031340   11.252860   0.007560
1877.041094   11.254910   0.007390
1877.050632   11.248830   0.006870
1877.060512   11.247380   0.007100
1877.070280   11.245310   0.007280
1877.080037   11.247700   0.007330
1877.089835   11.245890   0.007280
1877.099542   11.258810   0.007620
1877.109324   11.239820   0.008370
1877.119234   11.256940   0.008320
1877.128562   11.251450   0.007910
1877.137988   11.245060   0.007910
1877.147449   11.237760   0.009120
1877.157081   11.248230   0.008430
1877.166514   11.236010   0.008200
1877.175811   11.245710   0.007970
1877.185180   11.233220   0.008490
1877.194638   11.246130   0.008140
1877.204359   11.232800   0.007970
1877.213829   11.249070   0.007910
1877.223290   11.252900   0.008140
1877.232928   11.246710   0.008030
1877.242583   11.238260   0.008600
1877.252102   11.242180   0.008720
1877.261424   11.243200   0.008720
1877.271317   11.247390   0.008200
1877.280810   11.248510   0.007790
1877.290913   11.244840   0.008370
1877.300784   11.242540   0.009470
1877.310552   11.249280   0.008140
1877.320329   11.249430   0.009180
1877.330019   11.242650   0.008310
1877.339609   11.249440   0.007850
1877.349339   11.256790   0.008550
1877.359563   11.244150   0.007970
1877.369289   11.248680   0.008600
1877.379166   11.241020   0.008310
1877.389199   11.251460   0.009180
1877.398748   11.246250   0.010160
1877.408188   11.241400   0.009650
1877.417610   11.254140   0.009300
1877.426444   11.257850   0.008830
1877.433416   11.257600   0.009300
1877.439426   11.272620   0.009930
1877.444578   11.251400   0.009820
1877.449101   11.251160   0.009180
1877.452622   11.246340   0.010350
1877.456119   11.251470   0.009410
1877.458826   11.250760   0.009240
1877.460660   11.249190   0.009530
1877.462441   11.252080   0.009410
1877.464144   11.252720   0.009530
1877.465872   11.256450   0.009760
1877.528546   11.250730   0.011200
1877.538164   11.250480   0.011550
1877.547759   11.255190   0.012240
1877.557433   11.259060   0.012700
1877.566991   11.251420   0.012700
1877.956588   11.245700   0.010170
1877.966360   11.250410   0.009120
1877.975795   11.243300   0.007740
1877.985575   11.246540   0.007100
1877.995071   11.239740   0.006810
1878.004964   11.238620   0.006750
1878.014335   11.241960   0.007220
1878.023915   11.240880   0.005870
1878.033403   11.246260   0.006750
1878.042881   11.241830   0.006750
1878.052477   11.240840   0.007510
1878.062202   11.244120   0.007280
1878.072038   11.245780   0.007450
1878.081838   11.242590   0.007620
1878.091595   11.250850   0.007330
1878.101204   11.253130   0.007450
1878.111056   11.243140   0.007620
1878.120475   11.249590   0.007680
1878.129972   11.262700   0.008370
1878.139452   11.250410   0.009300
1878.148981   11.241380   0.014320
1878.158293   11.246770   0.012880
1878.167692   11.247410   0.008550
1878.177309   11.252650   0.008200
1878.186872   11.236560   0.010050
1878.196273   11.243930   0.009930
1878.206054   11.237620   0.011030
1878.215833   11.255540   0.011660
1878.225557   11.244560   0.011890
1878.235117   11.250520   0.010100
1878.244657   11.245500   0.010280
1878.254352   11.239640   0.010850
1878.263984   11.243570   0.011780
1878.273770   11.244660   0.011950
1878.283405   11.231770   0.012300
1878.293079   11.248040   0.012360
1878.302887   11.217580   0.014840
1878.312828   11.249530   0.015470
1878.322431   11.250050   0.015300
1878.332111   11.234640   0.016050
1878.342126   11.245820   0.011240
1878.351898   11.238550   0.012870
1878.361666   11.235840   0.012410
1878.371492   11.251870   0.012820
1878.381052   11.249730   0.013860
1878.390611   11.243030   0.010390
1878.400035   11.236450   0.012930
1878.409523   11.254740   0.012410
1878.419250   11.242000   0.013570
1878.427139   11.267900   0.013970
1878.434256   11.263910   0.011380
1878.439734   11.251670   0.014090
1878.444205   11.244110   0.011170
1878.448555   11.248800   0.010890
1878.452064   11.256160   0.013510
1878.454721   11.243630   0.013220
1878.457364   11.260000   0.013400
1878.459093   11.261610   0.013450
1878.460943   11.252740   0.013400
1878.463071   11.237450   0.019030
1878.523903   11.251150   0.013740
1878.533380   11.244930   0.013860
1878.542754   11.260340   0.013510
1878.552323   11.257750   0.014430
1878.561961   11.240050   0.016340
1878.571685   11.244960   0.022460
1878.581234   11.240090   0.020610
1878.590773   11.248910   0.022230
1878.600390   11.245690   0.028410
1878.885725   11.239330   0.017790
1878.896259   11.238730   0.014320
1878.907039   11.253260   0.013160
1878.917827   11.250350   0.012990
1878.928636   11.244740   0.013050
1878.939490   11.247150   0.011610
1878.950209   11.249750   0.009870
1878.960985   11.232730   0.009580
1878.971663   11.243320   0.009240
1878.982256   11.242840   0.009350
1878.992862   11.242610   0.009180
1879.003349   11.238790   0.009760
1879.014056   11.243770   0.009870
1879.024781   11.253220   0.010050
1879.035403   11.241160   0.010910
1879.046338   11.249010   0.010970
1879.056998   11.249490   0.011260
1879.067120   11.250820   0.011550
1879.077625   11.251390   0.011550
1879.087804   11.250460   0.011840
1879.097718   11.254610   0.012870
1879.108265   11.242930   0.013630
1879.118677   11.255030   0.014320
1879.128946   11.249110   0.011740
1879.138951   11.258040   0.013680
1879.148948   11.244440   0.015300
1879.158753   11.266900   0.016050
1879.168681   11.251470   0.015700
1879.178653   11.247800   0.016050
1879.188532   11.259860   0.016630
1879.198658   11.251470   0.016630
1879.208980   11.263490   0.016860
1879.219105   11.243740   0.016920
1879.229198   11.247910   0.017030
1879.239692   11.266990   0.017210
1879.249885   11.252310   0.016800
1879.259988   11.246980   0.016170
1879.270136   11.258430   0.016050
1879.279998   11.241870   0.012870
1879.290256   11.249280   0.015940
1879.300321   11.248060   0.015990
1879.310604   11.255620   0.015990
1879.321132   11.240560   0.015990
1879.331398   11.256150   0.016400
1879.341711   11.244250   0.016460
1879.352168   11.245670   0.016510
1879.362239   11.246330   0.016690
1879.372581   11.239080   0.016690
1879.383093   11.247620   0.009800
1879.393142   11.248500   0.017260
1879.403333   11.236080   0.017670
1879.413718   11.235270   0.018190
1879.422210   11.230970   0.018650
1879.430290   11.248870   0.019170
1879.436891   11.231510   0.019400
1879.441492   11.246710   0.019630
1879.445571   11.242860   0.020030
1879.449457   11.236950   0.020260
1879.452342   11.234680   0.016550
1879.454194   11.251120   0.020670
1879.456055   11.231040   0.016970
1879.457932   11.263450   0.021070
1879.460282   11.256560   0.029760
1879.524043   11.268390   0.025980
1879.534146   11.246910   0.026560
1879.544253   11.242150   0.027140
1879.554321   11.236370   0.016000
1879.564508   11.250880   0.028470
1879.574677   11.247600   0.029500
1879.584814   11.250780   0.030370
1879.594935   11.248640   0.030250
1879.605121   11.243400   0.032450
1879.615186   11.241880   0.034580
1879.625350   11.251190   0.038280
1879.885631   11.198990   0.022060
1879.895153   11.231900   0.017730
1879.904711   11.247410   0.013970
1879.914664   11.238390   0.010740
1879.924232   11.242720   0.009010
1879.933937   11.245320   0.008030
1879.943742   11.237730   0.007280
1879.953255   11.244590   0.006930
1879.962965   11.254820   0.006700
1879.972299   11.244410   0.006580
1879.982133   11.254720   0.006750
1879.991480   11.248940   0.007100
1880.001350   11.256520   0.007280
1880.010995   11.243950   0.007850
1880.020489   11.247750   0.007740
1880.030167   11.251040   0.007910
1880.040004   11.249900   0.007560
1880.050020   11.255830   0.007680
1880.059700   11.252610   0.007910
1880.069635   11.241460   0.008030
1880.079469   11.252860   0.008370
1880.089000   11.250740   0.008080
1880.098524   11.250530   0.008310
1880.108072   11.249310   0.008890
1880.117530   11.261420   0.008140
1880.127140   11.275760   0.008490
1880.200091   11.251990   0.009070
1880.209735   11.267740   0.009530
1880.219431   11.260980   0.009240
1880.229324   11.251070   0.008550
1880.238989   11.250410   0.008660
1880.248836   11.270290   0.008720
1880.258298   11.260550   0.008950
1880.267686   11.242450   0.009010
1880.277275   11.234100   0.009180
1880.286928   11.222790   0.010340
1880.306613   11.242030   0.009180
1880.369120   11.230450   0.008780
1880.684731   11.241100   0.022580
1880.693935   11.239980   0.023100
1880.703424   11.234190   0.028180
1880.712965   11.219900   0.033550
1880.722745   11.207760   0.042640
1880.732752   11.255650   0.049310
1880.743114   11.278020   0.057000
1880.753480   11.251130   0.074350
1880.828480   11.247460   0.056710
1880.839020   11.256280   0.053380
1880.967707   11.260400   0.009070
1880.977730   11.257330   0.009470
1880.987626   11.259780   0.007910
1880.997175   11.256990   0.007680
1881.007352   11.256210   0.007970
1881.017262   11.251390   0.008090
1881.027023   11.243490   0.008370
1881.036583   11.242940   0.008200
1881.046307   11.251450   0.008550
1881.055914   11.248890   0.009580
1881.065565   11.247940   0.009120
1881.075352   11.235990   0.009700
1881.085120   11.240370   0.009150
1881.094964   11.251510   0.008780
1881.104801   11.247350   0.007970
1881.114937   11.235210   0.010740
1881.124474   11.234890   0.009590
1881.134326   11.224190   0.009990
1881.143810   11.247970   0.008140
1881.153419   11.241760   0.010110
1881.163015   11.236540   0.009070
1881.171357   11.248940   0.008310
1881.180981   11.247720   0.008600
1881.190627   11.246840   0.007680
1881.200550   11.250120   0.008140
1881.210473   11.254920   0.008600
1881.220305   11.239650   0.008890
1881.230199   11.245290   0.008780
1881.239668   11.245310   0.009120
1881.249328   11.252640   0.009070
1881.258917   11.252910   0.009010
1881.268352   11.240710   0.009300
1881.278189   11.249550   0.009180
1881.288137   11.247410   0.009350
1881.297680   11.255920   0.009530
1881.307337   11.246970   0.009700
1881.317394   11.247310   0.009990
1881.327336   11.257870   0.010280
1881.337373   11.253530   0.010280
1881.347129   11.250450   0.010390
1881.357110   11.253580   0.010680
1881.366722   11.247610   0.010800
1881.376276   11.257290   0.011140
1881.386104   11.247740   0.011550
1881.395996   11.254990   0.011490
1881.405772   11.242500   0.011780
1881.414838   11.251360   0.011780
1881.422098   11.254440   0.012070
1881.428287   11.254890   0.012070
1881.433496   11.257310   0.012300
1881.437835   11.265820   0.012410
1881.441542   11.252850   0.012700
1881.445078   11.238940   0.012760
1881.447777   11.260230   0.012820
1881.449541   11.257870   0.012760
1881.451276   11.239570   0.012760
1881.453055   11.244720   0.012820
1881.455245   11.246470   0.018170
1881.512259   11.245210   0.013340
1881.522032   11.254000   0.014320
1881.531584   11.228620   0.014490
1881.541053   11.247720   0.014840
1881.550943   11.237760   0.014610
1881.560601   11.250890   0.015300
1881.570473   11.256960   0.015190
1881.580253   11.264110   0.016690
1881.589860   11.232520   0.015760
1881.599577   11.247760   0.017320
1881.609472   11.242710   0.016860
1881.619114   11.253290   0.018420
1881.628942   11.256620   0.020030
1881.638590   11.249100   0.021250
1881.648351   11.250480   0.023960
1881.778022   11.272310   0.041760
1881.787777   11.253840   0.039550
1881.797497   11.242960   0.036550
1881.807277   11.235810   0.037710
1881.816745   11.251040   0.030780
1881.826319   11.185970   0.027030
1881.835921   11.215530   0.024190
1881.845731   11.241810   0.019690
1881.855252   11.248850   0.016000
1881.864967   11.244010   0.014150
1881.874874   11.258940   0.012930
1881.884546   11.245710   0.011200
1881.894462   11.247270   0.010050
1881.904494   11.238610   0.009070
1881.914271   11.251470   0.009010
1881.923884   11.255490   0.009070
1881.933466   11.247980   0.008660
1881.943231   11.247780   0.008830
1881.952875   11.256000   0.011030
1881.962633   11.258390   0.012010
1881.972149   11.267350   0.012470
1881.982098   11.260490   0.013110
1881.992169   11.251630   0.016630
1882.001889   11.253410   0.018250
1882.011594   11.243910   0.018770
1882.021627   11.252610   0.014430
1882.031644   11.229620   0.015940
1882.041324   11.242620   0.015590
1882.051198   11.256870   0.013970
1882.060871   11.251490   0.014660
1882.070527   11.234450   0.027450
1882.080330   11.252950   0.011370
1882.090096   11.233050   0.024080
1882.099569   11.291640   0.038520
1882.109365   11.229620   0.020090
1882.121972   11.235720   0.016180
1882.131558   11.241330   0.013050
1882.141120   11.256330   0.020670
1882.150540   11.253940   0.014090
1882.160119   11.259220   0.013740
1882.169652   11.259170   0.014430
1882.179008   11.250720   0.014670
1882.188466   11.258120   0.016460
1882.198063   11.257450   0.018770
1882.208031   11.214270   0.033260
1882.217722   11.250680   0.026620
1882.227231   11.238630   0.022750
1882.236839   11.207210   0.023210
1882.246327   11.238480   0.033610
1882.256107   11.259180   0.030660
1882.266006   11.260970   0.029980
1882.275585   11.267230   0.026160
1882.285301   11.242100   0.026100
1882.295361   11.257150   0.023980
1882.305067   11.249920   0.033440
1882.315073   11.252950   0.038070
1882.325032   11.238100   0.024080
1882.334886   11.262240   0.021250
1882.344919   11.260230   0.024680
1882.354771   11.256990   0.028240
1882.364587   11.253910   0.022980
1882.374737   11.247140   0.023440
1882.384757   11.276350   0.116750
1882.394964   11.249310   0.056440
1883.093660   11.230590   0.010680
1883.103366   11.243410   0.017500
1883.112818   11.240620   0.011800
1883.122237   11.242570   0.012830
1883.131900   11.249100   0.011140
1883.141295   11.244240   0.012420
1883.150882   11.248450   0.012760
1883.160374   11.254160   0.013810
1883.169871   11.254870   0.014780
1883.179271   11.242600   0.011430
1883.188727   11.252600   0.011610
1883.198404   11.260650   0.014090
1883.207904   11.247050   0.013630
1883.217549   11.241520   0.014560
1883.226897   11.251190   0.014260
1883.236210   11.243890   0.014970
1883.245790   11.243040   0.014610
1883.255334   11.232730   0.015590
1883.265175   11.243700   0.015130
1883.274780   11.228380   0.015420
1883.284849   11.245320   0.021590
1883.294394   11.240970   0.021780
1883.304305   11.228220   0.020160
1883.314080   11.222750   0.024850
1883.323720   11.254200   0.020960
1883.333437   11.253910   0.017150
1883.343435   11.246610   0.018530
1883.353548   11.240540   0.020670
1883.363493   11.265260   0.016520
1883.373027   11.237120   0.017670
1883.382657   11.260780   0.019460
1883.392439   11.247760   0.017260
1883.402040   11.251290   0.017380
1883.410061   11.234830   0.019400
1883.417485   11.233590   0.019290
1883.423677   11.249700   0.018010
1883.428949   11.259130   0.018590
1883.433300   11.243720   0.022240
1883.436812   11.262560   0.018480
1883.440325   11.249020   0.020840
1883.443180   11.253880   0.018770
1883.444926   11.257700   0.019890
1883.446707   11.244890   0.017330
1883.448508   11.248230   0.018010
1883.507335   11.242620   0.019400
1883.517022   11.259820   0.018710
1883.526655   11.251340   0.021020
1883.536232   11.251330   0.022470
1883.545818   11.258140   0.023730
1883.555341   11.249010   0.023160
1883.565051   11.253930   0.023040
1883.574608   11.248450   0.021940
1883.584302   11.259250   0.021500
1883.593915   11.265510   0.019170
1884.099534   11.259290   0.005890
1884.109140   11.259550   0.005890
1884.118686   11.266270   0.007040
1884.128292   11.240660   0.008370
1884.137551   11.249420   0.006530
1884.147279   11.250830   0.007220
1884.156774   11.243390   0.007620
1884.166197   11.242150   0.008680
1884.175960   11.251480   0.008780
1884.185414   11.237060   0.007680
1884.194977   11.240950   0.006700
1884.204574   11.239420   0.007100
1884.214174   11.242480   0.006700
1884.223839   11.250290   0.007340
1884.233272   11.239620   0.010060
1884.242628   11.247290   0.006290
1884.252195   11.243980   0.006180
1884.261682   11.241870   0.006240
1884.271201   11.250830   0.006180
1884.280876   11.253240   0.006640
1884.290846   11.243660   0.007100
1884.300573   11.241660   0.007570
1884.310420   11.249900   0.011040
1884.320206   11.246830   0.007280
1884.330156   11.248480   0.007450
1884.340081   11.245800   0.008600
1884.350052   11.248770   0.008370
1884.360119   11.252320   0.007280
1884.370060   11.255560   0.007450
1884.379738   11.247930   0.007910
1884.389528   11.242860   0.006580
1884.399065   11.251900   0.006810
1884.406881   11.253480   0.007560
1884.413865   11.247500   0.008720
1884.420368   11.234540   0.009540
1884.425635   11.248620   0.006990
1884.430150   11.246100   0.006470
1884.433678   11.246300   0.007160
1884.437202   11.249660   0.007160
1884.439908   11.248160   0.007390
1884.441669   11.240620   0.007220
1884.443407   11.238510   0.007040
1884.445186   11.252560   0.006870
1884.446926   11.251580   0.008960
1884.503638   11.236550   0.006470
1884.513187   11.240870   0.007510
1884.522993   11.239080   0.006580
1884.532900   11.239010   0.006120
1884.542819   11.239890   0.007050
1884.552706   11.241990   0.007570
1884.562458   11.242900   0.005720
1884.572213   11.240690   0.006590
1884.581820   11.245410   0.005890
1884.591479   11.235440   0.007220
1884.600983   11.247640   0.006640
1884.610820   11.236140   0.006240
1884.886961   11.265890   0.014490
1884.896459   11.245470   0.016040
1884.906042   11.260220   0.014210
1884.915643   11.226910   0.018480
1884.925737   11.249470   0.013220
1884.935570   11.229670   0.018710
1884.945448   11.236750   0.014850
1884.954875   11.229860   0.016570
1884.964329   11.237700   0.015950
1884.974229   11.246860   0.018550
1884.983546   11.243060   0.018250
1884.993441   11.266530   0.016400
1885.003341   11.249790   0.015530
1885.013229   11.245240   0.018010
1885.022911   11.251930   0.017500
1885.032502   11.234690   0.019980
1885.042137   11.239230   0.019980
1885.052183   11.246370   0.020330
1885.061957   11.244310   0.023160
1885.071678   11.242820   0.024030
1885.081285   11.235820   0.027800
1885.090973   11.249300   0.024830
1885.100847   11.233440   0.024360
1885.278794   11.243640   0.013400
1885.288696   11.228420   0.018130
1885.298475   11.233820   0.014850
1885.308250   11.238570   0.014210
1885.318087   11.245700   0.014900
1885.328301   11.241350   0.017790
1885.338173   11.226450   0.025580
1885.347960   11.231110   0.022290
1885.357853   11.260880   0.023910
1885.367578   11.238800   0.023620
1885.377344   11.256480   0.028070
1885.386938   11.252520   0.029980
1885.396599   11.245880   0.023560
1885.404395   11.234290   0.021490
1885.411445   11.249030   0.024080
1885.417511   11.253570   0.026070
1885.422892   11.265390   0.028470
1885.427461   11.250410   0.025700
1885.430989   11.256420   0.020270
1885.434637   11.241820   0.023500
1885.437356   11.238660   0.024650
1885.439093   11.260650   0.024080
1885.440855   11.227490   0.023390
1885.442624   11.222950   0.021360
1885.444416   11.236750   0.022070
1885.502228   11.244550   0.024720
1885.511985   11.253870   0.031480
1885.521821   11.260680   0.024710
1885.531512   11.257480   0.023680
1885.541243   11.232200   0.026510
1885.551133   11.262040   0.021310
1885.560860   11.247470   0.021140
1885.570601   11.260160   0.020500
1885.580236   11.256430   0.025870
1885.590133   11.271090   0.018500
1886.072366   11.262830   0.005770
1886.082057   11.261810   0.006240
1886.091456   11.253320   0.006470
1886.101064   11.254000   0.006580
1886.110701   11.256720   0.006470
1886.120214   11.245480   0.006580
1886.129544   11.251610   0.006810
1886.138882   11.246710   0.006990
1886.148233   11.250410   0.006990
1886.157943   11.249570   0.007280
1886.167550   11.254340   0.008030
1886.177101   11.242230   0.007970
1886.186997   11.245010   0.008310
1886.196609   11.248700   0.008720
1886.206153   11.250880   0.009530
1886.215757   11.244850   0.009990
1886.225422   11.243460   0.012700
1886.234829   11.243840   0.012870
1886.244630   11.263380   0.012760
1886.254426   11.249430   0.009590
1886.263771   11.239840   0.008030
1886.273578   11.247750   0.012650
1886.283270   11.249140   0.007970
1886.293134   11.246970   0.008200
1886.303115   11.237890   0.009240
1886.312914   11.247390   0.008550
1886.322818   11.250560   0.008780
1886.332859   11.259780   0.008840
1886.342543   11.258730   0.008490
1886.352534   11.252790   0.008600
1886.362281   11.258600   0.009180
1886.372003   11.247750   0.009410
1886.381496   11.251800   0.009820
1886.391198   11.247690   0.010510
1886.399994   11.247440   0.010570
1886.408171   11.247450   0.010680
1886.414363   11.254970   0.013050
1886.419581   11.251920   0.012880
1886.423873   11.254650   0.012420
1886.427459   11.253110   0.011780
1886.431086   11.252210   0.011720
1886.433748   11.238350   0.013300
1886.435540   11.256220   0.014090
1886.437293   11.250590   0.012180
1886.439058   11.246780   0.012300
1886.441348   11.248410   0.024920
