1863.169882   13.644540   0.053960
1863.179028   13.653820   0.058220
1863.188111   13.638800   0.069950
1863.197263   13.663570   0.062310
1863.206453   13.655720   0.062370
1863.215516   13.659630   0.072510
1863.224486   13.625820   0.071880
1863.233708   13.669580   0.079700
1863.243026   13.624330   0.074190
1863.252052   13.620620   0.071900
1863.260978   13.646860   0.065190
1863.270074   13.658730   0.080570
1863.279229   13.636270   0.071360
1863.288341   13.654970   0.061930
1863.297662   13.712090   0.061610
1863.306748   13.627940   0.066950
1863.315898   13.703930   0.071250
1863.325261   13.656600   0.069130
1863.334632   13.676080   0.073850
1863.344416   13.657160   0.071360
1863.353962   13.624790   0.063740
1863.363511   13.619420   0.063220
1863.372640   13.611060   0.058650
1863.381795   13.622590   0.056570
1863.391577   13.617780   0.060120
1863.400670   13.627530   0.066060
1863.410157   13.635470   0.067850
1863.419415   13.634390   0.064840
1863.428728   13.623640   0.069500
1863.438171   13.591130   0.073450
1863.447725   13.622340   0.079760
1863.457038   13.643960   0.087810
1863.464667   13.660350   0.107250
1863.471563   13.662320   0.109860
1863.477686   13.659050   0.101950
1863.482900   13.639970   0.101590
1863.487037   13.690890   0.111250
1863.490505   13.678790   0.112350
1863.494064   13.685120   0.110910
1863.496621   13.714160   0.119870
1863.498272   13.629030   0.109700
1863.500087   13.687850   0.114570
1863.501889   13.629220   0.118160
1863.503937   13.657270   0.164770
1864.122118   13.622090   0.044650
1864.131216   13.647010   0.061520
1864.140349   13.640740   0.054170
1864.149328   13.646230   0.054850
1864.158727   13.617570   0.051600
1864.168077   13.671810   0.069610
1864.177441   13.601810   0.061630
1864.186471   13.629830   0.049880
1864.195786   13.645520   0.061580
1864.204761   13.642970   0.053850
1864.213956   13.676340   0.054570
1864.223275   13.623590   0.049920
1864.232312   13.662730   0.065310
1864.241734   13.640850   0.061070
1864.250994   13.623830   0.051460
1864.260292   13.676600   0.063290
1864.269452   13.609640   0.054380
1864.278712   13.667650   0.062090
1864.288040   13.565440   0.062300
1864.297228   13.619760   0.060110
1864.306786   13.646440   0.065250
1864.315982   13.622710   0.065490
1864.325240   13.604060   0.063630
1864.334830   13.618850   0.061860
1864.344223   13.650290   0.085400
1864.353629   13.679770   0.083800
1864.362884   13.650240   0.088420
1864.372284   13.619380   0.105380
1864.381718   13.603200   0.091530
1864.391386   13.671800   0.081180
1864.401175   13.649420   0.097180
1864.410777   13.636750   0.087360
1864.420158   13.691810   0.090110
1864.429378   13.668650   0.098170
1864.438639   13.600530   0.111830
1864.448098   13.625970   0.120900
1864.457256   13.621610   0.074300
1864.465120   13.692530   0.125610
1865.081649   13.602180   0.068970
1865.090914   13.630040   0.074720
1865.103000   13.662320   0.071270
1865.112265   13.669950   0.068360
1865.121493   13.666590   0.079000
1865.180915   13.640850   0.047920
1865.189934   13.639720   0.037190
1865.199137   13.649670   0.046790
1865.208040   13.644830   0.037380
1865.217207   13.668620   0.057290
1865.226382   13.688480   0.055210
1865.235932   13.627510   0.058220
1865.245886   13.663540   0.061970
1865.255783   13.635680   0.058240
1865.265750   13.690470   0.080600
1865.275774   13.613370   0.068140
1865.285892   13.605470   0.059270
1865.295973   13.679980   0.065330
1865.306185   13.659560   0.064240
1865.316145   13.647080   0.066230
1865.326150   13.647850   0.071280
1865.336276   13.666730   0.083270
1865.346577   13.602910   0.072120
1865.356675   13.672830   0.072800
1865.366659   13.696460   0.081410
1865.376904   13.669210   0.078660
1865.387088   13.668610   0.079850
1865.397153   13.639830   0.082380
1865.407149   13.607730   0.079990
1865.417333   13.631880   0.074660
1865.427630   13.615090   0.078120
1865.437669   13.578260   0.078690
1865.448171   13.602010   0.094080
1865.457324   13.557910   0.100660
1865.465615   13.543970   0.105840
1865.471988   13.615260   0.070600
1865.482182   13.648880   0.071800
1865.489631   13.824830   0.077700
1865.492668   13.572990   0.098600
1865.494427   13.785080   0.075400
1865.496283   13.634260   0.116100
1865.498167   13.680240   0.104370
1866.165339   13.670810   0.042380
1866.174723   13.628730   0.041170
1866.184057   13.654400   0.043030
1866.193410   13.630660   0.042050
1866.202706   13.642080   0.043540
1866.212035   13.629730   0.045610
1866.221409   13.654270   0.044600
1866.230791   13.636570   0.042900
1866.240551   13.665080   0.045670
1866.250004   13.662070   0.044880
1866.259354   13.663250   0.047490
1867.193045   13.627100   0.029280
1867.202355   13.642110   0.031470
1867.211516   13.621740   0.031350
1867.220585   13.652760   0.034130
1867.230131   13.644880   0.034650
1867.239707   13.653760   0.034530
1867.249230   13.626100   0.033440
1867.258785   13.625630   0.034060
1867.268385   13.646310   0.035570
1867.277702   13.626360   0.035460
1867.287153   13.637490   0.034990
1867.296854   13.647680   0.037070
1867.306121   13.647460   0.036920
1867.315500   13.652010   0.037710
1867.325094   13.640190   0.039430
1867.334502   13.645340   0.039220
1867.344482   13.626480   0.041700
1867.354030   13.649750   0.042790
1867.363492   13.673090   0.048140
1867.372735   13.675250   0.044590
1867.382212   13.619770   0.045030
1867.391671   13.668700   0.049190
1867.401392   13.643980   0.047520
1867.410805   13.627280   0.046680
1867.420288   13.642610   0.054970
1867.429722   13.628510   0.061630
1867.439192   13.663360   0.058600
1867.448574   13.655250   0.063880
1867.456168   13.643060   0.054520
1867.463320   13.644010   0.056170
1867.469421   13.652650   0.056820
1867.473939   13.643090   0.047930
1867.478291   13.649940   0.044760
1867.481655   13.638670   0.042810
1867.484335   13.654830   0.048980
1867.486951   13.650280   0.048220
1867.488639   13.666260   0.050540
1867.490315   13.641390   0.050930
1867.492002   13.649560   0.049170
1867.493724   13.637970   0.049540
1868.197661   13.651180   0.058000
1868.207123   13.603290   0.056600
1868.216495   13.619010   0.069620
1868.225986   13.603830   0.066420
1868.235811   13.651720   0.075630
1868.245580   13.639060   0.073910
1868.255259   13.613030   0.074310
1868.264815   13.628340   0.075870
1868.274279   13.638060   0.083540
1868.283929   13.623450   0.077110
1868.293537   13.679900   0.109340
1868.303104   13.738430   0.120010
1868.312574   13.665930   0.117280
1868.322548   13.619760   0.090360
1868.332083   13.580710   0.079460
1868.341800   13.624050   0.085570
1868.360837   13.655330   0.108390
1868.370659   13.663430   0.102930
1868.380417   13.715450   0.108600
1868.419023   13.679550   0.097740
1868.428372   13.592360   0.096220
1868.437691   13.612960   0.102290
1868.446987   13.613990   0.103800
1868.454949   13.642540   0.107800
1868.461066   13.617250   0.102570
1868.467151   13.642590   0.114670
1868.471440   13.600210   0.110940
1868.475710   13.685940   0.098930
1868.479187   13.701320   0.126210
1868.481793   13.630140   0.121670
1868.484421   13.663950   0.120820
1868.486154   13.674990   0.115430
1868.487874   13.589900   0.120340
1868.489584   13.612180   0.121630
1868.491280   13.663990   0.122200
1869.239644   13.635050   0.103810
1870.219778   13.655430   0.038310
1870.229270   13.651520   0.038740
1870.238762   13.632950   0.041990
1870.248135   13.630850   0.040540
1870.257691   13.650480   0.045860
1870.267266   13.673390   0.045340
1870.276950   13.651160   0.044650
1870.286498   13.700280   0.048060
1870.295849   13.673560   0.042870
1870.305565   13.679290   0.046430
1870.315197   13.643620   0.048200
1870.325274   13.669070   0.053470
1870.335174   13.655840   0.048710
1870.344892   13.644220   0.052110
1870.354573   13.609160   0.060910
1870.364104   13.672620   0.079730
1870.373603   13.615050   0.073740
1870.383600   13.591620   0.084820
1870.393243   13.588930   0.098880
1870.402820   13.607960   0.122730
1870.412418   13.647350   0.121640
1870.421719   13.632810   0.120030
1870.431056   13.557090   0.119920
1870.440608   13.695160   0.114690
1870.448993   13.683790   0.102700
1870.456179   13.646000   0.098750
1870.461756   13.668840   0.118620
1870.466440   13.611700   0.068500
1870.470290   13.674850   0.120200
1870.474034   13.606140   0.071800
1870.480264   13.672500   0.105730
1870.482250   13.555850   0.070600
1870.483838   13.671230   0.112780
1870.485602   13.577580   0.107460
1871.136689   13.693860   0.045870
1871.146179   13.654800   0.043040
1871.155384   13.649710   0.039840
1871.164955   13.649330   0.048740
1871.174269   13.639210   0.046370
1871.183469   13.635090   0.050990
1871.192872   13.628300   0.046670
1871.202392   13.608110   0.049210
1871.211865   13.623380   0.056470
1871.221273   13.656290   0.057850
1871.230922   13.638740   0.051580
1871.240394   13.632340   0.048620
1871.250018   13.680970   0.053130
1871.259511   13.643900   0.050750
1871.269122   13.671220   0.051620
1871.278903   13.664900   0.050810
1871.288648   13.639380   0.053660
1871.298226   13.649590   0.052680
1871.307789   13.639970   0.056300
1871.317562   13.615260   0.056590
1871.327342   13.654350   0.058090
1871.337079   13.659290   0.065020
1871.346725   13.655500   0.069300
1871.356495   13.635030   0.065180
1871.366277   13.666530   0.068580
1871.375944   13.671610   0.068710
1871.385808   13.646130   0.079260
1871.395399   13.673230   0.085680
1871.404882   13.698970   0.095030
1871.414342   13.695690   0.093220
1871.423744   13.642560   0.090180
1871.433495   13.656550   0.092050
1871.442405   13.608600   0.086980
1871.449670   13.608850   0.086710
1871.455742   13.643640   0.086260
1871.461191   13.678740   0.096420
1871.465968   13.642490   0.089540
1871.469461   13.628470   0.092390
1871.472994   13.651580   0.092290
1871.476070   13.709940   0.087530
1871.477819   13.698480   0.086230
1871.479709   13.639320   0.083130
1871.481438   13.636870   0.085290
1871.550420   13.644520   0.098100
1871.559908   13.599670   0.090150
1871.569340   13.742130   0.102960
1871.578835   13.720230   0.104530
1871.588334   13.735820   0.118570
1872.324463   13.691190   0.050970
1872.334315   13.609360   0.052080
1872.344041   13.653080   0.051060
1872.353623   13.660860   0.052450
1872.363427   13.703470   0.051180
1872.373279   13.647210   0.049640
1872.392766   13.642390   0.051340
1872.402203   13.648710   0.052430
1872.412032   13.641860   0.056260
1872.421585   13.624820   0.055200
1872.431130   13.653790   0.061500
1872.439874   13.643980   0.061150
1872.447517   13.646550   0.056830
1872.454162   13.632090   0.062250
1872.459603   13.658750   0.067390
1872.463903   13.630380   0.064170
1872.467716   13.629460   0.062390
1872.470496   13.625220   0.064610
1872.473152   13.629590   0.066460
1872.474857   13.675730   0.067320
1872.476617   13.637040   0.064570
1872.478370   13.647630   0.067630
1872.480228   13.659450   0.065990
1872.541663   13.666230   0.082320
1872.550845   13.613040   0.083780
1872.560270   13.618470   0.078660
1872.569828   13.611420   0.081410
1872.579400   13.693820   0.095090
1872.588943   13.661870   0.106520
1872.598488   13.699940   0.124900
1872.608269   13.574320   0.076000
1873.229437   13.607530   0.057350
1873.258009   13.647670   0.058720
1873.267456   13.633250   0.062840
1873.296275   13.660700   0.065150
1873.305896   13.616130   0.070090
1873.315548   13.582680   0.068030
1873.344943   13.617700   0.078860
1873.354842   13.653200   0.073390
1873.364691   13.671750   0.081700
1873.393856   13.666920   0.078810
1873.403606   13.621420   0.076520
1873.413210   13.532910   0.082460
1873.422938   13.660920   0.087660
1873.432622   13.571830   0.077310
1873.441010   13.638530   0.073310
1873.447044   13.632600   0.072180
1873.453044   13.655380   0.076450
1873.457630   13.592190   0.073270
1873.462090   13.642080   0.075570
1873.465548   13.647480   0.072550
1873.468261   13.667410   0.079640
1873.470892   13.663480   0.082350
1873.472722   13.657180   0.076450
1873.474437   13.666540   0.079290
1873.476606   13.644410   0.110360
1874.032527   13.645240   0.038750
1874.041923   13.658250   0.041180
1874.051714   13.649750   0.039840
1874.061193   13.660980   0.039670
1874.070741   13.641620   0.041860
1874.080230   13.665630   0.042440
1874.089638   13.648660   0.042230
1874.098984   13.659860   0.043710
1874.108441   13.643540   0.042350
1874.117749   13.666430   0.045270
1874.127103   13.688280   0.044470
1874.136654   13.652650   0.045440
1874.145982   13.632530   0.045840
1874.155173   13.654550   0.050060
1874.164605   13.650060   0.054800
1874.174153   13.668600   0.063260
1874.183645   13.611850   0.078950
1874.193053   13.628030   0.102040
1874.202515   13.640660   0.108430
1874.212179   13.585390   0.112850
1874.222051   13.679770   0.105550
1876.992585   13.650040   0.042040
1877.002277   13.621710   0.041980
1877.012009   13.676450   0.046140
1877.031340   13.668560   0.047350
1877.041094   13.632180   0.045500
1877.060512   13.619630   0.041520
1877.070280   13.638580   0.044410
1877.089835   13.646960   0.044280
1877.099542   13.635060   0.046300
1877.128562   13.664100   0.048100
1877.137988   13.639670   0.048790
1877.147449   13.718070   0.058450
1877.166514   13.594060   0.050370
1877.175811   13.630690   0.048470
1877.185180   13.663690   0.053640
1877.194638   13.643770   0.051480
1877.204359   13.673790   0.049320
1877.213829   13.644120   0.047860
1877.223290   13.615680   0.049670
1877.232928   13.653940   0.050000
1877.242583   13.644870   0.053220
1877.252102   13.632480   0.055330
1877.261424   13.690930   0.055490
1877.271317   13.687160   0.052260
1877.280810   13.667200   0.046280
1877.290913   13.608200   0.052550
1877.300784   13.711920   0.061960
1877.310552   13.622680   0.050770
1877.320329   13.635640   0.059250
1877.330019   13.657560   0.052720
1877.339609   13.665500   0.049190
1877.349339   13.601200   0.053510
1877.359563   13.610970   0.046540
1877.369289   13.650570   0.055090
1877.379166   13.667160   0.053570
1877.389199   13.668580   0.059750
1877.398748   13.674150   0.064560
1877.408188   13.566900   0.059070
1877.417610   13.626590   0.060410
1877.426444   13.649650   0.054200
1877.433416   13.600610   0.056820
1877.439426   13.623460   0.064000
1877.444578   13.654390   0.062570
1877.449101   13.637610   0.056640
1877.452622   13.637210   0.065600
1877.456119   13.586920   0.056170
1877.458826   13.664730   0.054920
1877.460660   13.681270   0.061620
1877.462441   13.643410   0.059750
1877.464144   13.670080   0.059660
1877.465872   13.619360   0.059770
1877.528546   13.634400   0.067400
1877.538164   13.683850   0.073280
1877.547759   13.687580   0.076870
1877.557433   13.718560   0.080100
1877.566991   13.663530   0.085830
1877.956588   13.639730   0.065970
1877.966360   13.631480   0.059880
1877.975795   13.650590   0.046840
1877.985575   13.669560   0.042210
1877.995071   13.642210   0.038920
1878.004964   13.640550   0.037210
1878.014335   13.638200   0.041130
1878.023915   13.620840   0.034290
1878.033403   13.638980   0.038920
1878.042881   13.647620   0.037300
1878.052477   13.649020   0.044520
1878.062202   13.659560   0.042410
1878.072038   13.627300   0.041290
1878.081838   13.639790   0.044870
1878.091595   13.687420   0.041820
1878.101204   13.625150   0.039620
1878.111056   13.624960   0.043780
1878.120475   13.666370   0.044350
1878.129972   13.642450   0.046660
1878.139452   13.656200   0.056020
1878.148981   13.617340   0.092780
1878.158293   13.688310   0.081560
1878.167692   13.618680   0.049420
1878.177309   13.641330   0.049030
1878.186872   13.699360   0.061210
1878.196273   13.618120   0.060010
1878.206054   13.616540   0.069000
1878.215833   13.609430   0.072760
1878.225557   13.602480   0.073230
1878.235117   13.620230   0.061660
1878.244657   13.651450   0.066740
1878.254352   13.623120   0.067630
1878.263984   13.648380   0.077670
1878.273770   13.632310   0.075290
1878.283405   13.644360   0.080210
1878.293079   13.667440   0.079800
1878.302887   13.630140   0.099100
1878.312828   13.614770   0.097050
1878.322431   13.695150   0.098280
1878.332111   13.687310   0.103810
1878.342126   13.662110   0.073190
1878.351898   13.662870   0.082540
1878.361666   13.671680   0.077490
1878.371492   13.655760   0.085210
1878.381052   13.720230   0.095470
1878.390611   13.682660   0.070560
1878.400035   13.640790   0.083510
1878.409523   13.669080   0.081770
1878.419250   13.716490   0.088040
1878.427139   13.637520   0.090060
1878.434256   13.644450   0.075310
1878.439734   13.636900   0.093630
1878.444205   13.604910   0.072760
1878.448555   13.627110   0.072130
1878.452064   13.644070   0.089080
1878.457364   13.614840   0.085610
1878.459093   13.677360   0.085950
1878.460943   13.630460   0.091190
1878.463071   13.599970   0.124460
1878.523903   13.643360   0.094660
1878.533380   13.622680   0.092520
1878.542754   13.668280   0.092470
1878.552323   13.660470   0.095200
1878.561961   13.639500   0.100140
1878.571839   13.572290   0.073400
1878.581081   13.610870   0.074700
1878.885725   13.694360   0.069600
1878.896259   13.642690   0.101580
1878.907039   13.683180   0.098350
1878.917827   13.579470   0.092000
1878.928636   13.591090   0.092270
1878.939490   13.654150   0.079980
1878.950209   13.662530   0.069690
1878.960985   13.677260   0.064400
1878.971663   13.642350   0.057020
1878.982256   13.628270   0.059820
1878.992862   13.638460   0.055200
1879.003349   13.652180   0.062520
1879.014056   13.664770   0.062880
1879.024781   13.629920   0.060050
1879.035403   13.646930   0.072390
1879.046338   13.671600   0.068010
1879.056998   13.660420   0.071840
1879.067120   13.622290   0.074200
1879.077625   13.638860   0.070740
1879.087804   13.622180   0.074300
1879.097718   13.592990   0.079580
1879.108265   13.650420   0.085290
1879.118677   13.672580   0.090410
1879.128946   13.659460   0.076520
1879.138951   13.639470   0.086350
1879.148948   13.678270   0.098830
1879.158753   13.665440   0.107650
1879.168681   13.665640   0.103590
1879.178653   13.660450   0.097040
1879.188532   13.684730   0.113250
1879.198658   13.605570   0.103390
1879.208980   13.621600   0.107210
1879.219105   13.625710   0.110340
1879.229198   13.685300   0.110530
1879.239692   13.549610   0.103290
1879.249885   13.675850   0.106460
1879.259988   13.521190   0.096930
1879.270136   13.706270   0.103820
1879.279998   13.701240   0.082820
1879.290256   13.565280   0.095770
1879.300321   13.655580   0.103890
1879.310604   13.626570   0.096960
1879.321132   13.618870   0.097860
1879.331398   13.663560   0.102320
1879.341711   13.596120   0.101600
1879.352168   13.585380   0.099610
1879.362239   13.662380   0.103470
1879.372581   13.657900   0.108100
1879.383093   13.735100   0.061900
1879.393142   13.687260   0.108380
1879.403333   13.654670   0.112260
1879.413718   13.579690   0.112340
1879.422210   13.564860   0.113570
1879.430290   13.659250   0.121600
1879.436891   13.687460   0.121490
1879.441568   13.668870   0.099140
1879.445571   13.594660   0.126980
1879.449457   13.662250   0.122960
1879.452495   13.580590   0.074600
1879.454194   13.654630   0.123580
1879.456055   13.704960   0.107240
1879.457932   13.716110   0.132380
1879.459732   13.687860   0.105960
1879.460754   13.724760   0.131430
1879.895229   13.638150   0.082450
1879.904711   13.594550   0.091570
1879.914664   13.672990   0.076590
1879.924232   13.623440   0.065150
1879.933937   13.645520   0.056000
1879.943742   13.634510   0.047930
1879.953255   13.643250   0.044110
1879.962965   13.614180   0.039860
1879.972299   13.684720   0.039860
1879.982133   13.644560   0.040740
1879.991480   13.661170   0.044990
1880.001350   13.654310   0.045680
1880.010995   13.618790   0.049610
1880.020489   13.618240   0.051210
1880.030167   13.642280   0.051640
1880.040004   13.642340   0.050130
1880.050020   13.657150   0.050750
1880.059700   13.658510   0.052430
1880.069635   13.657920   0.053990
1880.079469   13.637520   0.054800
1880.089000   13.674070   0.053840
1880.117530   13.646700   0.050880
1880.127140   13.620910   0.055450
1880.238989   13.592360   0.057000
1880.248836   13.628280   0.054860
1880.258298   13.659740   0.059880
1880.267686   13.660340   0.062260
1880.967707   13.697470   0.065900
1880.977730   13.571410   0.063050
1880.987626   13.590500   0.052570
1880.997175   13.673420   0.049560
1881.007352   13.665390   0.052890
1881.017262   13.622210   0.052480
1881.027023   13.622600   0.055260
1881.036583   13.630590   0.053620
1881.046307   13.613850   0.055970
1881.055914   13.649650   0.062670
1881.065565   13.677280   0.060510
1881.075352   13.643100   0.064160
1881.085120   13.669700   0.059710
1881.094964   13.690860   0.059250
1881.104801   13.660910   0.049540
1881.114937   13.687790   0.070960
1881.124474   13.633880   0.064510
1881.134326   13.599960   0.063470
1881.143810   13.616980   0.051560
1881.153419   13.683190   0.066330
1881.163015   13.621530   0.059360
1881.171357   13.629220   0.053950
1881.180981   13.659550   0.056410
1881.190627   13.650860   0.045720
1881.200550   13.624260   0.051450
1881.210473   13.601850   0.052770
1881.220305   13.627810   0.056850
1881.230199   13.664230   0.058510
1881.239668   13.647290   0.059890
1881.249328   13.702350   0.058960
1881.258917   13.652720   0.057640
1881.268352   13.677910   0.062710
1881.278189   13.630810   0.060510
1881.288137   13.675090   0.063540
1881.297680   13.652900   0.062220
1881.307337   13.664120   0.063460
1881.317394   13.716650   0.069860
1881.327336   13.617540   0.069170
1881.337373   13.675800   0.069630
1881.347129   13.604510   0.070790
1881.357110   13.648850   0.070830
1881.366722   13.645830   0.074040
1881.376276   13.678790   0.074250
1881.386104   13.602620   0.078760
1881.395996   13.658050   0.077200
1881.405772   13.667060   0.082000
1881.414838   13.617840   0.078170
1881.422098   13.622090   0.081410
1881.428287   13.617560   0.083150
1881.433496   13.631180   0.084620
1881.437835   13.641500   0.081320
1881.441542   13.623290   0.083590
1881.445078   13.621670   0.089210
1881.447777   13.674540   0.092160
1881.449541   13.648980   0.083040
1881.451276   13.652590   0.088680
1881.453055   13.700180   0.080340
1881.455245   13.638360   0.123530
1881.512259   13.606240   0.085060
1881.522032   13.639660   0.089650
1881.531584   13.705190   0.098010
1881.541053   13.637040   0.098070
1881.550943   13.621070   0.095130
1881.560601   13.704010   0.094840
1881.570473   13.631600   0.095120
1881.580253   13.613320   0.107300
1881.589860   13.610470   0.101320
1881.599577   13.677590   0.116130
1881.609472   13.617380   0.103650
1881.619114   13.674030   0.123730
1881.638437   13.615470   0.076400
1881.845807   13.631600   0.103680
1881.855252   13.715220   0.119010
1881.864967   13.579040   0.103030
1881.874874   13.640400   0.093490
1881.884546   13.625270   0.081300
1881.894462   13.650970   0.072870
1881.904494   13.647430   0.063410
1881.914271   13.641310   0.063860
1881.923884   13.676600   0.062010
1881.933466   13.636410   0.057580
1881.943231   13.703830   0.061510
1881.952875   13.705550   0.079220
1881.962633   13.664180   0.082730
1881.972149   13.604610   0.085640
1881.982098   13.694800   0.093200
1881.992169   13.589280   0.106390
1882.001889   13.603980   0.115570
1882.011594   13.557790   0.118360
1882.021627   13.643690   0.095630
1882.031644   13.603810   0.102730
1882.041324   13.684050   0.103220
1882.051198   13.718660   0.098970
1882.060871   13.582170   0.099980
1882.080330   13.715160   0.080340
1882.090096   13.587210   0.075300
1882.109365   13.667860   0.125500
1882.121972   13.657490   0.104650
1882.131558   13.708980   0.091860
1882.150540   13.658870   0.095490
1882.160119   13.714110   0.101010
1882.169652   13.645340   0.098070
1882.179008   13.652110   0.099380
1882.188466   13.635250   0.108620
1882.198063   13.685910   0.116630
1882.334963   13.637630   0.104550
1883.112818   13.614930   0.078400
1883.122237   13.611490   0.091050
1883.131900   13.600610   0.074150
1883.141295   13.712200   0.085250
1883.150882   13.690870   0.092970
1883.160374   13.692800   0.097750
1883.169871   13.729150   0.105150
1883.179271   13.605900   0.079910
1883.188727   13.612560   0.082450
1883.198404   13.676140   0.099980
1883.207904   13.623080   0.092610
1883.217549   13.549630   0.091800
1883.226897   13.648390   0.097150
1883.236210   13.670680   0.100480
1883.245790   13.673730   0.100290
1883.255334   13.617910   0.103510
1883.265175   13.670080   0.105030
1883.274780   13.597480   0.097250
1883.285002   13.768990   0.061000
1883.294470   13.646680   0.097320
1883.304305   13.582930   0.125210
1883.323643   13.546090   0.094130
1883.333437   13.633400   0.115770
1883.343359   13.629230   0.099560
1883.353625   13.666540   0.097390
1883.363493   13.611410   0.108410
1883.392439   13.633820   0.112970
1883.402040   13.598270   0.117350
1883.410061   13.630930   0.117990
1883.417485   13.596080   0.121660
1883.423677   13.751870   0.124160
1883.428949   13.686790   0.121140
1883.433147   13.628290   0.071600
1883.436888   13.680880   0.098860
1883.440325   13.620930   0.114660
1883.443180   13.727840   0.126600
1883.444849   13.671830   0.098030
1883.446707   13.688160   0.122670
1883.448508   13.662450   0.121540
1883.507488   13.700130   0.074100
1883.517022   13.598810   0.122140
1883.593915   13.643050   0.127550
1884.099534   13.638980   0.039210
1884.109140   13.617540   0.036490
1884.118686   13.664560   0.049210
1884.128292   13.686330   0.059370
1884.137551   13.663710   0.045000
1884.147279   13.628690   0.050580
1884.156774   13.649630   0.052600
1884.166197   13.613980   0.057780
1884.175960   13.591670   0.062710
1884.185414   13.646010   0.054750
1884.194977   13.645490   0.043940
1884.204574   13.647530   0.050240
1884.214174   13.668120   0.045160
1884.223839   13.649760   0.050460
1884.233272   13.642760   0.071970
1884.242628   13.635290   0.039510
1884.252195   13.612110   0.038510
1884.261682   13.633650   0.040190
1884.271201   13.625330   0.040200
1884.280876   13.643340   0.043510
1884.290846   13.667850   0.046820
1884.300573   13.622720   0.053420
1884.310420   13.700000   0.077620
1884.320206   13.626610   0.050000
1884.330156   13.633050   0.051960
1884.340081   13.641360   0.061400
1884.350052   13.600710   0.059870
1884.360119   13.678200   0.049770
1884.370060   13.666730   0.051330
1884.379738   13.642130   0.055610
1884.389528   13.644180   0.044310
1884.399065   13.678020   0.046660
1884.406881   13.624440   0.053600
1884.413865   13.657640   0.063870
1884.420368   13.611880   0.063010
1884.425635   13.662200   0.048530
1884.430150   13.634820   0.042150
1884.433678   13.638160   0.048730
1884.437202   13.647590   0.047860
1884.439908   13.665250   0.051510
1884.441669   13.671530   0.050590
1884.443407   13.645400   0.047990
1884.445186   13.648120   0.046960
1884.446926   13.704560   0.064740
1884.503638   13.639760   0.043890
1884.513187   13.649100   0.051760
1884.522993   13.662540   0.043880
1884.532900   13.629340   0.039340
1884.542819   13.675220   0.049390
1884.552706   13.680210   0.059800
1884.562458   13.623690   0.035570
1884.572213   13.646450   0.044720
1884.581820   13.626210   0.037210
1884.591479   13.694290   0.050640
1884.600983   13.635370   0.045220
1884.610820   13.635580   0.041430
1884.886961   13.680290   0.106820
1884.896459   13.539840   0.101440
1884.906042   13.553800   0.099350
1884.915796   13.667760   0.060300
1884.925737   13.656090   0.093090
1884.945448   13.618810   0.097520
1884.954875   13.694920   0.107570
1884.964329   13.654890   0.101020
1884.974229   13.652940   0.113100
1884.983546   13.660730   0.114490
1884.993441   13.652110   0.108300
1885.003341   13.592360   0.100660
1885.013229   13.763230   0.125300
1885.022911   13.601830   0.113210
1885.032349   13.716470   0.069900
1885.042138   13.661690   0.103380
1885.052183   13.573350   0.123600
1885.278794   13.672990   0.090030
1885.288696   13.617830   0.099410
1885.298475   13.766410   0.102340
1885.308250   13.681030   0.095700
1885.318087   13.689940   0.101700
1885.328301   13.656040   0.105040
1885.404242   13.475410   0.066600
1885.431143   13.563180   0.065600
1885.590210   13.526380   0.085860
1886.072366   13.656290   0.034180
1886.082057   13.645080   0.036320
1886.091456   13.660370   0.040130
1886.101064   13.640590   0.040910
1886.110701   13.603940   0.037710
1886.120214   13.636500   0.040140
1886.129544   13.662280   0.043100
1886.138882   13.660410   0.044630
1886.148233   13.654080   0.042610
1886.157943   13.648180   0.044110
1886.167550   13.664450   0.049260
1886.177101   13.629000   0.051100
1886.186997   13.654540   0.056020
1886.196609   13.597620   0.055540
1886.206153   13.659150   0.062120
1886.215757   13.629330   0.064090
1886.225422   13.645220   0.089380
1886.234829   13.628280   0.087500
1886.244630   13.624220   0.086230
1886.254426   13.623280   0.065070
1886.263771   13.705160   0.054860
1886.293134   13.639190   0.056820
1886.303115   13.619320   0.062270
1886.312914   13.658130   0.059270
1886.322818   13.659070   0.061690
1886.332859   13.653040   0.062390
1886.342543   13.591440   0.057170
1886.352534   13.647400   0.060500
1886.362281   13.656000   0.064510
1886.381496   13.635480   0.067370
1886.391198   13.647360   0.073220
1886.399994   13.608330   0.073550
1886.408171   13.662340   0.077900
1886.414363   13.678390   0.094540
1886.419581   13.669670   0.093560
1886.423873   13.613550   0.085400
1886.427459   13.578570   0.082510
1886.431086   13.642040   0.082240
1886.433748   13.670480   0.094980
1886.435540   13.727700   0.101120
1886.437293   13.598300   0.086200
1886.439058   13.632660   0.084400
1886.441348   13.662030   0.162740
