1863.169882   11.102490   0.008370
1863.179028   11.095340   0.009010
1863.188111   11.115630   0.010280
1863.197263   11.105320   0.009580
1863.206453   11.106640   0.009300
1863.215516   11.108570   0.010800
1863.224486   11.100930   0.010280
1863.233708   11.096030   0.010910
1863.243026   11.100500   0.010910
1863.252052   11.106140   0.009990
1863.260978   11.112550   0.009700
1863.270074   11.109310   0.011200
1863.279229   11.107060   0.009700
1863.288341   11.100230   0.009350
1863.297662   11.101430   0.008830
1863.306748   11.104220   0.009870
1863.315898   11.102790   0.009990
1863.325261   11.103710   0.009930
1863.334632   11.105200   0.010220
1863.344416   11.114490   0.010160
1863.353962   11.104000   0.009820
1863.363511   11.119180   0.009010
1863.372640   11.110490   0.008370
1863.381795   11.115940   0.008490
1863.391577   11.114530   0.008890
1863.400670   11.119200   0.009240
1863.410157   11.123280   0.009300
1863.419415   11.107320   0.009470
1863.428728   11.113390   0.010050
1863.438171   11.100560   0.010280
1863.447725   11.108340   0.010620
1863.457038   11.102810   0.011950
1863.464667   11.111620   0.013740
1863.471563   11.095040   0.014140
1863.477686   11.108870   0.013450
1863.482900   11.106270   0.013510
1863.487037   11.119850   0.014150
1863.490505   11.116130   0.014140
1863.494064   11.115020   0.013450
1863.496621   11.122660   0.014140
1863.498272   11.108150   0.014090
1863.500087   11.110810   0.014430
1863.501889   11.124120   0.015010
1863.503937   11.117730   0.020990
1864.122118   11.108480   0.007040
1864.131216   11.102080   0.008890
1864.140349   11.103760   0.008080
1864.149328   11.101140   0.007970
1864.158727   11.110930   0.007790
1864.168077   11.110350   0.009410
1864.177441   11.103550   0.008780
1864.186471   11.110910   0.007510
1864.195786   11.108190   0.009070
1864.204761   11.108460   0.008370
1864.213956   11.105170   0.007970
1864.223275   11.103640   0.007740
1864.232312   11.104980   0.008890
1864.241734   11.108850   0.009180
1864.250994   11.109410   0.008030
1864.260292   11.108000   0.009350
1864.269452   11.116830   0.008370
1864.278712   11.111540   0.009410
1864.288040   11.114890   0.009410
1864.297228   11.109940   0.009120
1864.306786   11.109600   0.009350
1864.315982   11.110740   0.009470
1864.325240   11.105310   0.009300
1864.334830   11.117860   0.009120
1864.344223   11.117010   0.011840
1864.353629   11.109790   0.011490
1864.362884   11.124400   0.012410
1864.372284   11.102850   0.014320
1864.381718   11.113690   0.012820
1864.391386   11.113640   0.011080
1864.401175   11.115810   0.013510
1864.410777   11.109030   0.012180
1864.420158   11.109190   0.012240
1864.429378   11.098170   0.012990
1864.438639   11.107830   0.014610
1864.448098   11.107320   0.016630
1864.457409   11.109420   0.017380
1864.465120   11.101290   0.016110
1864.472313   11.109050   0.018540
1864.477494   11.095190   0.021080
1864.482643   11.084360   0.027570
1864.486002   11.074900   0.037410
1864.489646   11.069090   0.032060
1864.492216   11.113480   0.024710
1864.494776   11.114070   0.024420
1864.496480   11.112720   0.026050
1864.498365   11.094920   0.026620
1864.500091   11.087880   0.026500
1864.501760   11.106960   0.026560
1865.081649   11.105950   0.009410
1865.090914   11.113600   0.010160
1865.103000   11.109460   0.009700
1865.112265   11.112520   0.009530
1865.121493   11.104790   0.011030
1865.180915   11.109920   0.007040
1865.189934   11.095430   0.005890
1865.199137   11.096910   0.007160
1865.208040   11.103460   0.005890
1865.217207   11.089160   0.008370
1865.226382   11.098730   0.007970
1865.235932   11.099250   0.008600
1865.245886   11.104060   0.008720
1865.255783   11.100500   0.008490
1865.265750   11.111930   0.010620
1865.275774   11.102990   0.009580
1865.285892   11.107140   0.008430
1865.295973   11.117930   0.009300
1865.306185   11.111220   0.009180
1865.316145   11.113350   0.009070
1865.326150   11.112180   0.009760
1865.336276   11.107340   0.011030
1865.346577   11.110990   0.009930
1865.356675   11.104210   0.009870
1865.366659   11.104130   0.010860
1865.376904   11.101900   0.010740
1865.387088   11.095820   0.010970
1865.397153   11.109290   0.011140
1865.407149   11.109780   0.010740
1865.417333   11.116700   0.010510
1865.427630   11.093400   0.010850
1865.437669   11.103120   0.010850
1865.448171   11.098820   0.013160
1865.457324   11.101240   0.013450
1865.465615   11.102920   0.014670
1865.471988   11.109190   0.017500
1865.477591   11.116670   0.021090
1865.482335   11.110570   0.017670
1865.486159   11.099470   0.020420
1865.489785   11.105080   0.017330
1865.492667   11.113510   0.017090
1865.494427   11.117140   0.016450
1865.496283   11.109880   0.015470
1865.498551   11.109500   0.025990
1866.165339   11.107860   0.006580
1866.174723   11.103760   0.006640
1866.184057   11.109230   0.006750
1866.193410   11.104500   0.006810
1866.202706   11.106740   0.007100
1866.212035   11.100650   0.007160
1866.221409   11.101400   0.007280
1866.230791   11.105040   0.007160
1866.240551   11.103980   0.007100
1866.250004   11.095370   0.007100
1866.259354   11.115170   0.007330
1867.193045   11.101470   0.005200
1867.202355   11.101020   0.005370
1867.211516   11.100000   0.005370
1867.220585   11.107460   0.005540
1867.230131   11.108580   0.005540
1867.239707   11.108260   0.005600
1867.249230   11.115340   0.005540
1867.258785   11.107490   0.005720
1867.268385   11.108890   0.005720
1867.277702   11.110070   0.005830
1867.287153   11.109920   0.005890
1867.296854   11.100660   0.005950
1867.306121   11.100870   0.006000
1867.315500   11.102320   0.006060
1867.325094   11.103340   0.006180
1867.334502   11.105240   0.006240
1867.344482   11.104100   0.006470
1867.354030   11.107130   0.006410
1867.363492   11.098460   0.006990
1867.372735   11.097440   0.006700
1867.382212   11.108730   0.006930
1867.391671   11.102890   0.007100
1867.401392   11.102050   0.006990
1867.410805   11.098110   0.006990
1867.420288   11.104730   0.007850
1867.429722   11.105350   0.008550
1867.439192   11.107450   0.008080
1867.448574   11.108800   0.008950
1867.456168   11.111030   0.008080
1867.463320   11.107740   0.008310
1867.469421   11.113180   0.008200
1867.473939   11.104210   0.007040
1867.478291   11.110050   0.006640
1867.481655   11.110160   0.006640
1867.484335   11.114870   0.007040
1867.486951   11.109730   0.006930
1867.488639   11.111890   0.006990
1867.490315   11.110610   0.007280
1867.492002   11.106170   0.007040
1867.493724   11.103500   0.006870
1868.197661   11.117040   0.008260
1868.207123   11.112060   0.008370
1868.216495   11.113310   0.009890
1868.225986   11.106760   0.009530
1868.235811   11.105030   0.010460
1868.245580   11.106110   0.010220
1868.255259   11.105670   0.010620
1868.264815   11.087390   0.011260
1868.274279   11.107180   0.012300
1868.283929   11.097910   0.011090
1868.293537   11.095930   0.015010
1868.303104   11.093160   0.016400
1868.312574   11.111100   0.016510
1868.322548   11.106010   0.012470
1868.332083   11.115730   0.012300
1868.341800   11.096420   0.012590
1868.351466   11.094430   0.014490
1868.360837   11.096150   0.014670
1868.370659   11.093050   0.014260
1868.380417   11.104140   0.014610
1868.390367   11.108320   0.014090
1868.399668   11.100830   0.014090
1868.409622   11.104840   0.014950
1868.419023   11.097960   0.014320
1868.428372   11.108780   0.014430
1868.437691   11.095440   0.014900
1868.446987   11.095500   0.014840
1868.454949   11.100290   0.015360
1868.461066   11.088130   0.015240
1868.467151   11.107050   0.015940
1868.471440   11.081100   0.016220
1868.475710   11.096900   0.017900
1868.479187   11.086100   0.018420
1868.481793   11.088970   0.018010
1868.484421   11.110740   0.017780
1868.486154   11.104150   0.016860
1868.487874   11.112060   0.017440
1868.489584   11.130380   0.017670
1868.491280   11.119750   0.017960
1868.552972   11.107030   0.027270
1868.562396   11.120310   0.024540
1868.571961   11.143300   0.048090
1868.581531   11.102060   0.035400
1868.591155   11.137150   0.037770
1868.600621   11.113640   0.048790
1868.610180   11.209890   0.055440
1868.619726   11.141670   0.107230
1869.239644   11.134790   0.021130
1869.249027   11.130090   0.021940
1869.258676   11.111560   0.024190
1869.268460   11.110840   0.027430
1869.278238   11.099940   0.029940
1869.287800   11.104920   0.030660
1869.297392   11.102320   0.032610
1869.307040   11.059810   0.035070
1869.316723   11.022060   0.049440
1869.326588   11.035530   0.045230
1869.336288   11.076390   0.051480
1869.345989   11.078600   0.053550
1869.356015   11.045660   0.052990
1869.365922   11.065570   0.061420
1869.375609   11.109060   0.071580
1869.384959   11.113770   0.087710
1869.394501   11.120840   0.066190
1869.403953   11.066690   0.085580
1869.413491   11.177640   0.092160
1869.422812   11.119510   0.091870
1869.432078   11.161990   0.080060
1869.441623   11.122830   0.088720
1869.456537   11.122500   0.114920
1869.462722   11.145480   0.095360
1869.468109   11.128880   0.120760
1869.472681   11.128000   0.107460
1869.476266   11.054240   0.106220
1869.478811   11.060510   0.089800
1869.481532   11.050070   0.110990
1869.483271   11.154130   0.092990
1869.485003   11.126790   0.111290
1869.486795   11.057150   0.092350
1869.488323   11.134170   0.095740
1869.544878   11.087780   0.128360
1870.219778   11.108280   0.006000
1870.229270   11.105420   0.006180
1870.238762   11.101680   0.006530
1870.248135   11.100170   0.006410
1870.257691   11.103920   0.007100
1870.267266   11.102750   0.006750
1870.276950   11.101900   0.006870
1870.286498   11.105780   0.006990
1870.295849   11.105390   0.006640
1870.305565   11.105180   0.006930
1870.315197   11.111130   0.007620
1870.325274   11.110590   0.007790
1870.335174   11.107210   0.007450
1870.344892   11.116650   0.007790
1870.354573   11.111660   0.008890
1870.364104   11.117440   0.011080
1870.373603   11.107010   0.010570
1870.383600   11.115470   0.011950
1870.393243   11.108380   0.013920
1870.402820   11.106230   0.018710
1870.412418   11.104590   0.017320
1870.421719   11.114330   0.017440
1870.431056   11.111080   0.018070
1870.440608   11.100740   0.015130
1870.448993   11.108650   0.013680
1870.456179   11.101200   0.013510
1870.461756   11.127330   0.016170
1870.466593   11.124140   0.018020
1870.470290   11.104870   0.015990
1870.474034   11.097030   0.018190
1870.476825   11.109860   0.019980
1870.478569   11.112190   0.019170
1870.480341   11.106630   0.018070
1870.482097   11.107590   0.018420
1870.483838   11.119000   0.019630
1870.485602   11.094150   0.018650
1871.136689   11.113240   0.006700
1871.146179   11.117440   0.006580
1871.155384   11.113640   0.006580
1871.164955   11.115830   0.007100
1871.174269   11.104370   0.007040
1871.183469   11.116230   0.007330
1871.192872   11.105860   0.006990
1871.202392   11.099040   0.007280
1871.211865   11.102100   0.008140
1871.221273   11.098990   0.008200
1871.230922   11.105440   0.007560
1871.240394   11.103800   0.007390
1871.250018   11.101500   0.007620
1871.259511   11.104620   0.007510
1871.269122   11.107740   0.007620
1871.278903   11.112380   0.007620
1871.288648   11.114330   0.007970
1871.298226   11.105730   0.007740
1871.307789   11.101750   0.008200
1871.317562   11.109310   0.008370
1871.327342   11.113120   0.008660
1871.337079   11.118530   0.009300
1871.346725   11.115510   0.009580
1871.356495   11.116290   0.009350
1871.366277   11.115120   0.010220
1871.375944   11.112800   0.010390
1871.385808   11.111550   0.011140
1871.395399   11.097360   0.011780
1871.404882   11.107700   0.013220
1871.414342   11.114100   0.012760
1871.423744   11.117330   0.012590
1871.433495   11.109210   0.012530
1871.442405   11.101750   0.011660
1871.449670   11.101570   0.011890
1871.455742   11.093070   0.012120
1871.461191   11.099040   0.012820
1871.465968   11.101160   0.012410
1871.469461   11.101450   0.012530
1871.472994   11.092990   0.012360
1871.476070   11.098800   0.011890
1871.477819   11.111190   0.011950
1871.479709   11.111220   0.011950
1871.481438   11.096930   0.011780
1871.550420   11.104950   0.012760
1871.559908   11.102780   0.012990
1871.569340   11.109440   0.013630
1871.578835   11.107720   0.014140
1871.588334   11.116490   0.015470
1871.597765   11.120920   0.018360
1871.607264   11.116950   0.020670
1871.616819   11.114010   0.024360
1871.626324   11.135170   0.029160
1872.324463   11.115950   0.007560
1872.334315   11.111570   0.007680
1872.344041   11.106440   0.007620
1872.353623   11.114460   0.007740
1872.363427   11.120630   0.007620
1872.373279   11.112400   0.007620
1872.383099   11.102600   0.007680
1872.392766   11.106060   0.007680
1872.402203   11.089900   0.007740
1872.412032   11.112120   0.008140
1872.421585   11.101970   0.008140
1872.431130   11.109320   0.008660
1872.439874   11.115710   0.008660
1872.447517   11.107050   0.008660
1872.454162   11.110980   0.008830
1872.459603   11.102070   0.009300
1872.463903   11.112410   0.009470
1872.467716   11.106610   0.009240
1872.470496   11.114110   0.009350
1872.473152   11.118670   0.009470
1872.474857   11.107760   0.009530
1872.476617   11.109900   0.009530
1872.478370   11.108180   0.009530
1872.480228   11.109500   0.009530
1872.541663   11.098920   0.011320
1872.550845   11.100630   0.011660
1872.560270   11.088920   0.011950
1872.569828   11.112180   0.012760
1872.579400   11.106690   0.013450
1872.588943   11.121050   0.014720
1872.598488   11.123060   0.016570
1872.608116   11.118650   0.019110
1872.617527   11.107790   0.022000
1872.627101   11.129900   0.027140
1872.636625   11.137520   0.033660
1872.646041   11.075280   0.045560
1873.229437   11.105790   0.008370
1873.238826   11.118730   0.008720
1873.248403   11.108280   0.008600
1873.258009   11.103580   0.008660
1873.267456   11.096700   0.008830
1873.276959   11.107260   0.008890
1873.286788   11.112100   0.009010
1873.296275   11.112580   0.009240
1873.305896   11.102270   0.009760
1873.315548   11.107720   0.009760
1873.325684   11.112980   0.009930
1873.335346   11.093830   0.010570
1873.344943   11.106040   0.010680
1873.354842   11.096150   0.010280
1873.364691   11.103220   0.011030
1873.374458   11.120400   0.010570
1873.383960   11.106180   0.009990
1873.393856   11.104790   0.010340
1873.403606   11.108950   0.010570
1873.413210   11.093140   0.011660
1873.422938   11.106220   0.011610
1873.432622   11.109970   0.010850
1873.441010   11.100300   0.010340
1873.447044   11.108700   0.010390
1873.453044   11.106900   0.010390
1873.457630   11.110510   0.010570
1873.462090   11.098740   0.010620
1873.465548   11.100360   0.010680
1873.468261   11.110330   0.010850
1873.470892   11.107910   0.011080
1873.472722   11.116190   0.010910
1873.474437   11.107450   0.010740
1873.476606   11.109490   0.015310
1873.539458   11.075230   0.040820
1873.548852   11.075790   0.030270
1873.558313   11.087570   0.024490
1873.567696   11.092330   0.022650
1873.577180   11.087600   0.025290
1873.586745   11.087380   0.020500
1873.596227   11.073010   0.030210
1873.605773   11.071670   0.028890
1873.615321   11.081740   0.026210
1873.624816   11.071770   0.027080
1874.032527   11.111180   0.006060
1874.041923   11.112350   0.006410
1874.051714   11.115540   0.006290
1874.061193   11.120960   0.006240
1874.070741   11.109470   0.006410
1874.080230   11.096330   0.006470
1874.089638   11.108780   0.006410
1874.098984   11.105040   0.006580
1874.108441   11.096830   0.006470
1874.117749   11.099010   0.006750
1874.127103   11.102330   0.006750
1874.136654   11.103380   0.006870
1874.145982   11.104870   0.007100
1874.155173   11.114290   0.007620
1874.164605   11.104200   0.008030
1874.174153   11.104400   0.009180
1874.183645   11.121110   0.011370
1874.193053   11.104420   0.014610
1874.202515   11.092900   0.015130
1874.212179   11.105250   0.016170
1874.222051   11.103090   0.014490
1874.593715   11.089210   0.025230
1874.603390   11.101070   0.023390
1874.613039   11.090800   0.028060
1876.992585   11.112750   0.006240
1877.002277   11.115260   0.006240
1877.012009   11.113560   0.006530
1877.021623   11.111300   0.006410
1877.031340   11.115090   0.006870
1877.041094   11.111170   0.006700
1877.050632   11.106890   0.006240
1877.060512   11.101730   0.006410
1877.070280   11.107380   0.006580
1877.080037   11.114040   0.006640
1877.089835   11.109110   0.006640
1877.099542   11.106480   0.006810
1877.109324   11.098750   0.007510
1877.119234   11.104380   0.007510
1877.128562   11.105350   0.007100
1877.137988   11.108380   0.007100
1877.147449   11.109120   0.007970
1877.157081   11.103880   0.007560
1877.166514   11.100090   0.007280
1877.175811   11.105440   0.007160
1877.185180   11.106210   0.007510
1877.194638   11.117480   0.007330
1877.204359   11.099300   0.007220
1877.213829   11.104070   0.007100
1877.223290   11.108020   0.007390
1877.232928   11.105220   0.007280
1877.242583   11.108540   0.007740
1877.252102   11.097200   0.007740
1877.261424   11.106610   0.007620
1877.271317   11.094130   0.007390
1877.280810   11.106890   0.007160
1877.290913   11.097570   0.007510
1877.300784   11.113350   0.008200
1877.310552   11.106700   0.007390
1877.320329   11.101330   0.008080
1877.330019   11.096740   0.007510
1877.339609   11.104300   0.007160
1877.349339   11.113370   0.007680
1877.359563   11.106450   0.007220
1877.369289   11.107650   0.007740
1877.379166   11.105280   0.007620
1877.389199   11.098950   0.008200
1877.398748   11.112300   0.008780
1877.408188   11.113270   0.008600
1877.417610   11.096100   0.008370
1877.426444   11.095070   0.007970
1877.433416   11.105840   0.008370
1877.439426   11.093840   0.008840
1877.444578   11.106640   0.008840
1877.449101   11.101780   0.008260
1877.452622   11.104970   0.009120
1877.456119   11.108840   0.008490
1877.458826   11.106840   0.008370
1877.460660   11.107190   0.008550
1877.462441   11.108490   0.008550
1877.464144   11.112110   0.008600
1877.465872   11.114450   0.008780
1877.528546   11.104320   0.010100
1877.538164   11.095470   0.010390
1877.547759   11.095090   0.010850
1877.557433   11.094790   0.011200
1877.566991   11.097300   0.011260
1877.956588   11.108450   0.009010
1877.966360   11.104650   0.008260
1877.975795   11.101340   0.007040
1877.985575   11.104950   0.006530
1877.995071   11.108690   0.006240
1878.004964   11.104490   0.006240
1878.014335   11.109280   0.006580
1878.023915   11.111610   0.005370
1878.033403   11.102190   0.006240
1878.042881   11.111610   0.006240
1878.052477   11.115330   0.006930
1878.062202   11.109390   0.006580
1878.072038   11.115270   0.006810
1878.081838   11.100070   0.006930
1878.091595   11.107810   0.006750
1878.101204   11.107090   0.006930
1878.111056   11.105170   0.006990
1878.120475   11.116080   0.007100
1878.129972   11.116610   0.007620
1878.139452   11.104690   0.008430
1878.148981   11.110960   0.013160
1878.158293   11.101490   0.011780
1878.167692   11.111240   0.007790
1878.177309   11.105030   0.007560
1878.186872   11.108800   0.009180
1878.196273   11.101000   0.009070
1878.206054   11.110320   0.010160
1878.215833   11.101720   0.010620
1878.225557   11.107270   0.010800
1878.235117   11.111570   0.009300
1878.244657   11.110240   0.009410
1878.254352   11.116130   0.010050
1878.263984   11.099830   0.010740
1878.273770   11.106360   0.011030
1878.283405   11.108340   0.011430
1878.293079   11.104660   0.011260
1878.302887   11.109230   0.013740
1878.312828   11.106000   0.014140
1878.322431   11.106610   0.013800
1878.332111   11.119920   0.014610
1878.342126   11.108420   0.010250
1878.351898   11.119650   0.011840
1878.361666   11.121390   0.011370
1878.371492   11.113770   0.011660
1878.381052   11.107560   0.012470
1878.390611   11.117300   0.009550
1878.400035   11.108990   0.011720
1878.409523   11.110580   0.011200
1878.419250   11.097010   0.012010
1878.427139   11.110020   0.012590
1878.434256   11.100470   0.010390
1878.439734   11.108910   0.012820
1878.444205   11.102010   0.010040
1878.448555   11.113140   0.009970
1878.452064   11.116660   0.012240
1878.454721   11.102170   0.012010
1878.457364   11.118420   0.012300
1878.459093   11.127140   0.012240
1878.460943   11.106360   0.012120
1878.463071   11.105870   0.017110
1878.523903   11.101070   0.012410
1878.533380   11.112110   0.012470
1878.542754   11.105870   0.012120
1878.552323   11.103800   0.012820
1878.561961   11.105680   0.014780
1878.571685   11.089970   0.019800
1878.581234   11.094330   0.018190
1878.590773   11.105560   0.019460
1878.600390   11.092690   0.025820
1878.885725   11.120130   0.015130
1878.896259   11.131650   0.012760
1878.907039   11.120090   0.011840
1878.917827   11.109180   0.011660
1878.928636   11.107330   0.011660
1878.939490   11.099380   0.010390
1878.950209   11.097820   0.008950
1878.960985   11.102140   0.008720
1878.971663   11.102720   0.008310
1878.982256   11.099540   0.008490
1878.992862   11.105650   0.008310
1879.003349   11.098420   0.008890
1879.014056   11.096950   0.008830
1879.024781   11.106470   0.009010
1879.035403   11.108180   0.009930
1879.046338   11.112500   0.009930
1879.056998   11.105610   0.010220
1879.067120   11.107130   0.010510
1879.077625   11.099130   0.010390
1879.087804   11.107370   0.010680
1879.097718   11.112290   0.011610
1879.108265   11.107950   0.012300
1879.118677   11.115160   0.012870
1879.128946   11.100570   0.010540
1879.138951   11.102140   0.012240
1879.148948   11.124370   0.013970
1879.158753   11.094480   0.014140
1879.168681   11.105480   0.014150
1879.178653   11.100020   0.014550
1879.188532   11.087520   0.014720
1879.198658   11.109590   0.014950
1879.208980   11.097470   0.015070
1879.219105   11.098440   0.015130
1879.229198   11.107610   0.015360
1879.239692   11.103860   0.015300
1879.249885   11.106240   0.015070
1879.259988   11.107730   0.014550
1879.270136   11.107760   0.014380
1879.279998   11.110630   0.011670
1879.290256   11.094910   0.014200
1879.300321   11.098040   0.014380
1879.310604   11.097100   0.014380
1879.321132   11.114170   0.014550
1879.331398   11.095450   0.014610
1879.341711   11.088640   0.014550
1879.352168   11.104330   0.014840
1879.362239   11.101560   0.014900
1879.372581   11.102540   0.015190
1879.383093   11.101470   0.008800
1879.393142   11.110380   0.015470
1879.403333   11.099410   0.016050
1879.413718   11.097960   0.016220
1879.422210   11.110410   0.016630
1879.430290   11.112150   0.017210
1879.436891   11.099820   0.017260
1879.441492   11.118670   0.017780
1879.445571   11.107900   0.017840
1879.449457   11.115800   0.018070
1879.452342   11.118540   0.015060
1879.454194   11.112400   0.018360
1879.456055   11.107520   0.015130
1879.457932   11.121010   0.018530
1879.460282   11.118340   0.026370
1879.524043   11.099320   0.022920
1879.534146   11.113700   0.023440
1879.544253   11.111920   0.024480
1879.554321   11.099260   0.014100
1879.564508   11.114390   0.024770
1879.574677   11.109990   0.026110
1879.584814   11.112230   0.027200
1879.594935   11.125530   0.026850
1879.605121   11.095340   0.028880
1879.615186   11.098120   0.030320
1879.625350   11.096400   0.033560
1879.885631   11.116200   0.016860
1879.895153   11.104570   0.013970
1879.904711   11.104630   0.011610
1879.914664   11.095170   0.009180
1879.924232   11.107210   0.007910
1879.933937   11.104320   0.007220
1879.943742   11.107490   0.006580
1879.953255   11.110250   0.006240
1879.962965   11.104510   0.005950
1879.972299   11.106520   0.005950
1879.982133   11.116250   0.006120
1879.991480   11.113500   0.006410
1880.001350   11.109720   0.006580
1880.010995   11.113450   0.006870
1880.020489   11.117230   0.006990
1880.030167   11.112070   0.007040
1880.040004   11.102350   0.006810
1880.050020   11.112710   0.006870
1880.059700   11.106720   0.007040
1880.069635   11.105110   0.007100
1880.079469   11.106560   0.007390
1880.089000   11.108670   0.007220
1880.098524   11.099120   0.007450
1880.108072   11.102310   0.007800
1880.117530   11.110500   0.007330
1880.127140   11.113350   0.007560
1880.200091   11.118050   0.008080
1880.209735   11.108640   0.008430
1880.219431   11.109550   0.008200
1880.229324   11.107360   0.007740
1880.238989   11.111940   0.007790
1880.248836   11.101390   0.007740
1880.258298   11.097500   0.007970
1880.267686   11.094400   0.008200
1880.277275   11.091040   0.008260
1880.286928   11.084090   0.009010
1880.306613   11.098910   0.008310
1880.369120   11.107170   0.008080
1880.684731   11.109230   0.020730
1880.693935   11.097290   0.021200
1880.703424   11.090370   0.024830
1880.712965   11.099290   0.028250
1880.722745   11.089760   0.035920
1880.732752   11.135650   0.045210
1880.743114   11.105950   0.046400
1880.753480   11.101810   0.066540
1880.828480   11.156960   0.053250
1880.839020   11.016660   0.048560
1880.967707   11.123390   0.008080
1880.977730   11.131890   0.008260
1880.987626   11.118400   0.007160
1880.997175   11.112800   0.006930
1881.007352   11.117540   0.007100
1881.017262   11.123030   0.007280
1881.027023   11.113410   0.007510
1881.036583   11.116560   0.007390
1881.046307   11.108600   0.007510
1881.055914   11.100600   0.008140
1881.065565   11.104080   0.007910
1881.075352   11.099200   0.008490
1881.085120   11.113390   0.008100
1881.094964   11.105210   0.007740
1881.104801   11.097660   0.007220
1881.114937   11.111910   0.009120
1881.124474   11.107970   0.008310
1881.134326   11.095370   0.008660
1881.143810   11.107090   0.007390
1881.153419   11.106000   0.008780
1881.163015   11.110770   0.008200
1881.171357   11.106180   0.007510
1881.180981   11.101070   0.007740
1881.190627   11.105170   0.007040
1881.200550   11.108040   0.007450
1881.210473   11.105180   0.007790
1881.220305   11.102740   0.008140
1881.230199   11.102310   0.008030
1881.239668   11.112930   0.008370
1881.249328   11.109140   0.008200
1881.258917   11.104700   0.008140
1881.268352   11.098600   0.008430
1881.278189   11.111230   0.008430
1881.288137   11.106270   0.008550
1881.297680   11.113800   0.008660
1881.307337   11.115100   0.008890
1881.317394   11.109720   0.009070
1881.327336   11.112010   0.009350
1881.337373   11.119410   0.009470
1881.347129   11.113170   0.009530
1881.357110   11.103060   0.009640
1881.366722   11.117730   0.009870
1881.376276   11.105490   0.009930
1881.386104   11.099630   0.010390
1881.395996   11.106280   0.010510
1881.405772   11.107720   0.010800
1881.414838   11.098380   0.010620
1881.422098   11.108340   0.011030
1881.428287   11.098920   0.010910
1881.433496   11.106510   0.011080
1881.437835   11.103500   0.011200
1881.441542   11.104510   0.011430
1881.445078   11.108040   0.011610
1881.447777   11.110550   0.011550
1881.449541   11.111990   0.011550
1881.451276   11.117990   0.011720
1881.453055   11.113510   0.011660
1881.455245   11.108680   0.016410
1881.512259   11.107310   0.012120
1881.522032   11.093100   0.012700
1881.531584   11.110940   0.013110
1881.541053   11.094430   0.013110
1881.550943   11.111270   0.013340
1881.560601   11.093030   0.013510
1881.570473   11.105760   0.013630
1881.580253   11.116680   0.014720
1881.589860   11.115700   0.014430
1881.599577   11.108290   0.015590
1881.609472   11.119020   0.015360
1881.619114   11.112690   0.016630
1881.628942   11.113050   0.018070
1881.638590   11.084510   0.019050
1881.648351   11.073830   0.021020
1881.778022   11.155940   0.038750
1881.787777   11.085630   0.035400
1881.797497   11.091230   0.037200
1881.807277   11.085380   0.034820
1881.816745   11.094610   0.029740
1881.826319   11.103910   0.023380
1881.835921   11.124020   0.019520
1881.845731   11.137260   0.016740
1881.855252   11.090690   0.013910
1881.864967   11.091420   0.012590
1881.874874   11.096310   0.011720
1881.884546   11.089280   0.010100
1881.894462   11.097490   0.009120
1881.904494   11.099170   0.008200
1881.914271   11.109570   0.008200
1881.923884   11.109690   0.008310
1881.933466   11.150270   0.008260
1881.943231   11.101030   0.008080
1881.952875   11.108000   0.009930
1881.962633   11.119200   0.010850
1881.972149   11.113910   0.011200
1881.982098   11.111150   0.011890
1881.992169   11.116660   0.014610
1882.001889   11.098580   0.015760
1882.011594   11.114710   0.015940
1882.021627   11.088790   0.012760
1882.031644   11.097820   0.013920
1882.041324   11.095550   0.013460
1882.051198   11.106550   0.012470
1882.060871   11.097490   0.012700
1882.070527   11.101970   0.022590
1882.080330   11.104790   0.010340
1882.090096   11.117030   0.020610
1882.099569   11.114870   0.030720
1882.109365   11.121070   0.017090
1882.121972   11.105010   0.013970
1882.131558   11.103380   0.011370
1882.141120   11.106530   0.017500
1882.150540   11.099850   0.012180
1882.160119   11.109680   0.012590
1882.169652   11.115800   0.013050
1882.179008   11.102740   0.012640
1882.188466   11.112960   0.013970
1882.198063   11.109260   0.015880
1882.208031   11.138690   0.028250
1882.217722   11.114470   0.022630
1882.227231   11.107360   0.019750
1882.236839   11.117510   0.019690
1882.246327   11.083870   0.027210
1882.256107   11.104360   0.026040
1882.266006   11.125920   0.025470
1882.275585   11.096340   0.022400
1882.285301   11.115850   0.022870
1882.295361   11.108620   0.021310
1882.305067   11.083050   0.027080
1882.315073   11.095220   0.034010
1882.325032   11.116790   0.021250
1882.334886   11.102620   0.018650
1882.344919   11.086080   0.022350
1882.354771   11.086510   0.024890
1882.364587   11.086710   0.020270
1882.374737   11.072940   0.020380
1882.384681   11.130690   0.092840
1882.394964   11.084810   0.044900
1883.093660   11.108820   0.009470
1883.103366   11.107100   0.015040
1883.112818   11.113820   0.010000
1883.122237   11.125370   0.011150
1883.131900   11.104900   0.009580
1883.141295   11.114940   0.010680
1883.150882   11.113730   0.011370
1883.160374   11.101140   0.011950
1883.169871   11.123910   0.012760
1883.179271   11.101190   0.010280
1883.188727   11.100270   0.010340
1883.198404   11.099280   0.012130
1883.207904   11.087870   0.012010
1883.217549   11.109330   0.012180
1883.226897   11.096920   0.012530
1883.236210   11.122070   0.012650
1883.245790   11.108110   0.012410
1883.255334   11.098280   0.013050
1883.265175   11.107470   0.013050
1883.274780   11.104920   0.013400
1883.284849   11.112870   0.016920
1883.294394   11.122190   0.018110
1883.304305   11.079360   0.016860
1883.314080   11.108340   0.019590
1883.323720   11.108910   0.017100
1883.333437   11.106990   0.015470
1883.343435   11.105030   0.015990
1883.353548   11.112590   0.016870
1883.363493   11.107600   0.014610
1883.373027   11.108120   0.015190
1883.382657   11.096180   0.015880
1883.392439   11.101050   0.015130
1883.402040   11.101360   0.015240
1883.410061   11.113360   0.016570
1883.417485   11.116210   0.017090
1883.423677   11.103220   0.015940
1883.428949   11.110240   0.016630
1883.433300   11.122360   0.018100
1883.436812   11.107610   0.015590
1883.440325   11.109170   0.017150
1883.443180   11.093270   0.016400
1883.444926   11.089610   0.017560
1883.446707   11.109340   0.015420
1883.448508   11.098900   0.015530
1883.507335   11.095530   0.016860
1883.517022   11.100570   0.016740
1883.526655   11.096100   0.018840
1883.536232   11.133510   0.020150
1883.545818   11.116930   0.020330
1883.555341   11.091070   0.020440
1883.565051   11.108310   0.020670
1883.574608   11.127370   0.019350
1883.584302   11.087490   0.019640
1883.593915   11.103900   0.017330
1884.099534   11.112500   0.005430
1884.109140   11.105800   0.005370
1884.118686   11.102420   0.006350
1884.128292   11.113650   0.007220
1884.137551   11.100850   0.005950
1884.147279   11.101870   0.006580
1884.156774   11.105770   0.006870
1884.166197   11.099930   0.007470
1884.175960   11.101310   0.007970
1884.185414   11.104670   0.006990
1884.194977   11.106350   0.006060
1884.204574   11.102350   0.006530
1884.214174   11.110930   0.006180
1884.223839   11.106600   0.006530
1884.233272   11.109040   0.008840
1884.242628   11.106640   0.005720
1884.252195   11.104590   0.005600
1884.261682   11.109760   0.005720
1884.271201   11.100660   0.005660
1884.280876   11.107310   0.006060
1884.290846   11.104460   0.006410
1884.300573   11.110750   0.006930
1884.310420   11.098610   0.009420
1884.320206   11.100240   0.006640
1884.330156   11.113560   0.006750
1884.340081   11.105840   0.007790
1884.350052   11.115930   0.007740
1884.360119   11.102930   0.006640
1884.370060   11.102780   0.006750
1884.379738   11.102810   0.007220
1884.389528   11.102770   0.006000
1884.399065   11.108580   0.006240
1884.406881   11.106180   0.006870
1884.413865   11.108960   0.008030
1884.420368   11.113150   0.008150
1884.425635   11.108510   0.006470
1884.430150   11.112880   0.005950
1884.433678   11.111950   0.006530
1884.437202   11.109660   0.006470
1884.439908   11.116250   0.006750
1884.441669   11.113050   0.006580
1884.443407   11.116350   0.006530
1884.445186   11.113290   0.006240
1884.446926   11.118180   0.007800
1884.503638   11.101090   0.005950
1884.513187   11.104580   0.006820
1884.522993   11.111910   0.006000
1884.532900   11.109320   0.005600
1884.542819   11.107410   0.006290
1884.552706   11.097260   0.006940
1884.562458   11.114530   0.005310
1884.572213   11.110190   0.006010
1884.581820   11.105170   0.005370
1884.591479   11.105280   0.006530
1884.600983   11.105340   0.006000
1884.610820   11.107810   0.005720
1884.886961   11.115670   0.013160
1884.896459   11.097210   0.013530
1884.906042   11.111120   0.012650
1884.915643   11.104090   0.015070
1884.925737   11.108620   0.012070
1884.935570   11.122880   0.015190
1884.945448   11.106180   0.012820
1884.954875   11.096880   0.013800
1884.964329   11.111820   0.013230
1884.974229   11.108980   0.015420
1884.983546   11.118260   0.015480
1884.993441   11.104450   0.014320
1885.003341   11.112120   0.014140
1885.013229   11.119020   0.015820
1885.022911   11.103050   0.015650
1885.032502   11.115570   0.017670
1885.042137   11.098990   0.017150
1885.052183   11.118910   0.017840
1885.061957   11.132390   0.019570
1885.071678   11.098410   0.020150
1885.081285   11.111480   0.022650
1885.090973   11.102370   0.020500
1885.100847   11.129150   0.020730
1885.278794   11.101100   0.011260
1885.288696   11.101060   0.014900
1885.298475   11.097890   0.012070
1885.308250   11.084300   0.011890
1885.318087   11.100520   0.012470
1885.328301   11.110160   0.014380
1885.338173   11.107950   0.020040
1885.347960   11.103310   0.017780
1885.357853   11.127550   0.019110
1885.367578   11.097650   0.019460
1885.377344   11.106520   0.023670
1885.386938   11.110180   0.023960
1885.396599   11.098540   0.019800
1885.404395   11.108100   0.017610
1885.411445   11.111240   0.020270
1885.417511   11.103040   0.021020
1885.422892   11.106160   0.022550
1885.427461   11.093770   0.021040
1885.430989   11.114200   0.016860
1885.434637   11.112080   0.019280
1885.437356   11.105660   0.019570
1885.439093   11.101860   0.019290
1885.440855   11.116310   0.019230
1885.442624   11.111030   0.018770
1885.444416   11.111320   0.018600
1885.502228   11.102290   0.020960
1885.511985   11.102830   0.027600
1885.521821   11.119070   0.020680
1885.531512   11.081120   0.020620
1885.541243   11.077320   0.022230
1885.551133   11.112360   0.018830
1885.560860   11.112700   0.017780
1885.570601   11.096490   0.018540
1885.580236   11.091280   0.021830
1885.590133   11.095130   0.015480
1886.072366   11.110680   0.005370
1886.082057   11.113280   0.005600
1886.091456   11.113190   0.005830
1886.101064   11.106420   0.006000
1886.110701   11.108390   0.005890
1886.120214   11.106790   0.006000
1886.129544   11.105460   0.006240
1886.138882   11.098420   0.006350
1886.148233   11.101890   0.006410
1886.157943   11.104680   0.006580
1886.167550   11.112240   0.007220
1886.177101   11.106810   0.007280
1886.186997   11.110070   0.007620
1886.196609   11.112620   0.007970
1886.206153   11.106140   0.008660
1886.215757   11.109420   0.009070
1886.225422   11.100690   0.011660
1886.234829   11.098350   0.011720
1886.244630   11.111280   0.011490
1886.254426   11.115140   0.008780
1886.263771   11.099720   0.007330
1886.273578   11.117430   0.011370
1886.283270   11.110590   0.007330
1886.293134   11.100710   0.007510
1886.303115   11.111690   0.008430
1886.312914   11.116530   0.007790
1886.322818   11.105880   0.007970
1886.332859   11.113630   0.008030
1886.342543   11.107970   0.007680
1886.352534   11.108830   0.007790
1886.362281   11.100380   0.008310
1886.372003   11.095620   0.008600
1886.381496   11.096860   0.008890
1886.391198   11.103790   0.009530
1886.399994   11.103520   0.009640
1886.408171   11.089540   0.009640
1886.414363   11.085860   0.011610
1886.419581   11.106140   0.011720
1886.423873   11.104870   0.010910
1886.427459   11.113930   0.010740
1886.431086   11.098300   0.010510
1886.433748   11.104590   0.011840
1886.435540   11.109200   0.012530
1886.437293   11.107620   0.011140
1886.439058   11.104310   0.011200
1886.441348   11.100150   0.021760
