1863.169882   13.976490   0.062810
1863.179028   13.993400   0.070190
1863.188111   13.976000   0.080770
1863.197263   14.013220   0.071770
1863.206453   13.963170   0.071990
1863.215516   13.971390   0.091910
1863.224486   13.973060   0.090040
1863.233708   13.935820   0.090680
1863.243026   14.006730   0.086610
1863.252052   14.030820   0.084430
1863.260978   13.957900   0.078680
1863.270074   14.037350   0.090390
1863.279229   14.011810   0.081730
1863.288341   13.957580   0.059150
1863.297662   13.959450   0.073060
1863.306824   14.012370   0.067760
1863.315898   13.937860   0.079420
1863.325261   13.955580   0.083270
1863.334632   14.002760   0.084830
1863.344416   13.988700   0.077340
1863.353962   13.991120   0.080090
1863.363511   13.970560   0.072400
1863.372717   13.945060   0.046810
1863.381795   13.997870   0.067150
1863.391654   13.970760   0.054000
1863.400670   13.992700   0.073120
1863.410157   14.008730   0.078020
1863.419415   13.998380   0.078240
1863.428651   14.012710   0.068820
1863.438171   13.962150   0.085170
1863.447725   13.986020   0.095030
1863.457038   14.009640   0.112420
1863.464820   13.979480   0.069800
1863.471563   14.043830   0.129130
1863.477609   14.050710   0.104530
1863.482900   13.979200   0.127050
1863.487114   13.902880   0.103420
1863.490658   13.932320   0.078100
1863.494064   13.980390   0.127640
1863.496621   14.042920   0.073800
1863.498425   14.045340   0.077100
1863.499934   14.007270   0.080000
1863.501736   14.029960   0.080000
1863.503937   13.953130   0.108400
1864.122118   13.998990   0.051330
1864.131216   13.985880   0.070200
1864.140349   13.967310   0.066930
1864.149328   13.954320   0.067590
1864.158727   13.958190   0.054830
1864.168077   13.978800   0.079030
1864.177441   13.984210   0.075550
1864.186471   13.994670   0.055910
1864.195786   13.908950   0.073750
1864.204761   14.020800   0.064980
1864.213956   13.987480   0.061200
1864.223275   13.949430   0.058900
1864.232312   13.999430   0.072910
1864.241734   14.022030   0.068520
1864.250918   13.936910   0.051140
1864.260292   13.969360   0.075430
1864.269452   13.991360   0.061910
1864.278712   13.945400   0.078320
1864.288040   13.944420   0.079110
1864.297228   13.974140   0.074110
1864.306786   13.986530   0.078050
1864.315906   13.965790   0.060660
1864.325240   13.977870   0.078530
1864.334830   14.016510   0.076150
1864.344146   13.988010   0.083120
1864.353629   13.964470   0.099160
1864.362884   13.917040   0.107110
1864.372284   13.922650   0.118360
1864.381718   14.033550   0.101520
1864.391386   13.988090   0.087930
1864.401175   14.049250   0.122080
1864.410777   13.989930   0.101730
1864.420081   13.963680   0.086130
1864.429378   13.951240   0.115760
1864.438716   13.987330   0.106560
1864.448252   13.954600   0.078300
1864.465274   13.820660   0.072200
1865.081649   13.984070   0.088820
1865.090914   13.979960   0.085740
1865.103000   14.038110   0.087620
1865.112265   13.968700   0.079890
1865.121493   13.979090   0.098570
1865.180915   13.990960   0.061100
1865.189934   13.991470   0.047070
1865.199137   13.985280   0.061680
1865.208040   13.992120   0.048460
1865.217207   13.968120   0.068240
1865.226382   14.015300   0.066460
1865.235932   14.078630   0.074360
1865.245886   14.018730   0.075090
1865.255783   13.946000   0.072750
1865.265750   13.954190   0.093300
1865.275774   13.944730   0.083610
1865.285892   14.021550   0.073750
1865.295973   13.985960   0.076820
1865.306185   14.026500   0.078530
1865.316145   13.917390   0.075170
1865.326150   13.978310   0.082780
1865.336276   13.995700   0.099700
1865.346577   14.013730   0.091710
1865.356675   13.948380   0.081550
1865.366659   14.014970   0.098690
1865.376904   13.972820   0.097100
1865.387088   13.991860   0.095450
1865.397153   13.923160   0.095060
1865.407149   14.005760   0.098280
1865.417333   13.985340   0.093440
1865.427630   13.959470   0.096940
1865.437669   13.939310   0.092210
1865.448171   14.018460   0.120490
1865.457247   13.917930   0.097230
1865.465615   13.883270   0.121130
1866.165339   14.015510   0.050540
1866.174723   13.995100   0.051390
1866.184057   14.002460   0.053510
1866.193410   13.973230   0.053140
1866.202706   14.005450   0.050780
1866.212035   14.029850   0.057210
1866.221409   13.994990   0.052870
1866.230791   13.992050   0.054340
1866.240551   13.965330   0.053840
1866.250004   14.015500   0.054110
1866.259354   14.018150   0.056140
1867.193045   13.958900   0.035900
1867.202355   13.973050   0.039970
1867.211516   13.980280   0.038790
1867.220585   13.994740   0.042040
1867.230131   14.003590   0.043720
1867.239707   13.982260   0.044110
1867.249230   13.988800   0.041400
1867.258785   13.974970   0.042960
1867.268385   13.992250   0.045380
1867.277702   13.972600   0.045670
1867.287153   13.969550   0.045560
1867.296854   13.964100   0.048150
1867.306121   13.992280   0.048570
1867.315500   13.947750   0.046460
1867.325094   13.968310   0.048000
1867.334502   13.999180   0.051340
1867.344482   13.922870   0.054090
1867.354030   13.960610   0.052480
1867.363492   13.981460   0.062860
1867.372735   13.990260   0.056000
1867.382212   14.019680   0.056040
1867.391671   13.988620   0.062070
1867.401392   13.990810   0.059870
1867.410805   13.958890   0.055830
1867.420288   13.991690   0.071820
1867.429722   14.001940   0.072750
1867.439192   13.974250   0.066740
1867.448574   14.032790   0.078230
1867.456168   14.012380   0.064450
1867.463320   13.958550   0.069480
1867.469421   14.062990   0.073650
1867.473939   13.986060   0.051040
1867.478291   13.994230   0.052230
1867.481655   14.002700   0.053790
1867.484335   14.064150   0.060810
1867.486951   14.035660   0.055640
1867.488639   14.019090   0.062910
1867.490315   14.034010   0.061580
1867.492002   13.998470   0.058380
1867.493724   14.028600   0.058340
1868.197661   13.997890   0.073650
1868.207123   13.998240   0.067460
1868.216495   13.929560   0.086700
1868.225986   13.954060   0.083070
1868.235811   13.946170   0.095590
1868.245580   14.039840   0.094690
1868.255259   14.050070   0.093720
1868.264815   14.003230   0.092390
1868.274279   14.086050   0.104400
1868.283929   13.956280   0.095190
1868.293537   14.000730   0.124480
1868.303257   13.940120   0.074900
1868.322548   13.854860   0.103540
1868.332083   13.917620   0.094810
1868.341800   13.977900   0.106930
1868.351620   13.933750   0.069700
1868.360837   13.910100   0.104090
1868.370659   13.993740   0.122820
1868.380417   14.144050   0.128920
1868.390367   14.029120   0.124180
1868.399668   14.042940   0.118380
1868.409622   13.991700   0.125240
1868.419023   13.979460   0.122760
1868.428372   14.116220   0.124860
1868.437691   14.031370   0.125980
1868.446987   14.046970   0.123010
1868.454949   14.015620   0.132690
1868.461066   13.940260   0.124090
1868.467151   13.932500   0.126880
1868.471287   13.940270   0.077100
1868.475863   13.918500   0.079400
1870.219778   13.978930   0.047870
1870.229270   13.958440   0.047690
1870.238762   13.967990   0.050490
1870.248135   13.977920   0.049680
1870.257691   13.937660   0.052180
1870.267266   13.996300   0.053010
1870.276950   14.003570   0.054410
1870.286498   13.992120   0.054320
1870.295849   13.971570   0.052000
1870.305565   13.967570   0.054970
1870.315197   13.951560   0.057750
1870.325274   13.957290   0.060140
1870.335174   13.933540   0.057860
1870.344892   13.975490   0.063440
1870.354573   13.987010   0.073600
1870.364104   13.962730   0.093170
1870.373603   13.976260   0.091520
1870.383600   13.964390   0.091260
1870.393319   13.947610   0.098160
1870.440608   13.901730   0.069000
1870.448993   13.949620   0.121910
1870.456179   14.038340   0.124300
1870.470443   13.891070   0.080100
1871.136689   13.975740   0.059120
1871.146179   13.952890   0.056080
1871.155384   13.977640   0.053710
1871.164955   14.001350   0.059470
1871.174269   13.982410   0.060300
1871.183469   13.989130   0.062210
1871.192872   14.006310   0.058440
1871.202392   14.035880   0.062960
1871.211712   13.843890   0.039000
1871.221197   13.982200   0.057350
1871.230922   14.007900   0.063930
1871.240394   13.947510   0.060840
1871.250018   13.971800   0.065950
1871.259511   13.975960   0.062070
1871.269122   13.987040   0.061780
1871.278903   13.970440   0.057540
1871.288648   13.983090   0.067460
1871.298226   13.977020   0.059980
1871.307789   14.000590   0.069480
1871.317562   13.998820   0.069150
1871.327342   14.015410   0.072770
1871.337079   13.980710   0.077110
1871.346725   13.991150   0.080730
1871.356495   14.049420   0.073590
1871.366277   13.981310   0.080740
1871.375944   14.009120   0.085220
1871.385808   14.011980   0.091510
1871.395399   14.054830   0.101930
1871.404806   13.957840   0.089750
1871.414342   13.960080   0.105050
1871.423744   13.992190   0.101110
1871.433495   13.970410   0.105810
1871.442405   13.986030   0.098480
1871.449670   14.020730   0.106070
1871.455742   13.947420   0.098400
1871.461191   14.032940   0.113470
1871.465968   14.049360   0.113870
1871.469461   14.018960   0.111560
1871.472994   14.003120   0.088530
1871.476070   13.996900   0.107850
1871.477819   14.011890   0.100960
1871.479709   14.065520   0.105680
1871.481438   13.982940   0.104000
1871.550420   14.056560   0.109140
1871.559908   13.908600   0.115450
1871.569340   14.044420   0.126230
1871.578835   13.978250   0.125380
1872.324463   14.030200   0.064020
1872.334315   14.045480   0.066590
1872.344041   13.993510   0.064190
1872.353623   13.977240   0.064860
1872.363427   13.979080   0.062650
1872.373279   13.967670   0.060390
1872.383099   13.982360   0.061740
1872.392766   13.986750   0.058960
1872.402203   13.978470   0.059600
1872.412032   13.969830   0.065890
1872.421585   13.973750   0.069700
1872.431130   13.984100   0.070310
1872.447517   13.972820   0.064810
1872.454162   13.949400   0.073290
1872.459603   13.975910   0.077430
1872.463826   13.998250   0.064660
1872.467715   13.981860   0.058630
1872.470343   14.012770   0.043600
1872.473152   13.973030   0.073330
1872.474780   13.980940   0.061740
1872.476617   13.993900   0.060180
1872.478370   13.980630   0.074110
1872.480228   13.975380   0.073220
1872.541663   13.997230   0.100100
1872.550845   13.933980   0.095600
1872.560270   14.004510   0.054300
1872.569905   13.972390   0.092210
1872.579400   14.062640   0.121670
1872.588943   13.866740   0.075500
1873.229284   13.914940   0.038800
1873.238979   13.998120   0.037600
1873.248480   13.964380   0.060600
1873.258086   13.962110   0.058220
1873.267456   13.967940   0.075500
1873.276959   13.997160   0.071720
1873.286788   13.972320   0.076240
1873.296275   14.013510   0.077490
1873.305896   13.946040   0.085320
1873.315548   14.024890   0.090080
1873.325684   14.053320   0.092500
1873.335346   14.028720   0.093600
1873.344866   13.944520   0.076370
1873.354842   13.966470   0.090760
1873.364691   14.084240   0.102050
1873.374458   14.057530   0.095280
1873.383960   14.024730   0.087660
1873.393856   14.016740   0.090650
1873.403606   14.043610   0.096060
1873.413210   13.920870   0.105870
1873.422938   13.931520   0.105480
1873.432622   14.003400   0.094540
1873.441010   14.041530   0.089170
1873.447044   14.009130   0.086510
1873.453044   13.995390   0.088830
1873.457630   13.988150   0.089060
1873.462090   13.973890   0.083980
1873.465548   13.983460   0.093710
1873.468261   14.020410   0.089480
1873.470892   13.991080   0.099360
1873.472722   14.014550   0.094020
1873.474437   13.979780   0.092690
1873.476606   14.037410   0.133200
1874.032527   13.984810   0.047050
1874.041923   13.970990   0.048480
1874.051714   13.975970   0.049720
1874.061193   14.021170   0.048370
1874.070741   13.970520   0.054270
1874.080230   13.947840   0.052140
1874.089638   13.985270   0.050340
1874.098984   13.963150   0.054010
1874.108441   13.961080   0.052620
1874.117749   13.981380   0.057000
1874.127103   13.959890   0.055070
1874.136654   14.027130   0.059420
1874.145982   13.993690   0.054460
1874.155173   14.013200   0.062260
1874.164605   13.948310   0.067700
1874.174153   13.961440   0.077880
1874.183645   13.985980   0.099830
1874.193053   13.916700   0.123580
1874.202515   14.044420   0.127530
1874.212103   14.002140   0.110170
1874.222051   13.904500   0.121760
1876.992585   13.990280   0.055200
1877.002277   13.984720   0.054530
1877.012009   14.002250   0.058070
1877.021623   13.966860   0.054690
1877.031340   13.979540   0.062090
1877.041094   13.991660   0.059260
1877.050632   13.944620   0.050820
1877.060512   13.976640   0.052900
1877.070280   14.041670   0.057070
1877.080037   14.003690   0.055370
1877.089835   14.008260   0.056270
1877.099542   14.003560   0.061450
1877.109324   14.017510   0.069720
1877.119234   14.036970   0.065750
1877.128562   13.987370   0.061230
1877.137988   13.988500   0.062360
1877.147449   13.957420   0.071150
1877.157081   14.020330   0.066510
1877.166514   14.039590   0.065090
1877.175811   14.041440   0.064220
1877.185180   14.022810   0.070910
1877.194638   13.994030   0.064520
1877.204359   13.967430   0.061810
1877.213829   13.943730   0.059490
1877.223290   13.949210   0.062500
1877.232928   13.943250   0.064920
1877.242583   13.985920   0.070340
1877.252102   14.013840   0.070040
1877.261424   13.991130   0.070520
1877.271317   13.969280   0.064080
1877.280810   13.964750   0.058360
1877.290913   13.975150   0.066050
1877.300784   13.941010   0.074230
1877.310552   13.973310   0.062600
1877.320329   13.970450   0.074960
1877.330019   14.013630   0.066790
1877.339609   13.957690   0.056970
1877.349339   14.023030   0.068600
1877.359563   13.955160   0.061050
1877.369289   14.004690   0.069110
1877.379166   13.957840   0.065530
1877.389199   13.920100   0.071660
1877.398748   14.009190   0.080730
1877.408188   13.978960   0.076450
1877.417610   13.955090   0.073350
1877.426444   13.930930   0.064610
1877.433416   13.965730   0.073500
1877.439426   14.009360   0.083440
1877.444578   14.035100   0.078240
1877.449101   13.948060   0.066040
1877.452622   13.983320   0.087210
1877.456119   13.985370   0.066660
1877.458826   13.981250   0.065820
1877.460660   13.995730   0.073280
1877.462441   13.977890   0.069610
1877.464144   13.991450   0.073820
1877.465872   14.023810   0.074390
1877.528546   13.989340   0.078740
1877.538164   13.941280   0.089690
1877.547759   13.984460   0.087310
1877.557433   13.915790   0.102700
1877.566991   14.057300   0.099530
1877.956588   13.980360   0.086070
1877.966360   13.930210   0.075430
1877.975795   13.995610   0.060850
1877.985575   13.992630   0.050690
1877.995071   13.969930   0.048580
1878.004964   13.981630   0.047910
1878.014335   13.980390   0.053680
1878.023915   13.962640   0.042040
1878.033403   13.968340   0.048810
1878.042881   13.982210   0.045370
1878.052477   13.986970   0.051950
1878.062202   14.008110   0.053030
1878.072038   13.994680   0.049620
1878.081838   13.979120   0.056180
1878.091595   14.010810   0.051820
1878.101204   13.993850   0.049800
1878.111056   13.961310   0.053490
1878.120475   13.970690   0.055270
1878.129972   14.012500   0.057580
1878.139452   14.027910   0.067580
1878.148981   13.954960   0.109800
1878.158293   14.010910   0.098170
1878.167692   13.956720   0.059370
1878.177309   13.985410   0.058660
1878.186872   13.993810   0.070860
1878.196273   13.977100   0.071210
1878.206054   13.976220   0.082460
1878.215833   14.064270   0.089920
1878.225557   13.988400   0.091760
1878.235117   13.995340   0.079310
1878.244657   13.990620   0.075560
1878.254352   13.995860   0.078960
1878.263984   13.978590   0.082280
1878.273770   13.957350   0.092330
1878.283405   13.980170   0.096440
1878.293079   13.941870   0.092230
1878.302887   14.027860   0.119590
1878.312828   13.970810   0.119740
1878.322431   13.998610   0.119750
1878.332111   14.076110   0.127890
1878.342126   13.988270   0.086150
1878.351898   13.996070   0.095840
1878.361666   14.051300   0.095910
1878.371492   13.998280   0.093280
1878.381052   13.936030   0.105460
1878.390611   14.028260   0.083870
1878.400035   13.998300   0.101350
1878.409523   13.996610   0.094610
1878.419250   14.015610   0.108780
1878.427139   13.972780   0.109010
1878.434256   14.042960   0.097020
1878.439734   14.059570   0.115840
1878.444205   13.941200   0.089750
1878.448555   14.065940   0.091080
1878.452064   13.931350   0.103380
1878.454721   13.943530   0.106580
1878.457364   14.017980   0.114150
1878.459093   14.049290   0.113830
1878.460943   13.988580   0.110330
1878.463071   13.984190   0.155470
1878.523903   13.964260   0.117580
1878.533380   13.994340   0.110380
1878.542754   13.965440   0.105690
1878.552323   14.058270   0.122600
1878.561884   13.889710   0.109840
1878.896336   14.100170   0.103590
1878.907039   13.917970   0.114670
1878.917827   13.959970   0.105330
1878.928636   13.970780   0.113130
1878.939490   14.023520   0.098220
1878.950209   13.951130   0.081210
1878.960985   14.000520   0.077010
1878.971663   13.976030   0.072210
1878.982256   13.963950   0.068360
1878.992862   13.993480   0.061170
1879.003349   14.024550   0.065620
1879.014056   14.015840   0.073450
1879.024628   13.984580   0.042900
1879.035326   13.982310   0.064010
1879.057074   14.008090   0.069530
1879.077472   13.964190   0.046100
1879.087957   13.948220   0.043000
1879.097871   13.880380   0.054800
1879.118600   14.040650   0.097480
1879.129023   13.844000   0.063100
1879.148872   14.037000   0.098130
1879.178653   13.966460   0.123050
1879.198658   14.006180   0.132500
1879.208827   14.027170   0.071300
1879.219105   13.993660   0.130320
1879.229275   13.983890   0.106280
1879.239616   14.097640   0.108610
1879.249808   14.035890   0.107490
1879.259912   13.954170   0.101260
1879.270136   13.905030   0.117330
1879.280074   14.021820   0.061300
1879.290256   13.946940   0.099070
1879.300321   14.078340   0.123460
1879.310528   14.030510   0.098870
1879.321209   14.010450   0.101410
1879.331398   14.033430   0.121440
1879.341712   13.932700   0.096930
1879.352091   14.096650   0.104460
1879.362239   13.963180   0.126500
1879.372505   13.862590   0.097710
1879.393218   13.857860   0.096490
1879.403486   13.997660   0.075000
1879.413565   13.926100   0.077300
1879.430290   13.939090   0.077200
1879.943588   13.987290   0.037200
1879.953331   13.957970   0.047450
1879.962965   14.000180   0.054180
1879.972299   13.983890   0.049150
1879.982133   13.971870   0.051570
1879.991480   13.954070   0.055990
1880.001350   13.955710   0.059480
1880.010995   13.972180   0.063080
1880.020489   14.004080   0.065210
1880.030167   14.054960   0.070510
1880.040004   13.983820   0.063750
1880.050020   13.964700   0.063880
1880.059700   13.961130   0.066590
1880.069635   13.969480   0.065080
1880.079469   13.961580   0.070040
1880.089000   13.925770   0.067100
1880.098524   13.971210   0.071700
1880.108072   14.048200   0.076150
1880.117530   13.905260   0.064040
1880.127140   14.021600   0.072350
1880.200091   13.952700   0.077460
1880.209735   14.039530   0.084670
1880.219431   14.014060   0.078130
1880.229324   13.976160   0.068100
1880.238989   14.006970   0.072070
1880.248836   13.945950   0.067020
1880.258298   14.001250   0.073440
1880.267686   13.996710   0.076870
1880.277275   13.961430   0.073270
1880.286928   14.014060   0.087390
1880.306613   13.981780   0.073120
1880.369120   13.943430   0.069000
1880.977654   13.970450   0.065640
1880.987626   13.970560   0.066710
1880.997175   13.996380   0.065070
1881.007352   13.984490   0.063880
1881.017262   13.976360   0.067320
1881.027023   14.000320   0.069240
1881.036583   13.962550   0.069180
1881.046307   13.939540   0.068840
1881.055914   14.009600   0.081580
1881.065565   13.987330   0.076920
1881.075352   14.013900   0.080430
1881.085120   14.033070   0.079090
1881.094964   14.003550   0.075390
1881.104801   13.964670   0.060550
1881.114937   14.017230   0.090230
1881.124474   13.933060   0.075870
1881.134326   13.962650   0.083180
1881.143810   13.956910   0.064530
1881.153419   13.962790   0.082800
1881.163015   13.987390   0.075420
1881.171357   14.007750   0.064900
1881.180981   14.023730   0.067900
1881.190627   13.979140   0.054420
1881.200550   14.003040   0.058330
1881.210473   14.019640   0.066490
1881.220305   13.979940   0.067840
1881.230199   13.991150   0.072070
1881.239668   14.027630   0.071760
1881.249328   13.939690   0.066980
1881.258917   14.004340   0.070690
1881.268352   13.976030   0.072810
1881.278189   14.006800   0.071490
1881.288137   13.944000   0.071420
1881.297680   14.002020   0.077140
1881.307337   13.992490   0.080720
1881.317394   13.972720   0.077610
1881.327336   13.950410   0.080600
1881.337373   14.001520   0.081530
1881.347129   13.993480   0.080140
1881.357110   13.947710   0.082640
1881.366722   14.008820   0.088260
1881.376276   13.945760   0.087100
1881.386104   14.028010   0.096800
1881.395996   13.909570   0.093260
1881.405772   14.026520   0.100710
1881.414838   14.008830   0.095390
1881.422098   14.027070   0.097870
1881.428287   14.040210   0.092940
1881.433496   13.979260   0.096960
1881.437835   13.943360   0.100050
1881.441542   13.962630   0.102990
1881.445078   13.967460   0.100460
1881.447777   13.984430   0.104550
1881.449541   14.008540   0.101240
1881.451276   13.954440   0.106040
1881.453055   14.045240   0.103260
1881.455245   13.998840   0.148570
1881.512259   13.999950   0.095430
1881.522032   14.005880   0.113500
1881.531584   14.051990   0.119100
1881.541053   13.967170   0.113480
1881.550943   14.058530   0.116250
1881.560601   13.983330   0.119650
1881.570473   13.992450   0.101650
1881.580253   14.047350   0.106560
1881.589860   13.972060   0.124140
1881.599731   13.979490   0.077200
1881.609472   14.063820   0.120340
1881.619114   13.898430   0.078600
1881.855176   13.937640   0.105870
1881.864967   13.968260   0.123170
1881.874874   14.114440   0.072000
1881.884546   13.939980   0.098570
1881.894615   13.941050   0.049700
1881.923884   14.043730   0.057770
1881.943384   13.967650   0.040100
1881.953028   14.047220   0.052500
1881.962633   13.947590   0.094230
1881.972149   14.034550   0.104910
1881.982098   13.974790   0.104460
1881.992169   13.942160   0.067700
1882.011441   13.893740   0.076200
1882.021627   13.961310   0.109470
1882.031721   13.979840   0.099210
1882.041324   13.985940   0.120450
1882.051198   13.966740   0.111730
1882.060871   13.941140   0.117150
1882.080330   14.011660   0.095040
1882.121972   13.968720   0.122030
1882.131558   13.961170   0.104270
1882.150540   14.044640   0.114990
1882.160119   14.018070   0.116060
1882.169652   13.943470   0.112300
1882.179008   13.976310   0.113920
1882.188390   14.105260   0.102900
1883.093660   14.013320   0.091640
1883.112818   13.953490   0.096520
1883.122237   14.057320   0.109830
1883.131900   14.019860   0.094530
1883.141295   13.938770   0.102260
1883.150882   14.056830   0.109930
1883.160374   14.026990   0.112230
1883.169871   13.999260   0.093990
1883.179271   13.922650   0.095380
1883.188727   13.929240   0.097520
1883.198404   13.968820   0.111910
1883.207904   13.948880   0.112930
1883.217549   13.988480   0.116320
1883.226897   13.999280   0.114860
1883.236210   14.008280   0.117510
1883.245790   14.067150   0.117390
1883.255334   14.003670   0.118990
1883.265175   14.029150   0.123780
1883.274780   14.019320   0.123500
1883.363646   13.971460   0.067800
1883.392439   13.964480   0.069900
1883.402041   14.015850   0.107940
1883.423524   13.916300   0.070100
1883.446707   13.884660   0.072200
1884.099534   14.013710   0.050650
1884.109140   13.975070   0.048960
1884.118686   13.973830   0.060760
1884.128292   13.998710   0.073130
1884.137551   14.009440   0.055270
1884.147279   14.015880   0.064000
1884.156774   13.951800   0.066230
1884.166197   13.929120   0.068790
1884.175960   13.966000   0.075640
1884.185414   13.995310   0.068830
1884.194977   14.007530   0.056700
1884.204574   13.978830   0.062530
1884.214174   14.004440   0.056180
1884.223839   14.008730   0.062250
1884.233272   13.928870   0.085380
1884.242628   14.009460   0.052420
1884.252195   13.980330   0.050580
1884.261682   13.998030   0.051680
1884.271201   13.981880   0.051120
1884.280876   13.999030   0.057200
1884.290846   13.975220   0.058900
1884.300573   13.965510   0.064150
1884.310420   13.951770   0.087360
1884.320206   13.981630   0.062680
1884.330156   13.989980   0.066220
1884.340081   13.999110   0.075830
1884.350052   13.982630   0.075010
1884.360119   14.001590   0.062780
1884.370060   13.945300   0.060730
1884.379738   13.980450   0.067270
1884.389528   14.002330   0.055140
1884.399065   13.999300   0.056770
1884.406881   14.010940   0.068040
1884.413865   13.991520   0.079160
1884.420368   13.978440   0.080210
1884.425635   13.996420   0.061690
1884.430150   14.016750   0.054520
1884.433678   13.985560   0.057200
1884.437202   13.991710   0.055670
1884.439908   13.999840   0.063740
1884.441669   14.006220   0.063090
1884.443407   14.017870   0.062820
1884.445186   13.984300   0.058240
1884.446926   14.035600   0.079110
1884.503638   14.000200   0.054390
1884.513187   14.019070   0.065850
1884.522993   13.968670   0.056650
1884.532900   13.959280   0.047400
1884.542819   13.988140   0.062390
1884.552706   14.005660   0.071700
1884.562458   14.010550   0.045270
1884.572213   14.001400   0.058090
1884.581820   13.969910   0.045100
1884.591479   14.001040   0.060630
1884.600983   14.022540   0.052880
1884.610820   13.983870   0.047150
1884.886961   13.957230   0.117910
1884.896536   13.882720   0.099370
1884.906042   13.949080   0.113650
1884.925737   13.960950   0.108860
1884.945448   13.984790   0.116320
1884.954798   14.009750   0.096000
1884.964329   13.949010   0.115230
1884.983699   13.953080   0.071500
1884.993441   13.999950   0.126230
1885.003341   13.997400   0.124580
1885.013229   13.965720   0.071800
1885.022911   13.992470   0.105160
1885.278794   13.993120   0.106330
1885.298398   14.047310   0.092000
1885.308250   14.051060   0.117730
1885.318087   14.072620   0.121750
1885.328454   13.861300   0.068100
1886.072366   13.977110   0.044720
1886.082057   13.998410   0.048630
1886.091456   13.956320   0.050990
1886.101064   13.989650   0.053720
1886.110701   13.975090   0.051230
1886.120214   13.983380   0.051180
1886.129544   13.979020   0.054500
1886.138882   13.986620   0.056040
1886.148233   13.970540   0.053700
1886.157943   13.997850   0.056150
1886.167550   14.005860   0.060410
1886.177101   13.970150   0.059120
1886.186997   13.977170   0.064140
1886.196609   13.947800   0.066160
1886.206153   13.994030   0.077190
1886.215757   14.000140   0.078950
1886.225422   14.009440   0.104920
1886.234829   13.899430   0.107750
1886.244630   14.008460   0.110970
1886.254426   13.947330   0.077550
1886.263771   13.992660   0.065040
1886.273578   13.978380   0.106420
1886.283270   13.959290   0.063980
1886.293134   13.935080   0.066390
1886.303115   13.891470   0.076020
1886.312914   13.960340   0.070810
1886.322818   13.961820   0.071620
1886.332859   13.976580   0.075840
1886.342543   13.998300   0.071190
1886.352534   13.967130   0.068780
1886.362281   13.965280   0.073040
1886.372003   13.998390   0.082170
1886.381496   13.974870   0.080790
1886.391198   13.977080   0.090660
1886.399994   13.970930   0.089490
1886.408171   13.961410   0.091330
1886.414363   14.033060   0.111510
1886.419581   13.966700   0.106560
1886.423873   13.993520   0.105330
1886.427459   13.960120   0.093450
1886.431086   14.054410   0.099710
1886.433748   13.962940   0.110950
1886.435540   14.054820   0.118480
1886.437293   13.939770   0.107510
1886.439058   14.008360   0.105720
1886.440921   13.972280   0.125650
