1863.169882   7.726270   0.001390
1863.179028   7.721850   0.001560
1863.188111   7.692470   0.001560
1863.197263   7.714270   0.001560
1863.206453   7.706290   0.001560
1863.215516   7.675810   0.001560
1863.224639   7.671550   0.000900
1863.233708   7.680670   0.001560
1863.243026   7.664760   0.001560
1863.252052   7.676840   0.001450
1863.260978   7.660100   0.000900
1863.270074   7.664670   0.001270
1863.288341   7.676480   0.001390
1863.306748   7.687810   0.001560
1863.315898   7.690900   0.000900
1863.325261   7.692260   0.001560
1863.344416   7.721940   0.001620
1863.353962   7.726250   0.000900
1863.400824   7.718020   0.000800
1863.438171   7.705790   0.001560
1863.456885   7.689670   0.000900
1863.464667   7.702240   0.001620
1863.471563   7.712950   0.001730
1863.477686   7.693300   0.001560
1863.482900   7.708770   0.001560
1863.487114   7.709780   0.001270
1863.490658   7.718560   0.000900
1863.493988   7.708220   0.001270
1863.496621   7.706400   0.001560
1863.498272   7.707970   0.001560
1863.500087   7.712590   0.001560
1863.501889   7.706120   0.001730
1863.503937   7.700980   0.002330
1864.344223   7.701690   0.001730
1864.353552   7.744700   0.001410
1864.362884   7.724750   0.001730
1864.372284   7.730810   0.001910
1864.381718   7.711650   0.001730
1864.391386   7.725310   0.001560
1864.401175   7.710710   0.001730
1864.410777   7.715060   0.001730
1864.420158   7.700360   0.001680
1864.429378   7.709720   0.001730
1864.438639   7.710930   0.001730
1864.448098   7.723250   0.001910
1864.457409   7.710100   0.001910
1864.465120   7.704000   0.001730
1864.472313   7.689090   0.001910
1864.477494   7.696350   0.002080
1864.482643   7.707230   0.002480
1864.486002   7.715070   0.002940
1864.489646   7.698510   0.002770
1864.492216   7.697090   0.002250
1864.494776   7.696030   0.002250
1864.496480   7.706470   0.002430
1864.498365   7.699150   0.002430
1864.500091   7.700880   0.002430
1864.501760   7.697970   0.002430
1865.471988   7.692460   0.001910
1865.477591   7.690080   0.002080
1865.482335   7.689040   0.001910
1865.486159   7.706260   0.002080
1865.489785   7.697940   0.001970
1865.492667   7.700250   0.001910
1865.494427   7.691480   0.001910
1865.496283   7.696560   0.001790
1865.498551   7.690140   0.002740
1868.264891   7.693970   0.001410
1868.274279   7.688360   0.001790
1868.283929   7.692740   0.001410
1868.293537   7.709420   0.002080
1868.303104   7.715130   0.001200
1868.312574   7.706890   0.002250
1868.322547   7.704310   0.001410
1868.332083   7.686800   0.001730
1868.341800   7.692640   0.001790
1868.351466   7.707550   0.001910
1868.360837   7.723890   0.001560
1868.370659   7.714500   0.001910
1868.380417   7.708220   0.001910
1868.390367   7.708170   0.001910
1868.399668   7.715120   0.002020
1868.409622   7.696030   0.002080
1868.419023   7.702900   0.002080
1868.428372   7.708980   0.002080
1868.437691   7.709350   0.002080
1868.446987   7.701150   0.002080
1868.454949   7.705890   0.002080
1868.461066   7.701810   0.002080
1868.467151   7.704980   0.002080
1868.471440   7.700810   0.002140
1868.475710   7.742290   0.002310
1868.479187   7.706820   0.002250
1868.481793   7.715810   0.002250
1868.484421   7.715030   0.002250
1868.486154   7.710600   0.002250
1868.487874   7.712390   0.002250
1868.489584   7.714850   0.002250
1868.491280   7.735370   0.002250
1868.552972   7.725680   0.002600
1868.562396   7.702170   0.002430
1868.572038   7.742310   0.004220
1868.581607   7.719630   0.003060
1868.591155   7.720960   0.003120
1868.600621   7.741120   0.003640
1868.610180   7.710160   0.004730
1868.619726   7.684060   0.006810
1868.629292   7.675570   0.008830
1869.239644   7.702220   0.002600
1869.249027   7.700200   0.002660
1869.258676   7.696390   0.002940
1869.268460   7.705160   0.003120
1869.278238   7.694750   0.003290
1869.287800   7.706970   0.003290
1869.297392   7.714380   0.003460
1869.307040   7.688000   0.003640
1869.316723   7.717850   0.004330
1869.326588   7.700100   0.004160
1869.336288   7.694600   0.004560
1869.345989   7.691170   0.004790
1869.356015   7.701250   0.005430
1869.365922   7.671440   0.005370
1869.375609   7.695390   0.005770
1869.384959   7.692830   0.006810
1869.394424   7.689990   0.006700
1869.403953   7.690890   0.006810
1869.413491   7.695010   0.006810
1869.422812   7.727070   0.007100
1869.432155   7.718110   0.007220
1869.441546   7.726900   0.007740
1869.449371   7.693450   0.014800
1869.456537   7.734430   0.008310
1869.462798   7.742330   0.008660
1869.468109   7.739780   0.009010
1869.472681   7.727980   0.007970
1869.476266   7.737090   0.007910
1869.478887   7.721510   0.008200
1869.481532   7.725580   0.008600
1869.483271   7.730380   0.008370
1869.485003   7.716730   0.008260
1869.486718   7.701900   0.008370
1869.488400   7.703410   0.008600
1869.544878   7.692330   0.009870
1869.554590   7.695470   0.011550
1869.564207   7.697860   0.012130
1870.354573   7.679280   0.001390
1870.364104   7.707190   0.001560
1870.373603   7.712590   0.001560
1870.383600   7.700430   0.001680
1870.393243   7.707420   0.001000
1870.402820   7.728280   0.002250
1870.412418   7.706920   0.002140
1870.421719   7.705820   0.002080
1870.431056   7.705830   0.002250
1870.440608   7.712310   0.001910
1870.448993   7.685970   0.001730
1870.456179   7.688690   0.001730
1870.461756   7.694130   0.001910
1870.466593   7.712430   0.001970
1870.470290   7.697840   0.001910
1870.474034   7.701450   0.002080
1870.476825   7.712010   0.002140
1870.478569   7.712880   0.002080
1870.480341   7.700280   0.002080
1870.482097   7.713720   0.002080
1870.483838   7.715810   0.002080
1870.485602   7.705330   0.002080
1871.375944   7.703270   0.000900
1871.385808   7.707650   0.001560
1871.395399   7.697540   0.001730
1871.404882   7.711540   0.001910
1871.414342   7.700090   0.001730
1871.423744   7.698180   0.001730
1871.433495   7.715130   0.001730
1871.442405   7.705610   0.001560
1871.449670   7.698800   0.001560
1871.455742   7.704270   0.001730
1871.461191   7.708950   0.001730
1871.465968   7.702340   0.001730
1871.469461   7.698560   0.001730
1871.472994   7.712260   0.001730
1871.476070   7.715520   0.001560
1871.477819   7.685570   0.001270
1871.479709   7.699300   0.001560
1871.481438   7.700620   0.001560
1871.550420   7.717190   0.001560
1871.559908   7.716610   0.001560
1871.569340   7.723930   0.001560
1871.578835   7.718490   0.001560
1871.588334   7.712980   0.001730
1871.597765   7.711240   0.001730
1871.607264   7.684710   0.001910
1871.616819   7.723530   0.001910
1871.626324   7.696110   0.002250
1872.447517   7.703970   0.001390
1872.454163   7.696030   0.001130
1872.463903   7.684560   0.000800
1872.467716   7.710750   0.001390
1872.470572   7.749380   0.001130
1872.473151   7.688180   0.001130
1872.474857   7.721670   0.001390
1872.476617   7.699260   0.001390
1872.478370   7.718130   0.001390
1872.480228   7.697680   0.001390
1872.541663   7.714080   0.001560
1872.550845   7.708920   0.001560
1872.560270   7.699500   0.001560
1872.569828   7.703000   0.001560
1872.579400   7.707080   0.001560
1872.588943   7.690440   0.001730
1872.598488   7.686210   0.001730
1872.608116   7.700030   0.001850
1872.617527   7.727060   0.002020
1872.627101   7.718910   0.002140
1872.636625   7.675630   0.002430
1872.646041   7.680960   0.003000
1873.447044   7.694380   0.001560
1873.453044   7.697720   0.001560
1873.457707   7.694500   0.001270
1873.462166   7.680890   0.001270
1873.465548   7.687240   0.001560
1873.468107   7.680410   0.000900
1873.472722   7.690420   0.001560
1873.474437   7.704880   0.001560
1873.476606   7.710010   0.002200
1873.539458   7.731670   0.003290
1873.548852   7.734880   0.002770
1873.558313   7.713690   0.002250
1873.567696   7.721360   0.002250
1873.577180   7.711450   0.002430
1873.586745   7.712850   0.002080
1873.596227   7.690060   0.002600
1873.605773   7.706140   0.002430
1873.615321   7.691270   0.002250
1873.624816   7.689190   0.002250
1874.193129   7.706330   0.001560
1874.202515   7.711620   0.002080
1874.212179   7.702040   0.002080
1874.222051   7.707000   0.001910
1874.593715   7.719040   0.002430
1874.603390   7.717340   0.002250
1874.613039   7.714590   0.002480
1877.528546   7.704720   0.001450
1877.538164   7.706110   0.001560
1877.547759   7.689350   0.001560
1877.557433   7.691080   0.001560
1877.566991   7.697000   0.001560
1878.139452   7.703280   0.000800
1878.148981   7.701500   0.001910
1878.158293   7.694550   0.001730
1878.167692   7.719370   0.000800
1878.177462   7.705230   0.000800
1878.187025   7.699740   0.000900
1878.196350   7.707640   0.001270
1878.206054   7.703020   0.001560
1878.215986   7.689890   0.000900
1878.263984   7.676050   0.000900
1878.273770   7.693950   0.001620
1878.283405   7.687810   0.001730
1878.293079   7.695690   0.001730
1878.302887   7.706590   0.001910
1878.312828   7.719200   0.001910
1878.322431   7.725230   0.001910
1878.332111   7.714300   0.002080
1878.342126   7.714110   0.001410
1878.351898   7.705740   0.001730
1878.361666   7.692680   0.001730
1878.371492   7.696730   0.001000
1878.459093   7.704570   0.001000
1878.462661   7.707620   0.001000
1878.542907   7.702610   0.000900
1878.552399   7.710030   0.001410
1878.561961   7.699470   0.001910
1878.571685   7.722080   0.002250
1878.581234   7.707410   0.002080
1878.590773   7.718840   0.002140
1878.600390   7.716380   0.002430
1878.885802   7.720860   0.001130
1878.907192   7.774210   0.000800
1878.928713   7.727420   0.001130
1879.014056   7.715100   0.001390
1879.024781   7.717750   0.001560
1879.035403   7.701480   0.001560
1879.046338   7.720180   0.001560
1879.056998   7.703920   0.001560
1879.067120   7.693730   0.001560
1879.077625   7.707220   0.001560
1879.087804   7.698630   0.001730
1879.097718   7.709320   0.001730
1879.108265   7.702620   0.001730
1879.118677   7.683440   0.001730
1879.128946   7.671430   0.001410
1879.138951   7.666800   0.001730
1879.148948   7.683740   0.001910
1879.158753   7.680420   0.001910
1879.168681   7.669790   0.001910
1879.178653   7.701480   0.001910
1879.188532   7.687070   0.001910
1879.198658   7.680140   0.001910
1879.208980   7.710300   0.001910
1879.219105   7.701730   0.001910
1879.229198   7.711430   0.001910
1879.239692   7.708300   0.001910
1879.249885   7.731250   0.001910
1879.259988   7.698050   0.001910
1879.270136   7.725460   0.001910
1879.279998   7.716510   0.001700
1879.290256   7.746270   0.002080
1879.300321   7.733620   0.002080
1879.310604   7.729700   0.002080
1879.321132   7.724060   0.002080
1879.331398   7.723940   0.002080
1879.341711   7.725260   0.002080
1879.352168   7.713890   0.002080
1879.362239   7.718220   0.002080
1879.372581   7.716760   0.002080
1879.383093   7.717650   0.001200
1879.393142   7.718370   0.002080
1879.403333   7.696110   0.002080
1879.413718   7.710970   0.002250
1879.422210   7.702290   0.002250
1879.430290   7.687630   0.002250
1879.436891   7.704840   0.002250
1879.441492   7.705180   0.002250
1879.445571   7.698240   0.002250
1879.449457   7.709700   0.002250
1879.452342   7.704260   0.001840
1879.454194   7.693210   0.002250
1879.456055   7.713730   0.001840
1879.457932   7.695090   0.002250
1879.460282   7.713070   0.003180
1879.524043   7.710800   0.002430
1879.534146   7.720770   0.002600
1879.544253   7.697850   0.002600
1879.554321   7.709380   0.001500
1879.564508   7.708560   0.002600
1879.574677   7.696740   0.002600
1879.584814   7.716810   0.002770
1879.594935   7.699620   0.002770
1879.605121   7.716780   0.002770
1879.615186   7.719270   0.002940
1879.625350   7.697980   0.002940
1880.684731   7.683000   0.001730
1880.693935   7.694690   0.001910
1880.703424   7.692830   0.002080
1880.712965   7.723590   0.002430
1880.722745   7.697020   0.002770
1880.732752   7.728230   0.003410
1880.743114   7.728610   0.004100
1880.753480   7.724460   0.003820
1880.828480   7.724200   0.004390
1880.839020   7.705400   0.003520
1881.230199   7.732260   0.001330
1881.249328   7.734110   0.001390
1881.258917   7.734090   0.001390
1881.278189   7.727560   0.001390
1881.288137   7.749930   0.001390
1881.297680   7.748930   0.001390
1881.307337   7.734880   0.001390
1881.317394   7.733330   0.001390
1881.327336   7.719760   0.001390
1881.337373   7.712650   0.001390
1881.347129   7.722540   0.001390
1881.357110   7.708220   0.001390
1881.366722   7.705230   0.001390
1881.376276   7.709200   0.001450
1881.386104   7.698370   0.001390
1881.395996   7.692090   0.001500
1881.405772   7.695320   0.001560
1881.414838   7.691180   0.001560
1881.422098   7.670500   0.001560
1881.428287   7.707130   0.001560
1881.433496   7.708860   0.001560
1881.437835   7.699960   0.001560
1881.441542   7.690120   0.001560
1881.445001   7.683840   0.001270
1881.447777   7.694370   0.001560
1881.449541   7.689990   0.001560
1881.451276   7.689840   0.001560
1881.453055   7.696020   0.001560
1881.455245   7.686850   0.002200
1881.512259   7.693280   0.001730
1881.522032   7.690290   0.001730
1881.531584   7.697980   0.001730
1881.541053   7.681770   0.001730
1881.550943   7.692700   0.001730
1881.560601   7.684700   0.001730
1881.570473   7.702020   0.001730
1881.580253   7.701820   0.001910
1881.589860   7.695770   0.001910
1881.599577   7.702780   0.001910
1881.609472   7.712420   0.001910
1881.619114   7.701030   0.001910
1881.628942   7.701870   0.001970
1881.638590   7.674780   0.002080
1881.648351   7.690700   0.002080
1881.778022   7.679130   0.002600
1881.787777   7.693150   0.002600
1881.797497   7.686240   0.002430
1881.807277   7.710300   0.002250
1881.816745   7.728230   0.002080
1881.826319   7.716850   0.001910
1881.835921   7.722570   0.001730
1881.845731   7.702580   0.001560
1881.855176   7.715260   0.001130
1881.864967   7.705800   0.001130
1881.874874   7.724840   0.001390
1881.904341   7.758450   0.000700
1882.002042   7.700900   0.001000
1882.021551   7.682250   0.001350
1882.070527   7.728260   0.002190
1882.090096   7.716350   0.002080
1882.099569   7.738440   0.002780
1882.109288   7.719770   0.001490
1882.141120   7.713360   0.001790
1882.169499   7.701750   0.000900
1882.198063   7.715680   0.001730
1882.208031   7.715010   0.002480
1882.217722   7.720170   0.002140
1882.227231   7.710230   0.001970
1882.236839   7.702410   0.002020
1882.246327   7.717510   0.002430
1882.256107   7.728740   0.002430
1882.266006   7.720530   0.002370
1882.275585   7.712420   0.002250
1882.285301   7.717960   0.002250
1882.295361   7.712570   0.002080
1882.305067   7.717240   0.002540
1882.315073   7.726050   0.002940
1882.325032   7.709170   0.002080
1882.334886   7.694440   0.001910
1882.344919   7.702180   0.002140
1882.354771   7.695340   0.002250
1882.364587   7.683920   0.002080
1882.374737   7.681740   0.002080
1882.384757   7.718960   0.007510
1882.394964   7.685310   0.003640
1882.404892   7.790820   0.021490
1883.208057   7.674980   0.000800
1883.274703   7.678560   0.001270
1883.294470   7.693000   0.001410
1883.304305   7.697910   0.001730
1883.323643   7.701200   0.001410
1883.333437   7.704220   0.001730
1883.343511   7.701660   0.001410
1883.353701   7.705170   0.001000
1883.363493   7.696090   0.001560
1883.372874   7.703030   0.000900
1883.382657   7.716510   0.001730
1883.392439   7.712360   0.001730
1883.402040   7.712540   0.001730
1883.410061   7.712550   0.001730
1883.417485   7.720340   0.001730
1883.423677   7.712770   0.001730
1883.428873   7.719400   0.001410
1883.446631   7.705250   0.001270
1883.448508   7.706420   0.001560
1883.507335   7.701690   0.001410
1883.517022   7.697740   0.001730
1883.526655   7.696420   0.001910
1883.536232   7.706530   0.001910
1883.545818   7.705720   0.001910
1883.555341   7.712050   0.001910
1883.565051   7.703850   0.001910
1883.574608   7.710060   0.001910
1883.584302   7.701210   0.001910
1883.593915   7.686610   0.001730
1884.886961   7.690400   0.001390
1884.896536   7.694080   0.001130
1884.906042   7.683720   0.001390
1884.925737   7.678960   0.001390
1884.983622   7.702450   0.001410
1884.993441   7.678880   0.001410
1885.003341   7.677730   0.001730
1885.013229   7.688780   0.001850
1885.022911   7.683500   0.001910
1885.032502   7.703020   0.001910
1885.042137   7.699660   0.001910
1885.052183   7.700950   0.001910
1885.061957   7.704380   0.002080
1885.071678   7.702250   0.002080
1885.081285   7.704590   0.002250
1885.090973   7.710540   0.002250
1885.100847   7.704730   0.002250
1885.347960   7.691010   0.001410
1885.357853   7.699860   0.001730
1885.367578   7.702940   0.001730
1885.377344   7.696530   0.002080
1885.386938   7.695350   0.002080
1885.396599   7.701640   0.001730
1885.404395   7.692530   0.001730
1885.411445   7.702820   0.001790
1885.417511   7.712890   0.001910
1885.422739   7.711180   0.001000
1885.430989   7.698560   0.001560
1885.434637   7.701620   0.001730
1885.439169   7.703700   0.001410
1885.442624   7.691730   0.001730
1885.444416   7.694670   0.001410
1885.502152   7.693220   0.001410
1885.511985   7.701380   0.002080
1885.521821   7.696620   0.001790
1885.531512   7.693470   0.001730
1885.551209   7.705240   0.001350
1885.560860   7.696670   0.000900
1885.570601   7.694990   0.001730
1886.215604   7.751980   0.000800
1886.225422   7.728630   0.001560
1886.234829   7.719250   0.001560
1886.438905   7.697220   0.000800
1886.441348   7.699940   0.002330
