1863.169882   14.317820   0.085160
1863.179028   14.280200   0.088110
1863.188111   14.287700   0.106250
1863.197263   14.310200   0.097440
1863.206453   14.255000   0.095530
1863.215516   14.266610   0.112250
1863.224486   14.239930   0.108340
1863.233708   14.234500   0.116950
1863.243026   14.335750   0.119950
1863.252052   14.232310   0.110520
1863.260978   14.205530   0.100910
1863.270074   14.273490   0.120530
1863.279229   14.301250   0.106410
1863.288341   14.236930   0.099620
1863.297662   14.274800   0.094180
1863.306748   14.328840   0.107230
1863.315898   14.247960   0.108670
1863.325261   14.354810   0.113740
1863.334632   14.338240   0.113930
1863.344416   14.285260   0.102340
1863.353962   14.270710   0.108370
1863.363511   14.319350   0.091200
1863.372640   14.330370   0.089160
1863.381795   14.256490   0.086210
1863.391577   14.281640   0.092270
1863.400670   14.294200   0.101940
1863.410157   14.334350   0.102230
1863.419415   14.305310   0.107560
1863.428728   14.321200   0.113380
1863.438171   14.308200   0.116000
1863.447725   14.259910   0.118920
1863.457192   14.148710   0.070700
1864.122118   14.273640   0.067320
1864.131216   14.261630   0.094830
1864.140349   14.280900   0.084000
1864.149328   14.376280   0.090660
1864.158727   14.276700   0.077550
1864.168077   14.270910   0.097560
1864.177441   14.295470   0.090650
1864.186471   14.320290   0.075290
1864.195786   14.257480   0.096640
1864.204761   14.265120   0.085460
1864.213956   14.271740   0.083090
1864.223275   14.286260   0.076800
1864.232312   14.337830   0.093950
1864.241734   14.336610   0.094380
1864.250994   14.305270   0.081770
1864.260292   14.239940   0.096130
1864.269452   14.228870   0.079370
1864.278712   14.240120   0.100760
1864.288040   14.261890   0.102550
1864.297228   14.304470   0.097590
1864.306786   14.346990   0.106110
1864.315982   14.237460   0.099080
1864.325240   14.346760   0.100060
1864.334830   14.275190   0.099270
1864.344300   14.313500   0.106900
1864.353629   14.302670   0.127740
1864.362807   14.245050   0.100440
1864.381871   14.292250   0.076900
1864.391386   14.355300   0.125560
1864.410777   14.236660   0.103660
1864.420005   14.131770   0.073100
1865.081649   14.247050   0.107070
1865.090914   14.374270   0.117520
1865.103000   14.215030   0.104230
1865.112265   14.315810   0.105080
1865.121492   14.273080   0.101620
1865.180915   14.250920   0.075180
1865.189934   14.288890   0.058590
1865.199137   14.315460   0.076270
1865.208040   14.238950   0.056960
1865.217207   14.315590   0.087440
1865.226382   14.304940   0.085680
1865.235932   14.315010   0.094630
1865.245886   14.269200   0.094630
1865.255783   14.243360   0.091270
1865.265750   14.326160   0.115630
1865.275774   14.269270   0.105080
1865.285892   14.261990   0.092610
1865.295973   14.364880   0.109330
1865.306185   14.288240   0.100740
1865.316145   14.264790   0.097930
1865.326150   14.266390   0.101700
1865.336276   14.296340   0.120320
1865.346577   14.270390   0.111510
1865.356675   14.224250   0.106130
1865.366659   14.290180   0.120590
1865.376904   14.275660   0.119180
1865.387088   14.314770   0.124520
1865.397229   14.365560   0.100270
1865.407149   14.269790   0.117270
1865.417333   14.269430   0.114040
1865.427630   14.313630   0.120010
1865.437669   14.384960   0.123690
1866.165339   14.260560   0.064510
1866.174723   14.310100   0.060010
1866.184057   14.283590   0.058770
1866.193410   14.336520   0.062910
1866.202706   14.266970   0.064380
1866.212035   14.237920   0.069950
1866.221409   14.308690   0.063230
1866.230791   14.291140   0.070140
1866.240551   14.296590   0.063670
1866.250004   14.273840   0.064210
1866.259354   14.269540   0.065200
1867.193045   14.243190   0.043170
1867.202355   14.285110   0.045270
1867.211516   14.252610   0.047340
1867.220585   14.319360   0.049340
1867.230131   14.277200   0.050210
1867.239707   14.285920   0.048900
1867.249230   14.282260   0.048190
1867.258785   14.254610   0.053350
1867.268385   14.257820   0.052800
1867.277702   14.272680   0.052180
1867.287153   14.322650   0.054010
1867.296854   14.288370   0.056640
1867.306121   14.263830   0.057470
1867.315500   14.288840   0.057920
1867.325094   14.278580   0.063000
1867.334502   14.319900   0.063710
1867.344482   14.291490   0.066830
1867.354030   14.321010   0.062310
1867.363492   14.330040   0.076150
1867.372735   14.286970   0.069850
1867.382212   14.306330   0.067560
1867.391671   14.269620   0.076250
1867.401392   14.258880   0.074920
1867.410805   14.266330   0.073280
1867.420288   14.259750   0.083100
1867.429722   14.307560   0.096790
1867.439192   14.299950   0.090180
1867.448574   14.225910   0.096040
1867.456168   14.249130   0.081640
1867.463320   14.266420   0.092180
1867.469421   14.324500   0.092900
1867.473939   14.292540   0.072030
1867.478291   14.280510   0.066220
1867.481655   14.262700   0.069270
1867.484335   14.278570   0.074830
1867.486951   14.244760   0.066300
1867.488639   14.217240   0.078700
1867.490315   14.288470   0.084610
1867.492002   14.293600   0.072340
1867.493724   14.286570   0.073940
1868.197661   14.311760   0.087070
1868.207123   14.291910   0.088850
1868.216418   14.391580   0.092840
1868.225986   14.286770   0.105770
1868.235811   14.268920   0.110990
1868.245580   14.277880   0.112700
1868.255183   14.333630   0.104610
1868.264815   14.382180   0.129730
1868.274279   14.232170   0.070900
1868.283929   14.304750   0.119070
1868.322394   14.248700   0.076600
1868.332083   14.337820   0.106570
1870.219778   14.267230   0.059040
1870.229270   14.302640   0.056670
1870.238762   14.302560   0.063670
1870.248135   14.252280   0.059760
1870.257691   14.246750   0.070500
1870.267266   14.267210   0.069460
1870.276950   14.309390   0.064810
1870.286498   14.294220   0.069170
1870.295849   14.242430   0.065360
1870.305565   14.212620   0.069130
1870.315197   14.313610   0.080740
1870.325274   14.307950   0.075620
1870.335174   14.310680   0.072920
1870.344892   14.223890   0.080280
1870.354573   14.274050   0.095440
1870.364104   14.285380   0.119100
1870.373603   14.255560   0.114240
1870.383600   14.287130   0.128250
1871.136689   14.290130   0.069940
1871.146179   14.270060   0.062080
1871.155384   14.303750   0.063610
1871.164955   14.285500   0.074830
1871.174269   14.320980   0.073510
1871.183469   14.234740   0.074620
1871.192872   14.262310   0.072590
1871.202392   14.264610   0.074940
1871.211865   14.271790   0.088980
1871.221273   14.259090   0.088620
1871.230922   14.269250   0.077510
1871.240394   14.246770   0.074890
1871.250018   14.310980   0.077230
1871.259511   14.287910   0.078080
1871.269122   14.316340   0.079860
1871.278903   14.266070   0.071320
1871.288648   14.298950   0.080580
1871.298226   14.295550   0.080720
1871.307789   14.292140   0.083780
1871.317562   14.298840   0.089490
1871.327342   14.293640   0.094170
1871.337079   14.294050   0.102940
1871.346725   14.347670   0.105860
1871.356495   14.337140   0.098490
1871.366277   14.280140   0.109000
1871.375944   14.264640   0.106690
1871.385808   14.277610   0.116990
1871.395399   14.234630   0.124520
1871.404882   14.284960   0.076800
1871.414342   14.319140   0.106000
1871.423744   14.239430   0.131730
1871.433495   14.296680   0.104460
1871.442405   14.279360   0.125180
1871.449670   14.314050   0.105010
1871.455742   14.277370   0.128670
1871.461344   14.266750   0.072600
1871.465815   14.344350   0.077900
1871.469384   14.183640   0.101400
1871.472917   14.251710   0.108840
1871.476070   14.265180   0.125450
1871.477819   14.322000   0.134530
1871.479709   14.242550   0.128820
1871.481438   14.243560   0.126910
1872.324463   14.310520   0.083250
1872.334315   14.254550   0.081790
1872.344041   14.313700   0.077580
1872.353623   14.268080   0.078040
1872.363427   14.295640   0.078930
1872.373279   14.273510   0.077610
1872.383099   14.284380   0.077650
1872.392766   14.271700   0.074880
1872.402203   14.263290   0.077570
1872.412032   14.339520   0.084150
1872.421585   14.316230   0.087710
1872.431130   14.271980   0.093940
1872.439874   14.345550   0.092340
1872.447517   14.284870   0.093170
1872.454162   14.281090   0.094320
1872.459603   14.292970   0.106740
1872.463903   14.199920   0.101830
1872.467716   14.239890   0.101040
1872.470496   14.240700   0.100780
1872.473152   14.344730   0.109020
1872.474857   14.333990   0.109750
1872.476617   14.277310   0.108780
1872.478370   14.289210   0.105730
1872.480228   14.301800   0.103530
1872.541663   14.265220   0.121150
1872.550845   14.375990   0.117760
1872.560346   14.258390   0.108550
1873.229437   14.270250   0.090020
1873.238826   14.295960   0.096900
1873.248403   14.290320   0.093330
1873.258009   14.302310   0.088580
1873.267456   14.348340   0.100850
1873.276959   14.294560   0.100380
1873.286788   14.225990   0.094280
1873.296275   14.287200   0.099230
1873.305896   14.366540   0.112070
1873.315548   14.288980   0.112560
1873.325684   14.284700   0.113100
1873.335346   14.335700   0.115170
1873.345020   14.289850   0.095330
1873.354842   14.208720   0.106700
1873.364691   14.307480   0.115910
1873.374458   14.376030   0.067300
1873.383960   14.387850   0.116630
1873.393856   14.274030   0.112530
1873.403606   14.286150   0.116810
1873.413133   14.257330   0.100050
1873.422785   14.112770   0.065200
1873.432622   14.320240   0.120410
1873.441010   14.304430   0.111870
1873.447044   14.258080   0.113050
1873.453044   14.252530   0.107260
1873.457630   14.259190   0.110690
1873.462090   14.288680   0.113750
1873.465548   14.310670   0.118380
1873.468261   14.313180   0.120410
1873.470892   14.301790   0.121470
1873.472722   14.292030   0.118550
1873.474437   14.215450   0.112230
1873.476606   14.296520   0.170450
1874.032527   14.241310   0.059450
1874.041923   14.246510   0.061730
1874.051714   14.260100   0.061840
1874.061193   14.291050   0.059990
1874.070741   14.237850   0.066180
1874.080230   14.285420   0.064540
1874.089638   14.293710   0.065140
1874.098984   14.307200   0.070610
1874.108441   14.284280   0.066350
1874.117749   14.284490   0.068390
1874.127103   14.317960   0.067390
1874.136654   14.262780   0.069660
1874.145982   14.318280   0.073860
1874.155173   14.319510   0.074330
1874.164605   14.316870   0.088570
1874.174153   14.307030   0.099210
1874.183645   14.320210   0.123920
1876.992585   14.255910   0.061750
1877.002277   14.270340   0.066350
1877.012009   14.265330   0.072120
1877.021623   14.231040   0.069040
1877.031340   14.253890   0.075740
1877.041094   14.265090   0.070170
1877.050632   14.233580   0.062130
1877.060512   14.229060   0.062790
1877.070280   14.331410   0.068880
1877.080037   14.253280   0.067660
1877.089835   14.272370   0.065680
1877.099542   14.279910   0.069760
1877.109324   14.266560   0.087620
1877.119234   14.207820   0.081770
1877.128562   14.203540   0.075830
1877.137988   14.263720   0.071620
1877.147449   14.301600   0.090660
1877.157081   14.283280   0.086450
1877.166514   14.262870   0.082120
1877.175811   14.249040   0.073270
1877.185180   14.330980   0.087610
1877.194638   14.252780   0.080900
1877.204359   14.350700   0.079880
1877.213829   14.307010   0.076790
1877.223290   14.276970   0.080490
1877.232928   14.247870   0.074210
1877.242583   14.240260   0.084010
1877.252102   14.320420   0.090010
1877.261424   14.389490   0.092500
1877.271317   14.311100   0.080430
1877.280810   14.271610   0.076180
1877.290913   14.289270   0.082340
1877.300708   14.323960   0.076730
1877.310552   14.281210   0.082270
1877.320329   14.326470   0.097730
1877.330019   14.271850   0.083160
1877.339609   14.288520   0.071200
1877.349339   14.350740   0.086530
1877.359563   14.261820   0.073680
1877.369289   14.327290   0.088860
1877.379166   14.251520   0.079270
1877.389199   14.327260   0.094960
1877.398748   14.280740   0.103740
1877.408188   14.322190   0.099150
1877.417610   14.263750   0.092100
1877.426444   14.300710   0.082630
1877.433416   14.273550   0.090510
1877.439426   14.366070   0.106830
1877.444578   14.252720   0.097810
1877.449101   14.258520   0.084920
1877.452622   14.286830   0.102300
1877.456119   14.311470   0.092590
1877.458826   14.266180   0.089390
1877.460660   14.279730   0.093650
1877.462441   14.284780   0.096080
1877.464144   14.287630   0.092970
1877.465872   14.276890   0.099960
1877.528546   14.311590   0.112030
1877.538164   14.336790   0.115260
1877.547759   14.290100   0.128490
1877.557433   14.322950   0.132420
1877.566991   14.217720   0.108540
1877.956588   14.292660   0.105720
1877.966360   14.214940   0.093150
1877.975795   14.296040   0.072720
1877.985575   14.287330   0.065110
1877.995071   14.311950   0.061570
1878.004964   14.346250   0.058310
1878.014335   14.318790   0.065830
1878.023915   14.302620   0.051690
1878.033403   14.306310   0.059710
1878.042881   14.272530   0.057460
1878.052477   14.337260   0.066800
1878.062202   14.306890   0.067430
1878.072038   14.305410   0.063490
1878.081838   14.350210   0.069930
1878.091595   14.270360   0.061750
1878.101204   14.299000   0.064800
1878.111056   14.267110   0.068540
1878.120475   14.263480   0.068570
1878.129972   14.298460   0.074500
1878.139452   14.246090   0.082210
1878.149134   14.207600   0.074600
1878.158293   14.191290   0.121730
1878.167692   14.289670   0.075750
1878.177309   14.267880   0.072070
1878.186872   14.207670   0.094150
1878.196273   14.274930   0.087020
1878.206054   14.260570   0.104230
1878.215833   14.331970   0.117960
1878.225557   14.288410   0.119780
1878.235117   14.261870   0.097770
1878.244657   14.229250   0.094750
1878.254352   14.308710   0.105680
1878.263984   14.308880   0.115610
1878.273770   14.226310   0.114920
1878.283405   14.303690   0.123670
1878.293079   14.330980   0.126430
1878.342202   14.258250   0.075400
1878.351898   14.323100   0.128310
1878.361743   14.392630   0.109660
1878.371492   14.365540   0.130510
1878.381205   14.257530   0.073500
1878.390611   14.320620   0.099710
1878.400035   14.306970   0.126620
1878.409523   14.346610   0.123240
1878.419403   14.207460   0.068700
1878.427292   14.224070   0.072200
1878.439580   14.198840   0.067400
1878.448478   14.389070   0.071500
1878.454568   14.316600   0.075200
1878.457517   14.128030   0.069600
1878.459016   14.288950   0.105610
1878.461096   14.292990   0.072300
1878.462738   14.274630   0.100300
1878.542754   14.316690   0.132360
1878.939490   14.316020   0.121640
1878.950209   14.302600   0.106240
1878.960985   14.355880   0.102440
1878.971663   14.253600   0.093120
1878.982256   14.292390   0.089910
1878.992862   14.280420   0.088180
1879.003349   14.294340   0.092990
1879.014056   14.357450   0.093450
1879.024781   14.294700   0.095300
1879.035403   14.318480   0.105730
1879.046338   14.316460   0.102250
1879.056998   14.277600   0.112380
1879.067120   14.304500   0.105060
1879.077625   14.308370   0.116210
1879.087804   14.262130   0.113570
1879.097718   14.304200   0.119880
1879.108265   14.213300   0.128600
1879.118830   14.221300   0.076500
1879.138951   14.214950   0.125020
1879.914740   14.243480   0.083310
1879.924232   14.289290   0.101050
1879.933937   14.296330   0.090650
1879.943742   14.309930   0.075540
1879.953255   14.277130   0.068410
1879.962965   14.270590   0.058490
1879.972299   14.286830   0.060110
1879.982133   14.308430   0.059380
1879.991480   14.321980   0.069140
1880.001350   14.280140   0.066540
1880.010995   14.289050   0.078930
1880.020489   14.287080   0.080300
1880.030167   14.224460   0.076650
1880.040004   14.255730   0.075440
1880.050020   14.347740   0.078580
1880.059700   14.312150   0.082630
1880.069635   14.304940   0.081580
1880.079469   14.382210   0.088130
1880.089000   14.305650   0.081900
1880.098524   14.289500   0.085460
1880.108072   14.234220   0.088630
1880.117530   14.274620   0.082140
1880.127140   14.290360   0.083380
1880.200091   14.248780   0.094230
1880.209735   14.221450   0.095620
1880.219431   14.254130   0.095230
1880.229324   14.285170   0.091470
1880.238989   14.261000   0.086840
1880.248836   14.315330   0.079480
1880.258298   14.274160   0.089910
1880.267686   14.290720   0.093590
1880.277275   14.244970   0.094360
1880.286928   14.309720   0.105430
1880.306613   14.252550   0.095680
1880.369120   14.341950   0.090110
1880.967707   14.456030   0.101440
1880.977730   14.261160   0.089900
1880.987626   14.284990   0.085800
1880.997175   14.282040   0.078890
1881.007352   14.257550   0.082520
1881.017262   14.342890   0.084960
1881.027023   14.243790   0.085250
1881.036583   14.301380   0.088470
1881.046307   14.223120   0.087920
1881.055914   14.245980   0.097170
1881.065565   14.274740   0.094100
1881.075352   14.254980   0.098900
1881.085120   14.215120   0.090340
1881.094964   14.318010   0.093590
1881.104801   14.346120   0.074570
1881.114937   14.296800   0.106770
1881.124474   14.309450   0.095850
1881.134326   14.301920   0.101900
1881.143810   14.311720   0.080050
1881.153419   14.178300   0.098890
1881.163015   14.220330   0.092340
1881.171357   14.280950   0.083900
1881.180981   14.315620   0.089150
1881.190627   14.262380   0.073360
1881.200550   14.223890   0.077790
1881.210473   14.300630   0.088110
1881.220305   14.274150   0.093820
1881.230199   14.346200   0.090990
1881.239668   14.254750   0.095270
1881.249328   14.336650   0.089780
1881.258917   14.266420   0.090730
1881.268352   14.300580   0.096630
1881.278189   14.296930   0.092800
1881.288137   14.256690   0.094100
1881.297680   14.290650   0.087680
1881.307337   14.303160   0.098560
1881.317394   14.312810   0.103500
1881.327336   14.238450   0.105020
1881.337373   14.275110   0.109590
1881.347129   14.305510   0.111720
1881.357110   14.290050   0.108290
1881.366722   14.281810   0.108850
1881.376276   14.279550   0.112400
1881.386104   14.250690   0.115830
1881.395996   14.287490   0.118830
1881.405772   14.240580   0.117780
1881.414838   14.299020   0.118610
1881.422098   14.283520   0.121310
1881.428287   14.259250   0.120140
1881.433496   14.321190   0.125750
1881.437835   14.349180   0.126220
1881.441542   14.223960   0.122160
1881.445001   14.120890   0.096240
1881.447777   14.283260   0.129190
1881.449541   14.275270   0.127860
1881.451276   14.350940   0.135060
1881.453131   14.454100   0.107620
1881.455393   14.312930   0.135640
1881.512336   14.264240   0.106840
1881.874721   14.255370   0.069700
1881.884546   14.232820   0.112820
1881.894462   14.338570   0.111330
1881.904494   14.302920   0.098750
1881.914271   14.229560   0.092260
1881.923884   14.350600   0.094480
1881.933466   14.269790   0.086440
1881.943231   14.322570   0.096370
1881.952875   14.349910   0.114790
1881.962633   14.341180   0.126420
1881.972225   14.299830   0.102320
1882.080330   14.279960   0.119150
1882.131635   14.224860   0.101260
1883.093660   14.271450   0.107820
1883.112818   14.314230   0.112900
1883.122390   14.290900   0.063500
1883.131900   14.312880   0.114090
1883.141218   14.301710   0.098300
1883.179271   14.318760   0.121910
1883.188727   14.275130   0.117640
1883.207904   14.141190   0.075000
1884.099534   14.301300   0.058140
1884.109140   14.247520   0.056420
1884.118686   14.271440   0.074840
1884.128292   14.454120   0.093100
1884.137551   14.285020   0.069000
1884.147279   14.212110   0.075240
1884.156774   14.315770   0.078650
1884.166197   14.358720   0.071350
1884.175960   14.291230   0.098790
1884.185414   14.279050   0.086050
1884.194977   14.269900   0.069860
1884.204574   14.318870   0.080780
1884.214174   14.256140   0.069980
1884.223839   14.298350   0.078470
1884.233272   14.394240   0.115530
1884.242628   14.317080   0.058650
1884.252195   14.269820   0.061960
1884.261682   14.350550   0.065640
1884.271201   14.327460   0.061500
1884.280876   14.316890   0.070360
1884.290846   14.319410   0.079450
1884.300573   14.274400   0.081680
1884.310266   14.148230   0.058500
1884.320206   14.255750   0.074520
1884.330156   14.282880   0.080370
1884.340081   14.264180   0.096260
1884.350052   14.310040   0.093780
1884.360119   14.259670   0.077330
1884.370060   14.261800   0.079630
1884.379738   14.292560   0.085790
1884.389528   14.256810   0.066210
1884.399065   14.292180   0.071760
1884.406881   14.245350   0.081550
1884.413865   14.246640   0.095560
1884.420368   14.315190   0.075790
1884.425635   14.274860   0.077320
1884.430150   14.320420   0.067500
1884.433678   14.299820   0.076020
1884.437202   14.313540   0.076620
1884.439908   14.278120   0.082340
1884.441669   14.324100   0.078630
1884.443407   14.322800   0.076800
1884.445186   14.352370   0.075640
1884.446926   14.312150   0.093340
1884.503638   14.279080   0.067340
1884.513187   14.335490   0.081100
1884.522993   14.259820   0.065950
1884.532900   14.296050   0.062040
1884.542819   14.330100   0.078410
1884.552782   14.273180   0.038500
1884.562458   14.301790   0.058630
1884.572213   14.323940   0.073040
1884.581820   14.273860   0.058800
1884.591479   14.274410   0.078880
1884.600983   14.296130   0.068270
1884.610820   14.301400   0.064560
1884.945295   14.131950   0.070100
1885.278947   14.365800   0.070700
1886.072366   14.275670   0.052380
1886.082057   14.309220   0.058060
1886.091456   14.253570   0.059890
1886.101064   14.292180   0.065530
1886.110701   14.295350   0.062190
1886.120214   14.276910   0.063540
1886.129544   14.291120   0.063060
1886.138882   14.286070   0.067450
1886.148233   14.271070   0.066460
1886.157943   14.287500   0.069570
1886.167550   14.241150   0.077290
1886.177101   14.359420   0.082100
1886.186997   14.345590   0.084890
1886.196609   14.294250   0.087240
1886.206153   14.284800   0.097480
1886.215757   14.305380   0.107510
1886.225422   14.168540   0.124140
1886.234829   14.234210   0.104450
1886.244630   14.228950   0.126000
1886.254426   14.258470   0.100240
1886.263771   14.348080   0.086240
1886.273578   14.207540   0.098440
1886.283270   14.281880   0.081270
1886.293134   14.307330   0.086360
1886.303115   14.203700   0.094070
1886.312914   14.332610   0.091780
1886.322818   14.196400   0.088070
1886.332859   14.276330   0.093510
1886.342543   14.261920   0.089400
1886.352534   14.306850   0.093190
1886.362281   14.240950   0.096910
1886.372003   14.231450   0.098160
1886.381496   14.242380   0.100500
1886.391198   14.279380   0.110350
1886.399994   14.291770   0.110580
1886.408171   14.196860   0.109970
1886.419658   14.257000   0.100350
1886.423873   14.310480   0.099640
1886.427535   14.201140   0.093080
1886.431086   14.330180   0.127260
1886.437216   14.292570   0.097020
1886.438905   14.334730   0.074700
