1863.270074   10.402880   0.006930
1863.279229   10.384270   0.006120
1863.288341   10.383310   0.005890
1863.297662   10.382930   0.005660
1863.306748   10.373180   0.006240
1863.315898   10.387930   0.006240
1863.325261   10.385250   0.006240
1863.334632   10.384070   0.006410
1863.344416   10.390610   0.006350
1863.353962   10.390730   0.006240
1863.363511   10.391020   0.005720
1863.372640   10.389610   0.005370
1863.381795   10.396750   0.005540
1863.391577   10.391930   0.005720
1863.400670   10.394770   0.005890
1863.410157   10.385370   0.005830
1863.419415   10.389500   0.005950
1863.428728   10.388710   0.006240
1863.438171   10.385410   0.006410
1863.447725   10.389300   0.006530
1863.457038   10.383210   0.007220
1863.464667   10.384450   0.008260
1863.471563   10.386960   0.008550
1863.477686   10.376040   0.007970
1863.482900   10.383920   0.008140
1863.487037   10.378660   0.008490
1863.490505   10.383730   0.008430
1863.494064   10.384540   0.008080
1863.496621   10.384040   0.008370
1863.498272   10.386460   0.008490
1863.500087   10.383580   0.008660
1863.501889   10.382150   0.008830
1863.503937   10.388150   0.012450
1864.260292   10.385970   0.005950
1864.269452   10.381660   0.005310
1864.278712   10.384020   0.005890
1864.288040   10.378450   0.005890
1864.297228   10.384420   0.005770
1864.306786   10.380720   0.005890
1864.315982   10.387340   0.006060
1864.325240   10.386800   0.005890
1864.334830   10.390390   0.005720
1864.344223   10.391700   0.007390
1864.353629   10.391910   0.007160
1864.362884   10.393300   0.007620
1864.372284   10.405670   0.008830
1864.381718   10.405890   0.007970
1864.391386   10.400750   0.006930
1864.401175   10.403840   0.008260
1864.410777   10.403570   0.007560
1864.420158   10.392730   0.007510
1864.429378   10.382780   0.007970
1864.438639   10.385520   0.008840
1864.448098   10.390420   0.009760
1864.457409   10.377250   0.010220
1864.465120   10.375850   0.009580
1864.472313   10.375990   0.010680
1864.477494   10.371750   0.011890
1864.482643   10.379360   0.015590
1864.486002   10.389750   0.020090
1864.489646   10.387360   0.018070
1864.492216   10.389560   0.014490
1864.494776   10.371620   0.014320
1864.496480   10.383470   0.015070
1864.498365   10.384380   0.015190
1864.500091   10.392680   0.015760
1864.501760   10.381170   0.015130
1865.316145   10.385820   0.005660
1865.326150   10.389530   0.006120
1865.336276   10.380050   0.006750
1865.346577   10.376740   0.006240
1865.356675   10.377690   0.006240
1865.366659   10.383870   0.006750
1865.376904   10.380510   0.006750
1865.387088   10.381060   0.006810
1865.397153   10.385300   0.006810
1865.407149   10.385790   0.006580
1865.417333   10.386550   0.006580
1865.427630   10.388950   0.006810
1865.437669   10.382350   0.006750
1865.448171   10.395440   0.008080
1865.457324   10.385900   0.008140
1865.465615   10.383110   0.008720
1865.471988   10.380510   0.010220
1865.477591   10.373710   0.011890
1865.482335   10.387780   0.010220
1865.486159   10.360890   0.011610
1865.489785   10.371590   0.010280
1865.492667   10.368570   0.009930
1865.494427   10.366320   0.009700
1865.496283   10.363850   0.009120
1865.498551   10.355910   0.015040
1866.165339   10.386350   0.004330
1866.212035   10.382750   0.004680
1867.382212   10.377900   0.004450
1867.391671   10.374890   0.004500
1867.401392   10.381480   0.004500
1867.410805   10.386080   0.004500
1867.420288   10.383060   0.005020
1867.429722   10.377790   0.005370
1867.439192   10.382240   0.005080
1867.448574   10.383150   0.005600
1867.456168   10.383970   0.005140
1867.463320   10.393930   0.005310
1867.469421   10.390360   0.005200
1867.473939   10.388370   0.004500
1867.478291   10.390800   0.004330
1867.481655   10.392830   0.004330
1867.484335   10.385350   0.004500
1867.486951   10.391910   0.004390
1867.488639   10.390240   0.004500
1867.490315   10.387330   0.004500
1867.492002   10.390360   0.004500
1867.493724   10.393710   0.004450
1868.303104   10.373130   0.009930
1868.370659   10.384520   0.008780
1868.380417   10.381020   0.009010
1868.390367   10.392180   0.008780
1868.399668   10.386910   0.008780
1868.409622   10.382230   0.009300
1868.419023   10.382200   0.008950
1868.428372   10.378340   0.008890
1868.437691   10.385390   0.009240
1868.446987   10.387640   0.009240
1868.454949   10.370820   0.009350
1868.461066   10.376730   0.009350
1868.467151   10.392320   0.009700
1868.471440   10.382520   0.009990
1868.475710   10.387590   0.010850
1868.479187   10.380440   0.011140
1868.481793   10.387120   0.010970
1868.484421   10.394390   0.010740
1868.486154   10.388210   0.010220
1868.487874   10.393490   0.010620
1868.489584   10.387630   0.010570
1868.491280   10.395030   0.010910
1868.552972   10.409180   0.015710
1868.562396   10.412190   0.014320
1868.572038   10.399050   0.035220
1868.581607   10.409400   0.022520
1868.591155   10.380900   0.022400
1868.600621   10.380390   0.027780
1869.278238   10.390060   0.017800
1869.287800   10.396630   0.017900
1869.326588   10.376340   0.024890
1869.336288   10.358140   0.028010
1869.345989   10.388410   0.030450
1869.375609   10.348530   0.040180
1869.384959   10.340210   0.048390
1869.394424   10.380280   0.046760
1869.403953   10.377170   0.045900
1869.413491   10.331410   0.048560
1869.422812   10.361800   0.052410
1869.432155   10.311060   0.051810
1869.441546   10.379530   0.061610
1869.456537   10.373860   0.060470
1869.462798   10.407410   0.070400
1869.468109   10.337530   0.071070
1869.472757   10.380300   0.048370
1869.476343   10.354390   0.044450
1869.478887   10.354550   0.062880
1869.481532   10.402180   0.063530
1869.483348   10.406200   0.050140
1869.485003   10.407740   0.058610
1869.486718   10.375240   0.063350
1869.488400   10.396150   0.067110
1869.544878   10.477050   0.073270
1869.554590   10.415820   0.046100
1869.564207   10.435880   0.100930
1870.257691   10.430190   0.004500
1870.267266   10.404110   0.004330
1870.305565   10.377500   0.004500
1870.344892   10.370420   0.005020
1870.354573   10.370380   0.005600
1870.364104   10.371930   0.006930
1870.373603   10.382460   0.006580
1870.383600   10.388140   0.007330
1870.393243   10.378760   0.008490
1870.402820   10.382640   0.011140
1870.412418   10.378990   0.010450
1870.421719   10.376130   0.010510
1870.431056   10.388260   0.010850
1870.440608   10.382050   0.009180
1870.448993   10.381990   0.008260
1870.461756   10.377210   0.009580
1870.466593   10.379840   0.010450
1870.470290   10.375690   0.009530
1870.474034   10.355220   0.010570
1870.476825   10.377560   0.011660
1870.478569   10.381350   0.011320
1870.480341   10.379230   0.010800
1870.482097   10.383270   0.010910
1870.483838   10.380310   0.011490
1870.485602   10.379840   0.011200
1871.269122   10.382090   0.004850
1871.307789   10.390830   0.005200
1871.317562   10.376620   0.005310
1871.356495   10.394590   0.005890
1871.366277   10.394880   0.006410
1871.375944   10.398370   0.006580
1871.385808   10.382920   0.006990
1871.395399   10.389600   0.007390
1871.404882   10.388230   0.008140
1871.414342   10.375590   0.007790
1871.423744   10.395610   0.007790
1871.433495   10.391600   0.007680
1871.442405   10.390720   0.007280
1871.449670   10.393110   0.007330
1871.461191   10.394320   0.007850
1871.465968   10.381800   0.007560
1871.469461   10.376300   0.007620
1871.472994   10.391470   0.007620
1871.476070   10.378310   0.007280
1871.479709   10.382530   0.007280
1871.481438   10.390230   0.007330
1871.550420   10.384230   0.007790
1871.559908   10.388930   0.007850
1871.569340   10.385410   0.008140
1871.578835   10.375550   0.008490
1871.588334   10.388010   0.009070
1871.597765   10.376450   0.010450
1871.607264   10.393650   0.011890
1871.616819   10.350520   0.013680
1871.626324   10.396330   0.016740
1872.324463   10.379210   0.004790
1872.334315   10.381990   0.004910
1872.363427   10.387860   0.004850
1872.373279   10.396310   0.004910
1872.383099   10.392260   0.005020
1872.392766   10.397380   0.005020
1872.402203   10.400810   0.005020
1872.412032   10.392090   0.005200
1872.421585   10.396910   0.005260
1872.431130   10.377990   0.005370
1872.439874   10.380410   0.005370
1872.447517   10.382960   0.005430
1872.454162   10.375240   0.005540
1872.459603   10.376780   0.005770
1872.463903   10.373850   0.005890
1872.467716   10.381460   0.005720
1872.470496   10.377050   0.005720
1872.473152   10.382450   0.005890
1872.474857   10.385160   0.005890
1872.476617   10.375610   0.005890
1872.478370   10.383090   0.005890
1872.480228   10.388420   0.005890
1872.541663   10.391630   0.006930
1872.550845   10.387160   0.007100
1872.560270   10.380630   0.007280
1872.569828   10.381720   0.007620
1872.579400   10.393040   0.008140
1872.588943   10.389700   0.008660
1872.598488   10.375850   0.009530
1872.608116   10.379670   0.010910
1872.646041   10.391320   0.025410
1873.229437   10.407790   0.005370
1873.267456   10.402380   0.005720
1873.315548   10.386190   0.006060
1873.325684   10.392480   0.006240
1873.335346   10.383000   0.006470
1873.354842   10.382190   0.006350
1873.364691   10.384650   0.006700
1873.374458   10.385390   0.006580
1873.383960   10.377340   0.006240
1873.393856   10.385640   0.006410
1873.403606   10.388280   0.006640
1873.422938   10.380770   0.007040
1873.432622   10.383920   0.006750
1873.441010   10.383210   0.006530
1873.447044   10.379190   0.006410
1873.453044   10.373250   0.006410
1873.457630   10.377210   0.006580
1873.462090   10.374190   0.006580
1873.465548   10.373540   0.006580
1873.468261   10.380520   0.006700
1873.470892   10.382770   0.006870
1873.472722   10.376430   0.006750
1873.474437   10.374140   0.006640
1873.476606   10.379840   0.009590
1873.539458   10.388710   0.020850
1873.548852   10.394740   0.016510
1873.558313   10.377030   0.013110
1873.567696   10.389350   0.012820
1873.577180   10.363700   0.014030
1873.586745   10.387990   0.012010
1873.596227   10.381880   0.016050
1873.605773   10.401190   0.015940
1873.615321   10.387030   0.014610
1873.624816   10.416000   0.015360
1874.041923   10.384910   0.004160
1874.051714   10.395030   0.004160
1874.061193   10.379780   0.003980
1874.183645   10.380540   0.007100
1874.603390   10.365330   0.013340
1874.613039   10.361900   0.015420
1877.012009   10.389420   0.004160
1877.021623   10.387370   0.004160
1877.050632   10.394450   0.004040
1877.109324   10.373270   0.004730
1877.119234   10.377840   0.004680
1877.157081   10.391470   0.004850
1877.310552   10.370800   0.004730
1877.349339   10.374390   0.004910
1877.359563   10.384580   0.004680
1877.369289   10.383540   0.004910
1877.389199   10.381820   0.005140
1877.398748   10.384860   0.005490
1877.408188   10.391680   0.005430
1877.417610   10.386850   0.005310
1877.426444   10.387770   0.005140
1877.433416   10.375100   0.005370
1877.439426   10.389810   0.005660
1877.449101   10.382360   0.005370
1877.452622   10.374420   0.005660
1877.456119   10.376200   0.005370
1877.458826   10.380870   0.005370
1877.460660   10.382390   0.005430
1877.462441   10.376820   0.005430
1877.464144   10.373030   0.005370
1877.465872   10.365430   0.005540
1877.528546   10.383380   0.006240
1877.538164   10.378220   0.006410
1877.547759   10.379050   0.006750
1877.557433   10.382570   0.006930
1877.566991   10.393330   0.006990
1877.966360   10.380380   0.005200
1877.975795   10.385650   0.004560
1877.985575   10.380520   0.004270
1878.014335   10.395850   0.004330
1878.042881   10.386230   0.004160
1878.263984   10.386680   0.006750
1878.312828   10.380320   0.008660
1878.322431   10.388850   0.008550
1878.332111   10.383760   0.008950
1878.342126   10.389300   0.006360
1878.351898   10.393900   0.007450
1878.361666   10.386280   0.007100
1878.371492   10.388140   0.007280
1878.381052   10.389740   0.007790
1878.390611   10.385570   0.005940
1878.400035   10.396850   0.007390
1878.409523   10.399470   0.007100
1878.419250   10.401400   0.007620
1878.427139   10.391530   0.007790
1878.444205   10.388600   0.006220
1878.454721   10.386200   0.007450
1878.460943   10.376940   0.007450
1878.463071   10.397530   0.010700
1878.523903   10.389490   0.007620
1878.533380   10.389720   0.007620
1878.542754   10.381960   0.007450
1878.552323   10.373080   0.007910
1878.561961   10.383530   0.009070
1878.571685   10.378820   0.012010
1878.581234   10.385180   0.011140
1878.590773   10.375280   0.011610
1878.600390   10.387900   0.014660
1878.885725   10.384280   0.008840
1878.896259   10.376500   0.007280
1878.907039   10.390100   0.006870
1878.917827   10.375880   0.006750
1878.928636   10.372120   0.006810
1878.939490   10.385750   0.006240
1878.950209   10.378500   0.005490
1878.960985   10.378010   0.005430
1878.971663   10.374700   0.005260
1878.982256   10.374550   0.005370
1878.992862   10.378500   0.005370
1879.003349   10.379350   0.005660
1879.014056   10.385130   0.005720
1879.024781   10.387270   0.005720
1879.035403   10.384250   0.006240
1879.087804   10.382740   0.006750
1879.331398   10.388570   0.009010
1879.352168   10.388840   0.009180
1879.362239   10.391790   0.009180
1879.372581   10.384310   0.009350
1879.383093   10.379120   0.005400
1879.393142   10.386960   0.009470
1879.403333   10.390220   0.009820
1879.413718   10.396470   0.009990
1879.422210   10.390530   0.010050
1879.430290   10.394250   0.010390
1879.436891   10.388080   0.010570
1879.441492   10.396790   0.010740
1879.445571   10.388530   0.010740
1879.449457   10.377270   0.010850
1879.452342   10.389930   0.008980
1879.454194   10.386140   0.011030
1879.456055   10.383520   0.009050
1879.457932   10.384420   0.011140
1879.460282   10.390980   0.015920
1879.524043   10.390560   0.013680
1879.534146   10.383710   0.014090
1879.544253   10.389920   0.014430
1879.554321   10.384140   0.008500
1879.564508   10.377410   0.014950
1879.574677   10.360250   0.015300
1879.584814   10.350410   0.015590
1879.594935   10.379190   0.016110
1879.605121   10.367170   0.016860
1879.615186   10.377220   0.018010
1879.625350   10.369730   0.019750
1879.885631   10.398600   0.009640
1879.895153   10.400420   0.008080
1879.904711   10.390290   0.006580
1879.914664   10.380950   0.005430
1879.924232   10.384760   0.004790
1879.933937   10.389860   0.004450
1879.943742   10.386540   0.004160
1879.953255   10.385330   0.003980
1879.962965   10.392600   0.003810
1879.972299   10.390840   0.003810
1879.982133   10.390160   0.003980
1879.991480   10.383740   0.004100
1880.001350   10.387250   0.004160
1880.020489   10.386930   0.004390
1880.306613   10.376310   0.005200
1880.369120   10.377400   0.005020
1880.684731   10.385160   0.011780
1880.693935   10.407790   0.012180
1880.703424   10.377360   0.014030
1880.712965   10.365990   0.016460
1880.722745   10.377860   0.019980
1880.732752   10.375910   0.024710
1880.743114   10.384080   0.029560
1880.753480   10.369790   0.036090
1880.828480   10.419270   0.032400
1880.839020   10.354350   0.026440
1880.977730   10.400000   0.004910
1880.987626   10.398830   0.004500
1881.124474   10.372440   0.005140
1881.288137   10.382510   0.005370
1881.307337   10.379570   0.005540
1881.327336   10.383010   0.005770
1881.337373   10.393770   0.005890
1881.347129   10.392040   0.005890
1881.357110   10.393130   0.006000
1881.366722   10.394120   0.006060
1881.386104   10.376900   0.006350
1881.395996   10.381470   0.006410
1881.405772   10.397420   0.006580
1881.414838   10.397610   0.006580
1881.428287   10.396570   0.006700
1881.437835   10.396620   0.006870
1881.441542   10.379910   0.006930
1881.447777   10.392080   0.006930
1881.449541   10.386630   0.006930
1881.451276   10.375160   0.006930
1881.453055   10.376320   0.006990
1881.455245   10.381610   0.009960
1881.512259   10.394700   0.007450
1881.522032   10.390610   0.007790
1881.531584   10.394820   0.008080
1881.541053   10.380850   0.008030
1881.560601   10.388320   0.008310
1881.570473   10.403930   0.008370
1881.580253   10.383000   0.008950
1881.589860   10.378260   0.008660
1881.599577   10.380530   0.009470
1881.609472   10.373990   0.009120
1881.619114   10.366480   0.009870
1881.638590   10.381440   0.011320
1881.648351   10.406070   0.012590
1881.778022   10.393270   0.021770
1881.787777   10.401480   0.020610
1881.797497   10.388350   0.019920
1881.807277   10.362930   0.017380
1881.816745   10.394550   0.015300
1881.826319   10.388070   0.013050
1881.835921   10.353520   0.010740
1881.845731   10.373210   0.009300
1881.855252   10.368080   0.008030
1881.864967   10.375520   0.007330
1881.874874   10.372240   0.006750
1881.884546   10.391780   0.006000
1881.894462   10.384930   0.005490
1881.904494   10.397170   0.005080
1881.914271   10.400220   0.005020
1881.923884   10.391050   0.005020
1881.933466   10.394880   0.004970
1881.943231   10.390760   0.005020
1881.952875   10.376560   0.006060
1881.962633   10.382100   0.006530
1881.982098   10.384450   0.007100
1881.992169   10.383500   0.008600
1882.001889   10.401190   0.009470
1882.080330   10.390820   0.006290
1882.160119   10.387190   0.007510
1882.169652   10.394410   0.007740
1882.217722   10.412710   0.013160
1882.266006   10.390860   0.014500
1882.275585   10.382900   0.012930
1882.285301   10.372200   0.012930
1882.295361   10.377330   0.012180
1882.315073   10.374630   0.018770
1882.325032   10.376220   0.012300
1882.334886   10.372450   0.010850
1882.344919   10.384840   0.012760
1882.354771   10.376430   0.013690
1882.364587   10.387420   0.011660
1882.374737   10.386870   0.011840
1882.384681   10.433160   0.047450
1883.150882   10.366450   0.006700
1883.160374   10.377120   0.007100
1883.169871   10.378060   0.007450
1883.217549   10.385720   0.007330
1883.226897   10.387630   0.007510
1883.236210   10.380950   0.007450
1883.284849   10.366940   0.009640
1883.294394   10.375580   0.010350
1883.323720   10.383350   0.010000
1883.333437   10.365820   0.008950
1883.343435   10.378750   0.009240
1883.353548   10.375940   0.009760
1883.363493   10.384090   0.008490
1883.373027   10.391370   0.009010
1883.382657   10.396630   0.009470
1883.392439   10.403450   0.009070
1883.402040   10.388850   0.008950
1883.417485   10.399570   0.010100
1883.423677   10.388340   0.009350
1883.428949   10.399850   0.009580
1883.433300   10.389530   0.010340
1883.436812   10.387090   0.009120
1883.440325   10.389270   0.009820
1883.443180   10.390710   0.009300
1883.444926   10.395640   0.009700
1883.446707   10.380190   0.008950
1883.448508   10.377220   0.009120
1883.507335   10.396010   0.009820
1883.517022   10.387730   0.010050
1883.526655   10.374580   0.011030
1883.536232   10.404870   0.011900
1883.545818   10.395490   0.011840
1883.555341   10.386030   0.011370
1883.565051   10.383440   0.011490
1883.574608   10.392710   0.011320
1883.584302   10.383470   0.011380
1883.593915   10.389740   0.010280
1884.137551   10.370920   0.003750
1884.175960   10.375880   0.004910
1884.214174   10.382570   0.003810
1884.223839   10.389410   0.004040
1884.271201   10.382150   0.003640
1884.310420   10.391060   0.005540
1884.320206   10.372190   0.004160
1884.330156   10.373650   0.004160
1884.340081   10.382000   0.004680
1884.350052   10.393070   0.004680
1884.370060   10.377060   0.004160
1884.379738   10.397860   0.004450
1884.389528   10.389810   0.003810
1884.399065   10.380580   0.003870
1884.406881   10.371770   0.004160
1884.413865   10.375070   0.004850
1884.420368   10.379320   0.004850
1884.425635   10.379770   0.003980
1884.430150   10.382330   0.003750
1884.433678   10.380590   0.004100
1884.437202   10.393520   0.004040
1884.439908   10.373240   0.004160
1884.441669   10.370530   0.004040
1884.443407   10.375130   0.003980
1884.445186   10.383430   0.003930
1884.446926   10.389390   0.004680
1884.503638   10.390160   0.003810
1884.513187   10.385390   0.004160
1884.522993   10.389630   0.003810
1884.532900   10.393370   0.003640
1884.542819   10.392390   0.003980
1884.552706   10.373610   0.004000
1884.562458   10.395230   0.003460
1884.572213   10.385820   0.003760
1884.581820   10.395280   0.003460
1884.591479   10.388600   0.004100
1884.600983   10.391540   0.003810
1884.610820   10.391220   0.003640
1884.886961   10.387600   0.007790
1884.896459   10.392140   0.007970
1884.906042   10.389000   0.007510
1884.915643   10.394060   0.008660
1884.925737   10.394440   0.007280
1884.935570   10.395490   0.008660
1884.945448   10.379680   0.007620
1884.954875   10.375190   0.008030
1884.964329   10.385000   0.007850
1884.974229   10.389980   0.009070
1884.983546   10.375200   0.009070
1884.993441   10.380750   0.008550
1885.061957   10.369130   0.011370
1885.288696   10.385800   0.008200
1885.298475   10.372260   0.007100
1885.318087   10.372230   0.007280
1885.328301   10.377670   0.008370
1885.357853   10.377450   0.010800
1885.367578   10.377130   0.010970
1885.377344   10.392390   0.013280
1885.386938   10.379410   0.013510
1885.396599   10.377110   0.011030
1885.404395   10.388300   0.010110
1885.411445   10.382800   0.011370
1885.417511   10.392840   0.011840
1885.422892   10.388910   0.012200
1885.427461   10.383930   0.011490
1885.430989   10.386190   0.009530
1885.434637   10.385910   0.010740
1885.437356   10.388660   0.010800
1885.439093   10.378990   0.010740
1885.440855   10.374750   0.010690
1885.442624   10.372510   0.010220
1885.444416   10.383720   0.010280
1885.502228   10.398620   0.011490
1885.511985   10.396730   0.014790
1885.521821   10.401670   0.011660
1885.531512   10.389100   0.011200
1885.541243   10.390410   0.011670
1885.551133   10.399630   0.010220
1885.560860   10.396490   0.010280
1885.570601   10.380270   0.010050
1885.580236   10.398160   0.011720
1885.590133   10.386670   0.008780
1886.110701   10.374810   0.003810
1886.215757   10.374200   0.005600
1886.263771   10.373740   0.004680
1886.273578   10.383650   0.006870
1886.283270   10.393210   0.004620
1886.293134   10.374780   0.004680
1886.303115   10.384170   0.005200
1886.312914   10.377930   0.004850
1886.322818   10.382030   0.004970
1886.332859   10.382070   0.004970
1886.342543   10.382770   0.004850
1886.352534   10.392760   0.004850
1886.362281   10.394110   0.005200
1886.372003   10.392210   0.005370
1886.381496   10.390440   0.005540
1886.391198   10.371190   0.005770
1886.408171   10.389710   0.005950
1886.414363   10.386410   0.006990
1886.419581   10.395310   0.007040
1886.427459   10.386810   0.006410
1886.431086   10.394810   0.006410
1886.433748   10.371930   0.006990
1886.435540   10.363400   0.007330
1886.437293   10.371580   0.006580
1886.439058   10.377770   0.006700
1886.441348   10.386960   0.012780
