1863.169882   12.726580   0.025640
1863.179028   12.732510   0.028180
1863.188111   12.718750   0.031580
1863.197263   12.726050   0.029680
1863.206453   12.710900   0.028640
1863.215516   12.758250   0.034890
1863.224486   12.695430   0.033490
1863.233708   12.715010   0.035700
1863.243026   12.683980   0.035890
1863.252052   12.717400   0.031480
1863.260978   12.717990   0.030440
1863.270074   12.724200   0.036490
1863.279229   12.691110   0.030890
1863.288341   12.724190   0.030220
1863.297662   12.698640   0.027540
1863.306748   12.714350   0.031580
1863.315898   12.722810   0.031990
1863.325261   12.727120   0.030950
1863.334632   12.717570   0.032220
1863.344416   12.720250   0.031660
1863.353962   12.729700   0.030370
1863.363511   12.711870   0.027020
1863.372640   12.732160   0.025690
1863.381795   12.732350   0.026040
1863.391577   12.728010   0.027720
1863.400670   12.728260   0.028870
1863.410157   12.733190   0.029400
1863.419415   12.715470   0.031190
1863.428728   12.724800   0.032280
1863.438171   12.710590   0.033660
1863.447725   12.689140   0.036160
1863.457038   12.693920   0.042330
1863.464667   12.646720   0.047100
1863.471563   12.722730   0.050350
1863.477686   12.839520   0.048400
1863.482900   12.734700   0.044400
1863.487037   12.760860   0.049500
1863.490505   12.712510   0.050330
1863.494064   12.690950   0.044870
1863.496621   12.712470   0.051140
1863.498272   12.729640   0.047400
1863.500087   12.715840   0.053130
1863.501889   12.718170   0.049950
1863.503937   12.731560   0.071160
1864.122118   12.735070   0.021070
1864.131216   12.729490   0.027740
1864.140349   12.725590   0.024780
1864.149328   12.719490   0.024490
1864.158727   12.744150   0.023630
1864.168077   12.736650   0.029460
1864.177441   12.726040   0.027370
1864.186471   12.747720   0.022690
1864.195786   12.731170   0.028560
1864.204761   12.733000   0.025240
1864.213956   12.731110   0.023960
1864.223275   12.705630   0.022860
1864.232312   12.719240   0.028580
1864.241734   12.716370   0.027370
1864.250994   12.715600   0.023960
1864.260292   12.714480   0.028760
1864.269452   12.713170   0.024710
1864.278712   12.720570   0.028460
1864.288040   12.704120   0.029450
1864.297228   12.712460   0.027490
1864.306786   12.723350   0.028470
1864.315982   12.706280   0.028990
1864.325240   12.728790   0.029280
1864.334830   12.714770   0.027830
1864.344223   12.726820   0.037680
1864.353629   12.688320   0.037420
1864.362884   12.696940   0.040900
1864.372284   12.751910   0.047470
1864.381718   12.737120   0.042700
1864.391386   12.704370   0.035330
1864.401175   12.724380   0.044870
1864.410777   12.713220   0.039280
1864.420158   12.725480   0.039550
1864.429378   12.702200   0.043710
1864.438639   12.682940   0.050160
1864.448098   12.622180   0.061760
1864.457409   12.717280   0.065860
1864.465120   12.697540   0.056740
1864.472313   12.662610   0.065260
1864.477494   12.859610   0.086500
1864.485926   12.647250   0.095820
1864.489646   12.709160   0.122140
1864.492216   12.732620   0.094230
1864.494776   12.750070   0.092340
1864.496480   12.784560   0.102390
1864.498365   12.680890   0.094590
1864.500091   12.732060   0.107290
1864.501760   12.695880   0.094990
1865.081649   12.724640   0.033790
1865.090914   12.732020   0.035030
1865.103000   12.733200   0.032450
1865.112265   12.733600   0.030620
1865.121493   12.713500   0.037410
1865.180915   12.713180   0.021420
1865.189934   12.752430   0.017320
1865.199137   12.718100   0.021880
1865.208040   12.731850   0.017260
1865.217207   12.748690   0.025660
1865.226382   12.721360   0.024200
1865.235932   12.753390   0.027310
1865.245886   12.735740   0.026330
1865.255783   12.723260   0.027150
1865.265750   12.712320   0.035120
1865.275774   12.725060   0.031010
1865.285892   12.714690   0.026790
1865.295973   12.728670   0.031120
1865.306185   12.729620   0.029180
1865.316145   12.737060   0.028370
1865.326150   12.726190   0.031440
1865.336276   12.730770   0.037020
1865.346577   12.747130   0.032630
1865.356675   12.724730   0.031820
1865.366659   12.759550   0.036150
1865.376904   12.755020   0.035800
1865.387088   12.741160   0.035990
1865.397153   12.715750   0.038400
1865.407149   12.716330   0.036030
1865.417333   12.713350   0.033700
1865.427630   12.736230   0.036120
1865.437669   12.728770   0.035830
1865.448171   12.725550   0.043190
1865.457324   12.708510   0.050360
1865.465615   12.684550   0.053410
1865.471988   12.718550   0.066520
1865.477591   12.717090   0.077830
1865.482335   12.726400   0.064910
1865.486159   12.804750   0.075230
1865.489785   12.698700   0.063590
1865.492667   12.707660   0.059770
1865.494427   12.729040   0.062440
1865.496283   12.733030   0.054300
1865.498551   12.716530   0.099860
1866.165339   12.711460   0.018760
1866.174723   12.748630   0.019400
1866.184057   12.717890   0.019460
1866.193410   12.735990   0.019810
1866.202706   12.737530   0.020900
1866.212035   12.724440   0.020850
1866.221409   12.732420   0.021420
1866.230791   12.766400   0.020790
1866.240551   12.728900   0.020670
1866.250004   12.721960   0.020900
1866.259354   12.735930   0.021480
1867.193045   12.716140   0.014380
1867.202355   12.742570   0.014950
1867.211516   12.714070   0.014900
1867.220585   12.741620   0.016000
1867.230131   12.717160   0.016170
1867.239707   12.729840   0.015880
1867.249230   12.731410   0.015700
1867.258785   12.739840   0.016170
1867.268385   12.718460   0.016170
1867.277702   12.733360   0.016740
1867.287153   12.729680   0.016750
1867.296854   12.721850   0.017100
1867.306121   12.726690   0.017150
1867.315500   12.722800   0.017440
1867.325094   12.736410   0.018070
1867.334502   12.725250   0.018540
1867.344482   12.743230   0.019860
1867.354030   12.721700   0.019110
1867.363492   12.733110   0.021660
1867.372735   12.731100   0.020210
1867.382212   12.727560   0.020840
1867.391671   12.702190   0.022530
1867.401392   12.731090   0.021540
1867.410805   12.726460   0.020670
1867.420288   12.732480   0.025460
1867.429722   12.723800   0.028010
1867.439192   12.725200   0.025410
1867.448574   12.723180   0.028410
1867.456168   12.739040   0.025110
1867.463320   12.719350   0.025580
1867.469421   12.725470   0.025750
1867.473939   12.713680   0.021360
1867.478291   12.716190   0.020150
1867.481655   12.724600   0.020260
1867.484335   12.734060   0.022290
1867.486951   12.728800   0.022180
1867.488639   12.726100   0.021880
1867.490315   12.720390   0.022630
1867.492002   12.707630   0.022700
1867.493724   12.720450   0.021650
1868.197661   12.710550   0.026620
1868.207123   12.744970   0.026640
1868.216495   12.718060   0.034350
1868.225986   12.726390   0.031530
1868.235811   12.678490   0.036830
1868.245580   12.700480   0.033690
1868.255259   12.727700   0.034950
1868.264815   12.718520   0.035340
1868.274279   12.688490   0.041030
1868.283929   12.725550   0.036060
1868.293537   12.722160   0.054550
1868.303104   12.688110   0.057520
1868.312574   12.715110   0.056060
1868.322548   12.718350   0.041230
1868.332083   12.707770   0.038230
1868.341800   12.698710   0.043130
1868.351466   12.714110   0.051270
1868.360837   12.744960   0.052300
1868.370659   12.740170   0.050200
1868.380417   12.732960   0.049300
1868.390367   12.735860   0.049640
1868.399668   12.718110   0.048800
1868.409622   12.712310   0.048860
1868.419023   12.718700   0.047680
1868.428372   12.762240   0.048180
1868.437691   12.706580   0.050350
1868.446987   12.712480   0.049510
1868.454949   12.711220   0.051990
1868.461066   12.728150   0.050290
1868.467151   12.738720   0.052650
1868.471440   12.730410   0.053990
1868.475710   12.711020   0.065810
1868.479187   12.708630   0.066020
1868.481793   12.758720   0.062460
1868.484421   12.723280   0.059270
1868.486154   12.759290   0.056070
1868.487874   12.728340   0.055660
1868.489584   12.726260   0.060930
1868.491280   12.808880   0.064780
1868.552972   12.690860   0.096180
1868.562396   12.694640   0.090860
1869.239644   12.715550   0.073910
1869.249027   12.740380   0.073800
1869.258676   12.742500   0.089400
1869.268460   12.612920   0.095050
1869.278238   12.722150   0.111370
1869.287800   12.710930   0.109160
1869.297392   12.778180   0.114120
1869.307040   12.706430   0.118950
1870.219778   12.731130   0.017320
1870.229270   12.751160   0.018070
1870.238762   12.728610   0.019400
1870.248135   12.718820   0.018480
1870.257691   12.724240   0.021020
1870.267266   12.701100   0.019630
1870.276950   12.712430   0.020090
1870.286498   12.737780   0.020840
1870.295849   12.720870   0.019400
1870.305565   12.712990   0.020380
1870.315197   12.714510   0.022460
1870.325274   12.729060   0.023450
1870.335174   12.723300   0.022290
1870.344892   12.709470   0.022870
1870.354573   12.732750   0.026390
1870.364104   12.739210   0.035520
1870.373603   12.737100   0.033780
1870.383600   12.727430   0.038800
1870.393243   12.708330   0.047650
1870.402820   12.718170   0.066860
1870.412418   12.734730   0.064800
1870.421719   12.702140   0.060100
1870.431056   12.690420   0.064440
1870.440608   12.718240   0.052900
1870.448993   12.743140   0.045090
1870.456179   12.703010   0.045200
1870.461756   12.686320   0.055040
1870.466593   12.762760   0.064220
1870.470290   12.731340   0.053370
1870.474034   12.729320   0.065220
1870.476825   12.715280   0.063040
1870.478569   12.748090   0.067330
1870.480341   12.703880   0.060520
1870.482097   12.759320   0.065870
1870.483838   12.746860   0.067240
1870.485602   12.750300   0.060620
1871.136689   12.715200   0.021250
1871.146179   12.714330   0.019700
1871.155384   12.733980   0.019340
1871.164955   12.722500   0.022350
1871.174269   12.721560   0.021130
1871.183469   12.703820   0.023210
1871.192872   12.706320   0.021190
1871.202392   12.737640   0.022170
1871.211865   12.700590   0.026620
1871.221273   12.738690   0.026330
1871.230922   12.708490   0.023210
1871.240394   12.714940   0.021940
1871.250018   12.733000   0.023560
1871.259511   12.726680   0.022930
1871.269122   12.715410   0.022640
1871.278903   12.710280   0.022580
1871.288648   12.722680   0.025130
1871.298226   12.709820   0.023500
1871.307789   12.717520   0.025810
1871.317562   12.704390   0.026230
1871.327342   12.713130   0.026690
1871.337079   12.734740   0.029640
1871.346725   12.732390   0.030000
1871.356495   12.709130   0.029760
1871.366277   12.736700   0.032430
1871.375944   12.705420   0.033220
1871.385808   12.701630   0.035020
1871.395399   12.757230   0.037070
1871.404882   12.737880   0.042460
1871.414342   12.743390   0.039840
1871.423744   12.727930   0.040250
1871.433495   12.725060   0.039210
1871.442405   12.712210   0.038580
1871.449670   12.711050   0.039290
1871.455742   12.751400   0.039210
1871.461191   12.674920   0.045290
1871.465968   12.717930   0.040960
1871.469461   12.716890   0.040950
1871.472994   12.698510   0.042500
1871.476070   12.718130   0.038690
1871.477819   12.727750   0.039610
1871.479709   12.736190   0.039200
1871.481438   12.717980   0.039810
1871.550420   12.766570   0.044640
1871.559908   12.694820   0.043260
1871.569340   12.710640   0.045850
1871.578835   12.692170   0.048750
1871.588334   12.679150   0.053520
1871.597765   12.743960   0.066660
1871.607264   12.741690   0.075010
1871.616819   12.704890   0.094920
1871.626324   12.639290   0.108280
1872.324463   12.705790   0.022870
1872.334315   12.713450   0.023900
1872.344041   12.726430   0.019300
1872.353623   12.727660   0.024080
1872.363427   12.748870   0.022980
1872.373279   12.722610   0.022460
1872.383099   12.755430   0.023610
1872.392766   12.727250   0.023040
1872.402203   12.728880   0.023620
1872.412032   12.700890   0.024770
1872.421585   12.725320   0.025580
1872.431130   12.724680   0.026850
1872.439874   12.732670   0.027310
1872.447517   12.728610   0.027250
1872.454162   12.746620   0.028170
1872.459603   12.743690   0.030140
1872.463903   12.714110   0.030310
1872.467716   12.725260   0.029570
1872.470496   12.733550   0.029970
1872.473152   12.747840   0.030720
1872.474857   12.760460   0.031120
1872.476617   12.736710   0.030950
1872.478370   12.738770   0.031290
1872.480228   12.752440   0.031520
1872.541663   12.718380   0.038110
1872.550845   12.726830   0.039490
1872.560270   12.722500   0.040880
1872.569828   12.718970   0.043370
1872.579400   12.708400   0.045440
1872.588943   12.697350   0.051490
1872.598488   12.701370   0.057080
1872.608116   12.689100   0.069340
1872.617527   12.836070   0.091530
1872.627101   12.612550   0.096170
1872.636625   12.665970   0.121420
1873.229437   12.717750   0.026040
1873.238826   12.719080   0.028530
1873.248403   12.723030   0.027490
1873.258009   12.743680   0.026560
1873.267456   12.729650   0.026960
1873.276959   12.728530   0.028300
1873.286788   12.737470   0.028950
1873.296275   12.741980   0.029570
1873.305896   12.704710   0.033160
1873.315548   12.742900   0.033270
1873.325684   12.694080   0.034710
1873.335346   12.694780   0.036780
1873.344943   12.756200   0.035810
1873.354842   12.696030   0.034530
1873.364691   12.692650   0.039210
1873.374458   12.692490   0.036670
1873.383960   12.723670   0.034240
1873.393856   12.713430   0.034700
1873.403606   12.706090   0.035350
1873.413210   12.753560   0.039730
1873.422938   12.759000   0.039670
1873.432622   12.729710   0.034410
1873.441010   12.715520   0.032450
1873.447044   12.740160   0.032800
1873.453044   12.722110   0.033030
1873.457630   12.722940   0.033900
1873.462090   12.732540   0.034410
1873.465548   12.725110   0.034580
1873.468261   12.722080   0.034760
1873.470892   12.725480   0.035740
1873.472722   12.733590   0.035450
1873.474437   12.713930   0.035180
1873.476606   12.716730   0.050120
1873.539305   12.762180   0.073300
1873.548852   12.771760   0.117040
1873.558313   12.700600   0.082740
1873.567696   12.727760   0.082470
1873.577180   12.735840   0.095170
1873.586745   12.670260   0.075810
1873.596227   12.727740   0.106920
1873.605773   12.675940   0.107420
1873.615321   12.725640   0.099400
1873.624816   12.769080   0.104040
1874.032527   12.711170   0.017840
1874.041923   12.718120   0.018820
1874.051714   12.703020   0.018590
1874.061193   12.735540   0.018660
1874.070741   12.731620   0.019580
1874.080230   12.715810   0.019290
1874.089638   12.715150   0.019060
1874.098984   12.721980   0.020270
1874.108441   12.721350   0.019230
1874.117749   12.730640   0.020970
1874.127103   12.712300   0.020620
1874.136654   12.713340   0.020970
1874.145982   12.712700   0.021720
1874.155173   12.721000   0.022630
1874.164605   12.748960   0.024830
1874.174153   12.719210   0.029700
1874.183645   12.702010   0.039100
1874.193053   12.733940   0.051500
1874.202515   12.727120   0.052980
1874.212179   12.684190   0.058490
1874.222051   12.683560   0.051970
1874.593715   12.714890   0.095580
1874.603390   12.741600   0.086330
1874.613039   12.746920   0.108690
1876.992585   12.716570   0.019110
1877.002277   12.721140   0.019460
1877.012009   12.712690   0.020560
1877.021623   12.743310   0.020040
1877.031340   12.728050   0.021650
1877.041094   12.749900   0.021490
1877.050632   12.726370   0.018880
1877.060512   12.721910   0.019520
1877.070280   12.722010   0.020330
1877.080037   12.738350   0.021030
1877.089835   12.737930   0.020090
1877.099542   12.739310   0.020730
1877.109324   12.722440   0.025750
1877.119234   12.715760   0.024530
1877.128562   12.710750   0.023170
1877.137988   12.724880   0.022300
1877.147449   12.729160   0.027370
1877.157081   12.727550   0.025400
1877.166514   12.724090   0.023790
1877.175811   12.739640   0.022170
1877.185180   12.735900   0.024850
1877.194638   12.709820   0.024330
1877.204359   12.712860   0.022810
1877.213829   12.732300   0.021770
1877.223290   12.735850   0.023680
1877.232928   12.722660   0.022870
1877.242583   12.719660   0.025700
1877.252102   12.714760   0.025940
1877.261424   12.720930   0.025980
1877.271317   12.725120   0.023570
1877.280810   12.706300   0.022350
1877.290913   12.729220   0.024260
1877.300784   12.762290   0.028640
1877.310552   12.732160   0.024250
1877.320329   12.761030   0.029330
1877.330019   12.722830   0.024020
1877.339609   12.749540   0.021830
1877.349339   12.722180   0.024490
1877.359563   12.720280   0.022290
1877.369289   12.716240   0.024430
1877.379166   12.734250   0.023730
1877.389199   12.750650   0.027150
1877.398748   12.717750   0.030440
1877.408188   12.707400   0.028780
1877.417610   12.694340   0.027720
1877.426444   12.716900   0.025650
1877.433416   12.720310   0.026730
1877.439426   12.735400   0.029470
1877.444578   12.708350   0.029800
1877.449101   12.699780   0.027150
1877.452622   12.725000   0.030340
1877.456119   12.729700   0.027020
1877.458826   12.725910   0.026730
1877.460660   12.728120   0.027430
1877.462441   12.709650   0.027210
1877.464144   12.748910   0.027710
1877.465872   12.735900   0.028520
1877.528546   12.743680   0.034470
1877.538164   12.709110   0.034870
1877.547759   12.720660   0.037410
1877.557433   12.732730   0.039440
1877.566991   12.727880   0.039380
1877.956588   12.711670   0.032160
1877.966360   12.694480   0.029070
1877.975795   12.721340   0.022230
1877.985575   12.730720   0.019460
1877.995071   12.713960   0.018300
1878.004964   12.723500   0.018130
1878.014335   12.710610   0.019460
1878.023915   12.692010   0.016050
1878.033403   12.728630   0.018070
1878.042881   12.711230   0.017440
1878.052477   12.727140   0.020270
1878.062202   12.722060   0.019520
1878.072038   12.745550   0.020440
1878.081838   12.722210   0.020550
1878.091595   12.725690   0.019630
1878.101204   12.734290   0.020210
1878.111056   12.718500   0.021020
1878.120475   12.704390   0.020730
1878.129972   12.721670   0.022400
1878.139452   12.722210   0.025580
1878.148981   12.730110   0.041760
1878.158293   12.720880   0.038590
1878.167692   12.731290   0.023150
1878.177309   12.734580   0.022350
1878.186872   12.727410   0.028230
1878.196273   12.732250   0.027540
1878.206054   12.741650   0.031310
1878.215833   12.724120   0.035570
1878.225557   12.721140   0.035050
1878.235117   12.701750   0.029050
1878.244657   12.742090   0.029040
1878.254352   12.728010   0.031540
1878.263984   12.719720   0.035860
1878.273770   12.692250   0.035580
1878.283405   12.704920   0.036440
1878.293079   12.716980   0.037080
1878.302887   12.734560   0.045580
1878.312828   12.734780   0.049860
1878.322431   12.745300   0.046060
1878.332111   12.689550   0.047440
1878.342126   12.745980   0.034510
1878.351898   12.714240   0.039560
1878.361666   12.722260   0.036840
1878.371492   12.726670   0.037820
1878.381052   12.722270   0.043130
1878.390611   12.712480   0.032600
1878.400035   12.708080   0.039700
1878.409523   12.700990   0.038630
1878.419250   12.668210   0.043090
1878.427139   12.684940   0.040880
1878.434256   12.769420   0.035500
1878.439734   12.714040   0.043420
1878.444205   12.711220   0.035480
1878.448555   12.705260   0.031470
1878.452064   12.737240   0.040820
1878.454721   12.709880   0.039690
1878.457364   12.732570   0.039610
1878.459093   12.733920   0.040080
1878.460943   12.713100   0.038810
1878.463071   12.694770   0.058050
1878.523903   12.730500   0.043190
1878.533380   12.739470   0.042900
1878.542754   12.751460   0.041400
1878.552323   12.735700   0.043710
1878.561961   12.704980   0.049650
1878.571685   12.736600   0.067640
1878.581234   12.737030   0.062640
1878.590773   12.738080   0.069660
1878.600390   12.714340   0.087150
1878.885725   12.712880   0.065300
1878.896259   12.715990   0.053470
1878.907039   12.747390   0.047230
1878.917827   12.742090   0.043550
1878.928636   12.727730   0.046370
1878.939490   12.753600   0.038980
1878.950209   12.708810   0.030330
1878.960985   12.736700   0.028470
1878.971663   12.728040   0.026850
1878.982256   12.719430   0.027310
1878.992862   12.723950   0.025980
1879.003349   12.735930   0.028010
1879.014056   12.722850   0.028350
1879.024781   12.720330   0.028170
1879.035403   12.727790   0.031810
1879.046338   12.709940   0.031700
1879.056998   12.736730   0.032620
1879.067120   12.734490   0.033490
1879.077625   12.725890   0.033020
1879.087804   12.695720   0.033610
1879.097718   12.732140   0.038800
1879.108265   12.690670   0.042280
1879.118677   12.720650   0.042850
1879.128946   12.729950   0.034510
1879.138951   12.741810   0.040190
1879.148948   12.714960   0.044750
1879.158753   12.763950   0.050590
1879.168681   12.778890   0.050130
1879.178653   12.714390   0.049280
1879.188532   12.700520   0.048680
1879.198658   12.704900   0.051990
1879.208980   12.784730   0.054750
1879.219105   12.731740   0.056270
1879.229198   12.716810   0.053650
1879.239692   12.706190   0.054880
1879.249885   12.695550   0.047070
1879.259988   12.710640   0.049970
1879.270136   12.718430   0.047340
1879.279998   12.697810   0.039410
1879.290256   12.715120   0.048960
1879.300321   12.675590   0.048890
1879.310604   12.712730   0.046490
1879.321132   12.725210   0.048870
1879.331398   12.669690   0.050000
1879.341711   12.760500   0.048880
1879.352168   12.716280   0.047900
1879.362239   12.700870   0.047010
1879.372581   12.749530   0.050310
1879.383093   12.742240   0.028300
1879.393142   12.738570   0.049250
1879.403333   12.747600   0.057010
1879.413718   12.736230   0.054310
1879.422210   12.730740   0.055710
1879.430290   12.693400   0.058750
1879.436891   12.733090   0.061040
1879.441492   12.736770   0.059600
1879.445571   12.737570   0.058960
1879.449457   12.721690   0.062030
1879.452342   12.745970   0.051230
1879.454194   12.742590   0.067620
1879.456055   12.720610   0.054360
1879.457932   12.724290   0.062720
1879.460282   12.714390   0.090450
1879.524043   12.758960   0.085010
1879.534146   12.758090   0.076690
1879.544253   12.687440   0.085080
1879.554321   12.667270   0.048000
1879.564508   12.672940   0.090500
1879.574677   12.696860   0.093230
1879.584814   12.703600   0.096490
1879.594935   12.708580   0.093470
1879.605121   12.781460   0.112890
1879.615186   12.696740   0.113320
1879.625350   12.719270   0.126810
1879.885631   12.764920   0.071770
1879.895153   12.733350   0.056310
1879.904711   12.686990   0.048390
1879.914664   12.709350   0.038740
1879.924232   12.735340   0.029570
1879.933937   12.718390   0.024480
1879.943742   12.716870   0.021710
1879.953255   12.722260   0.019860
1879.962965   12.718330   0.018590
1879.972299   12.725240   0.018360
1879.982133   12.729960   0.019110
1879.991480   12.717950   0.019750
1880.001350   12.722840   0.020440
1880.010995   12.721490   0.023040
1880.020489   12.724790   0.022410
1880.030167   12.727100   0.023620
1880.040004   12.726320   0.022470
1880.050020   12.731840   0.022870
1880.059700   12.712850   0.023500
1880.069635   12.748530   0.024140
1880.079469   12.704980   0.025520
1880.089000   12.736170   0.024720
1880.098524   12.740920   0.025750
1880.108072   12.730810   0.026920
1880.117530   12.723540   0.023690
1880.127140   12.728800   0.026100
1880.200091   12.713550   0.028640
1880.209735   12.703680   0.029910
1880.219431   12.733120   0.028840
1880.229324   12.744850   0.025780
1880.238989   12.716830   0.025690
1880.248836   12.723880   0.025870
1880.258298   12.717280   0.027190
1880.267686   12.746100   0.027140
1880.277275   12.702700   0.028930
1880.286928   12.704700   0.033890
1880.306613   12.738290   0.027840
1880.369120   12.724540   0.025520
1880.684731   12.717480   0.078600
1880.693935   12.883520   0.082860
1880.703424   12.691370   0.089750
1880.712965   12.702400   0.110180
1880.722745   12.732120   0.128050
1880.967707   12.738050   0.029850
1880.977730   12.734240   0.029870
1880.987626   12.703490   0.024560
1880.997175   12.709570   0.022640
1881.007352   12.720700   0.023380
1881.017262   12.721560   0.024720
1881.027023   12.728700   0.026100
1881.036583   12.737210   0.024440
1881.046307   12.701680   0.025720
1881.055914   12.728350   0.029270
1881.065565   12.736430   0.029040
1881.075352   12.725490   0.030610
1881.085120   12.742380   0.028310
1881.094964   12.717790   0.027980
1881.104801   12.702720   0.023410
1881.114937   12.716720   0.033320
1881.124474   12.710420   0.030330
1881.134326   12.698100   0.031130
1881.143810   12.723980   0.023270
1881.153419   12.728770   0.031320
1881.163015   12.700580   0.028590
1881.171357   12.721350   0.024940
1881.180981   12.717180   0.025830
1881.190627   12.710020   0.021480
1881.200550   12.715430   0.023670
1881.210473   12.723610   0.024940
1881.220305   12.705170   0.027660
1881.230199   12.702300   0.026930
1881.239668   12.688680   0.028180
1881.249328   12.700730   0.026790
1881.258917   12.718380   0.026560
1881.268352   12.732280   0.028130
1881.278189   12.739660   0.027710
1881.288137   12.704880   0.028410
1881.297680   12.727800   0.028310
1881.307337   12.692940   0.029620
1881.317394   12.721350   0.029330
1881.327336   12.703920   0.031300
1881.337373   12.726470   0.030780
1881.347129   12.713910   0.032450
1881.357110   12.716180   0.032970
1881.366722   12.724790   0.034180
1881.376276   12.746950   0.033660
1881.386104   12.723540   0.035400
1881.395996   12.718060   0.034820
1881.405772   12.728940   0.035830
1881.414838   12.685200   0.036780
1881.422098   12.743800   0.038120
1881.428287   12.691180   0.038230
1881.433496   12.718650   0.036150
1881.437835   12.677450   0.038630
1881.441542   12.704580   0.042210
1881.445078   12.727230   0.041830
1881.447777   12.741950   0.039090
1881.449541   12.732140   0.038170
1881.451276   12.740970   0.039970
1881.453055   12.735210   0.039780
1881.455245   12.734360   0.056000
1881.512259   12.734410   0.041220
1881.522032   12.731080   0.043650
1881.531584   12.748540   0.045330
1881.541053   12.742540   0.046190
1881.550943   12.720680   0.045160
1881.560601   12.726580   0.046330
1881.570473   12.722580   0.046370
1881.580253   12.720270   0.049030
1881.589860   12.739160   0.048960
1881.599577   12.729480   0.052370
1881.609472   12.716670   0.051110
1881.619114   12.733210   0.058610
1881.628942   12.741280   0.067180
1881.638590   12.810180   0.072720
1881.648351   12.698530   0.082640
1881.797497   12.678430   0.089470
1881.807277   12.707370   0.088840
1881.816822   12.852750   0.092780
1881.826319   12.605510   0.087240
1881.835921   12.721320   0.080150
1881.845731   12.723300   0.059270
1881.855252   12.741340   0.060220
1881.864967   12.784290   0.047090
1881.874874   12.764020   0.048520
1881.884546   12.690320   0.037630
1881.894462   12.727630   0.032800
1881.904494   12.718770   0.027720
1881.914271   12.693500   0.027380
1881.923884   12.683190   0.028420
1881.933466   12.716090   0.025640
1881.943231   12.698750   0.027370
1881.952875   12.712600   0.035340
1881.962633   12.698600   0.038300
1881.972149   12.723510   0.041920
1881.982098   12.704850   0.042360
1881.992169   12.806320   0.059010
1882.001889   12.659610   0.059600
1882.011594   12.744170   0.062010
1882.021627   12.717720   0.049330
1882.031644   12.701280   0.052580
1882.041324   12.716800   0.052140
1882.051198   12.739220   0.044440
1882.060871   12.735020   0.050190
1882.070527   12.706400   0.088170
1882.080330   12.724350   0.037470
1882.090096   12.775690   0.079850
1882.099569   12.783330   0.118890
1882.109365   12.723310   0.066700
1882.121972   12.740850   0.053260
1882.131558   12.704760   0.040440
1882.141120   12.699410   0.066840
1882.150540   12.710110   0.045500
1882.160119   12.708030   0.046940
1882.169652   12.720700   0.049660
1882.179008   12.744190   0.048330
1882.188466   12.688290   0.053730
1882.198063   12.688600   0.059420
1882.208031   12.666350   0.098020
1882.217722   12.721850   0.085940
1882.227231   12.732140   0.075810
1882.236839   12.784300   0.079560
1882.246327   12.776340   0.099360
1882.256107   12.662590   0.090320
1882.266006   12.683310   0.091100
1882.275585   12.705750   0.084990
1882.285301   12.668200   0.081770
1882.295361   12.710170   0.080560
1882.305067   12.744740   0.100360
1882.315073   12.599780   0.107040
1882.325032   12.718710   0.080800
1882.334886   12.705740   0.069590
1882.344919   12.710170   0.083790
1882.354771   12.745780   0.093940
1882.364587   12.786370   0.077150
1882.374737   12.736070   0.071610
1883.093660   12.751240   0.032280
1883.103366   12.683990   0.054880
1883.112818   12.693570   0.036470
1883.122237   12.742170   0.042810
1883.131900   12.760510   0.035520
1883.141295   12.724280   0.038860
1883.150882   12.756660   0.043130
1883.160374   12.761460   0.043930
1883.169871   12.693170   0.049390
1883.179271   12.731430   0.038050
1883.188727   12.738070   0.037820
1883.198404   12.724190   0.046540
1883.207904   12.763890   0.042940
1883.217549   12.718480   0.046690
1883.226897   12.705930   0.045510
1883.236210   12.686700   0.049020
1883.245790   12.731230   0.047360
1883.255334   12.709420   0.048390
1883.265175   12.748800   0.048700
1883.274780   12.702840   0.048390
1883.284849   12.732030   0.064030
1883.294394   12.756880   0.070010
1883.304305   12.723630   0.066170
1883.314080   12.729520   0.074260
1883.323720   12.788060   0.068110
1883.333437   12.723290   0.056910
1883.343435   12.706230   0.062540
1883.353548   12.682010   0.062570
1883.363493   12.690210   0.054510
1883.373027   12.674180   0.057890
1883.382657   12.673770   0.060070
1883.392439   12.678550   0.056230
1883.402040   12.676080   0.058220
1883.410061   12.730470   0.064870
1883.417485   12.731230   0.064760
1883.423677   12.743840   0.060800
1883.428949   12.715500   0.061780
1883.433300   12.726700   0.070260
1883.436812   12.765860   0.059100
1883.440325   12.784790   0.068270
1883.443180   12.729200   0.062940
1883.444926   12.740870   0.067050
1883.446707   12.732510   0.058260
1883.448508   12.708020   0.056890
1883.507335   12.746250   0.058610
1883.517022   12.734920   0.057200
1883.526655   12.689890   0.067460
1883.536232   12.747580   0.069960
1883.545818   12.745940   0.080340
1883.555341   12.737220   0.071490
1883.565051   12.768590   0.073850
1883.574608   12.700150   0.071130
1883.584302   12.719710   0.070060
1883.593915   12.690460   0.060130
1884.099534   12.723970   0.017330
1884.109140   12.717770   0.017380
1884.118686   12.719990   0.021190
1884.128292   12.743520   0.026120
1884.137551   12.712380   0.019640
1884.147279   12.730010   0.021370
1884.156774   12.714360   0.023680
1884.166197   12.745190   0.027860
1884.175960   12.713580   0.028350
1884.185414   12.716190   0.025020
1884.194977   12.715370   0.019630
1884.204574   12.720970   0.021780
1884.214174   12.723960   0.020220
1884.223839   12.728070   0.023060
1884.233272   12.731990   0.029180
1884.242628   12.722280   0.017840
1884.252195   12.718570   0.017490
1884.261682   12.712310   0.018020
1884.271201   12.725290   0.017780
1884.280876   12.705770   0.019980
1884.290846   12.737140   0.022350
1884.300573   12.727110   0.023230
1884.310420   12.744510   0.036520
1884.320206   12.746350   0.022120
1884.330156   12.713510   0.022980
1884.340081   12.721550   0.028990
1884.350052   12.709770   0.027190
1884.360119   12.725810   0.022070
1884.370060   12.742550   0.022290
1884.379738   12.721500   0.024380
1884.389528   12.712360   0.019470
1884.399065   12.727410   0.020320
1884.406881   12.713650   0.023910
1884.413865   12.717980   0.026970
1884.420368   12.735060   0.030970
1884.425635   12.739110   0.021380
1884.430150   12.713030   0.018880
1884.433678   12.724570   0.021420
1884.437202   12.729400   0.021070
1884.439908   12.729980   0.022170
1884.441669   12.723260   0.021710
1884.443407   12.712920   0.021020
1884.445186   12.714060   0.020320
1884.446926   12.732310   0.028190
1884.503638   12.728800   0.019460
1884.513187   12.737230   0.022490
1884.522993   12.730550   0.019400
1884.532900   12.714470   0.017900
1884.542819   12.723290   0.021020
1884.552706   12.736980   0.025410
1884.562458   12.725270   0.016630
1884.572213   12.711800   0.019680
1884.581820   12.699170   0.017210
1884.591479   12.710730   0.021250
1884.600983   12.701790   0.019350
1884.610820   12.728540   0.018480
1884.886961   12.706520   0.051100
1884.896459   12.698090   0.052690
1884.906042   12.719620   0.046890
1884.915643   12.723480   0.057610
1884.925737   12.713320   0.042480
1884.935570   12.760540   0.058090
1884.945448   12.748410   0.048830
1884.954875   12.706120   0.050760
1884.964329   12.764170   0.050890
1884.974229   12.735960   0.057350
1884.983546   12.749070   0.056900
1884.993441   12.772530   0.053530
1885.003341   12.724460   0.049900
1885.013229   12.774210   0.058780
1885.022911   12.742040   0.058550
1885.032502   12.748570   0.064090
1885.042137   12.725740   0.062990
1885.052183   12.738630   0.063260
1885.061957   12.719490   0.075550
1885.071678   12.765960   0.077190
1885.081285   12.744740   0.083230
1885.090973   12.712450   0.077610
1885.100847   12.717350   0.080280
1885.278794   12.716970   0.043310
1885.288696   12.709130   0.055490
1885.298475   12.713220   0.047360
1885.308250   12.725770   0.046660
1885.318087   12.724380   0.049650
1885.328301   12.779720   0.060050
1885.338173   12.696290   0.075760
1885.347960   12.736380   0.071020
1885.357853   12.626550   0.071010
1885.367578   12.705310   0.073910
1885.377344   12.725690   0.087900
1885.386938   12.678600   0.090440
1885.396599   12.751080   0.076420
1885.404395   12.716530   0.065990
1885.411445   12.742480   0.076320
1885.417511   12.741110   0.080020
1885.422892   12.692960   0.082270
1885.427461   12.735150   0.080840
1885.430989   12.726400   0.067850
1885.434637   12.758840   0.076980
1885.437356   12.690730   0.075260
1885.439093   12.673220   0.072640
1885.440855   12.708430   0.074210
1885.442624   12.673650   0.069890
1885.444416   12.729580   0.073050
1885.502228   12.763150   0.081780
1885.511985   12.750050   0.102750
1885.521821   12.715710   0.082730
1885.531512   12.696330   0.074810
1885.541243   12.705210   0.082060
1885.551133   12.752160   0.069820
1885.560860   12.765580   0.064450
1885.570601   12.747130   0.067390
1885.580236   12.726690   0.081330
1885.590133   12.725870   0.056480
1886.072366   12.711250   0.015650
1886.082057   12.714600   0.017150
1886.091456   12.715270   0.017670
1886.101064   12.743280   0.018300
1886.110701   12.723460   0.017780
1886.120214   12.730650   0.018300
1886.129544   12.728630   0.019690
1886.138882   12.705100   0.019290
1886.148233   12.734070   0.019290
1886.157943   12.727680   0.020730
1886.167550   12.755470   0.023430
1886.177101   12.724550   0.023690
1886.186997   12.719900   0.024140
1886.196609   12.726630   0.025170
1886.206153   12.731300   0.028240
1886.215757   12.724370   0.029560
1886.225422   12.725000   0.041530
1886.234829   12.736700   0.042730
1886.244630   12.764470   0.042380
1886.254426   12.744860   0.029920
1886.263771   12.708960   0.024380
1886.273578   12.738060   0.041060
1886.283270   12.715500   0.023390
1886.293134   12.707850   0.025580
1886.303115   12.703740   0.029050
1886.312914   12.731530   0.026390
1886.322818   12.727050   0.027490
1886.332859   12.716650   0.027260
1886.342543   12.684740   0.025810
1886.352534   12.731660   0.026350
1886.362281   12.726490   0.027610
1886.372003   12.727880   0.028870
1886.381496   12.693220   0.030600
1886.391198   12.730310   0.032750
1886.399994   12.720210   0.032650
1886.408171   12.704320   0.036380
1886.414363   12.679610   0.042260
1886.419581   12.722530   0.044640
1886.423873   12.742010   0.038740
1886.427459   12.696440   0.038680
1886.431086   12.727690   0.038290
1886.433748   12.734860   0.043570
1886.435540   12.698520   0.044410
1886.437293   12.718430   0.037840
1886.439058   12.720490   0.039940
1886.441348   12.734080   0.080340
