1863.169882   12.951330   0.029330
1863.179028   12.953630   0.032450
1863.188111   12.980390   0.038230
1863.197263   12.946070   0.035190
1863.206453   12.943500   0.033020
1863.215516   12.938280   0.039340
1863.224486   12.941470   0.038710
1863.233708   12.957050   0.039920
1863.243026   12.959380   0.041390
1863.252052   12.958270   0.036970
1863.260978   12.968630   0.035810
1863.270074   12.964750   0.043490
1863.279229   12.957690   0.036050
1863.288341   12.954340   0.034470
1863.297662   12.960900   0.032330
1863.306748   12.950350   0.036100
1863.315898   12.955840   0.036740
1863.325261   12.950930   0.037540
1863.334632   12.946190   0.039730
1863.344416   12.934010   0.037950
1863.353962   12.952530   0.036440
1863.363511   12.948970   0.031470
1863.372640   12.948360   0.029560
1863.381795   12.947090   0.029730
1863.391577   12.991910   0.031810
1863.400670   12.968690   0.033320
1863.410157   12.955350   0.034250
1863.419415   12.935600   0.037000
1863.428728   12.959020   0.038230
1863.438171   12.920010   0.040940
1863.447725   12.972330   0.042280
1863.457038   12.912760   0.048850
1863.464667   12.939210   0.059970
1863.471563   12.933740   0.061420
1863.477686   12.964470   0.057500
1863.482900   12.957350   0.060000
1863.487037   12.937080   0.062520
1863.490505   12.944510   0.061430
1863.494064   12.936560   0.059700
1863.496621   12.951580   0.062950
1863.498272   12.974350   0.061330
1863.500087   12.973610   0.065530
1863.501889   12.981120   0.068420
1863.503937   12.937620   0.093340
1864.122118   12.968630   0.024480
1864.131216   12.962700   0.032340
1864.140349   12.964130   0.028580
1864.149328   12.931660   0.028180
1864.158727   12.969560   0.027200
1864.168077   12.945140   0.035300
1864.177441   12.961810   0.033040
1864.186471   12.948680   0.026280
1864.195786   12.975360   0.033320
1864.204761   12.954300   0.029680
1864.213956   12.962830   0.028120
1864.223275   12.977380   0.027370
1864.232312   12.978140   0.032680
1864.241734   12.963910   0.033110
1864.250994   12.955470   0.028290
1864.260292   12.964360   0.034060
1864.269452   12.961900   0.028930
1864.278712   12.934950   0.034300
1864.288040   12.950580   0.034420
1864.297228   12.946960   0.032790
1864.306786   12.961290   0.034780
1864.315982   12.959670   0.034950
1864.325240   12.975640   0.034140
1864.334830   12.960600   0.032860
1864.344223   12.960010   0.043420
1864.353629   12.975870   0.042900
1864.362884   12.965970   0.045640
1864.372284   12.979620   0.054730
1864.381718   12.940120   0.047250
1864.391386   12.920140   0.044330
1864.401175   12.975430   0.052030
1864.410777   12.987290   0.045670
1864.420158   12.950100   0.045820
1864.429378   12.962280   0.053700
1864.438639   12.965570   0.063500
1864.448098   12.971210   0.070210
1864.457409   12.990530   0.080290
1864.465120   12.946220   0.068830
1864.472313   12.934780   0.081940
1864.477494   12.955560   0.089800
1864.482643   12.929240   0.114050
1864.489722   13.030850   0.105730
1864.492216   12.965010   0.102380
1864.494776   12.998290   0.107310
1864.496480   12.906900   0.107330
1864.498365   12.931450   0.109830
1864.500091   12.996520   0.114900
1864.501760   12.929640   0.109300
1865.081649   12.931720   0.038230
1865.090914   12.952800   0.038810
1865.103000   12.940280   0.037440
1865.112265   12.974460   0.035220
1865.121493   12.977400   0.045840
1865.180915   12.949030   0.026560
1865.189934   12.965310   0.020210
1865.199137   12.936770   0.024770
1865.208040   12.944120   0.019750
1865.217207   12.958020   0.030030
1865.226382   12.971670   0.028550
1865.235932   12.946450   0.032830
1865.245886   12.946390   0.033400
1865.255783   12.977600   0.030780
1865.265750   12.970380   0.043330
1865.275774   12.959130   0.038000
1865.285892   12.941420   0.033420
1865.295973   12.953320   0.036520
1865.306185   12.939660   0.035300
1865.316145   12.937480   0.033310
1865.326150   12.966040   0.036760
1865.336276   12.986330   0.043710
1865.346577   12.923810   0.040840
1865.356675   12.980660   0.037990
1865.366659   12.992120   0.041930
1865.376904   12.969280   0.041460
1865.387088   12.934290   0.044590
1865.397153   12.953800   0.046210
1865.407149   12.963350   0.043190
1865.417333   12.952880   0.038970
1865.427630   12.962970   0.045390
1865.437669   12.928640   0.043520
1865.448171   12.971110   0.053860
1865.457324   12.995510   0.058100
1865.465615   12.957520   0.063060
1865.471988   12.970180   0.078120
1865.477591   12.906650   0.090630
1865.482335   12.966640   0.075900
1865.486159   12.994340   0.092880
1865.489785   13.008080   0.077430
1865.492667   12.992320   0.075440
1865.494427   12.953520   0.070920
1865.496283   12.933130   0.069290
1865.498551   12.953690   0.115250
1866.165339   12.953710   0.022290
1866.174723   12.952060   0.022290
1866.184057   12.936290   0.022980
1866.193410   12.963660   0.023100
1866.202706   12.941820   0.023620
1866.212035   12.939410   0.024250
1866.221409   12.954110   0.024650
1866.230791   12.960310   0.024420
1866.240551   12.948160   0.024310
1866.250004   12.952670   0.024310
1866.259354   12.945020   0.024830
1867.193045   12.951010   0.016690
1867.202355   12.960390   0.017380
1867.211516   12.956390   0.017550
1867.220585   12.955860   0.018590
1867.230131   12.952590   0.018650
1867.239707   12.950800   0.018360
1867.249230   12.955900   0.018250
1867.258785   12.958860   0.018770
1867.268385   12.968310   0.018820
1867.277702   12.957080   0.019630
1867.287153   12.982240   0.019870
1867.296854   12.957950   0.020390
1867.306121   12.964550   0.020090
1867.315500   12.963040   0.020380
1867.325094   12.973640   0.021070
1867.334502   12.954480   0.022230
1867.344482   12.980400   0.023440
1867.354030   12.968270   0.022230
1867.363492   12.971200   0.026630
1867.372735   12.957970   0.024540
1867.382212   12.973180   0.024660
1867.391671   12.959630   0.027080
1867.401392   12.956730   0.025190
1867.410805   12.959630   0.025410
1867.420288   12.932910   0.030390
1867.429722   12.958130   0.032170
1867.439192   12.953370   0.031190
1867.448574   12.944880   0.033730
1867.456168   12.957810   0.029680
1867.463320   12.963730   0.030960
1867.469421   12.953750   0.031640
1867.473939   12.955210   0.025000
1867.478291   12.965780   0.022980
1867.481655   12.955630   0.024020
1867.484335   12.956300   0.026110
1867.486951   12.956310   0.025350
1867.488639   12.965690   0.027480
1867.490315   12.971260   0.028330
1867.492002   12.965580   0.027720
1867.493724   12.973540   0.026170
1868.197661   12.964710   0.031290
1868.207123   12.972210   0.031540
1868.216495   12.931610   0.042080
1868.225986   12.955600   0.037600
1868.235811   12.951230   0.041790
1868.245580   12.939090   0.041930
1868.255259   12.927850   0.041860
1868.264815   12.955070   0.042880
1868.274279   12.994730   0.045160
1868.283929   12.950670   0.042230
1868.293537   12.940940   0.060340
1868.303104   12.970060   0.069240
1868.312574   12.951110   0.063380
1868.322548   12.983590   0.048640
1868.332083   12.923950   0.046530
1868.341800   12.934470   0.046540
1868.351466   12.937740   0.062240
1868.360837   12.917150   0.061570
1868.370659   12.954320   0.053870
1868.380417   12.940760   0.060510
1868.390367   12.948780   0.052910
1868.399668   12.926050   0.056660
1868.409622   12.962530   0.056410
1868.419023   12.961540   0.053460
1868.428372   12.967650   0.053070
1868.437691   12.978540   0.056620
1868.446987   12.955180   0.055090
1868.454949   12.968710   0.062100
1868.461066   12.981850   0.058070
1868.467151   12.975660   0.063620
1868.471440   12.941940   0.065560
1868.475710   12.933450   0.073500
1868.479187   12.941110   0.070390
1868.481793   12.976950   0.074400
1868.484421   12.941160   0.071720
1868.486154   12.976200   0.068570
1868.487874   12.999400   0.070830
1868.489584   12.972500   0.074510
1868.491280   12.990870   0.079210
1868.552972   12.979370   0.117550
1868.562396   12.925700   0.102600
1869.239644   12.959170   0.089590
1869.249027   12.958190   0.090350
1869.258676   12.949470   0.093900
1869.268460   12.975970   0.117740
1869.278238   12.900900   0.121370
1869.287877   12.974920   0.100480
1869.297468   12.943980   0.099090
1870.219778   12.958690   0.020270
1870.229270   12.959000   0.020670
1870.238762   12.956240   0.022920
1870.248135   12.963780   0.021710
1870.257691   12.970330   0.024420
1870.267266   12.937240   0.023100
1870.276950   12.977220   0.023730
1870.286498   12.946970   0.024190
1870.295849   12.959210   0.022800
1870.305565   12.944720   0.023560
1870.315197   12.955730   0.026790
1870.325274   12.967290   0.027020
1870.335174   12.951460   0.025690
1870.344892   12.961090   0.027200
1870.354573   12.967860   0.031310
1870.364104   12.975490   0.042740
1870.373603   12.930520   0.039070
1870.383600   12.936640   0.046500
1870.393243   12.966520   0.060280
1870.402820   12.994190   0.081660
1870.412418   12.934670   0.073770
1870.421719   12.943310   0.073270
1870.431056   12.941450   0.073400
1870.440608   12.965110   0.058950
1870.448993   12.950560   0.054970
1870.456179   12.962350   0.054660
1870.461756   12.970220   0.068810
1870.466593   12.954360   0.075100
1870.470290   13.007790   0.067720
1870.474034   13.003280   0.080320
1870.476825   13.006260   0.087740
1870.478569   12.957400   0.079780
1870.480341   12.935200   0.075400
1870.482097   12.939910   0.076370
1870.483838   12.949600   0.083470
1870.485602   12.909150   0.080520
1871.136689   12.969780   0.024910
1871.146179   12.964900   0.023160
1871.155384   12.955320   0.023620
1871.164955   12.965860   0.027370
1871.174269   12.952670   0.026390
1871.183469   12.963100   0.027790
1871.192872   12.960140   0.025470
1871.202392   12.964640   0.026750
1871.211865   12.972200   0.032260
1871.221273   12.930350   0.031820
1871.230922   12.968320   0.027980
1871.240394   12.947510   0.026970
1871.250018   12.970610   0.029270
1871.259511   12.929780   0.027890
1871.269122   12.944920   0.026620
1871.278903   12.960920   0.028010
1871.288648   12.948930   0.029810
1871.298226   12.974190   0.028180
1871.307789   12.966930   0.029990
1871.317562   12.960180   0.029920
1871.327342   12.954920   0.031060
1871.337079   12.962690   0.034240
1871.346725   12.987310   0.036690
1871.356495   12.982070   0.034600
1871.366277   12.926410   0.037380
1871.375944   12.952380   0.037700
1871.385808   12.929500   0.041310
1871.395399   12.960850   0.044520
1871.404882   12.949540   0.050350
1871.414342   12.987310   0.048570
1871.423744   12.954640   0.049270
1871.433495   12.959970   0.049920
1871.442405   12.956880   0.045530
1871.449670   12.975040   0.044860
1871.455742   12.950710   0.048070
1871.461191   12.953400   0.052820
1871.465968   12.979940   0.049430
1871.469461   12.937890   0.050710
1871.472994   12.959050   0.049220
1871.476070   12.982350   0.049480
1871.477819   12.965520   0.049810
1871.479709   12.939390   0.047750
1871.481438   12.938260   0.047930
1871.550420   12.927490   0.054690
1871.559908   12.975270   0.056000
1871.569340   12.945400   0.060120
1871.578835   12.964980   0.060700
1871.588334   12.938400   0.072580
1871.597765   12.928980   0.079120
1871.607264   12.959970   0.094490
1871.616819   12.941070   0.107080
1872.324463   12.948580   0.027510
1872.334315   12.948550   0.028550
1872.344041   12.958280   0.027600
1872.353623   12.960890   0.028180
1872.363427   12.971510   0.027200
1872.373279   12.974280   0.026620
1872.383099   12.966170   0.027600
1872.392766   12.953540   0.027080
1872.402203   12.954580   0.028010
1872.412032   12.951420   0.029810
1872.421585   12.944690   0.030040
1872.431130   12.940910   0.032480
1872.439874   12.949200   0.031620
1872.447517   12.938420   0.030780
1872.454162   12.947950   0.033390
1872.459603   12.916130   0.036840
1872.463903   12.960790   0.036970
1872.467716   12.960650   0.036030
1872.470496   12.939490   0.034940
1872.473152   12.933470   0.037100
1872.474857   12.981320   0.037350
1872.476617   12.954430   0.036780
1872.478370   12.956490   0.037380
1872.480228   12.965620   0.037620
1872.541663   12.969950   0.049050
1872.550845   12.974280   0.045460
1872.560270   12.947040   0.049390
1872.569828   12.940090   0.050240
1872.579400   12.963010   0.054130
1872.588943   12.971320   0.061180
1872.598488   12.963080   0.066640
1872.608116   12.949890   0.078530
1872.617527   13.020300   0.100250
1872.627101   12.990450   0.111520
1872.636472   12.977030   0.073700
1873.229437   12.973380   0.030080
1873.238826   12.969000   0.032220
1873.248403   12.973600   0.031600
1873.258009   12.958710   0.031010
1873.267456   12.941630   0.033320
1873.276959   12.939280   0.032670
1873.286788   12.978530   0.033440
1873.296275   12.958580   0.034830
1873.305896   12.939410   0.037890
1873.315548   12.953090   0.038870
1873.325684   12.959500   0.040420
1873.335346   12.954290   0.044820
1873.344943   12.950410   0.045270
1873.354842   12.966480   0.041290
1873.364691   12.941740   0.046370
1873.374458   13.000610   0.044050
1873.383960   12.948120   0.037770
1873.393856   12.964380   0.039780
1873.403606   12.986000   0.043370
1873.413210   12.912040   0.051110
1873.422938   12.948050   0.050010
1873.432622   12.964880   0.044990
1873.441010   12.978270   0.039720
1873.447044   12.979750   0.040190
1873.453044   12.942610   0.039700
1873.457630   12.963360   0.042270
1873.462090   12.966710   0.040140
1873.465548   12.932490   0.040500
1873.468261   12.965680   0.042170
1873.470892   12.941500   0.043550
1873.472722   12.976860   0.044230
1873.474437   12.978840   0.041530
1873.476606   12.966160   0.061140
1873.548852   12.981140   0.118790
1873.558313   13.000470   0.100760
1873.567696   12.912990   0.093150
1873.577180   12.907450   0.105040
1873.586745   12.926770   0.092210
1873.596227   12.935030   0.116180
1873.605773   13.015870   0.122390
1873.615321   12.954160   0.110680
1873.624816   12.889570   0.113220
1874.032527   12.960410   0.020790
1874.041923   12.963500   0.021830
1874.051714   12.963230   0.021650
1874.061193   12.958600   0.021360
1874.070741   12.969260   0.022860
1874.080230   12.952100   0.023330
1874.089638   12.947000   0.022640
1874.098984   12.957190   0.023100
1874.108441   12.947230   0.022460
1874.117749   12.951120   0.024560
1874.127103   12.957400   0.024260
1874.136654   12.966610   0.024780
1874.145982   12.967290   0.024840
1874.155173   12.976600   0.026730
1874.164605   12.961380   0.028470
1874.174153   12.994560   0.035310
1874.183645   12.930330   0.044230
1874.193053   12.957320   0.061890
1874.202515   12.969770   0.063560
1874.212179   12.953080   0.067280
1874.222051   12.950430   0.058500
1874.593715   13.010540   0.111390
1874.603390   12.913490   0.099570
1874.613039   12.880390   0.112710
1876.992585   12.968370   0.023100
1877.002277   12.953310   0.023390
1877.012009   12.969090   0.025290
1877.021623   12.945580   0.023680
1877.031340   12.996270   0.027530
1877.041094   12.948270   0.026560
1877.050632   12.958660   0.021650
1877.060512   12.947420   0.023900
1877.070280   12.957220   0.025290
1877.080037   12.957650   0.024770
1877.089835   12.960610   0.023330
1877.099542   12.966140   0.026450
1877.109324   12.925340   0.030440
1877.119234   12.947760   0.030250
1877.128562   12.954420   0.027320
1877.137988   12.935960   0.027660
1877.147449   12.970660   0.035220
1877.157081   12.941610   0.031470
1877.166514   12.950650   0.029970
1877.175811   12.968980   0.027610
1877.185180   12.932250   0.031520
1877.194638   12.933160   0.028550
1877.204359   12.953620   0.028410
1877.213829   12.955860   0.026690
1877.223290   12.950550   0.027830
1877.232928   12.975410   0.027830
1877.242583   12.965830   0.030410
1877.252102   12.962990   0.031630
1877.261424   12.964780   0.032460
1877.271317   12.961050   0.028650
1877.280810   12.941400   0.025180
1877.290913   12.976910   0.029560
1877.300784   12.964800   0.035130
1877.310552   12.955700   0.028010
1877.320329   12.944200   0.033890
1877.330019   12.959900   0.029100
1877.339609   12.962580   0.025990
1877.349339   12.971270   0.028940
1877.359563   12.963930   0.025350
1877.369289   12.944990   0.030140
1877.379166   12.961860   0.028720
1877.389199   12.955470   0.033490
1877.398748   12.959730   0.037930
1877.408188   12.952380   0.034270
1877.417610   12.924900   0.032950
1877.426444   12.936420   0.028580
1877.433416   12.970540   0.032080
1877.439426   12.959900   0.035340
1877.444578   12.971350   0.035430
1877.449101   12.959130   0.031530
1877.452622   12.979160   0.037940
1877.456119   12.928150   0.031950
1877.458826   12.957330   0.030660
1877.460660   12.974470   0.033150
1877.462441   12.963510   0.031990
1877.464144   12.956290   0.032290
1877.465872   12.936700   0.034240
1877.528546   12.970240   0.038690
1877.538164   12.947760   0.041350
1877.547759   12.969480   0.043620
1877.557433   12.952340   0.047840
1877.566991   12.970450   0.046320
1877.956588   12.965900   0.038420
1877.966360   12.963890   0.033780
1877.975795   12.952130   0.024710
1877.985575   12.967120   0.022460
1877.995071   12.956060   0.021080
1878.004964   12.955340   0.020790
1878.014335   12.962100   0.022340
1878.023915   12.961800   0.018810
1878.033403   12.959000   0.020900
1878.042881   12.959270   0.020500
1878.052477   12.955920   0.023330
1878.062202   12.948820   0.022110
1878.072038   12.957680   0.023630
1878.081838   12.963680   0.024250
1878.091595   12.946770   0.022340
1878.101204   12.959540   0.022980
1878.111056   12.966720   0.023790
1878.120475   12.975310   0.024370
1878.129972   12.954090   0.026040
1878.139452   12.969520   0.029920
1878.148981   12.991740   0.052750
1878.158293   12.958210   0.044710
1878.167692   12.945460   0.026440
1878.177309   12.961270   0.025920
1878.186872   12.971660   0.032680
1878.196273   12.955650   0.034160
1878.206054   12.948390   0.036390
1878.215833   12.947090   0.040800
1878.225557   12.962000   0.040270
1878.235117   12.921930   0.032620
1878.244657   12.956840   0.034510
1878.254352   12.955230   0.037580
1878.263984   12.940880   0.040140
1878.273770   12.949010   0.039330
1878.283405   12.912040   0.043710
1878.293079   12.978300   0.043640
1878.302887   12.951280   0.058260
1878.312828   12.915520   0.057930
1878.322431   12.987360   0.056820
1878.332111   12.967400   0.058160
1878.342126   12.944090   0.039820
1878.351898   12.947430   0.045330
1878.361666   12.942960   0.045030
1878.371492   12.951310   0.044410
1878.381052   12.995830   0.049270
1878.390611   12.956940   0.035230
1878.400035   12.933980   0.047920
1878.409523   12.950310   0.044570
1878.419250   12.953020   0.050460
1878.427139   12.935130   0.052420
1878.434256   12.982920   0.044620
1878.439734   12.951500   0.052030
1878.444205   12.919390   0.040030
1878.448555   12.929160   0.042220
1878.452064   12.937590   0.050590
1878.454721   12.971000   0.049900
1878.457364   12.927840   0.049440
1878.459093   12.943010   0.048390
1878.460943   12.985770   0.049710
1878.463071   12.943170   0.071210
1878.523903   12.969060   0.053070
1878.533380   12.965020   0.054730
1878.542754   12.948960   0.048570
1878.552323   12.963270   0.055460
1878.561961   12.964660   0.064700
1878.571685   12.984830   0.084900
1878.581234   12.950950   0.082210
1878.590773   12.920340   0.080860
1878.600390   12.927660   0.110400
1878.885725   12.961430   0.073630
1878.896259   12.960440   0.058150
1878.907039   12.995060   0.051650
1878.917827   12.968990   0.050080
1878.928636   12.943130   0.049830
1878.939490   12.925330   0.042580
1878.950209   12.959790   0.034590
1878.960985   12.966050   0.033620
1878.971663   12.956390   0.030720
1878.982256   12.942600   0.030840
1878.992862   12.956580   0.030080
1879.003349   12.948710   0.032220
1879.014056   12.949510   0.032980
1879.024781   12.967850   0.032740
1879.035403   12.946060   0.036840
1879.046338   12.946870   0.036840
1879.056998   12.939300   0.038180
1879.067120   12.967300   0.039150
1879.077625   12.974460   0.038220
1879.087804   12.962340   0.038970
1879.097718   12.920510   0.043590
1879.108265   12.955050   0.045920
1879.118677   12.966850   0.048620
1879.128946   12.961750   0.041110
1879.138951   12.976140   0.047050
1879.148948   12.953960   0.055210
1879.158753   12.962630   0.054810
1879.168681   12.961690   0.056620
1879.178653   12.944800   0.057580
1879.188532   12.961890   0.057570
1879.198658   12.935870   0.060140
1879.208980   12.974850   0.060100
1879.219105   12.987010   0.061130
1879.229198   12.999280   0.061700
1879.239692   12.956990   0.063110
1879.249885   12.977920   0.061710
1879.259988   12.967710   0.058720
1879.270136   13.005310   0.056450
1879.279998   13.025190   0.048060
1879.290256   12.967750   0.054760
1879.300321   12.970740   0.056170
1879.310604   12.962820   0.056850
1879.321132   12.958370   0.059760
1879.331398   12.935870   0.055270
1879.341711   12.923770   0.059580
1879.352168   12.970270   0.057480
1879.362239   12.960460   0.056990
1879.372581   12.940080   0.057500
1879.383093   12.921250   0.037300
1879.393142   12.948950   0.060960
1879.403333   12.937260   0.057870
1879.413718   12.960740   0.064570
1879.422210   12.997100   0.070350
1879.430290   12.915190   0.067680
1879.436891   12.970320   0.074590
1879.441492   12.999000   0.073530
1879.445571   12.951560   0.077510
1879.449457   12.965370   0.075280
1879.452342   12.944570   0.061940
1879.454194   12.985900   0.078000
1879.456055   13.016420   0.065550
1879.457932   12.978410   0.077400
1879.460282   12.952100   0.111300
1879.524043   12.922690   0.093370
1879.534146   12.943280   0.101390
1879.544253   12.939480   0.102390
1879.554321   12.938380   0.058300
1879.564508   12.942310   0.107860
1879.574677   12.968780   0.109160
1879.584814   12.978680   0.113810
1879.594935   13.024570   0.105860
1879.605121   12.917620   0.118780
1879.615186   12.932610   0.123290
1879.625503   12.865140   0.073600
1879.885631   12.995910   0.090080
1879.895153   12.959540   0.069670
1879.904711   12.985570   0.053410
1879.914664   12.957750   0.042820
1879.924232   12.950190   0.035830
1879.933937   12.957440   0.031600
1879.943742   12.953840   0.025700
1879.953255   12.952480   0.023270
1879.962965   12.955680   0.021710
1879.972299   12.956090   0.021190
1879.982133   12.957680   0.022060
1879.991480   12.952510   0.024200
1880.001350   12.972850   0.025720
1880.010995   12.949220   0.028770
1880.020489   12.960450   0.028020
1880.030167   12.958430   0.028180
1880.040004   12.966380   0.026920
1880.050020   12.954340   0.027200
1880.059700   12.952310   0.028030
1880.069635   12.949700   0.029230
1880.079469   12.938150   0.031530
1880.089000   12.951910   0.029340
1880.098524   12.950460   0.028930
1880.108072   12.964520   0.031870
1880.117530   12.960270   0.028580
1880.127140   12.989510   0.030550
1880.200091   12.993430   0.034010
1880.209735   12.941560   0.036890
1880.219431   12.964520   0.033390
1880.229324   12.956540   0.030500
1880.238989   12.981090   0.030720
1880.248836   12.989180   0.031100
1880.258298   12.998620   0.031590
1880.267686   12.951340   0.031760
1880.277275   12.986620   0.032420
1880.286928   12.967720   0.038080
1880.306613   12.949280   0.032110
1880.369120   12.970690   0.030210
1880.684731   12.978190   0.100240
1880.693935   12.965450   0.088870
1880.703424   12.981290   0.108240
1880.712965   13.045960   0.126350
1880.967707   12.941040   0.038570
1880.977730   12.980240   0.038970
1880.987626   12.958990   0.029320
1880.997175   12.953610   0.027770
1881.007352   12.944470   0.029170
1881.017262   12.955420   0.029950
1881.027023   12.950310   0.031990
1881.036583   12.949450   0.030200
1881.046307   12.971730   0.031990
1881.055914   12.957620   0.035810
1881.065565   12.936170   0.034530
1881.075352   12.977680   0.037360
1881.085120   12.974240   0.034600
1881.094964   12.958010   0.033050
1881.104801   12.946630   0.028560
1881.114937   12.967410   0.041110
1881.124474   12.944150   0.035100
1881.134326   12.957960   0.036850
1881.143810   12.956100   0.027890
1881.153419   12.943520   0.036900
1881.163015   12.942710   0.033380
1881.171357   12.960160   0.028120
1881.180981   12.939500   0.029650
1881.190627   12.934890   0.024540
1881.200550   12.953820   0.026850
1881.210473   12.947710   0.030090
1881.220305   12.968860   0.030780
1881.230199   12.977710   0.031130
1881.239668   12.944670   0.031240
1881.249328   12.944850   0.030430
1881.258917   12.968900   0.031180
1881.268352   12.971470   0.034010
1881.278189   12.970020   0.032450
1881.288137   12.977850   0.032510
1881.297680   12.965150   0.032680
1881.307337   12.963770   0.033780
1881.317394   12.945560   0.034410
1881.327336   12.956870   0.035510
1881.337373   12.942320   0.036440
1881.347129   12.949320   0.036740
1881.357110   12.938330   0.037900
1881.366722   12.959810   0.037530
1881.376276   12.939300   0.038810
1881.386104   12.970450   0.040820
1881.395996   12.926470   0.040560
1881.405772   12.949500   0.043220
1881.414838   12.952180   0.040830
1881.422098   12.958740   0.042510
1881.428287   12.978830   0.044010
1881.433496   12.948730   0.044340
1881.437835   12.971540   0.042860
1881.441542   12.927540   0.046670
1881.445078   12.971310   0.047700
1881.447777   12.936050   0.048180
1881.449541   12.945720   0.045750
1881.451276   12.975690   0.046590
1881.453055   12.975200   0.048100
1881.455245   12.966700   0.068040
1881.512259   12.980680   0.048470
1881.522032   12.947960   0.055100
1881.531584   12.971230   0.052490
1881.541053   12.957410   0.053930
1881.550943   12.957710   0.054090
1881.560601   12.954480   0.057860
1881.570473   12.980470   0.056090
1881.580253   12.988300   0.062510
1881.589860   12.968880   0.057290
1881.599577   12.949840   0.067690
1881.609472   12.958820   0.060780
1881.619114   12.975180   0.072300
1881.628942   12.945220   0.078850
1881.638590   12.964040   0.077710
1881.648351   12.949240   0.086230
1881.816745   12.966020   0.115320
1881.826319   12.855990   0.098740
1881.835921   12.946600   0.086510
1881.845731   12.940190   0.080800
1881.855252   13.015990   0.066100
1881.864967   13.009150   0.053840
1881.874874   12.970570   0.048730
1881.884546   12.946660   0.045120
1881.894462   12.958530   0.038820
1881.904494   12.960730   0.032850
1881.914271   12.959680   0.031590
1881.923884   12.949660   0.032330
1881.933466   12.917170   0.030200
1881.943231   12.936580   0.031470
1881.952875   12.945590   0.040770
1881.962633   12.946460   0.045190
1881.972149   12.952180   0.044780
1881.982098   12.958470   0.048190
1881.992169   12.947730   0.060720
1882.001889   12.924090   0.067650
1882.011594   12.914070   0.071160
1882.021627   12.973640   0.053820
1882.031644   12.979340   0.062730
1882.041324   12.956240   0.057770
1882.051198   12.947140   0.053190
1882.060871   12.967960   0.054330
1882.070527   12.964220   0.105830
1882.080330   12.944220   0.042910
1882.090096   12.906470   0.088550
1882.099492   12.989350   0.106950
1882.109365   12.907280   0.074340
1882.121972   12.949030   0.064880
1882.131558   12.995970   0.048760
1882.141120   12.856650   0.079280
1882.150540   12.965830   0.051490
1882.160119   12.960640   0.056640
1882.169652   12.962160   0.055560
1882.179008   12.942930   0.054740
1882.188466   12.937550   0.062210
1882.198063   12.971200   0.074380
1882.207954   12.987430   0.097740
1882.217722   12.940690   0.099260
1882.227231   12.965290   0.081180
1882.236839   12.919280   0.085070
1882.246251   12.951120   0.097090
1882.256107   13.001530   0.117120
1882.266006   12.936230   0.107880
1882.275585   13.008670   0.097730
1882.285301   12.973090   0.104590
1882.295361   12.897090   0.093410
1882.305067   13.035560   0.119160
1882.325032   13.035670   0.102690
1882.334886   12.913110   0.080740
1882.344919   12.930860   0.095260
1882.354771   13.055540   0.106470
1882.364587   12.979600   0.085290
1882.374737   12.974660   0.079990
1883.093660   12.988850   0.038410
1883.103366   12.945800   0.065180
1883.112818   12.919410   0.044270
1883.122237   12.909390   0.050380
1883.131900   12.975860   0.043360
1883.141295   12.947550   0.048470
1883.150882   12.992020   0.052140
1883.160374   12.942430   0.054250
1883.169871   12.957540   0.057220
1883.179271   12.963970   0.043730
1883.188727   12.942420   0.041170
1883.198404   12.963510   0.053430
1883.207904   12.944720   0.049400
1883.217549   12.928580   0.056650
1883.226897   12.942080   0.054410
1883.236210   12.916510   0.053930
1883.245790   12.955080   0.053420
1883.255334   12.989330   0.058920
1883.265175   12.966610   0.058630
1883.274780   12.958880   0.059960
1883.284849   12.971530   0.080140
1883.294394   12.979680   0.081730
1883.304305   12.923020   0.069450
1883.314080   12.995510   0.092860
1883.323720   12.968650   0.079570
1883.333437   12.953250   0.066460
1883.343435   12.924510   0.073360
1883.353548   12.968720   0.078760
1883.363493   12.963210   0.065080
1883.373027   13.004710   0.072530
1883.382657   12.911630   0.075100
1883.392439   12.934120   0.065300
1883.402040   12.918730   0.068620
1883.410061   13.001850   0.074290
1883.417485   12.927470   0.071570
1883.423677   12.955250   0.072140
1883.428949   12.929780   0.074220
1883.433300   13.002030   0.086510
1883.436812   12.914320   0.071250
1883.440325   12.982200   0.080920
1883.443180   12.957640   0.073620
1883.444926   12.969720   0.072750
1883.446707   13.028970   0.071310
1883.448508   12.934250   0.067000
1883.507335   12.950660   0.078520
1883.517022   12.997950   0.074470
1883.526655   12.987940   0.087260
1883.536232   12.928570   0.088450
1883.545818   12.956480   0.091590
1883.555341   12.983800   0.090650
1883.565051   12.978900   0.091560
1883.574608   12.965150   0.085460
1883.584302   12.949770   0.086490
1883.593915   12.966730   0.078050
1884.099534   12.980880   0.021370
1884.109140   12.960800   0.019640
1884.118686   12.952690   0.025070
1884.128292   12.983700   0.033790
1884.137551   12.931460   0.022830
1884.147279   12.961580   0.025690
1884.156774   12.955700   0.027500
1884.166197   12.964230   0.034880
1884.175960   12.946710   0.033260
1884.185414   12.941410   0.029980
1884.194977   12.949650   0.024480
1884.204574   12.965990   0.025710
1884.214174   12.943790   0.023110
1884.223839   12.962690   0.028780
1884.233272   12.932140   0.038200
1884.242628   12.960120   0.021710
1884.252195   12.961290   0.020670
1884.261682   12.961420   0.020790
1884.271201   12.967790   0.021370
1884.280876   12.971100   0.022990
1884.290846   12.961800   0.024310
1884.300573   12.961300   0.027660
1884.310420   12.964280   0.043350
1884.320206   12.972200   0.025920
1884.330156   12.964960   0.026980
1884.340081   12.943010   0.033200
1884.350052   12.967900   0.031270
1884.360119   12.941330   0.026730
1884.370060   12.950420   0.026390
1884.379738   12.956820   0.028700
1884.389528   12.955000   0.022530
1884.399065   12.956200   0.023620
1884.406881   12.955080   0.029180
1884.413865   12.971090   0.033970
1884.420368   12.947900   0.038450
1884.425635   12.965210   0.026340
1884.430150   12.941550   0.022060
1884.433678   12.946480   0.026500
1884.437202   12.951580   0.025530
1884.439908   12.951560   0.026970
1884.441669   12.950050   0.026680
1884.443407   12.941070   0.026220
1884.445186   12.950220   0.025170
1884.446926   12.950390   0.036240
1884.503638   12.953020   0.023270
1884.513187   12.941670   0.028580
1884.522993   12.946670   0.023850
1884.532900   12.943620   0.021250
1884.542819   12.957490   0.028370
1884.552706   12.970450   0.031540
1884.562458   12.952740   0.019110
1884.572213   12.937760   0.025070
1884.581820   12.948250   0.019980
1884.591479   12.945020   0.026210
1884.600983   12.966370   0.023040
1884.610820   12.957070   0.021710
1884.886961   12.930470   0.057880
1884.896459   12.995010   0.064480
1884.906042   12.983680   0.057020
1884.915643   12.932380   0.068360
1884.925737   12.979980   0.051790
1884.935570   12.903780   0.069470
1884.945448   12.915810   0.056540
1884.954875   12.993400   0.063840
1884.964329   12.980850   0.060840
1884.974229   12.927190   0.069170
1884.983546   12.993380   0.069480
1884.993441   12.953840   0.063370
1885.003341   12.955560   0.058370
1885.013229   12.932370   0.069950
1885.022911   12.950860   0.069940
1885.032502   12.949870   0.075830
1885.042137   12.940520   0.075270
1885.052183   12.979660   0.076650
1885.061957   12.932220   0.084170
1885.071678   12.974620   0.084860
1885.081285   12.948780   0.100270
1885.090973   13.011470   0.095470
1885.100847   12.934340   0.091400
1885.278794   12.982850   0.051440
1885.288696   12.938830   0.067580
1885.298475   12.938460   0.056330
1885.308250   12.972040   0.054400
1885.318087   12.964910   0.059190
1885.328301   12.957280   0.066730
1885.338173   12.920190   0.092440
1885.347960   12.970010   0.085260
1885.357853   12.915150   0.091350
1885.367578   12.921580   0.089550
1885.377344   12.890020   0.103060
1885.386938   12.966590   0.109130
1885.396599   12.930120   0.092210
1885.404395   12.961800   0.082840
1885.411445   12.976760   0.093660
1885.417511   12.945540   0.097020
1885.422892   12.843770   0.091870
1885.427461   12.955450   0.093440
1885.430989   12.977530   0.078010
1885.434637   13.005780   0.090700
1885.437356   12.950160   0.089910
1885.439093   13.011700   0.089810
1885.440855   12.942880   0.085760
1885.442624   12.972570   0.081790
1885.444416   12.980850   0.085860
1885.502228   13.020970   0.092620
1885.511985   12.969870   0.115190
1885.521821   12.953170   0.092730
1885.531512   12.969470   0.094160
1885.541243   12.935840   0.091310
1885.551133   12.973620   0.081790
1885.560860   12.915440   0.082140
1885.570601   12.912470   0.079050
1885.580236   12.952540   0.095650
1885.590133   12.956360   0.071610
1886.072366   12.963870   0.018840
1886.082057   12.953920   0.020790
1886.091456   12.960580   0.021430
1886.101064   12.970220   0.022290
1886.110701   12.947720   0.021020
1886.120214   12.955420   0.021310
1886.129544   12.954680   0.023040
1886.138882   12.951430   0.022870
1886.148233   12.955910   0.022690
1886.157943   12.956550   0.024140
1886.167550   12.949530   0.027430
1886.177101   12.956120   0.027720
1886.186997   12.948210   0.028180
1886.196609   12.977850   0.030260
1886.206153   12.959490   0.034010
1886.215757   12.973690   0.034680
1886.225422   12.946680   0.048280
1886.234829   12.985330   0.049370
1886.244630   12.946520   0.045330
1886.254426   12.967590   0.036300
1886.263771   12.968640   0.027670
1886.273578   12.946240   0.048410
1886.283270   12.953870   0.027380
1886.293134   12.963780   0.028880
1886.303115   12.970100   0.032450
1886.312914   12.952420   0.029750
1886.322818   12.949790   0.030890
1886.332859   12.975450   0.032110
1886.342543   12.969400   0.030300
1886.352534   12.957890   0.029500
1886.362281   12.966300   0.033560
1886.372003   12.946230   0.034120
1886.381496   12.964320   0.035290
1886.391198   12.953150   0.038940
1886.399994   12.957880   0.040170
1886.408171   12.960160   0.041070
1886.414363   12.970770   0.050190
1886.419581   12.951080   0.050260
1886.423873   12.970170   0.047460
1886.427459   12.953140   0.046940
1886.431086   12.945950   0.044060
1886.433748   12.943770   0.052660
1886.435540   12.962780   0.053000
1886.437293   12.971430   0.044770
1886.439058   12.975370   0.046420
1886.441348   12.948310   0.092430
