1863.169882   14.306790   0.077490
1863.179028   14.308390   0.098900
1863.188111   14.326520   0.109760
1863.197263   14.207980   0.092590
1863.206453   14.228470   0.096410
1863.215516   14.227350   0.109810
1863.224486   14.255120   0.105600
1863.233708   14.305160   0.120510
1863.243026   14.315200   0.121340
1863.252052   14.324920   0.112380
1863.260978   14.287440   0.101180
1863.270074   14.322170   0.115880
1863.279229   14.304230   0.108150
1863.288341   14.271740   0.098400
1863.297662   14.297740   0.095760
1863.306748   14.368160   0.106180
1863.315898   14.264290   0.111090
1863.325261   14.256650   0.101060
1863.334632   14.304780   0.110890
1863.344416   14.273960   0.108160
1863.353962   14.269500   0.105760
1863.363511   14.299420   0.088760
1863.372640   14.290490   0.086420
1863.381795   14.252570   0.088290
1863.391577   14.306460   0.095490
1863.400670   14.283600   0.097040
1863.410157   14.244890   0.094750
1863.419415   14.343940   0.104340
1863.428728   14.365230   0.115170
1863.438171   14.370550   0.116540
1863.447725   14.338400   0.122080
1863.457039   14.253530   0.102050
1863.477532   14.145610   0.074000
1864.122118   14.280070   0.066320
1864.131216   14.272190   0.088840
1864.140349   14.266150   0.084250
1864.149328   14.351870   0.087130
1864.158727   14.295800   0.077300
1864.168077   14.206450   0.099020
1864.177441   14.331610   0.095710
1864.186471   14.222640   0.075750
1864.195786   14.302520   0.093570
1864.204761   14.253340   0.076570
1864.213956   14.309740   0.082140
1864.223275   14.261850   0.075330
1864.232312   14.247740   0.094760
1864.241734   14.241400   0.094350
1864.250994   14.295200   0.076040
1864.260292   14.312650   0.093740
1864.269452   14.270250   0.081360
1864.278712   14.304610   0.099690
1864.288040   14.271950   0.099430
1864.297228   14.248030   0.096510
1864.306786   14.230410   0.095960
1864.315982   14.258370   0.099310
1864.325240   14.297900   0.095260
1864.334830   14.232240   0.096200
1864.344223   14.252810   0.129300
1864.353629   14.228210   0.122760
1864.362884   14.226670   0.106120
1864.381871   14.222550   0.073600
1864.391386   14.324070   0.118470
1864.410624   14.265370   0.077900
1864.420005   14.246860   0.078100
1865.081649   14.278610   0.109760
1865.090914   14.240810   0.110070
1865.103000   14.331830   0.110930
1865.112265   14.205560   0.104380
1865.121493   14.292350   0.117680
1865.180915   14.315190   0.076760
1865.189934   14.268430   0.055590
1865.199137   14.279960   0.071620
1865.208040   14.288280   0.056820
1865.217207   14.307470   0.090230
1865.226382   14.247790   0.081090
1865.235932   14.314000   0.095110
1865.245886   14.235690   0.089430
1865.255783   14.318820   0.096030
1865.265750   14.294800   0.119990
1865.275774   14.223490   0.103430
1865.285892   14.296110   0.093280
1865.295973   14.244520   0.103970
1865.306185   14.288730   0.100840
1865.316145   14.309080   0.099840
1865.326150   14.323640   0.105960
1865.336276   14.286100   0.119000
1865.346577   14.267760   0.109970
1865.356675   14.173470   0.102540
1865.366659   14.167730   0.110870
1865.376904   14.228030   0.111110
1865.387088   14.253380   0.118200
1865.397153   14.180890   0.114180
1865.407149   14.311020   0.117420
1865.417333   14.336930   0.118770
1865.427630   14.319670   0.117620
1865.437669   14.233180   0.111310
1865.448324   14.278990   0.072000
1866.165339   14.284570   0.062160
1866.174723   14.305960   0.062010
1866.184057   14.246370   0.062080
1866.193410   14.282770   0.064340
1866.202706   14.273840   0.062840
1866.212035   14.242390   0.066670
1866.221409   14.288370   0.070400
1866.230791   14.302500   0.065280
1866.240551   14.252900   0.067390
1866.250004   14.252600   0.065200
1866.259354   14.306040   0.069130
1867.193045   14.297950   0.042560
1867.202355   14.284820   0.044430
1867.211516   14.290050   0.045620
1867.220585   14.299580   0.048310
1867.230131   14.280950   0.051230
1867.239707   14.305480   0.049310
1867.249230   14.260000   0.049490
1867.258785   14.276380   0.048520
1867.268385   14.286100   0.053050
1867.277702   14.290280   0.054020
1867.287153   14.260320   0.052440
1867.296854   14.242570   0.052990
1867.306121   14.273850   0.056170
1867.315500   14.285240   0.058660
1867.325094   14.299990   0.059100
1867.334502   14.292360   0.061940
1867.344482   14.278420   0.062000
1867.354030   14.267620   0.063790
1867.363492   14.279910   0.076080
1867.372735   14.269030   0.064190
1867.382212   14.244760   0.065670
1867.391671   14.271640   0.075120
1867.401392   14.251540   0.072190
1867.410805   14.254710   0.067480
1867.420288   14.248520   0.087040
1867.429722   14.297380   0.093020
1867.439192   14.226400   0.086920
1867.448574   14.262760   0.095310
1867.456168   14.285750   0.084590
1867.463320   14.294120   0.086560
1867.469421   14.328970   0.087920
1867.473939   14.283590   0.070420
1867.478291   14.246920   0.065630
1867.481655   14.285320   0.069180
1867.484335   14.271240   0.072690
1867.486951   14.296950   0.075790
1867.488639   14.301630   0.077580
1867.490315   14.263710   0.079280
1867.492002   14.283040   0.076030
1867.493724   14.245310   0.072570
1868.197661   14.219540   0.088730
1868.207123   14.234320   0.088000
1868.216418   14.412610   0.087300
1868.225986   14.201750   0.104410
1868.235810   14.325840   0.094160
1868.245580   14.208290   0.112730
1868.255259   14.409900   0.122490
1868.264815   14.250210   0.123480
1868.274355   14.265870   0.104160
1868.283929   14.248440   0.116480
1868.322547   14.259840   0.105570
1868.332083   14.288440   0.124230
1868.341800   14.271960   0.130600
1870.219778   14.250360   0.052750
1870.229270   14.229190   0.058110
1870.238762   14.325690   0.066580
1870.248135   14.292090   0.060300
1870.257691   14.274760   0.073340
1870.267266   14.314040   0.067720
1870.276950   14.317770   0.071200
1870.286498   14.342530   0.070940
1870.295849   14.236940   0.065110
1870.305565   14.279040   0.072020
1870.315197   14.328110   0.075610
1870.325274   14.281280   0.080240
1870.335174   14.205110   0.075120
1870.344892   14.247550   0.081020
1870.354573   14.205510   0.091360
1870.364104   14.270280   0.121760
1870.373603   14.332800   0.120170
1870.383677   14.318170   0.104270
1871.136689   14.309780   0.073270
1871.146179   14.239340   0.064530
1871.155384   14.265320   0.067160
1871.164955   14.282630   0.074170
1871.174269   14.321640   0.073220
1871.183469   14.277950   0.072540
1871.192872   14.227810   0.067020
1871.202392   14.267050   0.074540
1871.211865   14.283020   0.089640
1871.221273   14.284520   0.086680
1871.230922   14.307300   0.080450
1871.240394   14.214050   0.072920
1871.250018   14.332830   0.077620
1871.259511   14.237200   0.075790
1871.269122   14.238370   0.077400
1871.278903   14.283040   0.077400
1871.288648   14.329260   0.084540
1871.298226   14.235150   0.076980
1871.307789   14.304960   0.086720
1871.317562   14.320240   0.092630
1871.327342   14.301660   0.088910
1871.337079   14.333790   0.103790
1871.346725   14.210150   0.101450
1871.356495   14.234370   0.094950
1871.366277   14.290060   0.108150
1871.375944   14.269180   0.112230
1871.385808   14.306270   0.123230
1871.395399   14.316150   0.126830
1871.404729   14.302840   0.073400
1871.414342   14.249120   0.106770
1871.423744   14.291240   0.107630
1871.433495   14.375440   0.106710
1871.442405   14.357440   0.128290
1871.449670   14.355020   0.130290
1871.455742   14.295240   0.129680
1871.461344   14.163460   0.070500
1871.465968   14.325980   0.131260
1871.469461   14.256710   0.133000
1871.473070   14.133720   0.102660
1871.476069   14.238290   0.099930
1871.477819   14.233180   0.120730
1871.479709   14.288760   0.128560
1871.481438   14.208780   0.122780
1871.550266   14.195100   0.075300
1872.324463   14.284600   0.077590
1872.334315   14.269280   0.082170
1872.344041   14.307970   0.078620
1872.353623   14.351570   0.085760
1872.363427   14.261930   0.075620
1872.373279   14.278010   0.071690
1872.383099   14.278680   0.075650
1872.392766   14.264990   0.077370
1872.402203   14.295380   0.077340
1872.412032   14.277070   0.084420
1872.421585   14.291540   0.086010
1872.431130   14.199210   0.093770
1872.439874   14.254840   0.093610
1872.447517   14.252960   0.091120
1872.454162   14.262710   0.096560
1872.459603   14.265840   0.105540
1872.463903   14.243290   0.104210
1872.467716   14.312610   0.104300
1872.470496   14.302960   0.102430
1872.473152   14.288180   0.102660
1872.474857   14.320750   0.106030
1872.476617   14.262830   0.105720
1872.478370   14.295900   0.107770
1872.480228   14.241130   0.106670
1872.541663   14.345090   0.106350
1872.550921   14.276740   0.107230
1872.560346   14.200560   0.098860
1873.229437   14.249330   0.083240
1873.238826   14.271820   0.098760
1873.248403   14.291860   0.091420
1873.258009   14.249770   0.093340
1873.267456   14.208640   0.091220
1873.276959   14.287330   0.099770
1873.286788   14.233690   0.096660
1873.296275   14.241690   0.098850
1873.305896   14.346010   0.114440
1873.315548   14.302280   0.105260
1873.325684   14.261010   0.107160
1873.335346   14.241750   0.114000
1873.344943   14.358870   0.112330
1873.354842   14.247490   0.109290
1873.364767   14.334550   0.095640
1873.374458   14.321090   0.112950
1873.383960   14.314090   0.110990
1873.393856   14.361830   0.119980
1873.403606   14.239600   0.114840
1873.432622   14.202010   0.117510
1873.441010   14.222150   0.112770
1873.447044   14.300230   0.110070
1873.453044   14.293110   0.110390
1873.457630   14.242420   0.112090
1873.462090   14.205660   0.112570
1873.465548   14.283390   0.120570
1873.468261   14.349150   0.121310
1873.470892   14.327110   0.124200
1873.472722   14.293870   0.120360
1873.474437   14.295710   0.118510
1873.476606   14.284330   0.171710
1874.032527   14.240980   0.056010
1874.041923   14.205350   0.057950
1874.051714   14.234280   0.056230
1874.061193   14.278760   0.057990
1874.070741   14.282650   0.064040
1874.080230   14.260660   0.062480
1874.089638   14.253150   0.065110
1874.098984   14.286640   0.067380
1874.108441   14.275490   0.064060
1874.117749   14.305280   0.071210
1874.127103   14.260370   0.066100
1874.136654   14.255850   0.068610
1874.145982   14.250330   0.068730
1874.155173   14.244430   0.073780
1874.164605   14.268250   0.085420
1874.174153   14.224960   0.093940
1874.183645   14.333300   0.121220
1876.992585   14.280630   0.067670
1877.002277   14.279300   0.062720
1877.012009   14.246480   0.068160
1877.021623   14.277230   0.069770
1877.031340   14.263580   0.070150
1877.041094   14.291230   0.071950
1877.050632   14.231490   0.060410
1877.060512   14.254790   0.067150
1877.070280   14.271700   0.065340
1877.080037   14.307700   0.067960
1877.089835   14.273830   0.068090
1877.099542   14.337300   0.068720
1877.109324   14.317540   0.087020
1877.119234   14.311230   0.082430
1877.128562   14.226670   0.076830
1877.137988   14.281160   0.073090
1877.147449   14.298620   0.093480
1877.157081   14.261090   0.086490
1877.166514   14.256910   0.079920
1877.175811   14.279850   0.076050
1877.185180   14.224000   0.082930
1877.194638   14.289250   0.076300
1877.204359   14.275920   0.074950
1877.213829   14.311350   0.075770
1877.223290   14.342700   0.080620
1877.232928   14.269370   0.074220
1877.242583   14.300460   0.086320
1877.252102   14.276730   0.089380
1877.261424   14.215860   0.083570
1877.271317   14.299290   0.082030
1877.280810   14.286140   0.078010
1877.290913   14.287530   0.082630
1877.300784   14.341100   0.095670
1877.310552   14.282090   0.075180
1877.320329   14.303320   0.088990
1877.330019   14.340540   0.082100
1877.339609   14.276100   0.072520
1877.349339   14.250820   0.086030
1877.359563   14.251620   0.074320
1877.369289   14.290470   0.082690
1877.379166   14.280150   0.081620
1877.389199   14.187490   0.089760
1877.398748   14.214860   0.099620
1877.408188   14.277820   0.095220
1877.417610   14.268470   0.091680
1877.426444   14.253810   0.080310
1877.433416   14.283440   0.090660
1877.439426   14.272930   0.101420
1877.444578   14.260180   0.100670
1877.449101   14.330370   0.090360
1877.452622   14.286690   0.100620
1877.456119   14.299890   0.094590
1877.458826   14.303860   0.088650
1877.460660   14.310990   0.088180
1877.462441   14.255100   0.091310
1877.464144   14.267890   0.090340
1877.465872   14.285550   0.096450
1877.528546   14.333960   0.115200
1877.538164   14.323330   0.122340
1877.547836   14.282260   0.103190
1877.557356   14.290870   0.104750
1877.567068   14.275160   0.110650
1877.956588   14.328690   0.108380
1877.966360   14.253220   0.092420
1877.975795   14.231960   0.071150
1877.985575   14.289470   0.059480
1877.995071   14.277610   0.060260
1878.004964   14.254650   0.053910
1878.014335   14.255680   0.063870
1878.023915   14.301940   0.054590
1878.033403   14.298320   0.059110
1878.042881   14.291300   0.055520
1878.052477   14.282690   0.060320
1878.062202   14.304100   0.059710
1878.072038   14.303320   0.065590
1878.081838   14.338900   0.064680
1878.091595   14.296600   0.060260
1878.101204   14.297510   0.062710
1878.111056   14.227180   0.064970
1878.120475   14.284930   0.066330
1878.129972   14.330830   0.068710
1878.139452   14.304780   0.091260
1878.149134   14.342010   0.074700
1878.158293   14.218910   0.122710
1878.167692   14.275060   0.074950
1878.177309   14.291560   0.071830
1878.186872   14.266530   0.097190
1878.196273   14.338130   0.095340
1878.206054   14.284660   0.102720
1878.215833   14.293500   0.115680
1878.225557   14.235650   0.116290
1878.235117   14.279490   0.099790
1878.244657   14.301840   0.096480
1878.254352   14.319890   0.106080
1878.263984   14.274450   0.118280
1878.273770   14.247210   0.118870
1878.283405   14.255360   0.120740
1878.293079   14.307470   0.122560
1878.302887   14.148360   0.104140
1878.342049   14.258970   0.075000
1878.351898   14.189420   0.116600
1878.361666   14.254110   0.119740
1878.371492   14.313990   0.121230
1878.390611   14.362880   0.100160
1878.400035   14.393720   0.104940
1878.409523   14.286480   0.120280
1878.419250   14.282700   0.073100
1878.427139   14.181480   0.070300
1878.444205   14.232600   0.098990
1878.448555   14.027260   0.090720
1878.451911   14.241050   0.070900
1878.454721   14.245290   0.099000
1878.457364   14.251100   0.071900
1878.459093   14.253270   0.120380
1878.461096   14.260710   0.068900
1878.462661   14.199160   0.075600
1878.523903   14.296260   0.103380
1878.542754   14.222150   0.072300
1878.906886   14.162670   0.070300
1878.917674   14.413070   0.080100
1878.928713   14.186840   0.103310
1878.939490   14.391800   0.126210
1878.950209   14.201910   0.103430
1878.960985   14.210890   0.094480
1878.971663   14.254280   0.090730
1878.982256   14.335970   0.094560
1878.992862   14.253160   0.083450
1879.003349   14.298750   0.089940
1879.014056   14.381490   0.092330
1879.024781   14.287780   0.091150
1879.035403   14.282600   0.105800
1879.046338   14.331140   0.106480
1879.056998   14.339320   0.113910
1879.067120   14.312260   0.114290
1879.077625   14.316350   0.109940
1879.087804   14.284920   0.109310
1879.097718   14.352690   0.123710
1879.108188   14.153080   0.102220
1879.118753   14.335960   0.112080
1879.138951   14.337680   0.132070
1879.914664   14.240970   0.086970
1879.924232   14.355410   0.100560
1879.933937   14.342890   0.089210
1879.943742   14.243730   0.074470
1879.953255   14.252210   0.070690
1879.962965   14.274390   0.061660
1879.972299   14.278650   0.059360
1879.982133   14.249090   0.064470
1879.991480   14.268510   0.066250
1880.001350   14.239960   0.070860
1880.010995   14.209690   0.075660
1880.020489   14.256870   0.078720
1880.030167   14.279100   0.080490
1880.040004   14.265420   0.077370
1880.050020   14.260680   0.076990
1880.059700   14.257810   0.077270
1880.069635   14.407000   0.080600
1880.079469   14.289480   0.083750
1880.089000   14.284250   0.081600
1880.098524   14.283100   0.086000
1880.108072   14.331930   0.092760
1880.117530   14.239710   0.077810
1880.127140   14.283730   0.085050
1880.200091   14.257930   0.094010
1880.209735   14.290340   0.101560
1880.219431   14.305550   0.098010
1880.229324   14.283440   0.088700
1880.238989   14.249080   0.084190
1880.248836   14.200670   0.084090
1880.258298   14.259550   0.086460
1880.267686   14.239730   0.095010
1880.277275   14.299110   0.097230
1880.286928   14.354360   0.112130
1880.306613   14.244520   0.093680
1880.369120   14.271990   0.087380
1880.967707   14.327810   0.101060
1880.977577   14.200700   0.053700
1880.987626   14.246310   0.082230
1880.997175   14.313640   0.079690
1881.007352   14.264850   0.080970
1881.017262   14.249230   0.086990
1881.027023   14.277670   0.086600
1881.036583   14.237960   0.084710
1881.046307   14.275100   0.089290
1881.055914   14.300420   0.099720
1881.065565   14.315270   0.095900
1881.075352   14.273500   0.096900
1881.085120   14.340850   0.097750
1881.094964   14.194400   0.087830
1881.104801   14.275930   0.083690
1881.114937   14.148790   0.098210
1881.124474   14.340190   0.099830
1881.134326   14.160450   0.095060
1881.143810   14.269020   0.079770
1881.153419   14.286420   0.103850
1881.163015   14.337830   0.096740
1881.171357   14.262070   0.082970
1881.180981   14.311470   0.093400
1881.190627   14.260260   0.068370
1881.200550   14.276180   0.082540
1881.210473   14.271130   0.087220
1881.220305   14.198180   0.082460
1881.230199   14.251960   0.086220
1881.239668   14.260380   0.092220
1881.249328   14.343100   0.094240
1881.258917   14.263120   0.092660
1881.268352   14.250260   0.094120
1881.278189   14.253680   0.091140
1881.288137   14.281020   0.093560
1881.297680   14.334040   0.102340
1881.307337   14.285330   0.097610
1881.317394   14.248870   0.099020
1881.327336   14.268770   0.102960
1881.337373   14.255980   0.098630
1881.347129   14.267420   0.106360
1881.357110   14.288590   0.108500
1881.366722   14.249460   0.107640
1881.376276   14.257140   0.111620
1881.386104   14.293470   0.117620
1881.395996   14.251670   0.113720
1881.405772   14.368290   0.124190
1881.414838   14.247920   0.118190
1881.422098   14.353910   0.128640
1881.428287   14.273070   0.121710
1881.433496   14.265940   0.120580
1881.437835   14.329970   0.126250
1881.441619   14.272530   0.100930
1881.445078   14.214660   0.074800
1881.447777   14.298860   0.122990
1881.449388   14.167020   0.067100
1881.451276   14.328440   0.070700
1881.453208   14.131510   0.071200
1881.455393   14.214470   0.125350
1881.512259   14.255360   0.108980
1881.522032   14.120170   0.077400
1881.874874   14.290950   0.073500
1881.884546   14.258490   0.120850
1881.894462   14.302410   0.109130
1881.904494   14.325560   0.099420
1881.914271   14.255130   0.095100
1881.923884   14.305340   0.094720
1881.933466   14.224270   0.086110
1881.943231   14.305320   0.094140
1881.952875   14.302750   0.114450
1881.962633   14.287990   0.125340
1881.972149   14.355020   0.128070
1881.982021   14.288610   0.107880
1882.080330   14.205130   0.110490
1882.131558   14.282750   0.127950
1883.093660   14.255830   0.111170
1883.112818   14.331190   0.114210
1883.131900   14.315380   0.114950
1883.141295   14.394810   0.068700
1883.151035   14.273640   0.068300
1883.179271   14.326670   0.121210
1883.188727   14.190580   0.119310
1883.198404   14.220080   0.074200
1883.207904   14.247440   0.075000
1884.099534   14.232350   0.061590
1884.109140   14.266600   0.057780
1884.118686   14.296650   0.074790
1884.128292   14.428130   0.093690
1884.137551   14.293600   0.067760
1884.147279   14.286900   0.077040
1884.156774   14.222940   0.076370
1884.166197   14.228320   0.088110
1884.175960   14.256610   0.099270
1884.185414   14.191620   0.082940
1884.194977   14.267170   0.067560
1884.204574   14.260320   0.077700
1884.214174   14.263760   0.065410
1884.223839   14.385760   0.080820
1884.233272   14.374750   0.111260
1884.242628   14.246010   0.056270
1884.252195   14.266410   0.058100
1884.261682   14.260080   0.061550
1884.271201   14.281350   0.060850
1884.280876   14.242920   0.066640
1884.290846   14.212340   0.073350
1884.300573   14.260890   0.083240
1884.310420   14.276620   0.084660
1884.320206   14.308900   0.080370
1884.330156   14.279760   0.078200
1884.340081   14.255040   0.094840
1884.350052   14.265890   0.090720
1884.360119   14.258320   0.078330
1884.370060   14.290730   0.074990
1884.379738   14.267000   0.086350
1884.389528   14.202820   0.060720
1884.399065   14.216870   0.066470
1884.406881   14.273620   0.082640
1884.413865   14.248870   0.096720
1884.420445   14.361550   0.079220
1884.425635   14.291070   0.075980
1884.430150   14.265630   0.063750
1884.433678   14.273350   0.077090
1884.437202   14.321540   0.075080
1884.439908   14.283500   0.078840
1884.441669   14.305010   0.083640
1884.443407   14.346220   0.074790
1884.445186   14.289930   0.070460
1884.446926   14.328800   0.095440
1884.503638   14.254870   0.065680
1884.513187   14.330190   0.082440
1884.522993   14.262370   0.066200
1884.532900   14.270330   0.059660
1884.542819   14.324960   0.078680
1884.552782   14.287500   0.038600
1884.562458   14.263640   0.053780
1884.572213   14.290140   0.071660
1884.581820   14.285520   0.054810
1884.591479   14.289510   0.074320
1884.600983   14.256780   0.061930
1884.610820   14.273260   0.061690
1884.925661   14.223690   0.106850
1886.072366   14.235800   0.052610
1886.082057   14.251560   0.058150
1886.091456   14.271320   0.059110
1886.101064   14.228540   0.061530
1886.110701   14.283140   0.058650
1886.120214   14.271120   0.056470
1886.129544   14.238640   0.061660
1886.138882   14.323210   0.065880
1886.148233   14.285750   0.059540
1886.157943   14.244470   0.068950
1886.167550   14.328900   0.086250
1886.177101   14.232280   0.077150
1886.186997   14.321090   0.086290
1886.196609   14.296230   0.084350
1886.206153   14.277140   0.092420
1886.215757   14.349300   0.107610
1886.225422   14.242050   0.126920
1886.234905   14.252790   0.103750
1886.244630   14.222890   0.122510
1886.254426   14.310170   0.101990
1886.263771   14.319620   0.079610
1886.283270   14.284200   0.072550
1886.293134   14.277240   0.085510
1886.303115   14.283430   0.095900
1886.312914   14.313960   0.087420
1886.322818   14.285650   0.088600
1886.332859   14.275410   0.092360
1886.342543   14.285510   0.084140
1886.352534   14.341750   0.089620
1886.362281   14.315230   0.099080
1886.372003   14.310620   0.100140
1886.381496   14.265600   0.098160
1886.391198   14.224730   0.107230
1886.399994   14.265690   0.109260
1886.408171   14.310500   0.116130
1886.414363   14.263610   0.074200
1886.419581   14.247800   0.076100
1886.423873   14.245270   0.098170
1886.427459   14.262210   0.116530
1886.431086   14.366040   0.121840
1886.439058   14.275620   0.122410
