1863.169882   12.019010   0.015420
1863.179028   12.011650   0.016800
1863.188111   11.997570   0.019400
1863.197263   11.989500   0.017900
1863.206453   12.002750   0.017150
1863.215516   12.015840   0.020440
1863.224486   12.008210   0.019630
1863.233708   12.003690   0.021130
1863.243026   12.006790   0.021020
1863.252052   12.006330   0.019310
1863.260978   12.021870   0.018250
1863.270074   12.015570   0.020910
1863.279229   12.011880   0.018530
1863.288341   12.017120   0.017840
1863.297662   12.013590   0.016520
1863.306748   12.010570   0.018480
1863.315898   12.006380   0.018820
1863.325261   12.006760   0.019000
1863.334632   12.007170   0.019590
1863.344416   12.004500   0.018710
1863.353962   12.008840   0.018360
1863.363511   12.025590   0.016750
1863.372640   12.014830   0.015820
1863.381795   12.009210   0.015760
1863.391577   11.998870   0.016340
1863.400670   12.008510   0.017380
1863.410157   12.017340   0.017440
1863.419415   12.024260   0.018070
1863.428728   12.004810   0.019110
1863.438171   12.014370   0.019870
1863.447725   12.028280   0.020500
1863.457038   12.019420   0.023450
1863.464667   12.001720   0.027210
1863.471563   12.014810   0.028930
1863.477686   12.025980   0.026680
1863.482900   12.010360   0.027020
1863.487037   12.006640   0.028410
1863.490505   12.017970   0.028700
1863.494064   11.997410   0.026850
1863.496621   12.017010   0.028230
1863.498272   12.011150   0.028230
1863.500087   12.004790   0.029160
1863.501889   12.002220   0.029390
1863.503937   11.994340   0.041650
1864.122118   12.007930   0.012700
1864.131216   12.007150   0.016410
1864.140349   12.019630   0.014780
1864.149328   12.004810   0.014960
1864.158727   12.015720   0.014090
1864.168077   12.010950   0.017550
1864.177441   11.994790   0.016740
1864.186471   12.010150   0.013450
1864.195786   12.021200   0.016800
1864.204761   12.015930   0.015410
1864.213956   12.003430   0.014720
1864.223275   12.014410   0.013970
1864.232312   12.006120   0.016800
1864.241734   12.003090   0.016860
1864.250994   12.021810   0.014670
1864.260292   12.012550   0.017440
1864.269452   12.009150   0.015190
1864.278712   12.003110   0.017730
1864.288040   11.998810   0.018130
1864.297228   12.002430   0.016920
1864.306786   12.007430   0.017440
1864.315982   11.991020   0.017900
1864.325240   11.986880   0.017840
1864.334830   11.997800   0.017150
1864.344223   12.008200   0.022690
1864.353629   12.021490   0.021940
1864.362884   11.990120   0.023850
1864.372284   12.013220   0.028530
1864.381718   12.009260   0.024190
1864.391386   12.027770   0.020960
1864.401175   12.008030   0.026100
1864.410777   12.018420   0.023500
1864.420158   12.032050   0.023790
1864.429378   12.017290   0.025690
1864.438639   12.031970   0.028750
1864.448098   12.004300   0.031930
1864.457409   12.039180   0.034120
1864.465120   12.025800   0.032630
1864.472313   11.983960   0.036510
1864.477494   12.013950   0.042560
1864.482643   11.990560   0.056800
1864.486002   12.022680   0.077100
1864.489646   12.013620   0.061550
1864.492216   11.975940   0.047470
1864.494776   12.009010   0.052350
1864.496480   11.989510   0.052460
1864.498365   12.006110   0.053160
1864.500091   12.018200   0.052440
1864.501760   12.012800   0.051470
1865.081649   12.003230   0.019520
1865.090914   11.989910   0.020270
1865.103000   12.018000   0.019060
1865.112265   12.009880   0.018490
1865.121493   11.993610   0.022920
1865.180915   12.007020   0.013220
1865.189934   12.009010   0.010570
1865.199137   12.006870   0.013230
1865.208040   12.012430   0.010570
1865.217130   12.010700   0.012520
1865.226382   11.991370   0.014950
1865.235932   12.005110   0.016280
1865.245886   12.014560   0.016510
1865.255783   12.016800   0.016170
1865.265750   12.001050   0.021070
1865.275774   12.011690   0.018660
1865.285892   11.994840   0.016280
1865.295973   11.995490   0.018190
1865.306185   12.008240   0.017780
1865.316145   12.018680   0.017390
1865.326150   12.006620   0.018940
1865.336276   12.021600   0.022520
1865.346577   11.995330   0.019580
1865.356675   12.007110   0.019460
1865.366659   11.997490   0.021830
1865.376904   12.010350   0.021480
1865.387088   11.998190   0.021770
1865.397153   12.010320   0.022400
1865.407149   12.000360   0.021880
1865.417333   12.004020   0.020560
1865.427630   11.996770   0.021600
1865.437669   12.021560   0.021650
1865.448171   12.009920   0.026300
1865.457324   12.001460   0.028180
1865.465615   11.995580   0.030010
1865.471988   12.005740   0.036490
1865.477591   12.028540   0.042630
1865.482335   12.014570   0.035400
1865.486159   11.994200   0.045410
1865.489785   11.995510   0.035290
1865.492667   11.994600   0.035450
1865.494427   12.012440   0.033080
1865.496283   12.021820   0.032130
1865.498551   12.039120   0.054820
1866.165339   12.013370   0.011780
1866.174723   12.016910   0.011780
1866.184057   12.003830   0.011890
1866.193410   12.018790   0.012180
1866.202706   12.006160   0.012470
1866.212035   12.010440   0.012640
1866.221409   12.005300   0.012870
1866.230791   11.998620   0.012640
1866.240551   12.006630   0.012590
1866.250004   12.003010   0.012530
1866.259354   12.004890   0.012930
1867.193045   12.009890   0.009070
1867.202355   12.016770   0.009410
1867.211516   12.013220   0.009410
1867.220585   12.011030   0.009930
1867.230131   12.009220   0.010100
1867.239707   12.007710   0.009930
1867.249230   12.009650   0.009820
1867.258785   12.013020   0.010050
1867.268385   12.014670   0.010100
1867.277702   12.007680   0.010340
1867.287153   12.006990   0.010510
1867.296854   12.021210   0.010630
1867.306121   12.007290   0.010620
1867.315500   12.014420   0.010800
1867.325094   12.014390   0.011030
1867.334502   12.015110   0.011490
1867.344482   12.015060   0.011720
1867.354030   11.999650   0.011660
1867.363492   11.994580   0.013220
1867.372735   12.004640   0.012180
1867.382212   12.000230   0.012590
1867.391671   12.000590   0.013570
1867.401392   11.999300   0.012990
1867.410805   12.004260   0.012930
1867.420288   12.005650   0.015300
1867.429722   12.009710   0.016400
1867.439192   12.005310   0.015420
1867.448574   11.995890   0.016630
1867.456168   12.000500   0.014900
1867.463320   12.000090   0.015420
1867.469421   12.006660   0.015590
1867.473939   12.006800   0.012990
1867.478291   12.003870   0.012120
1867.481655   12.003570   0.012300
1867.484335   12.003300   0.013340
1867.486951   11.993920   0.012820
1867.488639   11.990470   0.013160
1867.490315   12.009710   0.013740
1867.492002   12.001720   0.013280
1867.493724   12.003970   0.013170
1868.197661   12.002700   0.016170
1868.207123   12.005190   0.016170
1868.216495   11.988580   0.020720
1868.225986   12.016390   0.019230
1868.235811   12.008710   0.022120
1868.245580   12.010070   0.020150
1868.255259   12.004560   0.020610
1868.264815   12.001610   0.022170
1868.274279   12.012970   0.023620
1868.283929   11.999060   0.021710
1868.293537   11.999990   0.031600
1868.303104   11.990910   0.034420
1868.312574   11.977030   0.033660
1868.322548   12.016920   0.025760
1868.332083   12.013580   0.024080
1868.341800   11.998250   0.024940
1868.351466   11.971590   0.031070
1868.360837   11.996840   0.030060
1868.370659   11.998670   0.027900
1868.380417   12.022600   0.030140
1868.390367   12.030520   0.028130
1868.399668   12.013450   0.027800
1868.409622   12.014080   0.029390
1868.419023   12.007080   0.027890
1868.428372   11.999300   0.028250
1868.437691   12.015850   0.029630
1868.446987   11.999600   0.028520
1868.454949   12.026240   0.030140
1868.461066   11.979950   0.029680
1868.467151   12.017180   0.031060
1868.471440   12.018750   0.032680
1868.475710   12.032250   0.035570
1868.479187   12.007190   0.036620
1868.481793   11.986520   0.036330
1868.484421   12.023410   0.035400
1868.486154   12.014350   0.033490
1868.487874   12.000820   0.034940
1868.489584   12.031410   0.036280
1868.491280   12.005760   0.036530
1868.552972   12.041550   0.055160
1868.562396   11.995520   0.049080
1868.571961   11.939990   0.103020
1868.581607   12.072370   0.088130
1868.591155   12.026940   0.091400
1868.600621   11.987750   0.104790
1869.239644   12.026630   0.044290
1869.249027   11.991220   0.044000
1869.258676   12.023470   0.051390
1869.268384   11.995700   0.046880
1869.278238   12.020820   0.066070
1869.287800   12.001940   0.064460
1869.297392   12.001820   0.067410
1869.307040   11.990400   0.072070
1869.316723   12.033850   0.096120
1869.326588   11.969130   0.087830
1869.336288   11.962650   0.096410
1869.345989   12.027290   0.103950
1869.356015   12.038480   0.093620
1869.365999   11.999690   0.095700
1870.219778   12.002530   0.010570
1870.229270   12.004980   0.010910
1870.238762   11.997570   0.011720
1870.248135   12.012780   0.011320
1870.257691   12.006640   0.012640
1870.267266   12.017880   0.012120
1870.276950   12.019860   0.012360
1870.286498   12.015520   0.012590
1870.295849   12.009650   0.011840
1870.305565   12.012970   0.012410
1870.315197   12.008550   0.013860
1870.325274   12.015540   0.014260
1870.335174   12.005270   0.013220
1870.344892   12.000640   0.014320
1870.354573   12.000680   0.016400
1870.364104   12.028250   0.021250
1870.373603   12.002140   0.020390
1870.383600   11.996460   0.023330
1870.393243   12.007000   0.028740
1870.402820   11.984700   0.038640
1870.412418   12.000780   0.035770
1870.421719   12.006350   0.034380
1870.431056   12.050720   0.035340
1870.440608   12.016850   0.031190
1870.448993   12.015430   0.026790
1870.456179   12.014190   0.026220
1870.461756   12.003160   0.031660
1870.466593   12.011470   0.036920
1870.470290   12.012900   0.032290
1870.474034   12.028420   0.036180
1870.476825   11.997190   0.042310
1870.478569   12.016150   0.039200
1870.480341   11.999780   0.035510
1870.482097   12.002600   0.036800
1870.483838   12.019910   0.040560
1870.485602   12.010970   0.037490
1871.136689   12.003540   0.012470
1871.146179   12.009410   0.011890
1871.155384   12.006660   0.011950
1871.164955   12.005490   0.012990
1871.174269   12.003110   0.012820
1871.183469   11.991060   0.013740
1871.192872   12.011160   0.012820
1871.202392   11.998670   0.013630
1871.211865   12.002970   0.015770
1871.221273   11.991580   0.015650
1871.230922   11.999500   0.014030
1871.240394   12.004540   0.013400
1871.250018   11.994290   0.014490
1871.259511   12.000300   0.013630
1871.269122   11.995810   0.013860
1871.278903   11.990190   0.013800
1871.288648   12.009160   0.014670
1871.298226   12.002680   0.014200
1871.307789   12.001690   0.015360
1871.317562   11.992190   0.015590
1871.327342   11.989000   0.016460
1871.337079   12.010650   0.017440
1871.346725   11.988060   0.018190
1871.356495   11.997750   0.017150
1871.366277   11.993380   0.019230
1871.375944   11.993300   0.019000
1871.385808   12.012790   0.021070
1871.395399   12.013770   0.022060
1871.404882   12.013690   0.024600
1871.414342   11.992390   0.024480
1871.423744   12.011770   0.023500
1871.433495   11.990690   0.024370
1871.442405   11.997990   0.022290
1871.449670   12.000650   0.022630
1871.455742   11.992980   0.022920
1871.461191   12.003050   0.025490
1871.465968   11.999850   0.023850
1871.469461   11.987700   0.023730
1871.472994   12.005350   0.023790
1871.476070   12.011810   0.023150
1871.477819   12.005620   0.023100
1871.479709   11.999290   0.022920
1871.481438   11.996780   0.022630
1871.550420   12.006540   0.025630
1871.559908   11.986880   0.026040
1871.569340   12.012420   0.027720
1871.578835   12.007470   0.029450
1871.588334   12.010310   0.031520
1871.597765   11.999760   0.037070
1871.607264   12.023550   0.042620
1871.616819   11.998190   0.048060
1871.626324   12.039490   0.059700
1872.324463   11.999660   0.013980
1872.334315   11.994950   0.014720
1872.344041   11.993910   0.014260
1872.353623   11.986020   0.014380
1872.363427   12.001980   0.014030
1872.373279   12.013290   0.013920
1872.383099   12.000440   0.014150
1872.392766   12.010930   0.013910
1872.402203   12.011760   0.014260
1872.412032   12.000960   0.015010
1872.421585   11.988740   0.015070
1872.431130   11.997460   0.015940
1872.439874   12.006830   0.015940
1872.447517   12.001650   0.015990
1872.454162   12.005180   0.016570
1872.459603   12.000140   0.017900
1872.463903   11.999810   0.017960
1872.467716   12.006690   0.017550
1872.470496   12.005310   0.017670
1872.473152   12.009560   0.017900
1872.474857   12.007550   0.018250
1872.476617   12.008480   0.018240
1872.478370   12.014580   0.018300
1872.480228   12.003980   0.018250
1872.541663   12.028690   0.022580
1872.550845   12.029730   0.023330
1872.560270   12.028700   0.023850
1872.569828   12.018520   0.025400
1872.579400   12.051720   0.027770
1872.588943   12.013920   0.029560
1872.598488   12.032320   0.034180
1872.608116   11.974340   0.037600
1872.617527   11.985380   0.044630
1872.627101   12.032290   0.055030
1872.636625   12.005780   0.066530
1872.646041   11.978550   0.086510
1873.229437   11.992190   0.015650
1873.238826   12.005150   0.016450
1873.248403   12.013470   0.016280
1873.258009   11.995960   0.016170
1873.267456   11.994570   0.016690
1873.276959   11.995150   0.016980
1873.286788   12.016170   0.017440
1873.296275   12.011780   0.017900
1873.305896   12.013510   0.019750
1873.315548   12.003050   0.019520
1873.325684   12.004880   0.020150
1873.335346   12.010960   0.021770
1873.344943   11.995880   0.022060
1873.354842   11.995620   0.020500
1873.364691   11.991160   0.023100
1873.374458   11.997570   0.021770
1873.383960   11.978290   0.020100
1873.393856   12.014180   0.020790
1873.403606   12.009090   0.021420
1873.413210   12.001130   0.024310
1873.422938   12.007190   0.024250
1873.432622   11.989930   0.021830
1873.441010   12.011540   0.019800
1873.447044   11.998510   0.019750
1873.453044   11.993670   0.019580
1873.457630   11.991010   0.019980
1873.462090   11.988010   0.020380
1873.465548   12.001170   0.020380
1873.468261   11.994630   0.020670
1873.470892   12.022540   0.021660
1873.472722   12.018050   0.021310
1873.474437   12.002840   0.020670
1873.476606   11.998260   0.029360
1873.539458   12.065290   0.084310
1873.548852   11.997420   0.059300
1873.558313   12.039200   0.049830
1873.567696   12.004860   0.045100
1873.577180   12.014460   0.050980
1873.586745   11.996230   0.042560
1873.596227   12.057280   0.060190
1873.605773   11.986380   0.062250
1873.615321   12.021760   0.053550
1873.624816   12.008620   0.054730
1874.032527   12.006430   0.011030
1874.041923   11.997580   0.011430
1874.051714   12.004070   0.011430
1874.061193   11.996140   0.011260
1874.070741   12.001300   0.011890
1874.080230   12.012400   0.012070
1874.089638   12.000720   0.011780
1874.098984   11.998290   0.012180
1874.108441   12.006010   0.011900
1874.117749   12.012380   0.012590
1874.127103   12.000940   0.012530
1874.136654   12.007220   0.012470
1874.145982   12.001960   0.013110
1874.155173   11.999570   0.013740
1874.164605   12.007060   0.014950
1874.174153   12.006190   0.017840
1874.183645   11.992000   0.022980
1874.193053   11.985090   0.030600
1874.202515   12.024850   0.030720
1874.212179   12.045230   0.033240
1874.222051   12.007240   0.029330
1874.593715   12.053410   0.050380
1874.603390   12.003440   0.046540
1874.613039   12.038190   0.055410
1876.992585   12.001330   0.011610
1877.002277   12.009010   0.011780
1877.012009   12.009290   0.012420
1877.021623   12.000280   0.012180
1877.031340   12.015760   0.013170
1877.041094   12.008530   0.012640
1877.050632   12.032240   0.011430
1877.060512   12.004920   0.012070
1877.070280   11.996340   0.012300
1877.080037   12.018400   0.012300
1877.089835   12.012620   0.012180
1877.099542   12.015030   0.012940
1877.109324   12.016010   0.015190
1877.119234   12.001080   0.014920
1877.128562   12.004510   0.013920
1877.137988   12.005660   0.013570
1877.147449   12.018930   0.015940
1877.157081   12.005730   0.014900
1877.166514   11.995510   0.014320
1877.175811   11.991360   0.013630
1877.185180   12.004240   0.014720
1877.194638   12.003930   0.014330
1877.204359   12.003030   0.013970
1877.213829   12.010500   0.013400
1877.223290   11.998160   0.014090
1877.232928   12.010800   0.014150
1877.242583   12.003540   0.015370
1877.252102   12.002420   0.015420
1877.261424   11.995910   0.012300
1877.271317   12.002140   0.014320
1877.280810   12.018760   0.013400
1877.290913   12.012590   0.014720
1877.300784   12.007630   0.016750
1877.310552   12.013770   0.014430
1877.320329   11.990650   0.016460
1877.330019   12.007890   0.014670
1877.339609   12.001330   0.013450
1877.349339   12.005480   0.015010
1877.359563   12.011200   0.013860
1877.369289   11.998190   0.015130
1877.379166   12.012780   0.014610
1877.389199   12.012420   0.016510
1877.398748   12.013240   0.018130
1877.408188   12.014490   0.017270
1877.417610   12.018960   0.016510
1877.426444   12.010780   0.015070
1877.433416   12.012400   0.016170
1877.439426   12.022070   0.017690
1877.444578   12.010400   0.017380
1877.449101   12.016870   0.015650
1877.452622   12.002300   0.018610
1877.456119   12.004370   0.016110
1877.458826   12.010250   0.015820
1877.460660   12.005840   0.016340
1877.462441   12.016230   0.016280
1877.464144   12.004720   0.016280
1877.465872   11.986210   0.016980
1877.528546   12.007540   0.019860
1877.538164   12.013610   0.020730
1877.547759   12.005070   0.021650
1877.557433   12.024920   0.022860
1877.566991   12.023570   0.023150
1877.956588   11.995160   0.018530
1877.966360   11.995550   0.016340
1877.975795   12.001670   0.013170
1877.985575   12.009290   0.011780
1877.995071   12.004860   0.011260
1878.004964   12.008070   0.011080
1878.014335   12.001470   0.011950
1878.023915   12.005120   0.009900
1878.033403   12.006070   0.011140
1878.042881   12.009480   0.010970
1878.052477   12.013860   0.012360
1878.062202   12.011200   0.012120
1878.072038   12.011650   0.012360
1878.081838   12.002870   0.012760
1878.091595   12.003030   0.011950
1878.101204   12.014980   0.012360
1878.111056   12.015720   0.012700
1878.120475   12.008000   0.012760
1878.129972   12.005240   0.013740
1878.139452   12.014010   0.015710
1878.148981   12.003150   0.026170
1878.158293   12.007690   0.023050
1878.167692   11.996370   0.013970
1878.177309   12.016770   0.013740
1878.186872   12.014840   0.017260
1878.196273   12.017360   0.016920
1878.206054   12.004130   0.019000
1878.215833   12.008250   0.020270
1878.225557   12.006780   0.021070
1878.235117   12.016690   0.017380
1878.244657   11.997930   0.017900
1878.254352   12.005710   0.019000
1878.263984   12.002380   0.020900
1878.273770   12.015220   0.020550
1878.283405   12.020490   0.022120
1878.293079   12.020310   0.022060
1878.302887   11.993250   0.026910
1878.312828   12.002300   0.028940
1878.322431   11.985300   0.028180
1878.332111   11.981140   0.028720
1878.342126   11.998180   0.020300
1878.351898   12.008620   0.022460
1878.361666   11.996820   0.022350
1878.371492   11.987580   0.023050
1878.381052   11.999510   0.025130
1878.390611   11.982050   0.019160
1878.400035   12.023760   0.022580
1878.409523   12.037750   0.022350
1878.419250   12.020650   0.024770
1878.427139   12.040620   0.024940
1878.434256   12.004950   0.021780
1878.439734   12.043190   0.025260
1878.444205   12.046530   0.019520
1878.448555   12.056180   0.020220
1878.452064   12.034110   0.024540
1878.454721   12.052330   0.023380
1878.457364   12.039960   0.023850
1878.459093   12.026240   0.024190
1878.460943   12.046010   0.024140
1878.463071   12.045700   0.033990
1878.523903   11.990660   0.024540
1878.533380   11.996020   0.025000
1878.542754   12.002450   0.024190
1878.552323   12.002810   0.025870
1878.561961   12.008640   0.029850
1878.571685   11.997630   0.039780
1878.581234   12.000000   0.037940
1878.590773   11.992260   0.039820
1878.600390   12.019350   0.049170
1878.885725   11.996970   0.032170
1878.896259   12.021240   0.026900
1878.907039   12.000670   0.024600
1878.917827   12.010690   0.024190
1878.928636   12.013820   0.024080
1878.939490   11.999810   0.020900
1878.950209   12.007190   0.017790
1878.960985   11.994240   0.016860
1878.971663   12.001150   0.015760
1878.982256   12.004220   0.016280
1878.992862   11.994200   0.015300
1879.003349   11.993500   0.016980
1879.014056   11.982040   0.016690
1879.024781   12.000760   0.016860
1879.035403   11.992660   0.019280
1879.046338   11.990550   0.019340
1879.056998   12.011030   0.019690
1879.067120   11.999060   0.020210
1879.077625   12.003150   0.019860
1879.087804   11.996150   0.020440
1879.097718   12.008400   0.022400
1879.108265   11.999780   0.023970
1879.118677   11.996600   0.025010
1879.128946   11.997620   0.021570
1879.138951   11.997110   0.023620
1879.148948   11.995090   0.027140
1879.158753   11.988730   0.028000
1879.168681   12.005860   0.028940
1879.178653   11.983380   0.028980
1879.188532   12.004960   0.029660
1879.198658   11.984930   0.030850
1879.208980   12.009160   0.030840
1879.219105   12.006680   0.030370
1879.229198   11.989350   0.031520
1879.239692   12.000490   0.031540
1879.249885   11.988590   0.032280
1879.259988   12.001600   0.028750
1879.270136   11.999470   0.028530
1879.279998   11.977400   0.022560
1879.290256   11.981480   0.029450
1879.300321   11.987220   0.028710
1879.310604   12.012020   0.028880
1879.321132   12.008470   0.028880
1879.331398   12.006590   0.030200
1879.341711   12.000570   0.028710
1879.352168   11.998790   0.029330
1879.362239   12.014900   0.029970
1879.372581   12.012210   0.029740
1879.383093   12.027080   0.017800
1879.393142   12.020570   0.031120
1879.403333   12.015260   0.032470
1879.413718   12.003830   0.033890
1879.422210   11.980860   0.032160
1879.430290   11.994860   0.035300
1879.436891   11.996840   0.034650
1879.441492   12.014120   0.035510
1879.445571   12.012150   0.036930
1879.449457   12.005950   0.036610
1879.452342   12.002480   0.031330
1879.454194   11.988220   0.037610
1879.456055   11.984560   0.030830
1879.457932   12.002690   0.036330
1879.460282   12.006330   0.053140
1879.524043   11.987170   0.045910
1879.534146   12.005430   0.046890
1879.544253   12.005520   0.047290
1879.554321   11.980600   0.027300
1879.564508   11.988310   0.050600
1879.574677   11.970660   0.050190
1879.584814   12.008430   0.053300
1879.594935   12.011940   0.052770
1879.605121   12.003940   0.062680
1879.615186   12.015320   0.061590
1879.625350   12.031050   0.069110
1879.885631   12.038620   0.037420
1879.895153   12.009110   0.031950
1879.904711   12.005830   0.026280
1879.914664   12.012230   0.021020
1879.924232   12.015360   0.016460
1879.933937   12.021560   0.014790
1879.943742   12.012090   0.012930
1879.953255   12.010580   0.011890
1879.962965   12.011390   0.011260
1879.972299   12.015240   0.011080
1879.982133   12.004560   0.011370
1879.991480   12.002610   0.012070
1880.001350   11.995540   0.012470
1880.010995   12.002070   0.013800
1880.020489   11.999990   0.013680
1880.030167   11.995770   0.013860
1880.040004   11.998460   0.013630
1880.050020   12.002150   0.013570
1880.059700   12.011520   0.013920
1880.069635   11.993200   0.014150
1880.079469   12.017700   0.014950
1880.089000   12.002010   0.014320
1880.098524   12.015110   0.015360
1880.108072   12.011520   0.016280
1880.117530   12.006820   0.014210
1880.127140   12.015600   0.015190
1880.200091   12.013210   0.016510
1880.209735   12.032850   0.017730
1880.219431   12.012060   0.017220
1880.229324   12.019480   0.015590
1880.238989   12.000880   0.015130
1880.248836   12.005850   0.014720
1880.258298   12.015900   0.015590
1880.267686   11.994300   0.016630
1880.277275   12.015870   0.017040
1880.286928   12.011610   0.019860
1880.306613   12.004510   0.016800
1880.369120   12.028930   0.015940
1880.684731   12.042550   0.043070
1880.693935   12.036670   0.044340
1880.703424   12.008620   0.051450
1880.712965   12.021510   0.057910
1880.722745   12.013610   0.069600
1880.732752   11.991550   0.081060
1880.743114   11.997770   0.093870
1880.828480   12.031210   0.109420
1880.839020   12.014510   0.101560
1880.967707   11.992100   0.017090
1880.977730   12.012130   0.017260
1880.987626   12.000260   0.014030
1880.997175   11.998810   0.013680
1881.007352   12.001250   0.013970
1881.017262   11.991720   0.014440
1881.027023   11.987270   0.015300
1881.036583   11.984680   0.014960
1881.046307   11.991690   0.015530
1881.055914   11.999710   0.017320
1881.065565   12.016620   0.016170
1881.075352   12.007370   0.017960
1881.085120   11.995070   0.016670
1881.094964   12.004970   0.015940
1881.104801   12.014460   0.013980
1881.114937   12.001120   0.019460
1881.124474   11.992110   0.016980
1881.134326   11.993900   0.018190
1881.143810   12.005560   0.014200
1881.153419   11.981680   0.018420
1881.163015   12.000490   0.016690
1881.171357   12.003300   0.014260
1881.180981   12.002950   0.015420
1881.190627   11.994140   0.013160
1881.200550   11.990470   0.014030
1881.210473   12.015800   0.014950
1881.220305   12.006880   0.015940
1881.230199   11.998270   0.015420
1881.239668   11.999640   0.016050
1881.249328   11.995520   0.016000
1881.258917   11.989600   0.015820
1881.268352   11.991560   0.016630
1881.278189   11.998170   0.016220
1881.288137   11.999660   0.016340
1881.297680   12.010520   0.016690
1881.307337   12.011320   0.017260
1881.317394   11.999690   0.017730
1881.327336   12.020350   0.018470
1881.337373   12.006890   0.018190
1881.347129   11.998190   0.018240
1881.357110   12.032650   0.019000
1881.366722   12.028360   0.019170
1881.376276   12.026950   0.019520
1881.386104   12.011820   0.020210
1881.395996   12.020380   0.021130
1881.405772   12.040350   0.021430
1881.414838   12.036320   0.020900
1881.422098   12.043340   0.021720
1881.428287   12.046700   0.021770
1881.433496   12.032430   0.021940
1881.437835   12.039800   0.022230
1881.441542   12.027070   0.022630
1881.445078   12.034600   0.023330
1881.447777   12.018030   0.022980
1881.449541   12.038200   0.022920
1881.451276   12.026800   0.022930
1881.453055   12.018450   0.023740
1881.455245   12.020530   0.032990
1881.512259   12.012410   0.024080
1881.522032   11.994720   0.025410
1881.531584   12.007310   0.026330
1881.541053   12.005240   0.026380
1881.550943   12.019000   0.026790
1881.560601   11.997100   0.027200
1881.570473   11.987160   0.026960
1881.580253   11.994130   0.029680
1881.589860   12.019660   0.029270
1881.599577   11.995430   0.032050
1881.609472   12.009360   0.030710
1881.619114   12.011020   0.033610
1881.628942   12.029270   0.036660
1881.638590   12.013520   0.038680
1881.648351   11.998860   0.042150
1881.778022   11.975310   0.081730
1881.787777   12.061640   0.067090
1881.797421   12.079110   0.056450
1881.807277   11.991850   0.065300
1881.816745   11.973490   0.052830
1881.826319   12.021360   0.047810
1881.835921   12.034090   0.041170
1881.845731   12.013500   0.035100
1881.855252   12.019410   0.029960
1881.864967   12.010800   0.026680
1881.874874   12.018350   0.024250
1881.884546   12.006960   0.020610
1881.894462   12.006040   0.018240
1881.904494   12.007690   0.016220
1881.914271   12.004080   0.015700
1881.923884   11.988340   0.015650
1881.933466   12.005920   0.014950
1881.952875   11.996140   0.015980
1881.962633   12.009650   0.021770
1881.972149   12.002340   0.022640
1881.982098   11.979630   0.024830
1881.992169   12.006000   0.029970
1882.001889   12.001850   0.033380
1882.011594   12.017450   0.034470
1882.021627   12.001450   0.027140
1882.031644   11.988500   0.030330
1882.041324   11.992840   0.030140
1882.051198   12.012780   0.026390
1882.060871   12.011510   0.027200
1882.070527   11.981000   0.047190
1882.080330   12.015020   0.020500
1882.090096   12.004250   0.045970
1882.099569   11.996350   0.064880
1882.109365   11.989160   0.037710
1882.121972   12.007930   0.029530
1882.131558   12.000380   0.023800
1882.141120   11.972790   0.038240
1882.150540   11.986560   0.024940
1882.160119   11.992200   0.026790
1882.169652   12.013710   0.027370
1882.179008   12.004990   0.026860
1882.188466   11.990980   0.031320
1882.198063   11.991320   0.035340
1882.208031   11.998480   0.063350
1882.217722   12.003780   0.049710
1882.227231   12.001400   0.044000
1882.236839   11.973850   0.042160
1882.246327   12.000420   0.059400
1882.256107   11.978110   0.056740
1882.266006   11.992510   0.055220
1882.275585   12.035790   0.046430
1882.285301   12.011750   0.049490
1882.295361   12.048470   0.047180
1882.305067   11.992740   0.061430
1882.315073   12.000100   0.072300
1882.325032   11.965100   0.046310
1882.334886   12.042090   0.042200
1882.344919   11.985770   0.050190
1882.354771   11.982360   0.053410
1882.364587   11.999890   0.044570
1882.374737   11.965500   0.044630
1882.394964   12.023270   0.095700
1883.093660   12.001480   0.019930
1883.103366   11.984130   0.031940
1883.112818   12.029330   0.021570
1883.122237   12.004040   0.024750
1883.131900   12.017050   0.019920
1883.141295   12.020620   0.022520
1883.150882   12.022420   0.022920
1883.160374   11.998740   0.025940
1883.169871   12.000560   0.027170
1883.179271   12.011280   0.020900
1883.188727   12.012500   0.020500
1883.198404   12.019540   0.025210
1883.207904   11.997880   0.025060
1883.217549   12.010840   0.027200
1883.226897   12.026750   0.026850
1883.236210   12.008820   0.026850
1883.245790   12.006610   0.026220
1883.255334   12.015070   0.027890
1883.265175   12.006280   0.027430
1883.274780   12.029770   0.027900
1883.284849   12.044230   0.038290
1883.294394   12.008340   0.038580
1883.304305   11.999940   0.036100
1883.314080   11.987080   0.045090
1883.323720   11.999030   0.036840
1883.333437   12.040480   0.032630
1883.343435   12.037200   0.033040
1883.353548   12.003300   0.036040
1883.363493   12.021630   0.029980
1883.373027   12.015570   0.032230
1883.382657   12.020860   0.034180
1883.392439   12.038770   0.031240
1883.402040   12.004930   0.030090
1883.410061   11.998000   0.035580
1883.417485   12.030820   0.034080
1883.423677   12.016220   0.033060
1883.428949   12.057860   0.035100
1883.433300   12.000380   0.039530
1883.436812   12.020260   0.031240
1883.440325   12.011410   0.036860
1883.443180   12.047300   0.033620
1883.444926   11.989280   0.036710
1883.446707   12.024820   0.032000
1883.448508   11.992330   0.032690
1883.507335   11.996850   0.034240
1883.517022   12.007790   0.034670
1883.526655   12.042140   0.038410
1883.536232   11.988390   0.040080
1883.545818   11.999110   0.040300
1883.555341   12.016760   0.039840
1883.565051   11.993690   0.040590
1883.574608   11.992920   0.038940
1883.584302   11.981340   0.039410
1883.593915   11.983690   0.033840
1884.099534   11.998030   0.010160
1884.109140   11.995060   0.009990
1884.118686   11.996700   0.012180
1884.128292   11.997740   0.015250
1884.137551   11.993100   0.011270
1884.147279   12.005390   0.012760
1884.156774   12.006370   0.013680
1884.166197   12.001880   0.015840
1884.175960   11.995380   0.016120
1884.185414   11.996700   0.014150
1884.194977   11.991950   0.011660
1884.204574   12.001030   0.012820
1884.214174   12.000890   0.011550
1884.223839   12.011740   0.013170
1884.233272   11.993360   0.018840
1884.242628   12.001160   0.010680
1884.252195   11.996850   0.010340
1884.261682   12.001010   0.010570
1884.271201   12.001060   0.010510
1884.280876   11.999710   0.011550
1884.290846   12.000550   0.012300
1884.300573   12.013930   0.013750
1884.310420   12.013290   0.020590
1884.320206   12.025300   0.012930
1884.330156   12.039360   0.013340
1884.340081   12.031290   0.015820
1884.350052   12.045070   0.015420
1884.360119   12.040130   0.012990
1884.370060   12.029710   0.013110
1884.379738   12.039510   0.014030
1884.389528   12.032570   0.011200
1884.399065   12.023930   0.011720
1884.406881   12.015490   0.013510
1884.413865   11.989700   0.016170
1884.420368   12.009830   0.017530
1884.425635   12.012210   0.012360
1884.430150   12.002120   0.011140
1884.433678   11.993470   0.012360
1884.437202   12.009450   0.012300
1884.439908   12.015160   0.012990
1884.441669   12.012100   0.012820
1884.443407   12.013030   0.012470
1884.445186   12.001270   0.011890
1884.446926   11.996590   0.015960
1884.503638   12.010240   0.011370
1884.513187   12.004150   0.013540
1884.522993   11.995170   0.011370
1884.532900   12.001560   0.010450
1884.542819   11.995080   0.012420
1884.552706   12.006440   0.013550
1884.562458   12.000540   0.009820
1884.572213   12.000770   0.011690
1884.581820   12.004700   0.010160
1884.591479   12.000350   0.012590
1884.600983   11.997930   0.011430
1884.610820   12.003050   0.010910
1884.886961   11.997990   0.026330
1884.896459   12.004410   0.028710
1884.906042   12.012300   0.026790
1884.915643   12.000480   0.033440
1884.925737   12.001100   0.024250
1884.935570   12.033310   0.034120
1884.945448   11.982870   0.027520
1884.954875   11.983460   0.029510
1884.964329   11.992610   0.028620
1884.974229   12.029460   0.032300
1884.983546   12.011060   0.034080
1884.993441   12.007640   0.028820
1885.003341   12.007810   0.028990
1885.013229   11.996960   0.032740
1885.022911   11.991770   0.032040
1885.032502   12.018690   0.038910
1885.042137   12.026970   0.036670
1885.052183   11.983940   0.038690
1885.061957   12.020540   0.041810
1885.071678   11.979080   0.043130
1885.081285   12.018510   0.049970
1885.090973   12.019420   0.045350
1885.100847   12.005640   0.044780
1885.278794   12.019620   0.025460
1885.288696   11.961330   0.032970
1885.298475   12.005240   0.027200
1885.308250   11.993660   0.026620
1885.318087   12.020880   0.028470
1885.328301   12.031410   0.032510
1885.338173   11.997070   0.047810
1885.347960   12.004660   0.040790
1885.357853   12.018380   0.043130
1885.367578   12.010370   0.045440
1885.377344   12.045150   0.049940
1885.386938   11.974330   0.052520
1885.396599   12.028470   0.045630
1885.404395   12.005670   0.039290
1885.411445   11.983000   0.044880
1885.417511   12.019530   0.048950
1885.422892   11.993510   0.050480
1885.427461   12.011560   0.046790
1885.430989   12.016660   0.037670
1885.434637   12.016680   0.043590
1885.437356   11.987170   0.043640
1885.439093   12.020870   0.043850
1885.440855   12.028730   0.042580
1885.442624   12.018490   0.040900
1885.444416   12.019550   0.040880
1885.502228   12.011750   0.045400
1885.511985   11.997670   0.057950
1885.521821   11.985940   0.047420
1885.531512   12.006920   0.041760
1885.541243   11.984740   0.046610
1885.551133   11.981310   0.039560
1885.560860   11.991420   0.038590
1885.570601   12.002240   0.034940
1885.580236   12.019890   0.046830
1885.590133   11.995960   0.031630
1886.072366   12.003420   0.009640
1886.082057   12.011660   0.010340
1886.091456   12.007730   0.010680
1886.101064   12.011660   0.010970
1886.110701   12.025250   0.010800
1886.120214   12.013120   0.010970
1886.129544   12.012150   0.011490
1886.138882   12.017420   0.011840
1886.148233   12.008650   0.011660
1886.157943   12.022380   0.012180
1886.167550   12.009750   0.013750
1886.177101   12.020390   0.013680
1886.186997   12.008330   0.014260
1886.196609   12.028500   0.015190
1886.206153   12.013520   0.016510
1886.215757   11.998410   0.017610
1886.225422   11.997430   0.023730
1886.234829   12.008660   0.023560
1886.244630   12.012190   0.023440
1886.254426   12.020170   0.017210
1886.263771   12.016300   0.013970
1886.273578   12.009960   0.024370
1886.283270   12.008510   0.013800
1886.293134   12.020550   0.014380
1886.303115   12.007070   0.016860
1886.312914   12.008580   0.014960
1886.322818   12.023490   0.015990
1886.332859   12.028030   0.015590
1886.342543   12.027460   0.014900
1886.352534   12.018730   0.015130
1886.362281   12.022020   0.016510
1886.372003   12.000780   0.017380
1886.381496   12.012840   0.017670
1886.391198   11.996380   0.019050
1886.399994   12.013320   0.019400
1886.408171   12.002630   0.019860
1886.414363   12.001190   0.023970
1886.419581   11.998850   0.024600
1886.423873   12.009890   0.022640
1886.427459   11.993500   0.022130
1886.431086   12.008450   0.020440
1886.433748   12.010150   0.023920
1886.435540   12.006500   0.026070
1886.437293   12.005300   0.022170
1886.439058   12.011230   0.022350
1886.441348   11.998870   0.046980
