1863.169882   14.735010   0.110630
1863.179028   14.794570   0.123670
1863.188187   14.743280   0.108870
1863.197263   14.725290   0.124650
1863.206453   14.728040   0.125440
1863.233861   14.638250   0.074900
1863.251898   14.526960   0.066600
1863.260978   14.670800   0.127280
1863.269921   14.686850   0.079400
1863.279305   14.756090   0.108130
1863.288341   14.728970   0.125890
1863.297662   14.723510   0.114600
1863.306748   14.709360   0.134280
1863.315975   14.709610   0.105300
1863.325337   14.708770   0.110680
1863.334632   14.619070   0.076000
1863.344492   14.654840   0.105900
1863.353885   14.725290   0.106870
1863.363511   14.802350   0.124490
1863.372640   14.757890   0.114210
1863.381795   14.778670   0.114890
1863.391577   14.734330   0.121020
1863.400670   14.762290   0.129120
1863.410157   14.808540   0.132520
1863.419415   14.697830   0.134780
1864.122118   14.728480   0.088880
1864.131216   14.751370   0.122260
1864.140349   14.720000   0.110390
1864.149328   14.729710   0.110990
1864.158727   14.729700   0.104710
1864.168077   14.796860   0.104960
1864.177441   14.785800   0.121790
1864.186471   14.723790   0.091420
1864.195786   14.746650   0.128650
1864.204761   14.772610   0.118100
1864.213956   14.717800   0.106360
1864.223275   14.750280   0.105060
1864.232312   14.702730   0.122460
1864.241734   14.803550   0.122590
1864.250994   14.750490   0.107250
1864.260292   14.758490   0.127650
1864.269452   14.764170   0.112470
1864.278712   14.752960   0.131980
1864.287886   14.707680   0.071100
1864.297228   14.755120   0.130130
1864.306863   14.773170   0.106290
1864.315982   14.731560   0.131970
1864.325240   14.715660   0.126500
1864.334830   14.676350   0.121350
1865.090914   14.655660   0.075900
1865.103154   14.588850   0.070100
1865.112189   14.729430   0.104530
1865.180915   14.681060   0.101470
1865.189934   14.734750   0.082370
1865.199137   14.725100   0.095690
1865.208040   14.696940   0.075900
1865.217207   14.761730   0.117610
1865.226382   14.732060   0.110060
1865.235932   14.842210   0.123370
1865.245886   14.818380   0.125170
1865.255783   14.753760   0.120100
1865.285892   14.697640   0.116520
1865.296050   14.774860   0.107370
1865.306185   14.719420   0.125210
1865.316221   14.797460   0.103950
1865.326150   14.746470   0.107770
1865.356599   14.630190   0.099700
1866.165339   14.744120   0.084700
1866.174723   14.706570   0.080040
1866.184057   14.749290   0.082010
1866.193410   14.733360   0.084750
1866.202706   14.778840   0.096490
1866.212035   14.810850   0.088850
1866.221409   14.767030   0.091760
1866.230791   14.755570   0.094380
1866.240551   14.731220   0.094200
1866.250004   14.738230   0.089500
1866.259354   14.773140   0.096860
1867.193045   14.776260   0.062250
1867.202355   14.731510   0.068840
1867.211516   14.699890   0.065870
1867.220585   14.741950   0.068380
1867.230131   14.712290   0.072350
1867.239707   14.729090   0.070480
1867.249230   14.723940   0.071770
1867.258785   14.690560   0.072290
1867.268385   14.715800   0.072820
1867.277702   14.716700   0.074480
1867.287153   14.734190   0.077480
1867.296854   14.711030   0.079530
1867.306121   14.790040   0.080520
1867.315500   14.727280   0.074440
1867.325094   14.760230   0.082380
1867.334502   14.734990   0.086050
1867.344482   14.737360   0.089860
1867.354030   14.715690   0.091110
1867.363492   14.811040   0.104500
1867.372735   14.777890   0.091630
1867.382212   14.709860   0.091610
1867.391671   14.708530   0.102080
1867.401392   14.676870   0.096600
1867.410805   14.728920   0.094710
1867.420288   14.692220   0.111500
1867.429722   14.745670   0.127470
1867.439192   14.745200   0.116100
1867.448574   14.724950   0.124730
1867.456168   14.808380   0.117150
1867.463320   14.723790   0.115880
1867.469421   14.768930   0.122450
1867.473939   14.764940   0.100210
1867.478291   14.724520   0.088360
1867.481655   14.761240   0.095290
1867.484335   14.699170   0.103070
1867.486951   14.779630   0.107730
1867.488639   14.719300   0.104820
1867.490315   14.684360   0.106250
1867.492002   14.755760   0.110130
1867.493724   14.748160   0.096890
1868.197661   14.771020   0.120690
1868.207123   14.697700   0.115150
1868.216342   14.677190   0.073500
1868.225833   14.721850   0.071100
1870.219778   14.703120   0.079040
1870.229270   14.734250   0.071330
1870.238762   14.734660   0.088400
1870.248135   14.745570   0.083580
1870.257691   14.773740   0.100420
1870.267266   14.737850   0.087790
1870.276950   14.773270   0.085650
1870.286498   14.772360   0.100530
1870.295849   14.751370   0.085180
1870.305565   14.782630   0.096250
1870.315197   14.738990   0.104340
1870.325274   14.705180   0.105630
1870.335174   14.680270   0.093930
1870.344892   14.782040   0.110890
1870.354573   14.780020   0.122950
1871.136689   14.691370   0.095440
1871.146179   14.714270   0.088750
1871.155384   14.740290   0.083300
1871.164955   14.817640   0.104220
1871.174269   14.784920   0.100340
1871.183469   14.711000   0.104810
1871.192872   14.801440   0.097120
1871.202392   14.773140   0.104550
1871.211865   14.705330   0.119380
1871.221273   14.667990   0.116560
1871.230922   14.730870   0.104400
1871.240394   14.730420   0.103330
1871.250018   14.753210   0.109360
1871.259511   14.722040   0.105740
1871.269122   14.704090   0.102030
1871.278903   14.749760   0.105080
1871.288648   14.735440   0.109530
1871.298226   14.735210   0.107510
1871.307789   14.779420   0.115010
1871.317562   14.743500   0.115720
1871.327342   14.669330   0.114710
1871.337079   14.700930   0.122300
1871.356495   14.839270   0.130640
1871.366430   14.727210   0.075000
1871.375867   14.656220   0.107550
1872.324463   14.720850   0.103090
1872.334315   14.764890   0.111560
1872.344041   14.699050   0.105760
1872.353623   14.773420   0.112420
1872.363427   14.755630   0.102310
1872.373279   14.748350   0.097130
1872.383099   14.765660   0.105760
1872.392766   14.688620   0.099730
1872.402203   14.690720   0.103960
1872.412032   14.745590   0.112140
1872.421585   14.766390   0.112500
1872.431206   14.877220   0.103350
1872.439874   14.774830   0.123640
1872.447517   14.766960   0.124150
1872.454162   14.756620   0.129800
1872.459756   14.671400   0.072600
1872.467869   14.777440   0.079200
1872.470496   14.749620   0.077000
1872.473305   14.777810   0.078400
1872.474857   14.647200   0.111180
1872.476617   14.710350   0.076300
1872.478217   14.707350   0.081200
1873.229437   14.745280   0.119400
1873.238826   14.735840   0.117420
1873.248403   14.763130   0.123830
1873.258009   14.677350   0.116750
1873.267456   14.692600   0.122910
1873.276959   14.785240   0.129750
1873.286788   14.798350   0.105650
1873.296275   14.804800   0.133480
1873.447121   14.720160   0.109680
1873.457630   14.704670   0.078300
1873.462090   14.718530   0.083900
1874.032527   14.744050   0.078250
1874.041923   14.676570   0.080370
1874.051714   14.651440   0.084010
1874.061193   14.731510   0.081480
1874.070741   14.668710   0.089980
1874.080230   14.752390   0.086370
1874.089638   14.687400   0.087510
1874.098984   14.729550   0.091520
1874.108441   14.769400   0.084190
1874.117749   14.740180   0.093730
1874.127103   14.748900   0.095620
1874.136654   14.733960   0.092610
1874.145982   14.720060   0.088070
1874.155173   14.781600   0.101680
1874.164605   14.761000   0.113070
1874.174076   14.732990   0.103860
1876.992585   14.664110   0.087680
1877.002277   14.680850   0.088400
1877.012009   14.682650   0.094920
1877.021623   14.726250   0.093800
1877.031340   14.777090   0.104130
1877.041094   14.747690   0.099370
1877.050632   14.706270   0.085990
1877.060512   14.727370   0.092770
1877.070280   14.688790   0.094470
1877.080037   14.746070   0.092810
1877.089835   14.804830   0.092030
1877.099542   14.784260   0.101540
1877.109324   14.711090   0.111570
1877.119234   14.642790   0.106150
1877.128562   14.702430   0.102610
1877.137988   14.823530   0.106500
1877.157081   14.763940   0.108850
1877.166514   14.717240   0.106990
1877.175811   14.754140   0.103070
1877.185180   14.864680   0.111660
1877.194638   14.700410   0.102380
1877.204359   14.734260   0.108820
1877.213829   14.703820   0.100320
1877.223290   14.744320   0.108790
1877.232928   14.668470   0.103090
1877.242583   14.690920   0.114770
1877.252102   14.766750   0.108170
1877.261424   14.783470   0.113270
1877.271317   14.777620   0.108770
1877.280810   14.759120   0.100920
1877.290913   14.724430   0.106350
1877.300784   14.718790   0.063700
1877.310552   14.771850   0.108230
1877.330019   14.681940   0.108330
1877.339609   14.823790   0.102860
1877.349339   14.707530   0.113540
1877.359563   14.718530   0.102450
1877.369289   14.585430   0.104540
1877.379166   14.737420   0.111020
1877.389199   14.665240   0.092980
1877.408341   14.863460   0.080500
1877.417609   14.869630   0.106560
1877.426444   14.709500   0.104140
1877.433339   14.805170   0.103190
1877.439426   14.749520   0.128420
1877.444578   14.702550   0.130270
1877.449101   14.807250   0.114330
1877.452776   14.732650   0.075200
1877.456119   14.733260   0.112940
1877.458826   14.732610   0.113650
1877.460660   14.773910   0.124830
1877.462441   14.767030   0.125530
1877.464144   14.754640   0.123840
1877.465872   14.723880   0.129340
1877.956588   14.724930   0.069500
1877.966360   14.764280   0.126670
1877.975795   14.724400   0.096050
1877.985575   14.729060   0.084830
1877.995071   14.717380   0.083110
1878.004964   14.678880   0.075120
1878.014335   14.757910   0.084120
1878.023915   14.752650   0.076800
1878.033403   14.734090   0.079390
1878.042881   14.711460   0.069750
1878.052477   14.697370   0.085630
1878.062202   14.746410   0.090020
1878.072038   14.655200   0.084330
1878.081838   14.690110   0.093890
1878.091595   14.728940   0.085720
1878.101204   14.750740   0.080540
1878.111056   14.743450   0.093420
1878.120475   14.746880   0.096920
1878.129972   14.781080   0.093410
1878.139452   14.709690   0.114380
1878.167692   14.713910   0.099570
1878.177309   14.683350   0.097780
1878.186872   14.807300   0.130710
1878.196273   14.742210   0.124500
1878.206054   14.665350   0.131210
1878.235117   14.735570   0.124600
1878.244657   14.741610   0.125390
1878.283252   14.593540   0.077500
1878.950362   14.678660   0.072900
1878.960985   14.738890   0.130340
1878.971663   14.749370   0.121470
1878.982256   14.817470   0.125630
1878.992862   14.805540   0.119300
1879.003349   14.757740   0.125820
1879.014056   14.769410   0.125130
1879.024781   14.783630   0.123820
1879.035250   14.795580   0.080400
1879.046491   14.724360   0.080800
1879.067196   14.765990   0.116370
1879.077625   14.616680   0.074700
1879.087650   14.667850   0.078000
1879.924385   14.719600   0.068800
1879.933937   14.721930   0.115820
1879.943742   14.831400   0.105720
1879.953255   14.729070   0.095260
1879.962965   14.699660   0.084260
1879.972299   14.761280   0.082340
1879.982133   14.717770   0.088350
1879.991480   14.726200   0.092410
1880.001350   14.739790   0.099940
1880.010995   14.750400   0.111370
1880.020489   14.826080   0.112020
1880.030167   14.743300   0.107660
1880.040004   14.706980   0.103590
1880.050020   14.729990   0.087920
1880.059700   14.745350   0.113060
1880.069635   14.759260   0.110710
1880.079469   14.794540   0.117260
1880.089000   14.787890   0.116310
1880.098524   14.832560   0.121580
1880.117530   14.678400   0.106520
1880.127140   14.786980   0.113220
1880.200091   14.812330   0.121600
1880.219355   14.866320   0.102300
1880.229324   14.741820   0.117670
1880.238989   14.722250   0.118020
1880.248836   14.656510   0.109660
1880.258298   14.679610   0.118510
1880.267686   14.746080   0.122860
1880.277275   14.724940   0.122610
1880.306613   14.651590   0.117730
1880.369120   14.682600   0.117760
1880.987626   14.740850   0.104690
1880.997175   14.790390   0.110450
1881.007352   14.754900   0.113760
1881.017262   14.766330   0.116160
1881.027023   14.815600   0.115780
1881.036583   14.687820   0.112480
1881.046307   14.722580   0.119140
1881.055914   14.800710   0.071500
1881.065565   14.810000   0.122730
1881.085120   14.651310   0.110990
1881.094964   14.649880   0.114690
1881.104801   14.731950   0.112400
1881.124397   14.623300   0.090940
1881.143810   14.763200   0.112660
1881.163015   14.732120   0.124790
1881.171357   14.728520   0.108810
1881.180981   14.776360   0.122050
1881.190627   14.732640   0.091980
1881.200550   14.770310   0.105140
1881.210473   14.749480   0.112860
1881.220305   14.645330   0.117310
1881.230199   14.734210   0.120610
1881.239668   14.757770   0.126330
1881.249328   14.743850   0.119780
1881.258917   14.805830   0.124630
1881.268352   14.717170   0.125530
1881.278189   14.731880   0.123320
1881.288137   14.794630   0.124680
1881.297680   14.773570   0.127130
1881.307337   14.763790   0.131280
1881.317317   14.715150   0.107020
1881.327413   14.734150   0.113300
1881.337450   14.661410   0.104580
1881.347053   14.675670   0.108700
1881.357186   14.673680   0.108530
1881.366722   14.758460   0.079000
1881.376276   14.635610   0.113850
1881.904494   14.686870   0.126460
1881.914271   14.738780   0.122160
1881.923884   14.763400   0.126630
1881.933466   14.793660   0.119790
1881.943231   14.796850   0.122910
1884.099534   14.695500   0.082930
1884.109140   14.727900   0.083720
1884.118686   14.769510   0.102610
1884.137551   14.696230   0.091530
1884.147279   14.758960   0.103080
1884.156774   14.853900   0.108850
1884.166044   14.893270   0.064600
1884.175960   14.743040   0.113530
1884.185414   14.669890   0.104330
1884.194977   14.732870   0.096540
1884.204574   14.751880   0.103930
1884.214174   14.739100   0.087220
1884.223839   14.798540   0.102290
1884.242628   14.781450   0.082850
1884.252195   14.684890   0.081300
1884.261682   14.662440   0.083490
1884.271201   14.763940   0.087750
1884.280876   14.732720   0.095840
1884.290846   14.749270   0.098190
1884.300573   14.738050   0.105150
1884.320206   14.722660   0.102390
1884.330156   14.766760   0.111200
1884.340081   14.729670   0.115650
1884.350052   14.767440   0.116390
1884.360119   14.714500   0.103790
1884.370060   14.763970   0.106390
1884.379738   14.783800   0.113650
1884.389528   14.713200   0.092360
1884.399065   14.763740   0.095160
1884.406881   14.819720   0.117190
1884.413865   14.765730   0.124180
1884.425635   14.757950   0.103830
1884.430150   14.659330   0.089720
1884.433678   14.747680   0.101680
1884.437202   14.702530   0.102600
1884.439908   14.770900   0.105410
1884.441669   14.664530   0.101790
1884.443407   14.737410   0.099480
1884.445186   14.723770   0.095190
1884.447079   14.705330   0.061000
1884.503638   14.751610   0.091770
1884.513187   14.841120   0.112060
1884.522993   14.750730   0.094740
1884.532900   14.713320   0.087420
1884.542819   14.734650   0.103310
1884.552782   14.746100   0.055400
1884.562458   14.752320   0.078520
1884.572213   14.704050   0.093800
1884.581820   14.750310   0.080610
1884.591479   14.765960   0.105840
1884.600983   14.748100   0.094290
1884.610820   14.751390   0.088000
1886.072366   14.729180   0.073680
1886.082057   14.719470   0.078150
1886.091456   14.725160   0.086610
1886.101064   14.736900   0.084730
1886.110701   14.727540   0.078320
1886.120214   14.694750   0.081190
1886.129544   14.736390   0.090010
1886.138882   14.714340   0.093430
1886.148233   14.718020   0.087130
1886.157943   14.705060   0.093550
1886.167550   14.741830   0.111850
1886.177101   14.727450   0.105970
1886.186997   14.747000   0.108260
1886.196609   14.663640   0.112060
1886.206153   14.657550   0.118250
1886.215757   14.675940   0.127840
1886.254427   14.615170   0.097240
1886.263771   14.702090   0.104150
1886.283270   14.665940   0.101680
1886.293134   14.756170   0.113970
1886.303115   14.698010   0.120640
1886.312914   14.664280   0.111550
1886.322818   14.740400   0.119440
1886.332859   14.716410   0.117400
1886.342543   14.744140   0.118250
1886.352534   14.744770   0.116890
1886.362281   14.695370   0.122860
1886.372003   14.803640   0.125080
1886.381419   14.786340   0.103920
