1863.169882   14.314430   0.076860
1863.179028   14.437260   0.085620
1863.188111   14.396440   0.110270
1863.197263   14.322050   0.094520
1863.206530   14.273120   0.074200
1863.215516   14.305970   0.113350
1863.224486   14.282640   0.112950
1863.233708   14.236430   0.115900
1863.243026   14.325980   0.118680
1863.252052   14.255940   0.104460
1863.260978   14.323920   0.098300
1863.270074   14.352790   0.120950
1863.279229   14.292430   0.106250
1863.288341   14.305930   0.102100
1863.297662   14.242970   0.088600
1863.306748   14.334090   0.103860
1863.315898   14.389690   0.109800
1863.325261   14.253610   0.101530
1863.334632   14.358380   0.114030
1863.344416   14.289820   0.101720
1863.353962   14.288650   0.102570
1863.363511   14.378400   0.094650
1863.372640   14.312120   0.093000
1863.381795   14.357660   0.087430
1863.391577   14.306500   0.090000
1863.400670   14.309410   0.094170
1863.410157   14.255260   0.096120
1863.419415   14.269750   0.101760
1863.428728   14.315900   0.112360
1863.438171   14.278300   0.112590
1863.447725   14.172570   0.114670
1863.456962   14.208780   0.100780
1864.122118   14.274850   0.065260
1864.131216   14.388120   0.089670
1864.140349   14.347000   0.077840
1864.149328   14.354340   0.086190
1864.158727   14.308080   0.072700
1864.168077   14.310490   0.101010
1864.177441   14.349230   0.096540
1864.186471   14.271530   0.072620
1864.195786   14.301230   0.090050
1864.204761   14.285810   0.081420
1864.213956   14.309250   0.071160
1864.223275   14.309240   0.073890
1864.232312   14.329690   0.091400
1864.241734   14.355460   0.089620
1864.250994   14.366310   0.078070
1864.260292   14.319030   0.096800
1864.269452   14.328530   0.083320
1864.278712   14.313470   0.097420
1864.288040   14.357030   0.103420
1864.297228   14.351650   0.092040
1864.306786   14.354550   0.104110
1864.315982   14.272330   0.093420
1864.325240   14.315490   0.096150
1864.334830   14.347510   0.093750
1864.344223   14.352610   0.127100
1864.353629   14.330070   0.125020
1864.362807   14.357380   0.106700
1864.372131   14.216690   0.080800
1864.381718   14.333580   0.131030
1864.391386   14.344580   0.121430
1864.401098   14.257810   0.107430
1864.410777   14.321790   0.126750
1864.420158   14.362450   0.129120
1865.081649   14.399530   0.113070
1865.090914   14.301810   0.107060
1865.103000   14.289320   0.109040
1865.112265   14.309840   0.100460
1865.121492   14.309640   0.103360
1865.180915   14.322290   0.073760
1865.189934   14.330640   0.059650
1865.199137   14.317690   0.072460
1865.208040   14.302420   0.055000
1865.217207   14.317320   0.086500
1865.226382   14.338170   0.077040
1865.235932   14.358440   0.095460
1865.245886   14.317020   0.092130
1865.255783   14.291390   0.091460
1865.265750   14.398290   0.124380
1865.275774   14.401070   0.108320
1865.285892   14.327070   0.089580
1865.295973   14.349780   0.103610
1865.306185   14.281800   0.097590
1865.316145   14.320290   0.100080
1865.326150   14.297800   0.108000
1865.336276   14.226450   0.123220
1865.346577   14.315300   0.113420
1865.356675   14.319960   0.107200
1865.366659   14.337820   0.117970
1865.376904   14.276580   0.112180
1865.387088   14.314450   0.119760
1865.397153   14.357170   0.125370
1865.407149   14.362500   0.121950
1865.417333   14.318440   0.110780
1865.427630   14.320650   0.117840
1865.437669   14.315340   0.119520
1866.165339   14.317240   0.059280
1866.174723   14.302890   0.064180
1866.184057   14.337640   0.061730
1866.193410   14.323210   0.064280
1866.202706   14.318280   0.062200
1866.212035   14.292650   0.067530
1866.221409   14.322320   0.066190
1866.230791   14.267080   0.065150
1866.240551   14.308480   0.066840
1866.250004   14.322080   0.066590
1866.259354   14.361560   0.066430
1867.193045   14.297360   0.043130
1867.202355   14.293600   0.043010
1867.211516   14.308250   0.044930
1867.220585   14.326600   0.048400
1867.230131   14.324070   0.050380
1867.239707   14.330780   0.049320
1867.249230   14.330580   0.047060
1867.258785   14.309310   0.049770
1867.268385   14.298570   0.052380
1867.277702   14.288550   0.051920
1867.287153   14.289720   0.054460
1867.296854   14.281130   0.056070
1867.306121   14.310110   0.052380
1867.315500   14.274330   0.054200
1867.325094   14.322450   0.060460
1867.334502   14.282050   0.058830
1867.344482   14.354210   0.061440
1867.354030   14.293120   0.063040
1867.363492   14.388170   0.077750
1867.372735   14.271920   0.065710
1867.382212   14.268110   0.069400
1867.391671   14.298700   0.075890
1867.401392   14.362420   0.074740
1867.410805   14.285210   0.069000
1867.420288   14.335690   0.088820
1867.429722   14.338260   0.100530
1867.439192   14.375820   0.091920
1867.448574   14.332310   0.095250
1867.456168   14.310650   0.083120
1867.463320   14.312580   0.085400
1867.469421   14.287950   0.085730
1867.473939   14.270700   0.071820
1867.478291   14.330170   0.070320
1867.481655   14.350430   0.071560
1867.484335   14.285410   0.073030
1867.486951   14.342890   0.073970
1867.488639   14.309880   0.077800
1867.490315   14.305080   0.081120
1867.492002   14.310610   0.075630
1867.493724   14.331820   0.073170
1868.197661   14.360760   0.080210
1868.207123   14.388340   0.083120
1868.216418   14.366270   0.093410
1868.225986   14.319070   0.104580
1868.235810   14.397360   0.095060
1868.245580   14.316480   0.115680
1868.255259   14.280030   0.114310
1868.264815   14.305140   0.115930
1868.274279   14.263110   0.130030
1868.283929   14.301200   0.110560
1868.322394   14.207630   0.071500
1868.332083   14.368860   0.127430
1868.341723   14.301590   0.108360
1868.370659   14.211750   0.073200
1870.219778   14.332220   0.054090
1870.229270   14.344840   0.056100
1870.238762   14.334120   0.063160
1870.248135   14.301790   0.054460
1870.257691   14.325510   0.069300
1870.267266   14.337910   0.068760
1870.276950   14.304110   0.066500
1870.286498   14.414830   0.073920
1870.295849   14.273200   0.062390
1870.305565   14.320910   0.071170
1870.315197   14.314020   0.075030
1870.325274   14.347590   0.075980
1870.335174   14.311770   0.072450
1870.344892   14.340080   0.079000
1870.354573   14.365130   0.088650
1870.364104   14.293830   0.116860
1870.373603   14.332730   0.113350
1870.383600   14.372930   0.127680
1871.136689   14.294370   0.071190
1871.146179   14.278230   0.063710
1871.155384   14.347330   0.062800
1871.164955   14.346460   0.077990
1871.174269   14.374740   0.068940
1871.183469   14.366450   0.076980
1871.192872   14.321130   0.072380
1871.202392   14.409080   0.078280
1871.211865   14.293380   0.087490
1871.221273   14.276030   0.088770
1871.230922   14.332270   0.080170
1871.240394   14.283940   0.076160
1871.250018   14.431670   0.083060
1871.259511   14.302780   0.076740
1871.269122   14.292370   0.078300
1871.278903   14.346130   0.071780
1871.288648   14.342080   0.084690
1871.298226   14.333100   0.079530
1871.307789   14.337360   0.086570
1871.317562   14.375950   0.092220
1871.327342   14.324280   0.087030
1871.337079   14.332740   0.100180
1871.346725   14.411320   0.106830
1871.356495   14.307650   0.092590
1871.366277   14.325100   0.106190
1871.375944   14.334320   0.109590
1871.385808   14.313910   0.118960
1871.395399   14.440680   0.128550
1871.404806   14.241830   0.103630
1871.414342   14.305890   0.130850
1871.423744   14.351040   0.129100
1871.433495   14.320180   0.130430
1871.442405   14.400280   0.128560
1871.449670   14.338440   0.102540
1871.455742   14.393420   0.131330
1871.465968   14.331540   0.127090
1871.469461   14.273560   0.125360
1871.472994   14.317660   0.125750
1871.476070   14.283570   0.126060
1871.477819   14.247320   0.122320
1871.479709   14.256110   0.124840
1871.481438   14.280670   0.124770
1872.324463   14.314020   0.078670
1872.334315   14.409580   0.085440
1872.344041   14.350670   0.079430
1872.353623   14.274200   0.079750
1872.363427   14.321530   0.074900
1872.373279   14.329690   0.071770
1872.383099   14.381090   0.074050
1872.392766   14.335360   0.070800
1872.402203   14.322750   0.080980
1872.412032   14.340110   0.083840
1872.421585   14.377560   0.087050
1872.431130   14.328950   0.095070
1872.439874   14.377430   0.089930
1872.447517   14.304710   0.088350
1872.454162   14.315730   0.095160
1872.459603   14.253530   0.101500
1872.463903   14.369660   0.106650
1872.467716   14.304770   0.095170
1872.470496   14.352430   0.103310
1872.473152   14.401790   0.106330
1872.474857   14.401020   0.109550
1872.476617   14.330230   0.099500
1872.478370   14.369490   0.104830
1872.480228   14.310520   0.104420
1872.541663   14.361160   0.128040
1872.550921   14.261920   0.100420
1872.560270   14.307280   0.133870
1872.569674   14.287430   0.078100
1873.229437   14.387090   0.082750
1873.238826   14.319740   0.090000
1873.248403   14.381210   0.092510
1873.258009   14.284660   0.088570
1873.267456   14.335260   0.098500
1873.276959   14.279250   0.092240
1873.286788   14.305950   0.094700
1873.296275   14.330430   0.099770
1873.305896   14.350910   0.108270
1873.315548   14.346070   0.110280
1873.325684   14.346410   0.110170
1873.335346   14.256930   0.108340
1873.345020   14.304710   0.094560
1873.354842   14.283810   0.110650
1873.364691   14.308280   0.112820
1873.374382   14.380440   0.100090
1873.383960   14.332690   0.106250
1873.393856   14.349690   0.116290
1873.403606   14.285600   0.112640
1873.413057   14.304810   0.069100
1873.422785   14.115280   0.061000
1873.432622   14.310650   0.118200
1873.441010   14.382560   0.114130
1873.447044   14.343230   0.108990
1873.453044   14.311170   0.108560
1873.457630   14.303220   0.113260
1873.462090   14.285880   0.113760
1873.465548   14.386170   0.108970
1873.468261   14.352590   0.115470
1873.470892   14.359510   0.120270
1873.472722   14.251390   0.116660
1873.474437   14.343840   0.118600
1873.476606   14.300820   0.164670
1874.032527   14.346030   0.058570
1874.041923   14.348550   0.056260
1874.051714   14.281920   0.057720
1874.061193   14.283040   0.056310
1874.070741   14.286880   0.061800
1874.080230   14.319040   0.059310
1874.089638   14.312800   0.064520
1874.098984   14.337870   0.065730
1874.108441   14.308230   0.062910
1874.117749   14.285580   0.066060
1874.127103   14.350650   0.063900
1874.136654   14.324240   0.069110
1874.145982   14.323300   0.065610
1874.155173   14.336220   0.070840
1874.164605   14.293560   0.083960
1874.174153   14.324790   0.099790
1874.183645   14.323390   0.128350
1876.992585   14.381440   0.062150
1877.002277   14.315040   0.064210
1877.012009   14.278990   0.066720
1877.021623   14.337800   0.069430
1877.031340   14.288020   0.074040
1877.041094   14.290510   0.070170
1877.050632   14.308690   0.062770
1877.060512   14.342390   0.064440
1877.070280   14.350250   0.068340
1877.080037   14.276000   0.068880
1877.089835   14.291550   0.066670
1877.099542   14.361170   0.072050
1877.109324   14.412860   0.088510
1877.119234   14.282170   0.083050
1877.128562   14.315950   0.075870
1877.137988   14.329800   0.075660
1877.147449   14.332650   0.093380
1877.157081   14.371110   0.086960
1877.166514   14.323720   0.081630
1877.175811   14.357960   0.074770
1877.185180   14.361330   0.085080
1877.194638   14.273490   0.074120
1877.204359   14.297570   0.077400
1877.213829   14.294250   0.073270
1877.223290   14.407450   0.084800
1877.232928   14.306790   0.073450
1877.242583   14.338080   0.085480
1877.252102   14.288270   0.084410
1877.261424   14.415320   0.091170
1877.271317   14.370540   0.082450
1877.280810   14.318340   0.074080
1877.290913   14.379920   0.085210
1877.300784   14.323270   0.094760
1877.310552   14.342150   0.078300
1877.320329   14.288160   0.091910
1877.330019   14.366360   0.082340
1877.339609   14.297880   0.073140
1877.349339   14.263950   0.079630
1877.359563   14.305290   0.072570
1877.369289   14.358060   0.085650
1877.379166   14.340870   0.079760
1877.389199   14.310480   0.091630
1877.398748   14.326820   0.099240
1877.408188   14.343410   0.097170
1877.417610   14.306970   0.091110
1877.426444   14.348670   0.080260
1877.433416   14.349310   0.091340
1877.439426   14.325900   0.098440
1877.444578   14.384750   0.095630
1877.449101   14.355130   0.087220
1877.452622   14.343160   0.103440
1877.456119   14.328090   0.089200
1877.458826   14.346980   0.089230
1877.460660   14.321700   0.083600
1877.462441   14.299150   0.091320
1877.464144   14.372560   0.092220
1877.465872   14.331630   0.097000
1877.528546   14.393210   0.107510
1877.538164   14.290360   0.113310
1877.547759   14.245530   0.116240
1877.557433   14.229430   0.119050
1877.566991   14.307850   0.122220
1877.956588   14.294760   0.101380
1877.966360   14.380090   0.094520
1877.975795   14.359110   0.067300
1877.985575   14.362120   0.060640
1877.995071   14.352300   0.058900
1878.004964   14.322470   0.053850
1878.014335   14.334440   0.059750
1878.023915   14.354810   0.048340
1878.033403   14.303700   0.056770
1878.042881   14.259540   0.050820
1878.052477   14.301260   0.063410
1878.062202   14.377930   0.066190
1878.072038   14.322040   0.062660
1878.081838   14.301930   0.067750
1878.091595   14.370310   0.061050
1878.101204   14.321320   0.061580
1878.111056   14.360170   0.069300
1878.120475   14.339440   0.064380
1878.129972   14.314600   0.071040
1878.139452   14.386660   0.077780
1878.148981   14.333050   0.133290
1878.158293   14.386930   0.126460
1878.167692   14.341800   0.068830
1878.177309   14.281370   0.068170
1878.186872   14.424850   0.089810
1878.196273   14.319430   0.086140
1878.206054   14.351070   0.102730
1878.215833   14.292410   0.111000
1878.225557   14.364800   0.115720
1878.235117   14.331810   0.089040
1878.244657   14.315280   0.097650
1878.254352   14.383430   0.110550
1878.263984   14.324040   0.115500
1878.273770   14.324960   0.111440
1878.283405   14.261550   0.116980
1878.293079   14.314990   0.117180
1878.303040   14.219940   0.075500
1878.312828   14.268200   0.079900
1878.322278   14.224750   0.071200
1878.332111   14.252750   0.078100
1878.342126   14.229090   0.100490
1878.351898   14.307730   0.117290
1878.361666   14.329900   0.120220
1878.371416   14.419880   0.102960
1878.381052   14.401880   0.132290
1878.390611   14.357820   0.105400
1878.400035   14.313020   0.125130
1878.409523   14.356880   0.118860
1878.427139   14.273210   0.119660
1878.439887   14.311840   0.075100
1878.444128   14.200110   0.071900
1878.448555   14.257860   0.102290
1878.451911   14.308630   0.075300
1878.454721   14.389670   0.108230
1878.457364   14.307260   0.130840
1878.459093   14.380640   0.135250
1878.461020   14.319650   0.101670
1878.462866   14.312850   0.152690
1878.542754   14.274910   0.133020
1878.917674   14.196570   0.071200
1878.928483   14.287250   0.075200
1878.939490   14.335630   0.123900
1878.950209   14.331360   0.097120
1878.960985   14.363410   0.099520
1878.971663   14.286290   0.086550
1878.982256   14.341500   0.088120
1878.992862   14.264640   0.081010
1879.003349   14.327250   0.094580
1879.014056   14.327010   0.089440
1879.024781   14.328270   0.079820
1879.035403   14.255740   0.099980
1879.046338   14.323340   0.105930
1879.056998   14.260350   0.093470
1879.067120   14.356640   0.112950
1879.077625   14.376860   0.113280
1879.087804   14.331030   0.110700
1879.097718   14.355480   0.123500
1879.108265   14.303830   0.128330
1879.118677   14.283940   0.130420
1879.128870   14.369590   0.070900
1879.138951   14.376030   0.129750
1879.148795   14.387080   0.078900
1879.310758   14.126900   0.069600
1879.914511   14.444710   0.072100
1879.924232   14.446780   0.102690
1879.933937   14.299730   0.082520
1879.943742   14.304070   0.063830
1879.953255   14.385030   0.069820
1879.962965   14.344010   0.057540
1879.972299   14.365600   0.057080
1879.982133   14.331220   0.060160
1879.991480   14.310720   0.062610
1880.001350   14.356440   0.068750
1880.010995   14.353660   0.077790
1880.020489   14.359880   0.076870
1880.030167   14.323510   0.079920
1880.040004   14.292870   0.071430
1880.050020   14.311290   0.074830
1880.059700   14.364760   0.081130
1880.069635   14.378140   0.081270
1880.079469   14.350930   0.083560
1880.089000   14.377720   0.077550
1880.098524   14.386650   0.088310
1880.108072   14.452520   0.095780
1880.117530   14.336860   0.080950
1880.127140   14.339670   0.088300
1880.200091   14.356920   0.095080
1880.209735   14.301880   0.100540
1880.219431   14.312730   0.095850
1880.229324   14.350510   0.090370
1880.238989   14.300970   0.085850
1880.248836   14.286510   0.083380
1880.258298   14.233600   0.085180
1880.267686   14.317270   0.093650
1880.277275   14.268260   0.095340
1880.286928   14.317220   0.104160
1880.306613   14.318550   0.096190
1880.369120   14.287650   0.090750
1880.967707   14.461340   0.102050
1880.977730   14.308060   0.093770
1880.987626   14.324830   0.080160
1880.997175   14.334740   0.082170
1881.007352   14.332500   0.082290
1881.017262   14.260060   0.081870
1881.027023   14.302350   0.083980
1881.036583   14.260990   0.080770
1881.046307   14.287540   0.085570
1881.055914   14.268750   0.092730
1881.065565   14.371400   0.096480
1881.075352   14.301940   0.098130
1881.085120   14.254130   0.088530
1881.094964   14.347000   0.091250
1881.104801   14.338080   0.080280
1881.114937   14.313170   0.102650
1881.124474   14.341680   0.096880
1881.134326   14.251850   0.099530
1881.143810   14.264430   0.076020
1881.153419   14.346470   0.102450
1881.163015   14.333700   0.093780
1881.171357   14.283270   0.079310
1881.180981   14.329520   0.083710
1881.190627   14.294980   0.068540
1881.200550   14.295360   0.070640
1881.210473   14.358010   0.087300
1881.220305   14.293810   0.082170
1881.230199   14.344540   0.088560
1881.239668   14.345780   0.090680
1881.249328   14.316080   0.086530
1881.258917   14.291610   0.078910
1881.268352   14.281440   0.091210
1881.278189   14.327500   0.094880
1881.288137   14.366810   0.096840
1881.297680   14.255090   0.086040
1881.307337   14.282360   0.091590
1881.317394   14.260470   0.102040
1881.327336   14.343690   0.106790
1881.337373   14.349030   0.099180
1881.347129   14.303450   0.097990
1881.357110   14.405110   0.109650
1881.366722   14.324590   0.100050
1881.376276   14.270910   0.106690
1881.386104   14.288940   0.109000
1881.395996   14.373350   0.116420
1881.405772   14.350190   0.118800
1881.414838   14.352760   0.116710
1881.422098   14.260880   0.116990
1881.428287   14.332500   0.119360
1881.433496   14.366750   0.116840
1881.437835   14.439040   0.125830
1881.441542   14.359630   0.128030
1881.445078   14.326990   0.128530
1881.447777   14.316630   0.122880
1881.449541   14.386830   0.130350
1881.451276   14.334900   0.125920
1881.453055   14.354610   0.124210
1881.455245   14.396090   0.179580
1881.512259   14.291890   0.128500
1881.522185   14.277150   0.076400
1881.531584   14.260350   0.136470
1881.541053   14.331790   0.108540
1881.550943   14.278480   0.132080
1881.570627   14.248510   0.073100
1881.884546   14.358730   0.129650
1881.894462   14.386460   0.105370
1881.904494   14.324060   0.092560
1881.914271   14.482440   0.094980
1881.923884   14.339730   0.093770
1881.933466   14.313810   0.084550
1881.943231   14.259090   0.080530
1881.952875   14.368520   0.114270
1881.962633   14.406970   0.103030
1881.972149   14.328040   0.124540
1881.982098   14.280950   0.128200
1882.021627   14.232930   0.107410
1882.051045   14.284420   0.073600
1882.080330   14.322110   0.119460
1882.131711   14.309000   0.074600
1883.093660   14.342400   0.113820
1883.112817   14.413200   0.096350
1883.122314   14.167900   0.091400
1883.131900   14.366230   0.118470
1883.141295   14.386510   0.121110
1883.151035   14.315900   0.074600
1883.179271   14.332180   0.120330
1883.188727   14.312160   0.122170
1883.207750   14.167110   0.072200
1884.099534   14.363450   0.057690
1884.109140   14.341160   0.059600
1884.118686   14.332690   0.073200
1884.128292   14.274630   0.087450
1884.137551   14.264930   0.064400
1884.147279   14.343640   0.073260
1884.156774   14.315400   0.078930
1884.166197   14.460690   0.076910
1884.175960   14.328370   0.097120
1884.185414   14.291450   0.083970
1884.194977   14.320800   0.068180
1884.204574   14.281030   0.075100
1884.214174   14.323940   0.067930
1884.223839   14.377340   0.080160
1884.233272   14.281410   0.106220
1884.242628   14.330180   0.060160
1884.252195   14.305830   0.058660
1884.261682   14.353980   0.060400
1884.271201   14.324060   0.058990
1884.280876   14.276340   0.068880
1884.290846   14.291600   0.074770
1884.300573   14.281650   0.078030
1884.310420   14.240140   0.082560
1884.320206   14.307380   0.078500
1884.330156   14.256300   0.077260
1884.340081   14.355800   0.099540
1884.350052   14.370630   0.099230
1884.360119   14.317550   0.079480
1884.370060   14.300290   0.078190
1884.379738   14.274630   0.079540
1884.389528   14.350520   0.067030
1884.399065   14.316170   0.071280
1884.406881   14.317920   0.081230
1884.413865   14.251460   0.090760
1884.420368   14.348900   0.096490
1884.425635   14.259410   0.073690
1884.430150   14.351300   0.063470
1884.433678   14.371680   0.075650
1884.437202   14.330750   0.072740
1884.439908   14.371700   0.070600
1884.441669   14.402090   0.081010
1884.443407   14.348190   0.077730
1884.445186   14.307680   0.071640
1884.446926   14.394020   0.096050
1884.503638   14.317350   0.065760
1884.513187   14.308050   0.079510
1884.522993   14.272590   0.065080
1884.532900   14.341250   0.060520
1884.542819   14.364850   0.081290
1884.552782   14.352260   0.038000
1884.562458   14.293740   0.049830
1884.572213   14.377160   0.074080
1884.581820   14.298830   0.055550
1884.591479   14.347440   0.074790
1884.600983   14.279090   0.062520
1884.610820   14.290580   0.056890
1884.925584   14.284560   0.076600
1886.072366   14.317680   0.052140
1886.082057   14.352230   0.059620
1886.091456   14.354300   0.061300
1886.101064   14.335090   0.062050
1886.110701   14.299720   0.059280
1886.120214   14.332770   0.061730
1886.129544   14.307150   0.062890
1886.138882   14.285590   0.063040
1886.148233   14.313520   0.065710
1886.157943   14.332620   0.065450
1886.167550   14.377930   0.073440
1886.177101   14.323300   0.077580
1886.186997   14.342900   0.079340
1886.196609   14.313760   0.086790
1886.206153   14.353100   0.098960
1886.215757   14.304610   0.101110
1886.225422   14.306920   0.130210
1886.234829   14.287100   0.131310
1886.244630   14.325510   0.124500
1886.254426   14.314150   0.101040
1886.263771   14.297340   0.083130
1886.273502   14.302150   0.105080
1886.283270   14.320970   0.083590
1886.293134   14.339150   0.085460
1886.303115   14.344860   0.097440
1886.312914   14.351440   0.088610
1886.322818   14.293840   0.093080
1886.332859   14.303280   0.088160
1886.342543   14.321920   0.088920
1886.352534   14.388760   0.090760
1886.362281   14.371710   0.097100
1886.372003   14.297990   0.094030
1886.381496   14.296040   0.096450
1886.391198   14.355460   0.110650
1886.399994   14.312060   0.109500
1886.408171   14.306790   0.116110
1886.414516   14.272240   0.073100
1886.419734   14.374710   0.076200
1886.423873   14.427420   0.095780
1886.427459   14.282350   0.102610
1886.431086   14.357660   0.122990
1886.435694   14.349810   0.074100
1886.437216   14.291730   0.103910
1886.438981   14.338400   0.105710
