1863.224639   14.108780   0.057000
1863.233708   14.087420   0.093540
1863.243026   14.025120   0.094020
1863.252052   14.176050   0.083350
1863.260978   14.091580   0.079820
1863.270074   14.069740   0.098250
1863.279229   14.048870   0.083780
1863.288341   14.061920   0.078960
1863.297662   14.127130   0.075720
1863.306748   14.043650   0.087530
1863.315898   14.153310   0.090920
1863.325261   14.056050   0.080370
1863.334632   14.080460   0.083640
1863.344416   14.111960   0.080560
1863.353962   14.119540   0.080540
1863.363511   14.124230   0.079940
1863.372640   14.110730   0.070810
1863.381795   14.065730   0.067290
1863.391577   14.111090   0.075690
1863.400670   14.079900   0.080800
1863.410157   14.117930   0.086270
1863.419415   14.101200   0.091980
1863.428728   14.110220   0.092490
1863.438171   14.063670   0.097200
1863.447725   14.063550   0.103090
1863.457038   14.066480   0.114770
1863.464820   14.100960   0.071500
1863.482900   14.062150   0.128870
1863.490505   14.055110   0.071800
1863.494064   14.110120   0.127550
1863.496774   14.115000   0.071800
1864.213956   14.166050   0.063590
1864.223275   14.123070   0.064900
1864.232312   14.156070   0.079270
1864.241734   14.121040   0.073510
1864.250994   14.094840   0.063300
1864.260292   14.094810   0.071840
1864.269452   14.130920   0.064310
1864.278712   14.126210   0.081170
1864.288040   14.107360   0.084150
1864.297228   14.110870   0.080870
1864.306786   14.100840   0.085140
1864.315982   14.089880   0.080190
1864.325240   14.121440   0.083670
1864.334830   14.121960   0.080320
1864.344223   14.084410   0.111720
1864.353629   14.109790   0.102000
1864.362884   14.121070   0.113370
1864.372361   14.096660   0.108260
1864.381718   14.110850   0.122980
1864.391386   14.107700   0.101420
1864.401175   14.080930   0.124970
1864.410777   14.065760   0.117220
1864.420158   13.982060   0.109720
1864.429301   14.055060   0.102740
1864.438716   13.959820   0.106420
1865.081649   14.023360   0.091390
1865.180915   14.096930   0.059550
1865.265750   14.158300   0.100780
1865.275774   14.085260   0.089930
1865.285892   14.130300   0.078600
1865.295973   14.087400   0.082310
1865.306185   14.117540   0.086100
1865.316145   14.145630   0.082240
1865.326150   14.128530   0.083650
1865.336276   14.144180   0.110450
1865.346577   14.155240   0.091820
1865.356675   14.134270   0.098570
1865.366659   14.117760   0.103460
1865.376904   14.121120   0.106280
1865.387088   14.083830   0.107590
1865.397153   14.145890   0.111770
1865.407149   14.126760   0.103950
1865.417333   14.137260   0.100570
1865.427630   14.063020   0.101860
1865.437669   14.108100   0.104190
1865.448171   14.136730   0.131240
1866.165339   14.097870   0.051370
1866.212035   14.113360   0.056420
1867.296854   14.081970   0.044780
1867.306121   14.076560   0.045970
1867.315500   14.061560   0.047230
1867.325094   14.077660   0.048090
1867.334502   14.057770   0.050310
1867.344482   14.097220   0.053590
1867.354030   14.070530   0.051920
1867.363492   14.105590   0.064130
1867.372735   14.127790   0.056380
1867.382212   14.116280   0.056720
1867.391671   14.077330   0.063630
1867.401392   14.110450   0.060620
1867.410805   14.117810   0.059880
1867.420288   14.123140   0.070970
1867.429722   14.077920   0.080130
1867.439192   14.107860   0.074710
1867.448574   14.129180   0.075820
1867.456168   14.112740   0.067140
1867.463320   14.111620   0.069920
1867.469421   14.150930   0.074360
1867.473939   14.101630   0.060710
1867.478291   14.105020   0.051680
1867.481655   14.096090   0.057180
1867.484335   14.103400   0.062030
1867.486951   14.057290   0.059460
1867.488639   14.069680   0.061340
1867.490315   14.134040   0.068920
1867.492002   14.103190   0.063910
1867.493724   14.107350   0.062520
1868.216495   14.181170   0.099080
1868.225986   14.141980   0.090360
1868.264815   14.113720   0.097930
1868.312574   14.040550   0.079300
1868.322548   14.168740   0.116960
1868.341800   14.155100   0.113640
1868.351620   14.082300   0.075400
1868.360837   14.135690   0.112120
1868.370582   14.139000   0.108690
1868.380417   14.039240   0.127480
1868.390367   14.116300   0.124890
1868.399668   14.117610   0.128190
1868.409622   14.118620   0.104300
1868.419023   14.103080   0.123570
1868.428372   14.010240   0.118870
1868.437691   14.113210   0.128890
1868.446987   14.113950   0.130810
1868.454949   13.987450   0.125950
1868.460989   14.085400   0.107770
1868.467228   14.028290   0.108870
1868.471593   14.032930   0.075500
1870.219778   14.123630   0.050190
1870.257691   14.108550   0.056820
1870.267266   14.103630   0.055560
1870.295849   14.096220   0.051870
1870.305565   14.099350   0.056730
1870.315197   14.111330   0.067260
1870.335174   14.112880   0.062660
1870.344892   14.094250   0.061540
1870.354573   14.109720   0.078170
1870.364104   14.092790   0.099640
1870.373603   14.164920   0.099210
1870.383600   14.060940   0.104480
1870.393319   14.066590   0.102160
1870.440608   14.172320   0.076400
1870.448993   14.077610   0.119880
1871.183469   14.106800   0.063270
1871.192872   14.148390   0.060010
1871.230922   14.105680   0.067850
1871.240394   14.075020   0.064670
1871.269122   14.098140   0.065790
1871.298226   14.129360   0.068380
1871.307789   14.140720   0.073920
1871.317562   14.092740   0.074060
1871.346725   14.100980   0.085950
1871.356495   14.115700   0.081800
1871.366277   14.088980   0.089530
1871.375944   14.053750   0.087330
1871.385808   14.120500   0.100750
1871.395399   14.166380   0.110570
1871.404882   13.990430   0.115710
1871.414342   14.111270   0.118500
1871.423744   14.060510   0.109380
1871.433495   14.163250   0.117120
1871.442405   14.087220   0.106570
1871.449670   14.066670   0.108550
1871.455742   14.125650   0.113230
1871.461191   14.163020   0.121960
1871.465968   14.112940   0.116430
1871.469461   14.163100   0.118090
1871.472994   14.157920   0.119890
1871.476070   14.079500   0.115890
1871.477819   14.094070   0.109410
1871.479709   14.077000   0.111500
1871.481438   14.113460   0.113820
1871.550420   14.125640   0.125930
1871.559908   14.094390   0.130700
1871.578835   13.973790   0.075800
1872.324463   14.138220   0.063870
1872.334315   14.112450   0.068710
1872.344041   14.082130   0.064930
1872.353623   14.073350   0.067210
1872.363427   14.113570   0.066390
1872.373279   14.113250   0.062400
1872.383099   14.132930   0.065420
1872.392766   14.096360   0.066820
1872.402203   14.084950   0.063350
1872.412032   14.084400   0.071640
1872.421585   14.112230   0.075640
1872.431130   14.110810   0.077380
1872.439874   14.091960   0.073770
1872.447517   14.097230   0.077170
1872.454162   14.146470   0.080590
1872.459603   14.088020   0.087400
1872.463903   14.082630   0.090740
1872.467716   14.048870   0.080660
1872.470496   14.128380   0.086610
1872.473152   14.108900   0.089260
1872.474857   14.070280   0.085000
1872.476617   14.073120   0.085640
1872.478370   14.105840   0.084770
1872.480228   14.122910   0.088590
1872.541663   14.161660   0.106050
1872.550845   14.056570   0.112510
1872.560270   14.155100   0.119780
1872.569828   14.159790   0.125850
1872.579399   14.118750   0.108950
1873.229437   14.077620   0.076440
1873.238826   14.076490   0.078030
1873.267456   14.050880   0.078130
1873.276959   14.049560   0.077180
1873.305896   13.996600   0.087900
1873.315548   14.095230   0.094130
1873.325684   14.088090   0.091840
1873.335423   14.045210   0.081240
1873.344943   14.116140   0.102390
1873.354842   14.049930   0.093830
1873.364691   14.221040   0.108280
1873.374458   14.126050   0.101730
1873.383960   13.994350   0.091170
1873.393856   14.129260   0.099700
1873.403606   14.036800   0.098430
1873.413210   14.217360   0.113960
1873.422938   14.138950   0.115250
1873.432622   14.072850   0.100890
1873.441010   14.108370   0.094150
1873.447044   14.167780   0.094710
1873.453044   14.075990   0.093190
1873.457630   14.090950   0.097530
1873.462090   14.060180   0.101530
1873.465548   14.104080   0.095210
1873.468261   14.103630   0.092850
1873.470892   14.050890   0.105210
1873.472722   14.097790   0.099030
1873.474437   14.138470   0.096790
1873.476606   14.106970   0.143000
1874.032527   14.063170   0.049910
1874.041923   14.056950   0.051730
1874.051714   14.085460   0.051580
1874.061193   14.118090   0.053540
1874.108441   14.086630   0.056480
1874.117749   14.099400   0.059150
1874.145982   14.104740   0.060910
1874.183645   14.115870   0.106300
1876.992585   14.069580   0.052560
1877.002277   14.106970   0.056430
1877.012009   14.094550   0.057450
1877.021623   14.093060   0.057450
1877.050632   14.109540   0.050240
1877.080037   14.094560   0.056870
1877.089835   14.089220   0.052510
1877.109324   14.036560   0.073380
1877.119234   14.138090   0.069210
1877.157081   14.121690   0.073550
1877.194638   14.084740   0.066850
1877.204359   14.128000   0.067930
1877.242583   14.125210   0.074650
1877.252102   14.077110   0.072930
1877.271317   14.148440   0.067920
1877.280810   14.094520   0.060920
1877.290913   14.072740   0.068540
1877.300784   14.047060   0.077330
1877.310552   14.090060   0.065240
1877.320329   14.058540   0.077670
1877.330019   14.117830   0.065750
1877.339609   14.089710   0.059820
1877.349339   14.075780   0.069240
1877.359563   14.089190   0.060140
1877.369289   14.108120   0.070360
1877.379166   14.083760   0.065210
1877.389199   14.020250   0.076440
1877.398748   14.116260   0.084970
1877.408188   14.173230   0.083770
1877.417610   14.080160   0.078070
1877.426444   14.069350   0.061400
1877.433416   14.123780   0.078720
1877.439426   14.094420   0.084460
1877.444578   14.112880   0.081860
1877.449101   14.148340   0.075180
1877.452622   14.155780   0.088120
1877.456119   14.138360   0.073660
1877.458826   14.105820   0.070360
1877.460660   14.180170   0.076390
1877.462441   14.100190   0.074640
1877.464144   14.142710   0.074240
1877.465872   14.095620   0.076000
1877.528546   14.121760   0.089110
1877.538164   14.066510   0.092980
1877.547759   14.100150   0.103760
1877.557433   14.157550   0.117360
1877.566991   14.135560   0.107330
1877.956588   14.141970   0.090900
1877.966360   14.124910   0.080200
1877.975795   14.105660   0.060020
1877.985575   14.079020   0.050360
1878.004964   14.131620   0.047680
1878.014335   14.119100   0.053490
1878.033403   14.107450   0.046110
1878.042881   14.111480   0.046350
1878.052477   14.092820   0.053210
1878.072038   14.076650   0.052210
1878.081838   14.085120   0.056890
1878.111056   14.093340   0.055160
1878.225557   14.149830   0.096900
1878.235117   14.119830   0.077450
1878.263984   14.103110   0.097600
1878.273770   14.057280   0.096050
1878.283405   14.057880   0.104480
1878.293079   14.129050   0.102570
1878.302887   14.041440   0.123650
1878.312828   14.049400   0.124900
1878.322431   14.033500   0.123640
1878.332034   14.053270   0.105780
1878.342126   14.076360   0.090980
1878.351898   14.047240   0.105160
1878.361666   14.157900   0.106260
1878.371492   14.177420   0.109880
1878.381052   14.164820   0.119770
1878.390611   13.981800   0.083210
1878.400035   14.045690   0.107470
1878.409523   14.087810   0.105510
1878.419250   14.049890   0.112440
1878.427139   14.209270   0.120440
1878.444205   14.123510   0.094700
1878.454721   14.049100   0.109490
1878.460943   14.167400   0.117980
1878.463071   14.136180   0.163350
1878.523903   14.084930   0.126440
1878.533380   14.022840   0.120730
1878.542754   14.013370   0.108790
1878.552323   14.178080   0.128450
1878.561962   14.128310   0.109750
1878.906962   14.178800   0.106590
1878.917827   14.100530   0.122990
1878.928636   14.084130   0.114300
1878.939490   14.106920   0.102230
1878.950209   14.140470   0.085630
1878.960985   14.105900   0.078940
1878.971663   14.090400   0.071010
1878.982256   14.074100   0.076880
1878.992862   14.109330   0.072200
1879.003349   14.087040   0.075510
1879.014056   14.024810   0.075940
1879.024781   14.080960   0.076450
1879.035403   14.089800   0.089050
1879.046338   14.141100   0.090070
1879.056998   14.178980   0.092540
1879.067120   14.060530   0.085910
1879.077625   14.160220   0.092570
1879.087804   14.085860   0.088990
1879.097718   14.103000   0.100470
1879.108265   14.074410   0.110070
1879.259988   14.129740   0.129130
1879.270136   14.205660   0.110170
1879.279998   14.140180   0.103730
1879.290256   14.098980   0.119690
1879.300321   14.180350   0.135920
1879.310604   14.192290   0.134420
1879.321132   14.150370   0.133160
1879.331398   14.114750   0.125850
1879.341711   14.049910   0.128910
1879.352168   14.039100   0.127680
1879.362239   14.107710   0.128470
1879.372581   14.049850   0.126030
1879.383093   13.936820   0.070500
1879.393218   14.045690   0.107730
1879.403333   13.886960   0.068700
1879.422057   14.015020   0.081200
1879.914664   14.154490   0.105190
1879.924232   14.127300   0.080730
1879.933937   14.073030   0.072940
1879.943742   14.109230   0.057880
1879.953255   14.086030   0.052650
1879.962965   14.128120   0.053780
1879.972299   14.095690   0.049850
1879.982133   14.123880   0.050830
1879.991480   14.108850   0.057210
1880.001350   14.120620   0.057990
1880.010995   14.098660   0.061970
1880.020489   14.086010   0.064960
1880.030167   14.097640   0.067220
1880.040004   14.098130   0.063000
1880.059700   14.152380   0.061610
1880.069482   14.186130   0.040100
1880.200091   14.091370   0.082110
1880.209735   14.141150   0.085420
1880.248836   14.069340   0.065990
1880.277275   14.081170   0.082150
1880.286928   14.065180   0.091110
1880.306613   14.071400   0.076040
1880.369120   14.115170   0.072240
1880.977730   14.217560   0.089270
1880.987626   14.091570   0.065010
1880.997175   14.100450   0.065480
1881.007352   14.062450   0.066630
1881.027023   14.065700   0.074260
1881.036583   14.108890   0.073320
1881.046307   14.053290   0.072000
1881.075352   14.056530   0.086560
1881.124474   14.099360   0.086260
1881.163015   14.062160   0.081930
1881.171357   14.075570   0.067100
1881.220305   14.102500   0.069830
1881.230199   14.074640   0.066070
1881.239668   14.080980   0.070120
1881.249328   14.115390   0.070680
1881.268352   14.090760   0.073560
1881.278189   14.044380   0.072680
1881.288137   14.068850   0.073560
1881.297680   14.077430   0.071110
1881.307337   14.064700   0.074850
1881.317394   14.047190   0.076240
1881.327336   14.188380   0.081090
1881.337373   14.186100   0.078540
1881.347129   14.111550   0.083700
1881.357110   14.118190   0.084250
1881.366722   14.138190   0.081910
1881.376276   14.095950   0.089070
1881.386104   14.159660   0.099570
1881.395996   14.087240   0.093600
1881.405772   14.094660   0.100840
1881.414838   14.121910   0.100560
1881.422098   14.058310   0.089420
1881.428287   14.097180   0.093470
1881.433496   14.120070   0.103010
1881.437835   14.055390   0.099020
1881.441542   14.084260   0.112610
1881.445078   14.159130   0.115100
1881.447777   14.172160   0.109250
1881.449541   14.029250   0.103540
1881.451276   14.101370   0.105290
1881.453055   14.159710   0.103410
1881.455245   14.108010   0.152630
1881.512259   14.182880   0.116530
1881.522032   14.141480   0.122530
1881.531584   14.138090   0.118720
1881.541053   14.142150   0.124650
1881.550943   14.133750   0.120700
1881.560601   14.149500   0.133930
1881.570473   14.044910   0.109480
1881.580406   13.907290   0.075400
1881.589860   14.126270   0.130600
1881.609549   14.050610   0.108690
1881.874874   14.140260   0.130770
1881.884546   14.154520   0.102060
1881.894462   14.098700   0.090840
1881.904494   14.113180   0.077400
1881.914271   14.060090   0.071200
1881.923884   14.109890   0.073400
1881.933466   14.182560   0.071500
1881.943231   14.134950   0.078900
1881.952875   14.140940   0.097810
1881.962633   14.082640   0.109370
1881.972149   14.138680   0.111050
1881.982098   14.153520   0.123220
1882.080330   14.158090   0.105290
1882.160119   14.045610   0.119280
1882.169729   14.083550   0.098080
1883.093660   14.059170   0.095340
1883.150882   14.181210   0.122880
1883.160375   14.145150   0.105470
1883.226897   14.054350   0.127090
1883.236057   14.131540   0.077400
1883.274780   14.095610   0.133580
1884.137551   14.121690   0.055770
1884.175960   14.147580   0.085060
1884.214174   14.112760   0.057720
1884.223839   14.165800   0.069760
1884.261682   14.113090   0.052010
1884.271201   14.127580   0.050550
1884.280876   14.039710   0.057580
1884.290846   14.063660   0.062710
1884.310420   14.116730   0.085050
1884.320206   14.104520   0.064700
1884.330156   14.115240   0.064180
1884.340081   14.150230   0.084510
1884.350052   14.118100   0.075310
1884.360119   13.992300   0.064790
1884.370060   14.105530   0.058410
1884.379738   14.164990   0.066830
1884.389528   14.121220   0.052080
1884.399065   14.093880   0.057400
1884.406881   14.086190   0.070030
1884.413865   14.144500   0.075400
1884.420368   14.154820   0.095740
1884.425635   14.075350   0.061420
1884.430150   14.121600   0.050980
1884.433678   14.101560   0.061260
1884.437202   14.083140   0.062410
1884.439908   14.103350   0.064170
1884.441669   14.124360   0.062800
1884.443407   14.160670   0.056540
1884.445186   14.137850   0.057830
1884.446926   14.181340   0.087930
1884.503638   14.098220   0.055210
1884.513187   14.074250   0.072080
1884.522993   14.119150   0.054230
1884.532900   14.060850   0.048630
1884.542819   14.030410   0.062200
1884.552706   14.038710   0.072500
1884.562458   14.102000   0.045440
1884.572213   14.122250   0.063430
1884.581820   14.079670   0.047610
1884.591479   14.050650   0.059370
1884.600983   14.078110   0.049850
1884.610820   14.103570   0.049330
1884.925737   14.083300   0.123630
1884.945295   14.108930   0.072600
1884.964176   14.019170   0.069100
1885.003341   14.127380   0.133180
1885.278794   14.026840   0.113330
1885.298474   14.125600   0.101360
1885.318087   14.012910   0.074800
1886.110701   14.058460   0.050950
1886.138882   14.047020   0.056020
1886.177101   14.057960   0.067210
1886.215757   14.086910   0.083790
1886.225422   14.072710   0.112960
1886.263771   14.084690   0.068590
1886.273502   14.171930   0.100770
1886.283270   14.098600   0.067730
1886.293134   14.121780   0.074140
1886.303115   14.090650   0.085130
1886.312914   14.058540   0.069280
1886.322818   14.132210   0.080560
1886.332859   14.104330   0.081710
1886.342543   14.075890   0.073070
1886.352534   14.126880   0.069920
1886.362281   14.100920   0.082500
1886.372003   14.096830   0.082900
1886.381496   14.072310   0.085440
1886.391198   14.172980   0.101220
1886.399994   14.073760   0.094140
1886.408171   14.093100   0.099190
1886.414363   14.108160   0.122350
1886.419581   14.155460   0.121770
1886.423873   13.994100   0.106880
1886.427459   14.092610   0.109960
1886.431086   14.073830   0.108320
1886.433748   14.102440   0.120650
1886.435540   14.169960   0.129250
1886.437293   14.149570   0.108840
1886.439058   14.082850   0.106540
