1863.169882   14.092350   0.078670
1863.179028   14.102390   0.089900
1863.188111   14.132330   0.100300
1863.197263   14.049710   0.095200
1863.206453   14.094750   0.091370
1863.215516   14.083440   0.110020
1863.224486   14.145620   0.106760
1863.233708   14.095660   0.112490
1863.243026   14.134570   0.113130
1863.252052   14.066450   0.101710
1863.260978   14.147420   0.102720
1863.270074   14.057860   0.108930
1863.279229   14.088620   0.102020
1863.288341   14.088970   0.099490
1863.297662   14.106360   0.088540
1863.306748   14.033080   0.099310
1863.315898   14.077210   0.099940
1863.325261   14.143820   0.104510
1863.334632   14.112040   0.107570
1863.344416   14.137230   0.104360
1863.353962   14.198110   0.104360
1863.363511   14.137920   0.094110
1863.372640   14.045930   0.083170
1863.381795   14.092230   0.086970
1863.391577   14.075180   0.086850
1863.400670   14.178690   0.098650
1863.410157   14.113740   0.096570
1863.419415   14.150090   0.102820
1863.428728   14.061890   0.106410
1863.438171   14.114460   0.111650
1863.447725   14.089740   0.115210
1863.457038   14.146240   0.124590
1864.122118   14.076130   0.068490
1864.131216   14.138180   0.089200
1864.140349   14.077780   0.080970
1864.149328   14.065060   0.079350
1864.158727   14.005130   0.074030
1864.168077   14.026100   0.093610
1864.177441   14.097240   0.089630
1864.186471   14.138310   0.073610
1864.195786   14.072460   0.090470
1864.204761   14.181340   0.081420
1864.213956   14.080710   0.077410
1864.223275   14.087770   0.074780
1864.232312   14.191250   0.089780
1864.241734   14.187570   0.091350
1864.250994   14.202810   0.079660
1864.260292   14.117540   0.091350
1864.269452   14.147400   0.078990
1864.278712   14.175780   0.097400
1864.288040   14.262730   0.098490
1864.297228   14.234830   0.093080
1864.306786   14.120590   0.093650
1864.315982   14.172110   0.095970
1864.325240   14.161260   0.096680
1864.334830   14.094060   0.089640
1864.344223   14.154280   0.123020
1864.353629   14.132750   0.116080
1864.362884   14.157400   0.119860
1864.381795   14.215640   0.108560
1864.391386   14.132840   0.113690
1864.401328   13.852220   0.068600
1864.410777   14.203060   0.123270
1864.420158   14.090100   0.120100
1864.429224   14.171280   0.074500
1865.081649   14.098830   0.101860
1865.090914   14.010490   0.098010
1865.103000   14.044860   0.094820
1865.112265   14.084720   0.093840
1865.121493   14.081710   0.105660
1865.180915   14.096920   0.068150
1865.189934   14.109560   0.054730
1865.199137   14.069770   0.071330
1865.208040   14.138010   0.056410
1865.217207   14.063890   0.082020
1865.226382   14.094980   0.079480
1865.235932   14.129370   0.084960
1865.245886   14.088550   0.085170
1865.255783   14.108660   0.083050
1865.265750   14.111790   0.104510
1865.275774   14.064380   0.094810
1865.285892   14.090480   0.083320
1865.295973   14.171960   0.096110
1865.306185   14.166710   0.094310
1865.316145   14.120430   0.090200
1865.326150   14.059740   0.094550
1865.336276   14.082410   0.113850
1865.346577   14.152280   0.104850
1865.356675   14.112470   0.098620
1865.366659   14.277860   0.112160
1865.376904   14.145270   0.108160
1865.387088   14.120690   0.110670
1865.397153   14.186440   0.111050
1865.407149   14.150380   0.109380
1865.417333   14.124040   0.108430
1865.427630   14.023950   0.109940
1865.437669   14.074560   0.107770
1865.448171   14.169280   0.116070
1866.165339   14.115700   0.062710
1866.174723   14.103540   0.061730
1866.184057   14.088340   0.064380
1866.193410   14.104320   0.064410
1866.202706   14.077980   0.067500
1866.212035   14.154440   0.066920
1866.221409   14.148750   0.068740
1866.230791   14.123260   0.066270
1866.240551   14.119140   0.068260
1866.250004   14.070390   0.067670
1866.259354   14.110890   0.070070
1867.193045   14.103340   0.045400
1867.202355   14.118220   0.047370
1867.211516   14.081540   0.046720
1867.220585   14.080870   0.048900
1867.230131   14.105760   0.051040
1867.239707   14.130260   0.050530
1867.249230   14.118280   0.049540
1867.258785   14.045440   0.050120
1867.268385   14.079680   0.050350
1867.277702   14.095980   0.052310
1867.287153   14.049390   0.052490
1867.296854   14.121510   0.055090
1867.306121   14.117040   0.055550
1867.315500   14.118870   0.056650
1867.325094   14.122270   0.058310
1867.334502   14.183110   0.060380
1867.344482   14.090600   0.061270
1867.354030   14.069640   0.061610
1867.363492   14.090270   0.067350
1867.372735   14.124930   0.063860
1867.382212   14.133710   0.065850
1867.391671   14.066670   0.069890
1867.401392   14.112240   0.070750
1867.410805   14.066090   0.065960
1867.420288   14.169770   0.083760
1867.429722   14.149760   0.094430
1867.439192   14.142990   0.086180
1867.448574   14.070440   0.094080
1867.456168   14.058240   0.082080
1867.463320   14.094790   0.086680
1867.469421   14.118270   0.087370
1867.473939   14.102940   0.068830
1867.478291   14.164840   0.067390
1867.481655   14.116790   0.064400
1867.484335   14.144180   0.074370
1867.486951   14.174170   0.071170
1867.488639   14.099170   0.073790
1867.490315   14.059440   0.075820
1867.492002   14.153930   0.074720
1867.493724   14.120810   0.074820
1868.197661   14.105150   0.082970
1868.207123   14.014210   0.080880
1868.216418   14.085660   0.073040
1868.225986   14.150690   0.093850
1868.235811   14.170540   0.096400
1868.245580   14.070110   0.099250
1868.255259   14.143060   0.105960
1868.264815   14.082300   0.109270
1868.274279   14.088420   0.116120
1868.283929   14.150850   0.111690
1868.322548   14.160520   0.120750
1868.332083   14.185540   0.122320
1868.341800   14.189990   0.125130
1868.370506   14.041870   0.071100
1868.399822   14.211150   0.070200
1868.447140   13.986400   0.075400
1870.219778   14.108310   0.056390
1870.229270   14.079120   0.057740
1870.238762   14.112450   0.062470
1870.248135   14.148870   0.060030
1870.257691   14.155230   0.070800
1870.267266   14.151380   0.066120
1870.276950   14.069840   0.064970
1870.286498   14.063770   0.067610
1870.295849   14.107200   0.062070
1870.305565   14.091250   0.067570
1870.315197   14.133300   0.075690
1870.325274   14.059670   0.075540
1870.335174   14.218700   0.077090
1870.344892   14.144940   0.076980
1870.354573   14.121360   0.089710
1870.364104   14.156510   0.112310
1870.373603   14.120490   0.109310
1870.383677   14.073390   0.095890
1871.136689   14.149180   0.067240
1871.146179   14.160910   0.063980
1871.155384   14.033820   0.059760
1871.164955   14.110110   0.068720
1871.174269   14.106610   0.067620
1871.183469   14.097860   0.072580
1871.192872   14.195510   0.068890
1871.202392   14.189640   0.072000
1871.211865   14.099280   0.077490
1871.221273   14.145360   0.082280
1871.230922   14.104630   0.074220
1871.240394   14.052430   0.068870
1871.250018   14.141150   0.076430
1871.259511   14.084480   0.072010
1871.269122   14.142410   0.073800
1871.278903   14.073700   0.072540
1871.288648   14.097200   0.079130
1871.298226   14.113160   0.075630
1871.307789   14.085690   0.081540
1871.317562   14.124760   0.082910
1871.327342   14.059210   0.083900
1871.337079   14.096480   0.089970
1871.346725   14.162360   0.093020
1871.356495   14.074770   0.092430
1871.366277   14.173580   0.105080
1871.375944   14.108030   0.102690
1871.385808   14.107550   0.111160
1871.395399   14.089220   0.113340
1871.404806   14.075540   0.103660
1871.414189   14.162420   0.072800
1871.423744   14.109160   0.124010
1871.433495   13.985740   0.115250
1871.442405   14.114710   0.120690
1871.449670   14.173390   0.123510
1871.455666   14.145280   0.105700
1871.461344   13.961750   0.072000
1871.465968   13.995040   0.120850
1871.469384   14.198730   0.107130
1871.473070   14.112800   0.103180
1871.476070   14.119630   0.121970
1871.477895   14.122010   0.104190
1871.479709   14.133970   0.124910
1871.481438   14.092030   0.124360
1872.324463   14.218630   0.077990
1872.334315   14.155290   0.079460
1872.344041   14.129020   0.076730
1872.353623   14.121980   0.077570
1872.363427   14.167100   0.076050
1872.373279   14.036340   0.073390
1872.383099   14.143490   0.076380
1872.392766   14.116580   0.075700
1872.402203   14.162410   0.079500
1872.412032   14.244350   0.083840
1872.421585   14.016770   0.081470
1872.431130   14.188300   0.093380
1872.439874   14.143350   0.090640
1872.447517   14.146520   0.091370
1872.454162   14.154720   0.091140
1872.459603   14.191470   0.104460
1872.463903   14.120680   0.100260
1872.467716   14.172420   0.096340
1872.470496   14.052190   0.099600
1872.473152   14.149120   0.101600
1872.474857   14.159360   0.109350
1872.476617   14.224770   0.107620
1872.478370   14.127540   0.106190
1872.480228   14.142380   0.102240
1872.541663   14.092390   0.129180
1872.550845   14.012670   0.127350
1873.229437   14.139810   0.083240
1873.238826   14.115850   0.090720
1873.248403   14.123730   0.087430
1873.258009   14.012240   0.084460
1873.267456   14.122570   0.091070
1873.276959   14.074890   0.088440
1873.286788   14.059220   0.088690
1873.296275   14.023350   0.088460
1873.305896   14.168690   0.097050
1873.315548   14.049960   0.095940
1873.325684   14.107980   0.096840
1873.335346   14.155950   0.100890
1873.344943   14.087760   0.098910
1873.354842   14.020850   0.094380
1873.364691   14.226130   0.101600
1873.374458   14.183350   0.106720
1873.383960   13.996190   0.096500
1873.393856   14.284370   0.111070
1873.403606   14.120970   0.110550
1873.413210   14.316100   0.061800
1873.422861   14.164470   0.094470
1873.432622   14.129760   0.113060
1873.441010   14.130770   0.108260
1873.447044   14.229240   0.113520
1873.453044   14.117920   0.107970
1873.457630   14.188870   0.114140
1873.462090   14.173340   0.114630
1873.465548   14.113300   0.113970
1873.468261   14.106680   0.113690
1873.470892   14.054220   0.113100
1873.472722   14.081880   0.115920
1873.474437   14.126940   0.117110
1873.476606   14.115770   0.163100
1874.032527   14.126590   0.058550
1874.041923   14.127990   0.060730
1874.051714   14.056780   0.060290
1874.061193   14.077920   0.061160
1874.070741   14.167020   0.063160
1874.080230   14.067080   0.064580
1874.089638   14.074120   0.061270
1874.098984   14.129490   0.065090
1874.108441   14.064530   0.062020
1874.117749   14.077720   0.065830
1874.127103   14.107890   0.068770
1874.136654   14.040000   0.066760
1874.145982   14.148470   0.068720
1874.155173   14.007640   0.075320
1874.164605   14.045650   0.078290
1874.174153   14.064080   0.095250
1874.183645   14.149030   0.117210
1876.992585   14.101610   0.062940
1877.002277   14.131960   0.062880
1877.012009   14.104960   0.066240
1877.021623   14.086420   0.064740
1877.031340   14.073010   0.071460
1877.041094   14.125900   0.067670
1877.050632   14.067050   0.059480
1877.060512   14.128380   0.062060
1877.070280   14.121270   0.063270
1877.080037   14.116170   0.066870
1877.089835   14.145220   0.067210
1877.099542   14.063390   0.068130
1877.109324   14.076890   0.077960
1877.119234   14.207100   0.081970
1877.128562   14.130940   0.073610
1877.137988   14.138140   0.071730
1877.147449   14.174110   0.082160
1877.157081   14.133690   0.076910
1877.166514   14.090570   0.072270
1877.175811   14.109010   0.071930
1877.185180   14.186950   0.076070
1877.194638   14.090080   0.072630
1877.204359   14.110820   0.072660
1877.213829   14.178020   0.070890
1877.223290   14.189920   0.076050
1877.232928   14.173880   0.074130
1877.242583   14.060050   0.077800
1877.252102   14.128440   0.078880
1877.261424   14.087670   0.078060
1877.271317   14.062680   0.072110
1877.280810   14.045220   0.070390
1877.290913   14.152050   0.077670
1877.300784   14.216930   0.085580
1877.310552   14.039610   0.073570
1877.320329   14.167210   0.083620
1877.330019   14.109240   0.075710
1877.339609   13.954780   0.070040
1877.349339   14.238430   0.082250
1877.359563   14.095080   0.072700
1877.369289   14.060070   0.078700
1877.379166   14.043520   0.077020
1877.389199   14.138810   0.085630
1877.398748   14.123110   0.088870
1877.408188   14.098220   0.087540
1877.417610   14.022250   0.086600
1877.426444   14.112690   0.083200
1877.433416   14.014060   0.084950
1877.439426   14.069880   0.095060
1877.444578   14.087530   0.091670
1877.449101   14.146610   0.081410
1877.452622   14.081370   0.097550
1877.456119   14.036050   0.085980
1877.458826   14.106760   0.080440
1877.460660   14.116230   0.083460
1877.462441   14.135180   0.092100
1877.464144   14.050490   0.090910
1877.465872   14.110390   0.089390
1877.528546   14.066180   0.111510
1877.538164   13.970950   0.113100
1877.547683   14.002070   0.095410
1877.566991   14.076980   0.071400
1877.956588   14.210910   0.101680
1877.966360   14.027710   0.085910
1877.975795   14.090150   0.071550
1877.985575   14.146840   0.066270
1877.995071   14.172490   0.056900
1878.004964   14.117250   0.058830
1878.014335   14.101710   0.061400
1878.023915   14.193220   0.051620
1878.033403   14.115450   0.058550
1878.042881   14.101780   0.056960
1878.052477   14.116580   0.063630
1878.062202   14.155360   0.059790
1878.072038   14.075080   0.064810
1878.081838   14.121750   0.066470
1878.091595   14.097730   0.061320
1878.101204   14.192940   0.062100
1878.111056   14.114000   0.065630
1878.120475   14.183540   0.066510
1878.129972   14.068990   0.072610
1878.139452   14.113480   0.084570
1878.158293   14.164110   0.121040
1878.167692   14.154080   0.074760
1878.177309   14.107770   0.071040
1878.186872   14.127210   0.093320
1878.196273   14.033140   0.087830
1878.206054   14.215050   0.101720
1878.215833   14.126420   0.107700
1878.225557   14.256300   0.115880
1878.235117   14.037100   0.093720
1878.244657   14.169240   0.099870
1878.254352   14.083590   0.097610
1878.263984   14.088220   0.110620
1878.273770   14.206270   0.116970
1878.283405   14.038460   0.117800
1878.293079   14.205630   0.119790
1878.302887   13.959510   0.104020
1878.322278   14.022020   0.071000
1878.342202   14.340110   0.074600
1878.351898   14.038370   0.114250
1878.361666   13.982370   0.109560
1878.371492   14.083150   0.114210
1878.381052   14.125980   0.121580
1878.390458   14.080830   0.063400
1878.400035   14.229680   0.122420
1878.409523   14.171340   0.112070
1878.419173   14.250900   0.094960
1878.427139   14.092790   0.119850
1878.448478   14.152270   0.067500
1878.452064   14.098620   0.069200
1878.454645   14.069140   0.097430
1878.457364   14.172280   0.121240
1878.459246   14.151210   0.070900
1878.460790   14.083470   0.070200
1878.462584   14.113110   0.101120
1878.463635   14.140500   0.072700
1878.523903   14.046080   0.072500
1878.542754   14.097880   0.074600
1878.928560   14.216080   0.108460
1878.939490   14.132090   0.119810
1878.950209   14.084770   0.096660
1878.960985   14.110310   0.091860
1878.971663   14.078480   0.085340
1878.982256   14.117230   0.089920
1878.992862   14.025340   0.081950
1879.003349   14.028390   0.086100
1879.014056   14.093060   0.090770
1879.024781   14.011940   0.087570
1879.035403   14.031820   0.097430
1879.046338   14.038310   0.099580
1879.056998   14.087190   0.101680
1879.067120   14.086270   0.105970
1879.077625   14.103500   0.104980
1879.087804   14.136300   0.107710
1879.097718   14.071700   0.115260
1879.108265   14.092650   0.124480
1879.118677   14.158100   0.127540
1879.129023   14.060040   0.072900
1879.138951   14.028450   0.121360
1879.168834   14.033650   0.079900
1879.260064   14.040300   0.105410
1879.270289   14.091960   0.076000
1879.914664   14.371180   0.088950
1879.924232   14.276880   0.099610
1879.933937   14.169810   0.081520
1879.943742   14.162730   0.072650
1879.953255   14.125180   0.065000
1879.962965   14.133360   0.061440
1879.972299   14.091940   0.057570
1879.982133   14.098520   0.060870
1879.991480   14.111150   0.066510
1880.001350   14.119020   0.067600
1880.010995   14.104790   0.071670
1880.020489   14.096790   0.070770
1880.030167   14.115080   0.073330
1880.040004   14.109390   0.073560
1880.050020   14.117920   0.074410
1880.059700   14.126580   0.074430
1880.069635   14.124320   0.076160
1880.079469   14.157270   0.079630
1880.089000   14.140140   0.077780
1880.098524   14.177590   0.084300
1880.108072   14.159540   0.086850
1880.117530   14.085590   0.075400
1880.127140   14.217770   0.081010
1880.200091   14.119710   0.087010
1880.209735   14.159390   0.096890
1880.219431   14.059250   0.088600
1880.229324   14.068970   0.085650
1880.238989   14.127730   0.079250
1880.248836   14.018230   0.079210
1880.258298   13.992160   0.082700
1880.267686   14.160730   0.089440
1880.277275   14.156610   0.088970
1880.286928   14.254960   0.109260
1880.306613   14.167000   0.091740
1880.369120   14.060270   0.085380
1880.967783   14.200560   0.078840
1880.977730   14.343540   0.093300
1880.987626   14.138270   0.079470
1880.997175   14.121480   0.071190
1881.007352   14.111480   0.079520
1881.017262   13.969550   0.078640
1881.027023   13.999740   0.080920
1881.036583   14.051310   0.081030
1881.046307   14.092370   0.085100
1881.055914   14.105990   0.093700
1881.065565   14.048960   0.090420
1881.075352   14.175540   0.095370
1881.085120   14.110670   0.091460
1881.094964   14.107650   0.088890
1881.104801   14.125670   0.077540
1881.114937   14.231510   0.102330
1881.124474   14.044780   0.093110
1881.134326   14.175990   0.098840
1881.143810   14.046260   0.078000
1881.153419   14.113360   0.096480
1881.163015   13.940410   0.084690
1881.171357   14.083460   0.079560
1881.180981   14.116330   0.083780
1881.190627   14.153480   0.071940
1881.200550   14.089870   0.078160
1881.210473   14.100920   0.081130
1881.220305   14.084890   0.090620
1881.230199   14.078000   0.085100
1881.239668   14.126330   0.094750
1881.249328   14.132770   0.088760
1881.258917   14.200550   0.091720
1881.268352   14.098040   0.096630
1881.278189   14.083580   0.092630
1881.288137   14.217780   0.084780
1881.297680   14.135650   0.089100
1881.307337   14.135210   0.099280
1881.317394   14.124480   0.093720
1881.327336   14.127340   0.098390
1881.337373   14.154520   0.103990
1881.347129   14.135950   0.103410
1881.357110   14.107820   0.103220
1881.366722   14.131830   0.111970
1881.376276   14.146580   0.115250
1881.386104   14.201470   0.120410
1881.395996   14.061880   0.119590
1881.405772   14.005970   0.116420
1881.414915   14.168290   0.100640
1881.422098   14.121760   0.124730
1881.428287   14.032430   0.121200
1881.433496   14.110190   0.121220
1881.437835   14.143820   0.123200
1881.441542   14.037600   0.124130
1881.445078   14.082980   0.125460
1881.447778   14.084220   0.104580
1881.449541   14.021180   0.125050
1881.451276   14.065440   0.122380
1881.453208   14.268230   0.076000
1881.455245   14.144870   0.184350
1881.512259   14.042020   0.072900
1881.884546   13.979520   0.120150
1881.894462   14.133050   0.112820
1881.904494   14.132530   0.093880
1881.914271   14.179980   0.096490
1881.923884   14.122010   0.089040
1881.933466   14.228590   0.085050
1881.943231   14.146360   0.086170
1881.952875   14.147330   0.111310
1881.962633   14.109280   0.121510
1881.972149   14.096190   0.100830
1881.982251   14.090960   0.074400
1882.041324   14.163110   0.083600
1882.080330   14.042880   0.111650
1882.131558   14.044650   0.071500
1883.093660   14.145080   0.112040
1883.112818   14.136440   0.112340
1883.122314   13.960080   0.088440
1883.131900   14.163270   0.112720
1883.141218   14.231000   0.099290
1883.150882   14.005300   0.116750
1883.179271   14.301380   0.106200
1883.188727   14.167030   0.126070
1883.207904   14.117420   0.075700
1883.236057   14.034340   0.067100
1884.099534   14.176750   0.058750
1884.109140   14.116540   0.055160
1884.118686   14.119170   0.074230
1884.128292   14.190960   0.082010
1884.137551   14.050720   0.064420
1884.147279   14.142210   0.072170
1884.156774   14.176800   0.083130
1884.166197   14.175730   0.084670
1884.175960   14.068560   0.093530
1884.185414   14.181730   0.082960
1884.194977   14.143500   0.069980
1884.204574   14.101300   0.077490
1884.214174   14.009310   0.065090
1884.223839   14.153110   0.073270
1884.233272   14.056530   0.103740
1884.242628   14.185450   0.061520
1884.252195   14.163180   0.058360
1884.261682   14.071200   0.059540
1884.271201   14.018120   0.059380
1884.280876   14.178910   0.068570
1884.290846   14.130610   0.066650
1884.310420   14.061680   0.083990
1884.320206   14.103350   0.074840
1884.330156   14.081460   0.076580
1884.340081   14.146600   0.093790
1884.350052   14.028300   0.092410
1884.360119   14.113030   0.074750
1884.370060   14.068770   0.081170
1884.379738   14.118160   0.082000
1884.389528   14.119540   0.066990
1884.399065   14.101840   0.068420
1884.406881   14.125570   0.078670
1884.413865   14.112970   0.101650
1884.420368   14.256880   0.093900
1884.425635   14.068610   0.073660
1884.430150   14.145860   0.061960
1884.433678   14.083850   0.074320
1884.437202   14.108810   0.072430
1884.439908   14.057580   0.075820
1884.441669   14.098390   0.077880
1884.443407   14.146490   0.070860
1884.445186   14.037410   0.064220
1884.446926   14.185940   0.090300
1884.503638   14.230750   0.062090
1884.513187   14.016310   0.077180
1884.522993   14.053590   0.068730
1884.532900   14.080250   0.059920
1884.542819   14.198430   0.082790
1884.552782   14.050750   0.035800
1884.562458   14.038930   0.055250
1884.572213   14.111860   0.068450
1884.581820   14.073160   0.058500
1884.591479   14.145010   0.075810
1884.600983   14.071750   0.064890
1884.610820   14.147200   0.059550
1886.072366   14.185930   0.054340
1886.082057   14.118710   0.058670
1886.091456   14.078170   0.059870
1886.101064   14.107960   0.062770
1886.110701   14.103660   0.059380
1886.120214   14.197780   0.060350
1886.129544   14.125570   0.066570
1886.138882   14.086520   0.066940
1886.148233   14.114040   0.066250
1886.157943   14.068440   0.068820
1886.167550   14.076840   0.079290
1886.177101   14.207570   0.074570
1886.186997   14.083670   0.080630
1886.196609   14.209060   0.087370
1886.206153   14.189610   0.092400
1886.215757   14.056980   0.098150
1886.225269   14.095280   0.074900
1886.234905   14.081040   0.104160
1886.244630   14.123950   0.127350
1886.254426   14.110130   0.099670
1886.263771   14.098720   0.077620
1886.273425   14.122330   0.072700
1886.283270   14.115680   0.077020
1886.293134   14.200540   0.082690
1886.303115   14.054740   0.084570
1886.312914   14.158570   0.085630
1886.322818   14.084690   0.086570
1886.332859   14.107180   0.090060
1886.342543   14.167790   0.085410
1886.352534   14.111080   0.083920
1886.362281   14.165990   0.091170
1886.372003   14.051430   0.091150
1886.381496   14.144620   0.092840
1886.391198   14.105270   0.107230
1886.399994   14.127390   0.112530
1886.408171   14.196900   0.113740
1886.419428   14.101470   0.077100
1886.423950   14.040320   0.098280
1886.427535   14.278750   0.103930
1886.431086   14.085450   0.121730
1886.433595   14.038940   0.069600
1886.437293   14.081520   0.075300
