1863.169882   14.091450   0.066350
1863.179028   14.091130   0.077500
1863.188111   14.076100   0.091800
1863.197263   14.110520   0.085180
1863.206453   14.080960   0.079400
1863.215516   14.046720   0.094510
1863.224486   14.156430   0.097840
1863.233708   14.115880   0.102990
1863.243026   14.107720   0.098330
1863.252052   14.109730   0.091250
1863.260978   14.125430   0.089560
1863.270074   14.106300   0.095510
1863.279229   14.110190   0.092330
1863.288341   14.037030   0.079550
1863.297662   14.093070   0.081450
1863.306748   14.066900   0.091750
1863.315898   14.121370   0.094050
1863.325261   14.086710   0.089560
1863.334632   14.119600   0.096200
1863.344416   14.057950   0.087920
1863.353962   14.023050   0.089260
1863.363511   14.077770   0.082140
1863.372640   14.069540   0.070840
1863.381795   14.112050   0.073260
1863.391577   14.110660   0.075690
1863.400670   14.092830   0.084960
1863.410157   14.093260   0.081780
1863.419415   14.125230   0.087420
1863.428728   14.122410   0.095490
1863.438171   14.121540   0.097430
1863.447725   14.158910   0.105040
1863.457038   14.087560   0.118730
1863.464667   14.027260   0.126350
1863.471563   14.018450   0.072900
1863.477686   14.053680   0.076800
1863.482900   14.135970   0.074900
1863.490658   14.040200   0.076900
1863.494218   14.097020   0.074400
1863.496467   14.029840   0.077400
1863.498195   14.079650   0.103730
1864.122118   14.051840   0.057420
1864.131216   14.085240   0.073500
1864.140349   14.087830   0.069140
1864.149328   14.140760   0.072810
1864.158727   14.142210   0.063830
1864.168077   14.156690   0.089070
1864.177441   14.014450   0.077970
1864.186471   14.078240   0.061000
1864.195786   14.077360   0.080080
1864.204761   14.082130   0.068010
1864.213956   14.108340   0.066140
1864.223275   14.069130   0.065750
1864.232312   14.088020   0.076670
1864.241734   14.102810   0.078050
1864.250994   14.125710   0.069760
1864.260292   14.016110   0.078680
1864.269452   14.108700   0.069990
1864.278712   14.066500   0.080960
1864.288040   14.078550   0.086010
1864.297228   14.081750   0.078660
1864.306786   14.149190   0.083920
1864.315982   14.110310   0.080430
1864.325240   14.058360   0.082520
1864.334830   14.076420   0.082940
1864.344223   14.075860   0.107950
1864.353629   14.027870   0.098860
1864.362884   14.116350   0.118420
1864.372284   13.970010   0.131790
1864.381718   14.104980   0.119970
1864.391386   14.070370   0.102280
1864.401175   14.081100   0.122850
1864.410777   14.080920   0.115070
1864.420158   14.102550   0.112080
1864.429378   14.036740   0.122830
1864.438562   14.099640   0.106990
1865.081649   14.009590   0.093660
1865.090914   14.129020   0.094930
1865.103000   14.070870   0.093200
1865.112265   14.122880   0.091830
1865.121493   14.096030   0.105090
1865.180915   14.111210   0.065880
1865.189934   14.102860   0.047870
1865.199137   14.105810   0.063800
1865.208040   14.073300   0.050580
1865.217207   14.075980   0.072450
1865.226382   14.090210   0.071540
1865.235932   14.137040   0.076870
1865.245886   14.123770   0.081740
1865.255783   14.058720   0.076440
1865.265750   14.158360   0.103770
1865.275774   14.112390   0.092310
1865.285892   14.201890   0.081320
1865.295973   14.050670   0.088730
1865.306185   14.050610   0.079260
1865.316145   14.109110   0.082090
1865.326150   14.084680   0.092110
1865.336276   14.056470   0.106850
1865.346577   14.082900   0.098220
1865.356675   14.125020   0.095260
1865.366659   14.062570   0.101620
1865.376904   14.091790   0.102080
1865.387088   14.113660   0.104750
1865.397153   14.088330   0.110310
1865.407149   14.126860   0.104200
1865.417333   14.079710   0.096300
1865.427630   14.185390   0.107410
1865.437669   14.077480   0.103140
1865.448171   14.127830   0.121480
1865.457247   14.094040   0.101660
1866.165339   14.053400   0.049290
1866.174723   14.060340   0.053360
1866.184057   14.073020   0.051810
1866.193410   14.080130   0.052150
1866.202706   14.086370   0.052490
1866.212035   14.084460   0.057920
1866.221409   14.088320   0.056640
1866.230791   14.106110   0.054010
1866.240551   14.070740   0.053700
1866.250004   14.102930   0.054060
1866.259354   14.059140   0.054420
1867.193045   14.095440   0.038980
1867.202355   14.094350   0.039340
1867.211516   14.120130   0.038680
1867.220585   14.126220   0.041260
1867.230131   14.130610   0.043940
1867.239707   14.094000   0.041070
1867.249230   14.079310   0.041570
1867.258785   14.101380   0.043320
1867.268385   14.109010   0.044300
1867.277702   14.099210   0.042870
1867.287153   14.098410   0.045470
1867.296854   14.065140   0.047740
1867.306121   14.076440   0.044990
1867.315500   14.079390   0.048510
1867.325094   14.076390   0.046870
1867.334502   14.064950   0.049930
1867.344482   14.069250   0.053760
1867.354030   14.125490   0.054300
1867.363492   14.074790   0.059450
1867.372735   14.128690   0.057390
1867.382212   14.106750   0.056600
1867.391671   14.073280   0.062560
1867.401392   14.121000   0.061910
1867.410805   14.064160   0.057060
1867.420288   14.069660   0.071360
1867.429722   14.062820   0.077680
1867.439192   14.109180   0.073220
1867.448574   14.107100   0.077420
1867.456168   14.070290   0.068220
1867.463320   14.143820   0.080740
1867.469421   14.115550   0.075290
1867.473939   14.102920   0.058720
1867.478291   14.085040   0.052370
1867.481655   14.067130   0.055300
1867.484335   14.110870   0.062590
1867.486951   14.031360   0.060530
1867.488639   14.042960   0.061110
1867.490315   14.102500   0.067370
1867.492002   14.112630   0.063640
1867.493724   14.065500   0.060190
1868.197661   14.124450   0.075050
1868.207123   14.090660   0.075450
1868.216495   14.113920   0.095300
1868.225986   14.050580   0.090550
1868.235811   14.035930   0.097700
1868.245580   14.159510   0.098850
1868.255259   14.118460   0.100080
1868.264815   14.226730   0.106160
1868.274279   14.122550   0.106120
1868.283929   14.115780   0.103090
1868.322548   14.127040   0.114710
1868.332083   14.180850   0.103200
1868.341800   14.128200   0.120150
1868.360990   14.109960   0.070900
1868.370812   14.029930   0.076600
1868.380340   14.134600   0.108580
1868.390290   14.053620   0.110310
1868.399822   14.044690   0.077000
1868.418946   14.117320   0.108160
1868.428372   14.136650   0.077400
1868.437615   14.079420   0.108130
1868.446987   14.046670   0.109820
1868.460913   13.979560   0.076400
1870.219778   14.069350   0.045340
1870.229270   14.108320   0.046840
1870.238762   14.108700   0.054540
1870.248135   14.091740   0.050410
1870.257691   14.077940   0.055980
1870.267266   14.097930   0.056300
1870.276950   14.076040   0.055780
1870.286498   14.091630   0.058720
1870.295849   14.069860   0.050240
1870.305565   14.124930   0.056020
1870.315197   14.094950   0.060730
1870.325274   14.110450   0.066240
1870.335174   14.073440   0.059070
1870.344892   14.037260   0.063640
1870.354573   14.066460   0.074730
1870.364104   14.068560   0.100480
1870.373603   14.126340   0.100880
1870.383600   14.012710   0.112410
1870.393319   14.091780   0.103690
1870.448993   14.067070   0.122590
1870.456179   14.102100   0.125430
1871.136689   14.078340   0.058440
1871.146179   14.118660   0.054740
1871.155384   14.127360   0.054980
1871.164955   14.136500   0.060360
1871.174269   14.157080   0.060230
1871.183469   14.154930   0.063290
1871.192872   14.166090   0.061120
1871.202392   14.102130   0.063050
1871.211865   14.060820   0.072650
1871.221273   14.086950   0.073270
1871.230922   14.168170   0.065460
1871.240394   14.101950   0.058100
1871.250018   14.122860   0.065800
1871.259511   14.103270   0.066300
1871.269122   14.105210   0.062890
1871.278903   14.102910   0.063820
1871.288648   14.107110   0.068060
1871.298226   14.116370   0.065390
1871.307789   14.095300   0.074110
1871.317562   14.069000   0.075440
1871.327342   14.106440   0.078350
1871.337079   14.071490   0.077620
1871.346725   14.071180   0.085700
1871.356495   14.084060   0.081800
1871.366277   14.044180   0.090830
1871.375944   14.190630   0.092750
1871.385808   14.052330   0.100190
1871.395399   14.085680   0.109410
1871.404882   14.077800   0.117640
1871.414342   14.009200   0.110650
1871.423744   14.036760   0.114160
1871.433495   14.103630   0.118330
1871.442405   14.052460   0.109320
1871.449670   14.128140   0.112490
1871.455742   14.082170   0.113520
1871.461191   14.123120   0.123460
1871.465968   14.130290   0.120280
1871.469461   14.081970   0.116070
1871.472994   14.109670   0.117890
1871.476070   14.083720   0.113540
1871.477819   14.114170   0.109850
1871.479709   14.054480   0.108150
1871.481438   14.165190   0.110240
1871.550420   14.068530   0.118200
1871.559908   14.096350   0.126940
1871.569340   14.120540   0.133490
1872.324463   14.130670   0.062180
1872.334315   14.082350   0.066390
1872.344041   14.072010   0.066750
1872.353623   14.094980   0.065600
1872.363427   14.124300   0.063410
1872.373279   14.113700   0.061570
1872.383099   14.149760   0.067320
1872.392766   14.140300   0.061820
1872.402203   14.097780   0.063340
1872.412032   14.117290   0.065560
1872.421585   14.121800   0.067580
1872.431130   14.087260   0.077700
1872.439874   14.085010   0.080040
1872.447517   14.087390   0.072690
1872.454162   14.128480   0.075580
1872.459603   14.085510   0.086150
1872.463903   14.071540   0.088400
1872.467716   14.086780   0.084040
1872.470496   14.041560   0.080840
1872.473152   14.034490   0.088460
1872.474857   14.051780   0.083980
1872.476617   14.053660   0.088680
1872.478370   14.049700   0.088520
1872.480228   14.101580   0.093610
1872.541663   14.072740   0.113150
1872.550845   14.134540   0.106100
1872.560270   14.063860   0.119120
1872.569828   14.098580   0.126680
1872.579246   14.123220   0.082800
1873.229437   14.044740   0.072700
1873.238826   14.081490   0.081510
1873.248403   14.102750   0.079030
1873.258009   14.057890   0.075160
1873.267456   14.026170   0.075270
1873.276959   14.111930   0.078590
1873.286788   14.093720   0.084030
1873.296275   14.081180   0.084880
1873.305896   14.134370   0.093190
1873.315548   14.131100   0.093150
1873.325684   14.062200   0.094900
1873.335346   14.034990   0.097290
1873.344943   14.061150   0.100410
1873.354842   14.133940   0.097810
1873.364691   13.964410   0.098240
1873.374458   14.012330   0.101750
1873.383960   14.061030   0.092150
1873.393856   14.061150   0.097280
1873.403606   14.109760   0.103120
1873.413210   14.171780   0.115990
1873.422938   14.130520   0.116630
1873.432622   14.111390   0.104770
1873.441010   14.092390   0.092580
1873.447044   14.024070   0.087170
1873.453044   14.117510   0.097270
1873.457630   14.126270   0.103100
1873.462090   14.133060   0.097140
1873.465548   14.083790   0.102450
1873.468261   14.089440   0.098670
1873.470892   14.064970   0.106130
1873.472722   14.112250   0.103560
1873.474437   14.122640   0.102890
1873.476606   14.015800   0.136830
1874.032527   14.071120   0.048240
1874.041923   14.116300   0.050760
1874.051714   14.087970   0.050130
1874.061193   14.077880   0.050390
1874.070741   14.061420   0.052120
1874.080230   14.059710   0.052690
1874.089638   14.127300   0.052150
1874.098984   14.101150   0.052900
1874.108441   14.098530   0.051330
1874.117749   14.074760   0.056830
1874.127103   14.091390   0.055490
1874.136654   14.106450   0.055570
1874.145982   14.042980   0.061840
1874.155173   14.086200   0.056540
1874.164605   14.120780   0.067610
1874.174153   14.099740   0.076980
1874.183645   14.097800   0.105190
1874.193129   13.971190   0.103120
1874.202668   13.998030   0.076000
1876.992585   14.077860   0.052780
1877.002277   14.059680   0.056470
1877.012009   14.107190   0.056510
1877.021623   14.023680   0.056080
1877.031340   14.021750   0.062160
1877.041094   14.051730   0.057590
1877.050632   14.052090   0.050230
1877.060512   14.095310   0.053890
1877.070280   14.057420   0.056010
1877.080037   14.110050   0.054500
1877.089835   14.067700   0.053330
1877.099542   14.084150   0.059410
1877.109324   14.128390   0.074940
1877.119234   14.044150   0.068890
1877.128562   14.075040   0.061850
1877.137988   14.048950   0.061650
1877.147449   14.086560   0.078930
1877.157081   14.087500   0.074680
1877.166514   14.093390   0.067160
1877.175811   14.123680   0.065070
1877.185180   14.098860   0.070560
1877.194638   14.092540   0.065550
1877.204359   14.012500   0.064170
1877.213829   14.029210   0.059800
1877.223290   14.100160   0.065780
1877.232928   14.091250   0.063470
1877.242583   14.138610   0.072870
1877.252102   14.148350   0.078060
1877.261424   14.149010   0.075660
1877.271317   14.124600   0.067070
1877.280810   14.134840   0.060100
1877.290913   14.115200   0.069380
1877.300784   14.159250   0.084310
1877.310552   14.051800   0.067740
1877.320329   14.146340   0.079580
1877.330019   14.124750   0.068440
1877.339609   14.113860   0.062100
1877.349339   14.073040   0.071090
1877.359563   14.070260   0.062490
1877.369289   14.064460   0.070000
1877.379166   14.111000   0.065530
1877.389199   14.116530   0.078760
1877.398748   14.191000   0.092610
1877.408188   14.049380   0.081890
1877.417610   14.041600   0.074480
1877.426444   14.103560   0.069530
1877.433416   14.160800   0.076040
1877.439426   14.096870   0.089570
1877.444578   14.115070   0.083780
1877.449101   14.087370   0.070140
1877.452622   14.104750   0.090170
1877.456119   14.109920   0.077420
1877.458826   14.084840   0.070940
1877.460660   14.067220   0.069470
1877.462441   14.088540   0.074530
1877.464144   14.043740   0.076850
1877.465872   14.065150   0.079110
1877.528546   14.118210   0.090000
1877.538164   14.099320   0.099290
1877.547759   14.059600   0.108160
1877.557433   14.146180   0.109310
1877.566991   14.079910   0.108700
1877.956588   14.100270   0.089120
1877.966360   14.115330   0.081260
1877.975795   14.086370   0.057870
1877.985575   14.134770   0.049940
1877.995071   14.114320   0.048410
1878.004964   14.082050   0.045580
1878.014335   14.099220   0.052310
1878.023915   14.089010   0.040030
1878.033403   14.085970   0.046030
1878.042881   14.082600   0.048590
1878.052477   14.101830   0.052260
1878.062202   14.065870   0.050750
1878.072038   14.125380   0.052490
1878.081838   14.108330   0.053470
1878.091595   14.108080   0.049830
1878.101204   14.108960   0.050300
1878.111056   14.083210   0.052340
1878.120475   14.099520   0.054970
1878.129972   14.076810   0.062410
1878.139452   14.134910   0.066990
1878.148981   14.132690   0.118870
1878.158293   14.226890   0.106450
1878.167692   14.109910   0.062420
1878.177309   14.093050   0.056160
1878.186872   14.105970   0.074890
1878.196273   14.087010   0.071860
1878.206054   14.110030   0.087470
1878.215833   14.092300   0.093420
1878.225557   14.130430   0.102780
1878.235117   14.101650   0.076900
1878.244657   14.138290   0.078340
1878.254352   14.129180   0.083930
1878.263984   14.075140   0.098170
1878.273770   14.034010   0.096180
1878.283405   14.132980   0.106650
1878.293079   14.100890   0.100030
1878.302887   14.099990   0.127540
1878.312752   14.058180   0.109230
1878.322431   14.072390   0.124060
1878.331957   14.061260   0.074100
1878.342126   14.178400   0.102870
1878.351898   14.098520   0.108240
1878.361666   14.155210   0.095700
1878.371492   14.202820   0.112350
1878.381052   14.124950   0.117790
1878.390611   14.119680   0.093340
1878.400035   14.206520   0.120590
1878.409523   14.161640   0.109410
1878.419250   14.192370   0.128350
1878.427139   14.161100   0.130320
1878.434256   14.219240   0.099110
1878.439733   14.165670   0.102690
1878.444205   14.166030   0.102180
1878.448555   14.092220   0.093400
1878.452064   14.025060   0.114770
1878.454721   14.091400   0.123120
1878.457364   14.072140   0.118250
1878.459093   14.082410   0.117390
1878.460943   14.109890   0.113490
1878.463071   14.144280   0.172780
1878.523903   14.148250   0.129460
1878.533380   14.044010   0.119800
1878.542754   14.052700   0.117900
1878.552399   14.038410   0.101100
1878.907115   14.063590   0.103680
1878.917827   14.137780   0.128810
1878.928636   14.102330   0.124460
1878.939490   14.037250   0.109410
1878.950209   14.006370   0.081480
1878.960985   14.098440   0.080910
1878.971663   14.086790   0.075470
1878.982256   13.988480   0.071980
1878.992862   14.071870   0.072050
1879.003349   14.078590   0.083140
1879.014056   14.081140   0.080600
1879.024781   14.112800   0.079860
1879.035403   14.066380   0.089660
1879.046338   14.033070   0.090800
1879.056998   14.062620   0.093440
1879.067120   14.059670   0.088280
1879.077625   14.034780   0.097190
1879.087804   14.028830   0.088430
1879.097718   14.115990   0.106910
1879.108265   14.050010   0.114610
1879.118677   14.023330   0.115770
1879.128946   14.116810   0.103450
1879.138951   14.108480   0.113180
1879.148948   14.111320   0.124640
1879.158829   13.984530   0.103620
1879.168681   14.096860   0.130570
1879.178500   13.914380   0.069700
1879.208980   14.049170   0.110390
1879.229198   14.114480   0.081600
1879.259988   14.023700   0.103770
1879.270136   14.081470   0.125660
1879.279998   14.013610   0.105790
1879.290256   14.029140   0.129200
1879.300244   14.139120   0.110030
1879.310681   14.132940   0.107240
1879.321132   14.216030   0.130810
1879.331398   14.096330   0.130620
1879.341712   14.077460   0.102970
1879.352168   14.123170   0.105230
1879.372505   14.145700   0.106220
1879.383093   14.020540   0.074200
1879.392989   13.991070   0.073100
1879.914664   14.166170   0.110690
1879.924232   14.173470   0.089170
1879.933937   14.160030   0.071090
1879.943742   14.083850   0.064780
1879.953255   14.109040   0.053430
1879.962965   14.086150   0.047870
1879.972299   14.100340   0.049860
1879.982133   14.123590   0.052080
1879.991480   14.083450   0.056710
1880.001350   14.116240   0.056150
1880.010995   14.146080   0.066820
1880.020489   14.088590   0.066990
1880.030167   14.143920   0.068140
1880.040004   14.126300   0.063450
1880.050020   14.094940   0.065650
1880.059700   14.092390   0.066290
1880.069635   14.046800   0.064770
1880.079469   14.144980   0.074440
1880.089000   14.093400   0.068870
1880.098524   14.120110   0.074440
1880.108072   14.101710   0.075200
1880.117530   14.112290   0.067090
1880.127140   14.028070   0.068660
1880.200091   14.161070   0.082820
1880.209735   14.119030   0.087480
1880.219431   14.132830   0.081420
1880.229324   14.051730   0.072640
1880.238989   14.034580   0.075380
1880.248836   14.071310   0.066880
1880.258298   14.046880   0.074430
1880.267686   14.072670   0.077700
1880.277275   14.047040   0.081160
1880.286928   14.023070   0.088990
1880.306613   14.145130   0.079990
1880.369120   14.081940   0.073730
1880.967707   14.208090   0.092010
1880.977730   14.118960   0.087680
1880.987626   14.068090   0.068230
1880.997175   14.112550   0.061560
1881.007352   14.103090   0.068450
1881.017262   14.080640   0.066500
1881.027023   14.085600   0.075520
1881.036583   14.075590   0.072890
1881.046307   14.058270   0.073330
1881.055914   14.190020   0.087600
1881.065565   14.088390   0.079240
1881.075352   14.115460   0.088400
1881.085120   14.134050   0.081500
1881.094964   14.117390   0.079480
1881.104801   14.101820   0.062520
1881.114937   14.145570   0.099340
1881.124474   14.118310   0.084360
1881.134326   14.106510   0.090300
1881.143810   14.144010   0.067860
1881.153419   14.087020   0.089860
1881.163015   14.071410   0.079450
1881.171357   14.103170   0.063580
1881.180981   14.139210   0.071620
1881.190627   14.080860   0.058990
1881.200550   14.070420   0.061740
1881.210473   14.108310   0.069000
1881.220305   14.108980   0.075050
1881.230199   14.094110   0.066270
1881.239668   14.075620   0.074280
1881.249328   14.065940   0.070310
1881.258917   14.085660   0.073790
1881.268352   14.160540   0.078040
1881.278189   14.105730   0.076110
1881.288137   14.088110   0.075970
1881.297680   14.078280   0.075670
1881.307337   14.098140   0.080550
1881.317394   14.051410   0.082960
1881.327336   14.049530   0.085070
1881.337373   14.095850   0.085520
1881.347129   14.074610   0.081760
1881.357110   14.039950   0.089760
1881.366722   14.085250   0.089060
1881.376276   14.091580   0.083280
1881.386104   14.077220   0.099200
1881.395996   14.050270   0.098290
1881.405772   14.054680   0.112030
1881.414838   14.037710   0.101860
1881.422098   14.133720   0.111730
1881.428287   14.037010   0.100240
1881.433496   14.073520   0.106140
1881.437835   14.057600   0.104720
1881.441542   14.085620   0.117850
1881.445078   14.101020   0.112260
1881.447777   14.084360   0.113910
1881.449541   14.054820   0.115650
1881.451276   14.045220   0.115300
1881.453055   14.119160   0.117510
1881.455245   13.998020   0.152470
1881.512259   14.004570   0.111920
1881.522032   14.079950   0.127780
1881.531584   14.127120   0.128690
1881.541053   14.060000   0.122650
1881.550943   14.047040   0.121510
1881.560601   14.093300   0.132010
1881.570473   14.062410   0.125290
1881.580253   14.037860   0.075000
1881.589784   14.068720   0.107910
1881.609472   14.000490   0.071900
1881.864967   13.951580   0.078800
1881.874874   14.101260   0.129160
1881.884546   14.094240   0.108670
1881.894462   14.130580   0.094550
1881.904494   14.157520   0.083260
1881.914271   14.154880   0.074470
1881.923884   14.076440   0.073800
1881.933466   14.050780   0.068380
1881.943231   14.153100   0.074430
1881.952875   14.130510   0.098720
1881.962633   14.115990   0.105550
1881.972149   14.126840   0.109350
1881.982098   14.117570   0.118210
1882.021627   14.174920   0.132920
1882.041171   13.981230   0.070900
1882.051198   14.097790   0.127500
1882.060871   14.196760   0.072800
1882.080330   14.050680   0.098390
1882.121972   13.827240   0.067600
1882.131558   14.090990   0.117460
1882.150540   14.134240   0.103620
1882.160119   14.076910   0.101260
1882.169499   14.029590   0.071700
1882.179008   14.025840   0.100410
1883.093660   14.077790   0.100130
1883.112818   14.160330   0.104890
1883.122237   14.114180   0.116430
1883.131900   14.091490   0.098850
1883.141295   14.103080   0.111400
1883.150882   14.075920   0.116220
1883.160374   14.124990   0.125280
1883.169871   14.117130   0.103600
1883.179271   14.156920   0.098390
1883.188727   14.053820   0.095780
1883.198404   14.141130   0.129850
1883.207904   14.131880   0.122100
1883.217549   14.111750   0.122430
1883.227050   14.121650   0.069200
1883.236210   13.977810   0.072300
1883.245791   14.151140   0.105980
1884.099534   14.124040   0.048630
1884.109140   14.096260   0.046550
1884.118686   14.061980   0.055550
1884.128292   14.089780   0.074200
1884.137551   14.087280   0.050920
1884.147279   14.097560   0.064150
1884.156774   14.142910   0.061210
1884.166197   14.101210   0.078770
1884.175960   14.099130   0.082650
1884.185414   14.127430   0.074130
1884.194977   14.116800   0.056610
1884.204574   14.093340   0.065610
1884.214174   14.092420   0.057340
1884.223839   14.109250   0.071510
1884.233272   14.137250   0.098010
1884.242628   14.100480   0.049270
1884.252195   14.079930   0.046840
1884.261682   14.099560   0.052770
1884.271201   14.073000   0.050820
1884.280876   14.067250   0.054860
1884.290846   14.096500   0.059370
1884.300573   14.075410   0.066670
1884.310420   14.192760   0.108970
1884.320206   14.113190   0.065110
1884.330156   14.092460   0.066350
1884.340081   14.106700   0.082180
1884.350052   14.089850   0.075070
1884.360119   14.065700   0.060380
1884.370060   14.106240   0.062630
1884.379738   14.098490   0.069140
1884.389528   14.059890   0.053700
1884.399065   14.066270   0.060780
1884.406881   14.057430   0.065650
1884.413865   14.087320   0.077260
1884.420368   14.112540   0.091660
1884.425635   14.051050   0.059300
1884.430150   14.056280   0.051330
1884.433678   14.089960   0.063580
1884.437202   14.067980   0.059190
1884.439908   14.107670   0.063520
1884.441669   14.095480   0.063610
1884.443407   14.075240   0.058280
1884.445186   14.082970   0.060760
1884.446926   14.108810   0.085930
1884.503638   14.119840   0.052340
1884.513187   14.113680   0.065990
1884.522993   14.075010   0.053000
1884.532900   14.075220   0.049160
1884.542819   14.096850   0.065990
1884.552706   14.034420   0.070390
1884.562458   14.096750   0.046450
1884.572213   14.102270   0.060070
1884.581820   14.116250   0.050090
1884.591479   14.051450   0.065780
1884.600983   14.097370   0.054890
1884.610820   14.094030   0.049660
1884.887038   14.001330   0.105270
1884.906195   14.070280   0.074300
1884.925661   14.227420   0.103870
1885.003341   14.062640   0.128010
1885.278794   14.135830   0.118140
1885.298321   14.109920   0.070500
1886.072366   14.070730   0.042180
1886.082057   14.105670   0.046910
1886.091456   14.114090   0.048950
1886.101064   14.071820   0.052870
1886.110701   14.115530   0.049900
1886.120214   14.112570   0.048640
1886.129544   14.099830   0.051010
1886.138882   14.058140   0.055790
1886.148233   14.063810   0.052270
1886.157943   14.090190   0.054990
1886.167550   14.129850   0.069800
1886.177101   14.082520   0.059920
1886.186997   14.095450   0.064720
1886.196609   14.130140   0.075030
1886.206153   14.140330   0.071890
1886.215757   14.140970   0.091540
1886.225422   14.090780   0.118970
1886.234829   14.080570   0.114910
1886.244630   14.123100   0.121100
1886.254426   14.093140   0.079220
1886.263771   14.044900   0.065130
1886.273578   14.026540   0.113730
1886.283270   14.080070   0.067630
1886.293134   14.106620   0.068390
1886.303115   14.024970   0.082800
1886.312914   14.122470   0.071830
1886.322818   14.075800   0.077710
1886.332859   14.075040   0.074070
1886.342543   14.101960   0.074530
1886.352534   14.135160   0.075080
1886.362281   14.045620   0.083510
1886.372003   14.043870   0.081150
1886.381496   14.114230   0.093400
1886.391198   14.098220   0.094940
1886.399994   14.079300   0.093700
1886.408171   14.168460   0.102530
1886.414440   14.138940   0.101750
1886.419581   14.114640   0.121450
1886.423873   14.194340   0.117580
1886.427459   14.073820   0.110590
1886.431086   14.111620   0.106370
1886.433748   14.144560   0.119650
1886.435540   14.159880   0.073900
1886.437293   14.032880   0.108120
1886.439058   14.052900   0.120280
