1863.169882   13.024420   0.029850
1863.179028   13.022440   0.032910
1863.188111   13.002820   0.037640
1863.197263   13.017770   0.034640
1863.206453   13.005190   0.033140
1863.215516   12.989510   0.039090
1863.224486   13.021040   0.038430
1863.233708   13.010870   0.040070
1863.243026   13.023240   0.040890
1863.252052   13.002880   0.039050
1863.260978   13.007340   0.035460
1863.270074   13.014190   0.040680
1863.279229   13.023790   0.035620
1863.288341   13.034450   0.034350
1863.297662   13.019800   0.032450
1863.306748   13.013150   0.036490
1863.315898   13.021660   0.037540
1863.325261   13.033680   0.036660
1863.334632   13.021370   0.038690
1863.344416   12.996660   0.036370
1863.353962   13.029630   0.036380
1863.363511   13.018540   0.032160
1863.372640   13.033760   0.030260
1863.381795   13.015600   0.030710
1863.391577   13.015070   0.032270
1863.400670   12.996650   0.033310
1863.410157   13.002220   0.034070
1863.419415   13.019810   0.035420
1863.428728   13.024300   0.037700
1863.438171   13.034610   0.038970
1863.447725   13.025510   0.041340
1863.457038   13.018500   0.048350
1863.464667   13.024720   0.056930
1863.471563   13.002170   0.058920
1863.477686   13.042840   0.053990
1863.482900   12.997340   0.057160
1863.487037   13.014310   0.061040
1863.490505   13.012740   0.060480
1863.494064   12.980570   0.053210
1863.496621   12.994510   0.060110
1863.498272   13.009020   0.056990
1863.500087   12.985270   0.061440
1863.501889   12.988730   0.064790
1863.503937   13.005160   0.083560
1864.122118   13.012230   0.024770
1864.131216   12.999590   0.032480
1864.140349   13.011520   0.028820
1864.149328   13.019160   0.028700
1864.158727   13.022110   0.027600
1864.168077   13.012220   0.035440
1864.177441   13.043150   0.033150
1864.186471   13.013810   0.025980
1864.195786   13.028680   0.033490
1864.204761   13.011490   0.029570
1864.213956   13.023770   0.028230
1864.223275   13.006850   0.027020
1864.232312   13.017880   0.032980
1864.241734   13.010030   0.032280
1864.250994   13.006190   0.028870
1864.260292   13.006150   0.033200
1864.269452   13.026330   0.029690
1864.278712   12.997470   0.034430
1864.288040   13.006560   0.034360
1864.297228   13.012040   0.033210
1864.306786   12.983650   0.033610
1864.315982   12.985980   0.035350
1864.325240   13.001330   0.034130
1864.334830   13.016320   0.033320
1864.344223   13.018430   0.044230
1864.353629   13.003250   0.043330
1864.362884   13.018850   0.050440
1864.372284   13.002680   0.054910
1864.381718   12.998350   0.049360
1864.391386   13.023770   0.040650
1864.401175   13.028550   0.052000
1864.410777   13.028030   0.048860
1864.420158   13.028320   0.046480
1864.429378   13.036690   0.051510
1864.438639   13.011800   0.057810
1864.448098   13.049090   0.070730
1864.457409   13.025880   0.073190
1864.465120   13.014040   0.068340
1864.472313   12.960930   0.075040
1864.477494   13.045840   0.097520
1864.482643   12.907120   0.109490
1864.489570   13.127780   0.107910
1864.492216   13.028890   0.108800
1864.494776   12.985560   0.111990
1864.496480   13.015030   0.117890
1864.498365   13.014780   0.116400
1864.500091   13.066710   0.119440
1864.501760   13.126450   0.121710
1865.081649   13.011720   0.040090
1865.090914   12.996260   0.040660
1865.103000   13.030710   0.036380
1865.112265   13.034560   0.036210
1865.121493   13.045510   0.044020
1865.180915   13.010440   0.025520
1865.189934   13.011450   0.020260
1865.199137   13.012330   0.025290
1865.208040   13.014620   0.020210
1865.217207   12.999720   0.030090
1865.226382   13.029670   0.029980
1865.235932   13.019620   0.031940
1865.245886   13.006650   0.031770
1865.255783   13.030510   0.032360
1865.265750   13.004040   0.041360
1865.275774   12.997810   0.036330
1865.285892   13.015680   0.031240
1865.295973   13.020650   0.035660
1865.306185   13.033150   0.034890
1865.316145   13.003360   0.033270
1865.326150   13.041320   0.037100
1865.336276   13.034940   0.044070
1865.346577   12.997260   0.038740
1865.356675   13.029580   0.039350
1865.366659   12.981990   0.044350
1865.376904   12.983850   0.040730
1865.387088   13.053320   0.041340
1865.397153   13.041890   0.043940
1865.407149   13.020170   0.043030
1865.417333   13.019850   0.041440
1865.427630   13.018290   0.041140
1865.437669   12.995080   0.043030
1865.448171   12.985710   0.052930
1865.457324   13.024570   0.061680
1865.465615   13.038050   0.067990
1865.471988   12.967150   0.079770
1865.477591   13.027520   0.090920
1865.482335   13.033800   0.072900
1865.486159   13.044180   0.094130
1865.489785   13.030150   0.074220
1865.492667   13.026980   0.074060
1865.494427   13.010930   0.070760
1865.496283   13.007780   0.062220
1865.498551   13.011740   0.108310
1866.165339   13.028700   0.022460
1866.174723   13.025430   0.022290
1866.184057   13.027750   0.022750
1866.193410   13.024570   0.023150
1866.202706   13.007330   0.024310
1866.212035   13.010590   0.024770
1866.221409   13.025250   0.025120
1866.230791   13.020010   0.024650
1866.240551   13.028130   0.024480
1866.250004   13.022190   0.024190
1866.259354   12.999650   0.024710
1867.193045   13.018040   0.016690
1867.202355   13.011680   0.017260
1867.211516   13.015050   0.017380
1867.220585   13.006740   0.018420
1867.230131   13.008470   0.018710
1867.239707   13.004680   0.018360
1867.249230   13.006540   0.018190
1867.258785   13.021370   0.018590
1867.268385   13.016700   0.019120
1867.277702   13.021550   0.019400
1867.287153   13.021800   0.019690
1867.296854   13.009660   0.020510
1867.306121   13.017560   0.020260
1867.315500   13.004120   0.020380
1867.325094   13.007160   0.021310
1867.334502   13.018200   0.022110
1867.344482   13.028860   0.022810
1867.354030   13.005370   0.022750
1867.363492   13.014160   0.026100
1867.372735   13.013050   0.023800
1867.382212   13.017650   0.024190
1867.391671   12.998200   0.026100
1867.401392   13.019780   0.024940
1867.410805   13.008650   0.025180
1867.420288   13.031330   0.030780
1867.429722   13.030000   0.033110
1867.439192   13.004090   0.029520
1867.448574   12.980810   0.034450
1867.456168   13.014150   0.029330
1867.463320   13.037990   0.030370
1867.469421   13.015580   0.030490
1867.473939   13.019410   0.025230
1867.478291   13.016620   0.023670
1867.481655   13.018630   0.023900
1867.484335   13.008600   0.026220
1867.486951   13.009720   0.025350
1867.488639   13.000830   0.026210
1867.490315   13.011950   0.027900
1867.492002   13.009890   0.026210
1867.493724   13.037850   0.025690
1868.197661   13.023980   0.029850
1868.207123   13.035260   0.030550
1868.216495   13.028030   0.042060
1868.225986   13.005700   0.036150
1868.235811   13.003460   0.043460
1868.245580   13.007090   0.038350
1868.255259   13.015100   0.040530
1868.264815   13.006310   0.041280
1868.274279   13.018600   0.046450
1868.283929   13.020840   0.041070
1868.293537   12.986070   0.062890
1868.303104   13.021790   0.071620
1868.312574   13.028110   0.069470
1868.322548   13.028700   0.050970
1868.332083   13.013460   0.045270
1868.341800   13.010760   0.049550
1868.351466   13.028580   0.062480
1868.360837   13.023960   0.062050
1868.370659   13.053730   0.060160
1868.380417   12.999000   0.059260
1868.390367   13.027520   0.054870
1868.399668   13.002340   0.056650
1868.419023   13.005890   0.055400
1868.428372   13.032340   0.055090
1868.437691   13.003710   0.058020
1868.446987   13.020230   0.054920
1868.454949   13.027200   0.060890
1868.461066   13.010800   0.059040
1868.467151   12.997610   0.061410
1868.471440   13.021590   0.066730
1868.475710   13.034230   0.069470
1868.479187   13.041180   0.075030
1868.481793   13.031650   0.071090
1868.484421   13.005160   0.070150
1868.486154   13.048410   0.065790
1868.487874   13.013090   0.069540
1868.489584   12.988890   0.065480
1868.491280   13.049810   0.077980
1868.552972   13.071730   0.122190
1868.562396   13.067860   0.109930
1869.239644   12.999440   0.087050
1869.249027   13.009700   0.090660
1869.258676   13.026450   0.101530
1869.268460   12.949120   0.116070
1869.278315   13.003430   0.098030
1869.287800   12.995840   0.123530
1869.297468   13.058570   0.102150
1869.307040   12.918920   0.076300
1870.219778   12.998600   0.020330
1870.229270   13.012740   0.021020
1870.238762   13.019190   0.022750
1870.248135   13.008680   0.021820
1870.257691   13.013210   0.025410
1870.267266   13.002370   0.023380
1870.276950   13.011600   0.023960
1870.286498   13.006800   0.024480
1870.295849   13.030540   0.023270
1870.305565   13.020170   0.024020
1870.315197   13.024200   0.027020
1870.325274   13.010280   0.027970
1870.335174   13.006810   0.026100
1870.344892   13.019840   0.027540
1870.354573   12.998590   0.031520
1870.364104   13.004280   0.044110
1870.373603   12.984510   0.041210
1870.383600   13.012530   0.045110
1870.393243   13.024900   0.061620
1870.402820   13.007520   0.081540
1870.412418   12.989090   0.073580
1870.421719   13.005060   0.070310
1870.431056   13.013580   0.073930
1870.440608   13.046120   0.064130
1870.448993   13.051630   0.056860
1870.456179   13.018010   0.053490
1870.461756   13.049090   0.065830
1870.466593   12.953130   0.077560
1870.470290   13.057800   0.068890
1870.474034   13.013520   0.079520
1870.476825   13.005890   0.086000
1870.478569   13.020090   0.073720
1870.480341   13.017210   0.075550
1870.482097   12.989790   0.079200
1870.483838   13.054380   0.086340
1870.485602   13.007800   0.079940
1871.136689   13.016000   0.024950
1871.146179   13.012420   0.022800
1871.155384   13.008890   0.022810
1871.164955   13.022470   0.025750
1871.174269   13.014120   0.024650
1871.183469   12.978950   0.026910
1871.192872   13.003850   0.024940
1871.202392   13.000910   0.026860
1871.211865   13.007800   0.032700
1871.221273   13.001960   0.032110
1871.230922   12.990290   0.026980
1871.240394   13.004770   0.026680
1871.250018   13.016310   0.028410
1871.259511   13.042160   0.028010
1871.269122   12.995670   0.027310
1871.278903   13.020380   0.026790
1871.288648   13.009780   0.028300
1871.298226   13.024280   0.028560
1871.307789   13.024970   0.030550
1871.317562   13.018320   0.031120
1871.327342   13.025570   0.032120
1871.337079   13.025330   0.034470
1871.346725   13.031330   0.036090
1871.356495   13.026030   0.034540
1871.366277   13.027040   0.037370
1871.375944   13.040350   0.039000
1871.385808   13.009770   0.041610
1871.395399   13.016970   0.045400
1871.404882   13.035290   0.051420
1871.414342   13.002350   0.047960
1871.423744   13.029940   0.049520
1871.433495   12.990630   0.047360
1871.442405   13.024640   0.046300
1871.449670   13.025130   0.048390
1871.455742   13.019390   0.047700
1871.461191   13.017190   0.051610
1871.465968   13.022420   0.047810
1871.469461   13.029060   0.048470
1871.472994   13.037040   0.047810
1871.476070   13.000010   0.044930
1871.477819   13.036680   0.047940
1871.479709   12.999520   0.045270
1871.481438   13.002320   0.048570
1871.550420   13.000450   0.049080
1871.559908   13.015670   0.051100
1871.569340   13.008940   0.053000
1871.578835   12.975710   0.055090
1871.588334   12.975260   0.060980
1871.597765   13.013510   0.077770
1871.607264   13.071770   0.084810
1871.616819   13.076340   0.113920
1871.626324   12.958500   0.128830
1872.324463   13.015480   0.026850
1872.334315   12.995270   0.028470
1872.344041   13.035240   0.028710
1872.353623   13.005900   0.027960
1872.363427   13.006440   0.027020
1872.373279   13.006240   0.027310
1872.383099   13.002330   0.027480
1872.392766   13.006870   0.026730
1872.402203   13.015360   0.027480
1872.412032   13.014270   0.029910
1872.421585   12.998160   0.029510
1872.431130   13.024340   0.032100
1872.439874   13.006640   0.031290
1872.447517   13.014950   0.031820
1872.454162   13.007230   0.032510
1872.459603   13.031300   0.035330
1872.463903   13.025900   0.036670
1872.467716   13.039860   0.035560
1872.470496   13.012140   0.035510
1872.473152   13.004570   0.035740
1872.474857   13.016440   0.036160
1872.476617   12.982680   0.035390
1872.478370   12.996540   0.035680
1872.480228   13.033260   0.037580
1872.541663   13.020840   0.045270
1872.550845   13.013670   0.047010
1872.560270   13.018440   0.047630
1872.569828   12.990400   0.049910
1872.579400   12.995190   0.052480
1872.588943   13.004000   0.060540
1872.598488   13.037030   0.064630
1872.608116   12.978310   0.074030
1872.617527   12.990370   0.085850
1872.627101   12.956690   0.099210
1873.229437   13.006400   0.030200
1873.238826   13.027670   0.031870
1873.248403   13.017320   0.031760
1873.258009   13.007720   0.031010
1873.267456   13.020580   0.033320
1873.276959   13.027600   0.032740
1873.286788   13.009590   0.034480
1873.296275   13.041620   0.035560
1873.305896   13.036380   0.038750
1873.315548   13.016540   0.038030
1873.325684   12.996510   0.041120
1873.335346   13.044150   0.043920
1873.344943   13.023950   0.045730
1873.354842   13.003960   0.040830
1873.364691   13.014490   0.046950
1873.374458   12.993830   0.042350
1873.383960   13.037760   0.039000
1873.393856   13.007770   0.043080
1873.403606   13.011600   0.043880
1873.413210   13.024040   0.047240
1873.422938   12.981870   0.050070
1873.432622   13.010640   0.043750
1873.441010   13.022470   0.040310
1873.447044   13.003580   0.037930
1873.453044   12.986810   0.038510
1873.457630   13.004760   0.038700
1873.462090   13.013130   0.040500
1873.465548   12.989230   0.040300
1873.468261   12.994370   0.040650
1873.470892   13.042540   0.044050
1873.472722   13.009960   0.040700
1873.474437   13.004100   0.041850
1873.476606   12.996470   0.059590
1873.548852   13.043530   0.102490
1873.558313   13.102350   0.111460
1873.567696   13.013030   0.096900
1873.577180   13.012020   0.112370
1873.586745   13.005110   0.089380
1873.596227   13.018640   0.114930
1873.605773   13.068660   0.129620
1873.615321   13.061720   0.114130
1873.624816   13.066380   0.117770
1874.032527   13.001980   0.020900
1874.041923   12.996870   0.021540
1874.051714   13.026280   0.021770
1874.061193   13.025070   0.021420
1874.070741   13.001700   0.022980
1874.080230   13.005390   0.022520
1874.089638   13.015240   0.022700
1874.098984   12.996540   0.023520
1874.108441   13.015260   0.022520
1874.117749   13.042600   0.024080
1874.127103   13.028510   0.024770
1874.136654   12.990770   0.024310
1874.145982   13.022770   0.025290
1874.155173   13.001590   0.027600
1874.164605   13.011200   0.028930
1874.174153   13.039490   0.035990
1874.183645   13.001770   0.045460
1874.193053   13.103030   0.064070
1874.202515   12.962760   0.062460
1874.212179   13.026990   0.071000
1874.222051   13.031440   0.060260
1874.593715   13.013750   0.111320
1874.603390   12.984590   0.097260
1874.613039   13.019860   0.125160
1876.992585   13.012430   0.022290
1877.002277   13.003050   0.022860
1877.012009   13.020720   0.023970
1877.021623   12.996140   0.023440
1877.031340   13.012850   0.027230
1877.041094   13.015550   0.025000
1877.050632   13.017210   0.022120
1877.060512   13.029240   0.023210
1877.070280   13.008840   0.023800
1877.080037   13.001000   0.024830
1877.089835   13.038640   0.024320
1877.099542   13.037240   0.024550
1877.109324   13.016050   0.031180
1877.119234   13.017120   0.030020
1877.128562   13.020240   0.027640
1877.137988   13.017310   0.025520
1877.147449   13.047130   0.033100
1877.157081   13.005840   0.030730
1877.166514   13.003830   0.028880
1877.175811   13.008440   0.027110
1877.185180   13.015510   0.029470
1877.194638   13.040330   0.028060
1877.204359   13.009790   0.026910
1877.213829   13.037140   0.025870
1877.223290   13.010560   0.027310
1877.232928   13.022110   0.025930
1877.242583   13.026610   0.029950
1877.252102   13.004460   0.031350
1877.261424   13.027630   0.030730
1877.271317   13.012020   0.028070
1877.280810   13.003350   0.025460
1877.290913   13.003700   0.028880
1877.300784   13.017800   0.034240
1877.310552   12.994650   0.028820
1877.320329   12.977360   0.034350
1877.330019   13.027420   0.028190
1877.339609   12.994690   0.025460
1877.349339   13.034250   0.029040
1877.359563   13.023100   0.026690
1877.369289   13.025210   0.030010
1877.379166   12.991390   0.029000
1877.389199   12.978990   0.033090
1877.398748   12.987580   0.037100
1877.408188   12.983930   0.035240
1877.417610   13.005470   0.032540
1877.426444   12.990940   0.028750
1877.433416   13.021370   0.031060
1877.439426   13.001160   0.036320
1877.444578   12.983360   0.032800
1877.449101   13.006070   0.030090
1877.452622   13.038030   0.036100
1877.456119   13.017530   0.031990
1877.458826   13.021630   0.030950
1877.460660   12.996450   0.031300
1877.462441   13.025590   0.031870
1877.464144   13.013690   0.031640
1877.465872   13.016340   0.032790
1877.528546   13.023340   0.039030
1877.538164   13.018300   0.040940
1877.547759   13.015800   0.043840
1877.557433   12.992880   0.044520
1877.566991   13.014510   0.044290
1877.956588   13.041690   0.036850
1877.966360   13.019860   0.031890
1877.975795   13.033470   0.025460
1877.985575   13.018440   0.022580
1877.995071   13.020190   0.021130
1878.004964   13.016810   0.021130
1878.014335   12.996270   0.022520
1878.023915   13.016710   0.018810
1878.033403   13.032760   0.021130
1878.042881   13.023110   0.020730
1878.052477   13.006050   0.023150
1878.062202   13.020110   0.022690
1878.072038   13.014900   0.023270
1878.081838   13.021750   0.024190
1878.091595   13.005310   0.022580
1878.101204   13.012230   0.023040
1878.111056   13.014510   0.024150
1878.120475   13.014830   0.024020
1878.129972   13.042010   0.026960
1878.139452   13.024710   0.030250
1878.148981   13.013410   0.048630
1878.158293   13.011300   0.044730
1878.167692   13.011350   0.026680
1878.177309   13.015690   0.025870
1878.186872   13.032370   0.032910
1878.196273   12.993370   0.031770
1878.206054   13.018730   0.037070
1878.215833   13.016060   0.040100
1878.225557   13.021500   0.039900
1878.235117   13.035670   0.033550
1878.244657   13.036640   0.034070
1878.254352   13.015840   0.036810
1878.263984   13.002230   0.039680
1878.273770   13.044310   0.041520
1878.283405   13.008620   0.041740
1878.293079   13.026280   0.042260
1878.302887   12.975950   0.054940
1878.312828   13.033980   0.054950
1878.322431   13.050500   0.053880
1878.332111   13.040950   0.057140
1878.342126   13.061640   0.041260
1878.351898   13.011360   0.043650
1878.361666   13.055040   0.044060
1878.371492   13.016700   0.043500
1878.381052   13.004660   0.047220
1878.390611   12.986650   0.038580
1878.400035   13.013990   0.043470
1878.409523   13.019780   0.043150
1878.419250   13.021240   0.049510
1878.427139   12.957990   0.050190
1878.434256   13.003000   0.043270
1878.439734   13.024670   0.051240
1878.444205   13.015420   0.038270
1878.448555   13.041040   0.040600
1878.452064   13.014730   0.050650
1878.457364   13.023410   0.047430
1878.459093   13.034490   0.046030
1878.460943   13.013670   0.047590
1878.463071   13.027430   0.070010
1878.523903   13.005500   0.051270
1878.533380   13.002720   0.049250
1878.542754   13.071960   0.049320
1878.552323   12.998530   0.054360
1878.561961   12.995240   0.058670
1878.571685   12.998610   0.086360
1878.581234   13.017060   0.086840
1878.590773   13.002560   0.082070
1878.600390   12.952770   0.106870
1878.885725   13.031990   0.063400
1878.896259   13.029960   0.057410
1878.907039   13.023100   0.049830
1878.917827   12.999310   0.049210
1878.928636   13.020060   0.049610
1878.939490   13.024220   0.041700
1878.950209   13.041720   0.035630
1878.960985   13.013290   0.033610
1878.971663   13.012510   0.030600
1878.982256   13.010880   0.032110
1878.992862   13.013250   0.029970
1879.003349   13.021320   0.033320
1879.014056   13.019020   0.032930
1879.024781   13.008710   0.032740
1879.035403   13.019010   0.036660
1879.046338   13.015990   0.036620
1879.056998   13.003050   0.038120
1879.067120   13.018700   0.038970
1879.077625   13.009730   0.038340
1879.087804   12.990980   0.038400
1879.097718   13.036390   0.045080
1879.108265   12.997090   0.046020
1879.118677   13.012780   0.048160
1879.128946   13.022510   0.044270
1879.138951   13.003480   0.047160
1879.148948   13.054170   0.052720
1879.158753   13.015550   0.056310
1879.168681   13.005220   0.053180
1879.178653   12.986560   0.059940
1879.188532   12.986700   0.059470
1879.198658   12.999190   0.058300
1879.208980   12.967190   0.062000
1879.219105   12.994830   0.060140
1879.229198   12.994020   0.060470
1879.239692   13.010990   0.065990
1879.249885   13.043600   0.063370
1879.259988   13.017700   0.060190
1879.270136   13.039290   0.054050
1879.279998   13.041550   0.046360
1879.290256   12.976390   0.055490
1879.300321   13.051610   0.055600
1879.310604   13.069960   0.054740
1879.321132   13.047630   0.054790
1879.331398   13.034080   0.056440
1879.341711   13.031000   0.054870
1879.352168   13.022490   0.057370
1879.362239   13.017480   0.057390
1879.372581   13.012920   0.059330
1879.383093   13.010100   0.033100
1879.393142   13.019090   0.063650
1879.403333   13.007050   0.060910
1879.413718   12.970800   0.062200
1879.422210   13.004160   0.064760
1879.430290   12.975720   0.063830
1879.436891   13.021310   0.066310
1879.441492   12.998760   0.070710
1879.445571   13.038440   0.070180
1879.449457   13.032130   0.073820
1879.452342   12.992700   0.062660
1879.454194   12.946800   0.069940
1879.456055   12.999070   0.056320
1879.457932   13.007250   0.074040
1879.460282   13.010170   0.110180
1879.524043   13.015500   0.100050
1879.534146   13.072120   0.098050
1879.544253   12.976090   0.101760
1879.554321   12.976350   0.061500
1879.564508   12.957650   0.101980
1879.574677   13.007070   0.106420
1879.584814   12.994660   0.113230
1879.594935   13.042110   0.117100
1879.605121   13.023530   0.122650
1879.615186   13.066240   0.129390
1879.625273   12.993890   0.107690
1879.885631   13.040140   0.083900
1879.895153   13.021590   0.064780
1879.904711   13.002520   0.049090
1879.914664   13.023470   0.039290
1879.924232   12.997660   0.032630
1879.933937   13.004900   0.029100
1879.943742   13.002550   0.025110
1879.953255   13.018360   0.023380
1879.962965   13.006390   0.021590
1879.972299   13.025870   0.021310
1879.982133   13.038620   0.022340
1879.991480   13.025410   0.023440
1880.001350   13.017900   0.024190
1880.010995   13.010060   0.027600
1880.020489   13.017610   0.026280
1880.030167   13.016800   0.027950
1880.040004   13.032980   0.026230
1880.050020   13.019990   0.026620
1880.059700   13.032190   0.027610
1880.069635   13.028770   0.027900
1880.079469   13.024910   0.030260
1880.089000   13.010590   0.028120
1880.098524   13.017400   0.031120
1880.108072   13.012690   0.033430
1880.117530   13.015260   0.027720
1880.127140   13.022160   0.032110
1880.200091   13.015930   0.033430
1880.209735   12.979020   0.035640
1880.219431   13.014000   0.033460
1880.229324   13.001850   0.030970
1880.238989   12.991100   0.030370
1880.248836   13.021400   0.030140
1880.258298   13.030720   0.030430
1880.267686   13.031530   0.033040
1880.277275   13.017820   0.033610
1880.286928   13.031310   0.039090
1880.306613   13.019700   0.033610
1880.369120   13.044710   0.030210
1880.684731   13.011230   0.092860
1880.693935   13.000170   0.086930
1880.703424   13.034050   0.116920
1880.712965   13.055120   0.096610
1880.967707   12.999220   0.034770
1880.977730   13.008310   0.034770
1880.987626   13.014790   0.028010
1880.997175   13.008890   0.026560
1881.007352   13.019660   0.027710
1881.017262   13.006180   0.028860
1881.027023   13.017500   0.030630
1881.036583   12.985500   0.029470
1881.046307   13.015960   0.030670
1881.055914   12.960360   0.035280
1881.065565   13.022300   0.033900
1881.075352   13.021690   0.035640
1881.085120   13.044920   0.033070
1881.094964   13.008330   0.031600
1881.104801   13.023010   0.027330
1881.114937   13.002310   0.040700
1881.124474   13.019800   0.035020
1881.134326   12.999330   0.037710
1881.143810   13.018280   0.027020
1881.153419   12.986330   0.037960
1881.163015   13.004860   0.032970
1881.171357   13.022910   0.028560
1881.180981   13.023300   0.029860
1881.190627   13.016780   0.024770
1881.200550   13.018980   0.027370
1881.210473   13.016840   0.028980
1881.220305   13.005310   0.030430
1881.230199   13.022580   0.030200
1881.239668   13.034320   0.032000
1881.249328   13.029530   0.030950
1881.258917   13.015820   0.031120
1881.268352   13.027960   0.032270
1881.278189   13.013520   0.032700
1881.288137   13.018320   0.032330
1881.297680   13.013320   0.033260
1881.307337   13.002470   0.033630
1881.317394   13.001230   0.033890
1881.327336   13.027220   0.036150
1881.337373   13.028780   0.036960
1881.347129   13.004530   0.036780
1881.357110   13.023710   0.037010
1881.366722   13.013830   0.038390
1881.376276   13.030070   0.038390
1881.386104   13.018200   0.040300
1881.395996   12.999620   0.040840
1881.405772   13.023490   0.043310
1881.414838   13.039690   0.041920
1881.422098   12.990340   0.042040
1881.428287   12.999580   0.042730
1881.433496   13.021290   0.043600
1881.437835   13.022720   0.042560
1881.441542   13.015790   0.045920
1881.445078   13.007360   0.046030
1881.447777   13.012500   0.045170
1881.449541   13.013780   0.047300
1881.451276   12.986760   0.046970
1881.453055   13.016210   0.046030
1881.455245   13.013600   0.065910
1881.512259   13.016210   0.047000
1881.522032   13.066910   0.051980
1881.531584   13.018880   0.050580
1881.541053   13.024150   0.054200
1881.550943   13.074490   0.054050
1881.560601   13.010590   0.054420
1881.570473   13.059210   0.054330
1881.580253   13.011980   0.061350
1881.589860   13.026520   0.055960
1881.599577   12.997390   0.067620
1881.609472   13.022450   0.058200
1881.619114   12.994940   0.065480
1881.628942   13.010540   0.080460
1881.638590   13.032230   0.074480
1881.648351   12.991490   0.092630
1881.826319   13.031130   0.117340
1881.835921   13.002880   0.073460
1881.845731   13.015030   0.067650
1881.855252   13.020670   0.058050
1881.864967   13.024200   0.052550
1881.874874   13.067920   0.049190
1881.884546   12.991150   0.041820
1881.894462   13.037690   0.037240
1881.904494   13.003660   0.032450
1881.914271   13.035690   0.032220
1881.923884   13.029010   0.032340
1881.933466   13.004460   0.030200
1881.943231   13.022540   0.031360
1881.952875   13.006470   0.040380
1881.962633   13.002690   0.043480
1881.972149   12.995790   0.046890
1881.982098   13.008360   0.050060
1881.992169   12.983460   0.062260
1882.001889   13.049120   0.071420
1882.011594   13.013580   0.069440
1882.021627   12.979440   0.053830
1882.031644   13.054280   0.061590
1882.041324   13.017160   0.055820
1882.051198   13.046160   0.053390
1882.060871   12.994650   0.055730
1882.070527   13.054740   0.106650
1882.080330   12.979650   0.040830
1882.090096   12.995830   0.085570
1882.099492   13.046160   0.106000
1882.109365   13.026610   0.073040
1882.121972   13.036230   0.060350
1882.131558   12.972220   0.047360
1882.141120   13.030380   0.073680
1882.150540   13.004990   0.051660
1882.160119   12.980180   0.053000
1882.169652   13.009190   0.059350
1882.179008   12.957170   0.054300
1882.188466   13.003600   0.060440
1882.198063   13.054280   0.070470
1882.208031   12.975570   0.118290
1882.217722   13.028850   0.103100
1882.227231   13.065560   0.093540
1882.236839   13.017160   0.092170
1882.246327   13.048030   0.120790
1882.256107   13.015090   0.113600
1882.266006   13.048870   0.113030
1882.275585   12.904620   0.096020
1882.285301   13.023060   0.102510
1882.295361   13.030850   0.098340
1882.305067   13.031710   0.117590
1882.325032   13.048590   0.094050
1882.334886   13.034650   0.085460
1882.344919   13.022920   0.099570
1882.354771   13.011500   0.107460
1882.364587   12.995350   0.090900
1882.374737   13.014430   0.089280
1883.093660   12.956820   0.042010
1883.103366   13.017900   0.068850
1883.112818   13.031690   0.041500
1883.122237   13.016650   0.050540
1883.131900   12.997250   0.038920
1883.141295   13.045420   0.045580
1883.150882   13.026390   0.052490
1883.160374   12.999260   0.052140
1883.169871   12.990270   0.057980
1883.179271   13.033230   0.040770
1883.188727   12.999280   0.043800
1883.198404   13.063510   0.049910
1883.207904   12.994240   0.052400
1883.217549   12.997710   0.056790
1883.226897   13.015450   0.057190
1883.236210   13.017910   0.056280
1883.245790   13.003720   0.056300
1883.255334   12.996770   0.058400
1883.265175   12.980240   0.058800
1883.274780   12.972220   0.056270
1883.284849   12.972070   0.077560
1883.294394   12.983610   0.079490
1883.304305   13.042200   0.076670
1883.314080   13.039060   0.090960
1883.323720   13.053670   0.079540
1883.333437   12.994050   0.064220
1883.343435   13.086720   0.075390
1883.353548   13.058470   0.082590
1883.363493   12.999640   0.064440
1883.373027   12.995490   0.065940
1883.382657   13.046980   0.077670
1883.392439   13.016960   0.066880
1883.402040   13.046660   0.067530
1883.410061   13.037940   0.074370
1883.417485   13.003940   0.071710
1883.423677   13.006840   0.064880
1883.428949   12.998760   0.070600
1883.433300   12.963950   0.079000
1883.436812   13.043320   0.070280
1883.440325   12.992490   0.079340
1883.443180   12.983360   0.070010
1883.444926   13.020550   0.079270
1883.446707   13.048410   0.068890
1883.448508   13.010050   0.061160
1883.507335   12.997220   0.073050
1883.517022   13.056210   0.066350
1883.526655   13.023140   0.078540
1883.536232   12.992210   0.090020
1883.545818   12.975910   0.090030
1883.555341   13.089170   0.085230
1883.565051   13.052770   0.091290
1883.574608   12.963530   0.085110
1883.584302   12.997750   0.081160
1883.593915   13.004070   0.071930
1884.099534   13.020050   0.020260
1884.109140   12.999110   0.019740
1884.118686   13.024720   0.024890
1884.128292   13.022410   0.032630
1884.137551   13.017360   0.022730
1884.147279   13.007760   0.025350
1884.156774   13.009790   0.026440
1884.166197   12.991970   0.033430
1884.175960   13.000590   0.031430
1884.185414   13.020590   0.028710
1884.194977   13.022880   0.022920
1884.204574   12.997130   0.025240
1884.214174   12.998590   0.022810
1884.223839   13.009300   0.026870
1884.233272   13.025260   0.036610
1884.242628   13.023170   0.021070
1884.252195   13.018860   0.020380
1884.261682   13.022840   0.020840
1884.271201   13.028920   0.020900
1884.280876   13.029870   0.022690
1884.290846   13.003920   0.024770
1884.300573   12.998640   0.027340
1884.310420   13.013400   0.043900
1884.320206   13.009300   0.025230
1884.330156   13.034680   0.026390
1884.340081   12.974270   0.032930
1884.350052   13.018580   0.031010
1884.360119   13.021980   0.025930
1884.370060   13.019880   0.025980
1884.379738   13.030970   0.028300
1884.389528   13.011350   0.022230
1884.399065   13.012680   0.023440
1884.406881   13.016740   0.026440
1884.413865   13.035600   0.032020
1884.420368   13.024710   0.036040
1884.425635   13.013140   0.024940
1884.430150   13.020870   0.022110
1884.433678   13.038070   0.025170
1884.437202   13.008640   0.024770
1884.439908   13.015480   0.026040
1884.441669   12.990500   0.024950
1884.443407   13.022980   0.024830
1884.445186   13.021230   0.023960
1884.446926   13.000720   0.033190
1884.503638   13.017400   0.022690
1884.513187   13.022960   0.027310
1884.522993   13.015210   0.022630
1884.532900   13.015060   0.020960
1884.542819   13.025500   0.025480
1884.552706   13.004100   0.029790
1884.562458   13.021360   0.019400
1884.572213   13.006760   0.023390
1884.581820   13.004520   0.019920
1884.591479   13.023910   0.025640
1884.600983   13.021980   0.023160
1884.610820   13.015310   0.021590
1884.886961   13.009840   0.050980
1884.896459   13.025540   0.059550
1884.906042   13.015770   0.052570
1884.915643   12.966830   0.068290
1884.925737   13.016760   0.046140
1884.935570   12.981080   0.071110
1884.945448   13.051760   0.052510
1884.954875   13.029890   0.062320
1884.964329   13.006570   0.058170
1884.974229   13.003920   0.068190
1884.983546   12.998630   0.066210
1884.993441   13.039650   0.058370
1885.003341   13.017460   0.053550
1885.013229   13.066540   0.069290
1885.022911   13.027310   0.062340
1885.032502   13.001700   0.076720
1885.042137   13.042870   0.079450
1885.052183   13.022760   0.073910
1885.061957   13.003900   0.085900
1885.071678   13.010020   0.091700
1885.081285   13.037570   0.103930
1885.090973   13.013930   0.090370
1885.100847   13.037900   0.090580
1885.278794   13.050070   0.050160
1885.288696   12.986390   0.067630
1885.298475   13.016310   0.054340
1885.308250   13.015200   0.053840
1885.318087   12.990730   0.054580
1885.328301   12.989370   0.068410
1885.338173   13.037200   0.096040
1885.347960   12.990200   0.083270
1885.357853   13.021190   0.091320
1885.367578   12.980960   0.091220
1885.377344   12.996940   0.099200
1885.386938   12.998410   0.111890
1885.396599   13.003350   0.092520
1885.404395   13.023550   0.083060
1885.411445   13.071410   0.098210
1885.417511   13.012150   0.099780
1885.422892   13.017980   0.101690
1885.427461   12.976050   0.095870
1885.430989   13.032190   0.081450
1885.434637   12.980240   0.089960
1885.437356   13.031050   0.094260
1885.439093   13.014750   0.091660
1885.440855   13.011610   0.092150
1885.442624   13.045440   0.088120
1885.444416   13.018850   0.088900
1885.502228   12.991540   0.094380
1885.511985   13.039420   0.095110
1885.521821   13.012050   0.097670
1885.531512   13.042360   0.095910
1885.541243   13.045320   0.100650
1885.551133   13.099990   0.093650
1885.560860   12.964080   0.080640
1885.570601   12.988060   0.080850
1885.580236   13.047190   0.106370
1885.590133   12.951930   0.071320
1886.072366   13.005170   0.018590
1886.082057   13.012690   0.020090
1886.091456   13.014430   0.021020
1886.101064   13.012720   0.021780
1886.110701   13.018640   0.021070
1886.120214   13.005700   0.021420
1886.129544   13.007010   0.022760
1886.138882   13.019450   0.022860
1886.148233   12.997320   0.022520
1886.157943   13.025150   0.024080
1886.167550   13.026710   0.027450
1886.177101   13.010620   0.026730
1886.186997   13.007430   0.027600
1886.196609   13.012190   0.029970
1886.206153   12.980210   0.032340
1886.215757   13.020130   0.035050
1886.225422   13.038150   0.046080
1886.234829   13.004210   0.045770
1886.244630   13.012680   0.044180
1886.254426   13.025860   0.033730
1886.263771   13.004930   0.027830
1886.273578   12.981810   0.048580
1886.283270   13.017090   0.027270
1886.293134   13.003520   0.027950
1886.303115   13.014300   0.032850
1886.312914   13.026160   0.029450
1886.322818   12.989910   0.030440
1886.332859   13.001510   0.031420
1886.342543   13.012770   0.029620
1886.352534   13.017410   0.030600
1886.362281   13.000780   0.031930
1886.372003   13.026410   0.033900
1886.381496   13.019590   0.034530
1886.391198   12.995840   0.036430
1886.399994   13.010040   0.037360
1886.408171   13.002450   0.038280
1886.414363   13.030390   0.050930
1886.419581   12.979480   0.050170
1886.423873   12.996010   0.045960
1886.427459   13.019580   0.044700
1886.431086   13.008420   0.042620
1886.433748   13.005250   0.049560
1886.435540   13.018580   0.050640
1886.437293   13.037700   0.044520
1886.439058   13.012820   0.044120
1886.441348   13.043490   0.094340
