1863.169882   13.709040   0.058330
1863.179028   13.722480   0.065280
1863.188111   13.773750   0.078230
1863.197263   13.724910   0.069740
1863.206453   13.664240   0.063920
1863.215516   13.691690   0.078700
1863.224486   13.672010   0.074090
1863.233708   13.736100   0.081090
1863.243026   13.741120   0.081370
1863.252052   13.731850   0.080530
1863.260978   13.745380   0.066810
1863.270074   13.732980   0.080170
1863.279229   13.717420   0.075180
1863.288341   13.735070   0.070100
1863.297662   13.738640   0.065430
1863.306748   13.730400   0.076840
1863.315898   13.742370   0.078190
1863.325261   13.740350   0.071900
1863.334632   13.774280   0.073980
1863.344416   13.753740   0.075560
1863.353962   13.753860   0.067960
1863.363511   13.754080   0.060840
1863.372640   13.729000   0.058640
1863.381795   13.712360   0.061170
1863.391577   13.726510   0.063440
1863.400670   13.749090   0.072720
1863.410157   13.730920   0.069360
1863.419415   13.692250   0.071690
1863.428728   13.687030   0.079950
1863.438171   13.737120   0.083170
1863.447725   13.703530   0.085520
1863.457038   13.755390   0.098420
1863.464667   13.693780   0.113750
1863.471563   13.881250   0.124410
1863.477686   13.821400   0.114800
1863.482900   13.709130   0.111610
1863.487037   13.691490   0.112970
1863.490505   13.750420   0.118230
1863.494064   13.684010   0.110010
1863.496621   13.693920   0.115880
1863.498272   13.718260   0.117210
1863.500087   13.700980   0.113630
1863.501889   13.689580   0.116540
1863.503937   13.745190   0.168190
1864.122118   13.721530   0.045590
1864.131216   13.782330   0.064260
1864.140349   13.698490   0.053940
1864.149328   13.703380   0.052840
1864.158727   13.727480   0.053700
1864.168077   13.761860   0.065910
1864.177441   13.736850   0.061540
1864.186471   13.726680   0.047340
1864.195786   13.698420   0.062780
1864.204761   13.722110   0.052840
1864.213956   13.718390   0.050230
1864.223275   13.743750   0.050350
1864.232312   13.730760   0.064070
1864.241734   13.718240   0.062880
1864.250994   13.713290   0.053460
1864.260292   13.720690   0.063630
1864.269452   13.748940   0.055680
1864.278712   13.751650   0.065310
1864.288040   13.756480   0.071170
1864.297228   13.735810   0.063900
1864.306786   13.749680   0.067040
1864.315982   13.711190   0.065090
1864.325240   13.686200   0.066880
1864.334830   13.752130   0.062480
1864.344223   13.748850   0.092640
1864.353629   13.708240   0.086170
1864.362884   13.743560   0.097090
1864.372284   13.700060   0.113970
1864.381718   13.730540   0.095740
1864.391386   13.692300   0.083500
1864.401175   13.660790   0.103500
1864.410777   13.653270   0.094150
1864.420158   13.778160   0.101860
1864.429378   13.672000   0.102770
1864.438639   13.770240   0.119290
1864.447945   13.702440   0.070700
1864.465121   13.781500   0.107700
1865.081649   13.730930   0.079700
1865.090914   13.825120   0.076110
1865.103000   13.782590   0.072930
1865.112265   13.710540   0.070870
1865.121493   13.797320   0.089030
1865.180915   13.714170   0.048970
1865.189934   13.728750   0.040130
1865.199137   13.718980   0.049090
1865.208040   13.739530   0.038060
1865.217207   13.711800   0.058110
1865.226382   13.760930   0.058720
1865.235932   13.777230   0.063250
1865.245886   13.770700   0.060680
1865.255783   13.733160   0.059500
1865.265750   13.692850   0.080390
1865.275774   13.773020   0.070870
1865.285892   13.720970   0.064580
1865.295973   13.731070   0.068970
1865.306185   13.741170   0.070370
1865.316145   13.750580   0.062070
1865.326150   13.742220   0.072980
1865.336276   13.745920   0.091250
1865.346577   13.741380   0.075950
1865.356675   13.724300   0.075470
1865.366659   13.740530   0.081960
1865.376904   13.752620   0.078570
1865.387088   13.699210   0.083270
1865.397153   13.708790   0.084590
1865.407149   13.684290   0.081880
1865.417333   13.676750   0.077990
1865.427630   13.765570   0.085110
1865.437669   13.722420   0.077210
1865.448171   13.751000   0.101780
1865.457324   13.685680   0.105720
1865.465615   13.701920   0.109780
1865.489785   13.650330   0.093420
1865.492667   13.739220   0.117510
1865.494427   13.728850   0.118890
1865.496283   13.662790   0.114320
1865.498090   13.675390   0.066500
1866.165339   13.726210   0.042480
1866.174723   13.742990   0.043190
1866.184057   13.727780   0.044210
1866.193410   13.734500   0.042590
1866.202706   13.730000   0.045510
1866.212035   13.738140   0.045680
1866.221409   13.733120   0.046260
1866.230791   13.773010   0.045500
1866.240551   13.741430   0.044690
1866.250004   13.740890   0.047680
1866.259354   13.741230   0.046320
1867.193045   13.735020   0.030670
1867.202355   13.731170   0.032000
1867.211516   13.729610   0.033050
1867.220585   13.706990   0.035680
1867.230131   13.707270   0.036760
1867.239707   13.738090   0.035600
1867.249230   13.711220   0.034470
1867.258785   13.753720   0.036330
1867.268385   13.725280   0.036240
1867.277702   13.730650   0.036780
1867.287153   13.703080   0.037530
1867.296854   13.702540   0.036400
1867.306121   13.745790   0.037300
1867.315500   13.745560   0.038920
1867.325094   13.753020   0.039390
1867.334502   13.763320   0.039090
1867.344482   13.764720   0.044170
1867.354030   13.729200   0.041650
1867.363492   13.746860   0.050060
1867.372735   13.734640   0.045330
1867.382212   13.740850   0.046380
1867.391671   13.730230   0.054730
1867.401392   13.739120   0.048830
1867.410805   13.730950   0.049250
1867.420288   13.739260   0.061270
1867.429722   13.725010   0.064600
1867.439192   13.715920   0.060510
1867.448574   13.743800   0.063050
1867.456168   13.701840   0.054620
1867.463320   13.716530   0.060530
1867.469421   13.739260   0.064230
1867.473939   13.731760   0.050560
1867.478291   13.744890   0.044740
1867.481655   13.725420   0.046250
1867.484335   13.719330   0.051760
1867.486951   13.746040   0.051960
1867.488639   13.740330   0.054370
1867.490315   13.721620   0.055450
1867.492002   13.686190   0.053840
1867.493724   13.721060   0.051050
1868.197661   13.789870   0.055270
1868.207123   13.738750   0.054510
1868.216495   13.744530   0.077730
1868.225986   13.773580   0.068610
1868.235811   13.755580   0.082390
1868.245580   13.730850   0.074220
1868.255259   13.713450   0.080550
1868.264815   13.816420   0.082190
1868.274279   13.736990   0.093980
1868.283929   13.769070   0.072660
1868.293537   13.815360   0.124430
1868.312574   13.870800   0.135270
1868.322548   13.782050   0.099380
1868.332083   13.803310   0.080730
1868.341800   13.790410   0.091450
1868.351543   13.695710   0.099240
1868.360837   13.793190   0.123350
1868.370659   13.782170   0.115580
1868.380417   13.679770   0.115650
1868.390367   13.672820   0.111530
1868.399668   13.595550   0.106900
1868.409622   13.611430   0.117140
1868.419023   13.721360   0.112320
1868.428372   13.748020   0.106950
1868.437691   13.734900   0.122250
1868.446987   13.727730   0.112480
1868.454949   13.765940   0.125240
1868.461066   13.744090   0.122830
1868.467151   13.788920   0.128840
1868.471440   13.808680   0.134080
1868.481640   13.648350   0.079500
1868.484574   13.728190   0.080000
1868.486230   13.610130   0.100990
1868.487721   13.587280   0.075600
1868.489507   13.720220   0.112360
1870.219778   13.722080   0.040340
1870.229270   13.723200   0.040610
1870.238762   13.755770   0.047200
1870.248135   13.741140   0.042240
1870.257691   13.695860   0.047110
1870.267266   13.711230   0.048460
1870.276950   13.693690   0.046480
1870.286498   13.709940   0.046960
1870.295849   13.709490   0.044410
1870.305565   13.738710   0.044290
1870.315197   13.735020   0.053240
1870.325274   13.775070   0.052470
1870.335174   13.757920   0.049970
1870.344892   13.727840   0.051310
1870.354573   13.723850   0.059780
1870.364104   13.736540   0.086290
1870.373603   13.635990   0.081450
1870.383600   13.777700   0.097480
1870.393243   13.641100   0.107700
1870.412265   13.741450   0.079700
1870.430903   13.719870   0.078500
1870.440685   13.748360   0.099820
1870.448993   13.735890   0.116510
1870.456179   13.729150   0.106650
1870.470290   13.782230   0.107780
1871.136689   13.753380   0.048110
1871.146179   13.716740   0.045420
1871.155384   13.716970   0.046880
1871.164955   13.754590   0.052600
1871.174269   13.735430   0.051320
1871.183469   13.738270   0.053820
1871.192872   13.744090   0.048840
1871.202392   13.727870   0.051220
1871.211865   13.673560   0.060680
1871.221273   13.743210   0.060460
1871.230922   13.710310   0.051820
1871.240394   13.732490   0.050240
1871.250018   13.768220   0.056790
1871.259511   13.692120   0.053120
1871.269122   13.714060   0.051880
1871.278903   13.708980   0.052370
1871.288648   13.710410   0.056900
1871.298226   13.739650   0.054070
1871.307789   13.772350   0.060290
1871.317562   13.762810   0.058700
1871.327342   13.739770   0.062920
1871.337079   13.715690   0.066510
1871.346725   13.721830   0.073070
1871.356495   13.743150   0.069400
1871.366277   13.739700   0.076390
1871.375944   13.679480   0.075830
1871.385808   13.668810   0.080210
1871.395399   13.727670   0.087190
1871.404882   13.695440   0.096750
1871.414342   13.643440   0.098030
1871.423744   13.716070   0.092900
1871.433495   13.781570   0.099710
1871.442405   13.742600   0.089670
1871.449670   13.747560   0.085980
1871.455742   13.763930   0.095640
1871.461191   13.725400   0.102770
1871.465968   13.648030   0.090040
1871.469461   13.710240   0.088530
1871.472994   13.760150   0.099630
1871.476070   13.746130   0.095460
1871.477819   13.702220   0.086980
1871.479709   13.744350   0.095670
1871.481438   13.748610   0.095330
1871.550420   13.752380   0.106410
1871.559908   13.753920   0.102550
1871.569340   13.681430   0.111260
1871.578835   13.749100   0.119380
1871.588334   13.806330   0.128670
1872.324463   13.784210   0.051150
1872.334315   13.736950   0.054110
1872.344041   13.726760   0.056120
1872.353623   13.745580   0.057340
1872.363427   13.707460   0.055080
1872.373279   13.758580   0.053020
1872.383099   13.773440   0.055360
1872.392766   13.771960   0.055740
1872.402203   13.717740   0.056470
1872.412032   13.718680   0.057980
1872.421585   13.736730   0.059580
1872.431130   13.740120   0.064620
1872.439874   13.745590   0.065940
1872.447517   13.756360   0.064160
1872.454162   13.769600   0.066730
1872.459603   13.753250   0.071580
1872.463903   13.790740   0.077490
1872.467716   13.716270   0.070800
1872.470496   13.731320   0.069990
1872.473152   13.735170   0.072820
1872.474857   13.706440   0.071170
1872.476617   13.705160   0.073290
1872.478370   13.738150   0.074610
1872.480228   13.705860   0.077190
1872.541663   13.761260   0.082020
1872.550845   13.715860   0.097420
1872.560270   13.718890   0.094740
1872.569828   13.718610   0.107570
1872.579400   13.729550   0.114210
1872.588943   13.795880   0.123100
1873.229437   13.741860   0.060540
1873.238826   13.749300   0.069130
1873.248403   13.686590   0.063290
1873.258009   13.679720   0.063780
1873.267456   13.668930   0.069640
1873.276959   13.750920   0.064280
1873.286788   13.706140   0.066100
1873.296275   13.739230   0.069010
1873.305896   13.634270   0.072900
1873.315548   13.716940   0.071980
1873.325684   13.726530   0.075760
1873.335346   13.739410   0.085530
1873.344943   13.657150   0.082330
1873.354842   13.707800   0.078760
1873.364691   13.674520   0.084820
1873.374458   13.634410   0.083100
1873.383960   13.708910   0.074640
1873.393856   13.699810   0.079250
1873.403606   13.702720   0.085420
1873.413210   13.832970   0.096930
1873.422938   13.794150   0.095520
1873.432622   13.733600   0.083920
1873.441010   13.726500   0.075910
1873.447044   13.733700   0.078780
1873.453044   13.700620   0.075260
1873.457630   13.759810   0.078500
1873.462090   13.706830   0.082090
1873.465548   13.706400   0.080210
1873.468261   13.685040   0.079060
1873.470892   13.687820   0.092160
1873.472722   13.731860   0.079990
1873.474437   13.755380   0.080450
1873.476606   13.718510   0.118170
1874.032527   13.675240   0.038520
1874.041923   13.728470   0.040700
1874.051714   13.723210   0.040880
1874.061193   13.744400   0.041700
1874.070741   13.728320   0.042610
1874.080230   13.696210   0.044940
1874.089638   13.702490   0.042850
1874.098984   13.709990   0.046110
1874.108441   13.746580   0.044920
1874.117749   13.692470   0.046840
1874.127103   13.726060   0.048110
1874.136654   13.725740   0.045320
1874.145982   13.730240   0.049900
1874.155173   13.731720   0.051000
1874.164605   13.726030   0.056710
1874.174153   13.739170   0.067320
1874.183645   13.612080   0.085430
1874.193053   13.596310   0.107630
1874.202515   13.701830   0.115520
1874.212179   13.746950   0.125620
1874.222051   13.781250   0.113940
1876.992585   13.743940   0.046020
1877.002277   13.753000   0.044440
1877.012009   13.734770   0.048270
1877.021623   13.717250   0.046820
1877.031340   13.685690   0.050120
1877.041094   13.697030   0.047380
1877.050632   13.733910   0.044460
1877.060512   13.762080   0.044160
1877.070280   13.798120   0.045250
1877.080037   13.741740   0.048590
1877.089835   13.788550   0.048620
1877.099542   13.746410   0.049580
1877.109324   13.721610   0.057570
1877.119234   13.738500   0.057490
1877.128562   13.745740   0.053100
1877.137988   13.723020   0.053700
1877.147449   13.607410   0.058210
1877.157081   13.758720   0.059530
1877.166514   13.733200   0.053470
1877.175811   13.707290   0.052610
1877.185180   13.767750   0.057760
1877.194638   13.675260   0.054850
1877.204359   13.685440   0.052140
1877.213829   13.717420   0.050930
1877.223290   13.717370   0.053940
1877.232928   13.689900   0.051760
1877.242583   13.687530   0.057530
1877.252102   13.740380   0.059610
1877.261424   13.740930   0.058660
1877.271317   13.772070   0.053710
1877.280810   13.731810   0.048230
1877.290913   13.752830   0.055840
1877.300784   13.779460   0.062940
1877.310552   13.721560   0.054120
1877.320329   13.808520   0.065550
1877.330019   13.709930   0.050460
1877.339609   13.722170   0.049920
1877.349339   13.735170   0.058840
1877.359563   13.717120   0.050650
1877.369289   13.738180   0.057450
1877.379166   13.746550   0.053680
1877.389199   13.810000   0.061120
1877.398748   13.749690   0.069610
1877.408188   13.757390   0.066300
1877.417610   13.726220   0.064930
1877.426444   13.747020   0.056440
1877.433416   13.727360   0.059020
1877.439426   13.742540   0.069390
1877.444578   13.710380   0.066170
1877.449101   13.749930   0.060050
1877.452622   13.720370   0.071900
1877.456119   13.731950   0.064580
1877.458826   13.685290   0.058310
1877.460660   13.694860   0.062330
1877.462441   13.720680   0.064630
1877.464144   13.680650   0.062890
1877.465872   13.723920   0.067250
1877.528546   13.733060   0.081700
1877.538164   13.715610   0.085680
1877.547759   13.789800   0.094660
1877.557433   13.714440   0.095960
1877.566991   13.745600   0.086070
1877.956588   13.712360   0.071380
1877.966360   13.677590   0.067560
1877.975795   13.709380   0.049100
1877.985575   13.744220   0.042330
1877.995071   13.788380   0.039610
1878.004964   13.719780   0.037590
1878.014335   13.724360   0.043820
1878.023915   13.763420   0.034750
1878.033403   13.757980   0.039120
1878.042881   13.720670   0.039800
1878.052477   13.770690   0.045100
1878.062202   13.741630   0.043660
1878.072038   13.740250   0.043640
1878.081838   13.738230   0.043900
1878.091595   13.775250   0.043640
1878.101204   13.754430   0.042510
1878.111056   13.734820   0.045260
1878.120475   13.773850   0.045520
1878.129972   13.733600   0.053650
1878.139452   13.805830   0.055790
1878.148981   13.798560   0.099660
1878.158293   13.741400   0.082890
1878.167692   13.754460   0.052070
1878.177309   13.727010   0.050450
1878.186872   13.694920   0.066890
1878.196273   13.695650   0.063140
1878.206054   13.736820   0.073430
1878.215833   13.765480   0.080890
1878.225557   13.785500   0.088380
1878.235117   13.755110   0.068320
1878.244657   13.719040   0.066180
1878.254352   13.757070   0.077330
1878.263984   13.779470   0.085600
1878.273770   13.761020   0.081710
1878.283405   13.663700   0.083930
1878.293079   13.766780   0.081780
1878.302887   13.737360   0.104850
1878.312828   13.684080   0.104680
1878.322431   13.674170   0.102100
1878.332111   13.704270   0.114270
1878.342126   13.726700   0.079710
1878.351898   13.715800   0.087850
1878.361666   13.730700   0.084220
1878.371492   13.773050   0.087320
1878.381052   13.727600   0.098050
1878.390611   13.704040   0.074210
1878.400035   13.761460   0.091160
1878.409523   13.767610   0.089380
1878.419250   13.740100   0.097740
1878.427139   13.818630   0.102370
1878.434256   13.757290   0.082060
1878.439734   13.742760   0.098540
1878.444205   13.753520   0.081410
1878.448555   13.737960   0.072720
1878.452064   13.733450   0.094110
1878.454721   13.775320   0.100570
1878.457364   13.757760   0.096380
1878.459093   13.691980   0.093380
1878.460943   13.761620   0.093640
1878.463071   13.748130   0.136330
1878.523903   13.686870   0.099260
1878.533380   13.705020   0.096410
1878.542754   13.718200   0.095990
1878.552323   13.709980   0.104130
1878.561961   13.802860   0.121060
1878.885725   13.776790   0.064300
1878.896259   13.755740   0.106080
1878.907039   13.600360   0.094710
1878.917827   13.682900   0.097790
1878.928636   13.652140   0.095690
1878.939490   13.664950   0.088210
1878.950209   13.691430   0.071760
1878.960985   13.687630   0.065190
1878.971663   13.697210   0.057740
1878.982256   13.705520   0.060800
1878.992862   13.756800   0.055960
1879.003349   13.754510   0.060800
1879.014056   13.677370   0.060060
1879.024781   13.702410   0.061480
1879.035403   13.705460   0.070290
1879.046338   13.736430   0.069520
1879.056998   13.733390   0.070400
1879.067120   13.758550   0.071380
1879.077625   13.724650   0.075130
1879.087804   13.760950   0.074780
1879.097718   13.731950   0.084760
1879.108342   13.699690   0.079340
1879.118677   13.681750   0.103970
1879.139104   13.642280   0.047200
1879.148948   13.638030   0.109110
1879.158600   13.645580   0.058000
1879.168681   13.793830   0.091480
1879.178653   13.749540   0.120990
1879.198658   13.727690   0.116630
1879.208827   13.676450   0.069100
1879.219105   13.808780   0.126790
1879.239692   13.654150   0.120650
1879.249885   13.749560   0.102760
1879.259988   13.792570   0.124770
1879.270136   13.710080   0.117210
1879.279998   13.716730   0.090250
1879.290256   13.701520   0.111910
1879.300321   13.710580   0.114980
1879.310604   13.730320   0.120370
1879.321132   13.782270   0.117680
1879.331398   13.802970   0.120150
1879.341711   13.795050   0.123710
1879.352168   13.782450   0.129610
1879.362239   13.903500   0.130270
1879.372581   13.739610   0.125430
1879.383093   13.826340   0.075900
1879.393218   13.923720   0.111230
1879.403409   13.664040   0.106070
1879.413718   13.672400   0.109290
1879.422057   13.598590   0.071600
1879.430443   13.755810   0.080700
1879.441339   13.643530   0.074100
1879.904711   13.747890   0.091830
1879.914664   13.635440   0.075300
1879.924232   13.781210   0.071370
1879.933937   13.728660   0.061440
1879.943742   13.766090   0.053960
1879.953255   13.697560   0.046770
1879.962965   13.724480   0.041650
1879.972299   13.737460   0.042750
1879.982133   13.707110   0.042510
1879.991480   13.741470   0.046540
1880.001350   13.744330   0.047550
1880.010995   13.681900   0.055030
1880.020489   13.732950   0.055820
1880.030167   13.725080   0.054610
1880.040004   13.766360   0.054150
1880.050020   13.715290   0.054510
1880.059700   13.714660   0.055860
1880.069635   13.678710   0.055630
1880.079469   13.748270   0.056460
1880.089000   13.768870   0.058850
1880.098524   13.738360   0.061290
1880.108072   13.774200   0.065330
1880.117530   13.729950   0.057870
1880.200091   13.749420   0.065820
1880.209735   13.702640   0.067610
1880.219431   13.716050   0.065350
1880.229324   13.672260   0.054470
1880.238989   13.691970   0.059440
1880.267686   13.662530   0.062700
1880.277275   13.749910   0.064140
1880.286928   13.772590   0.076160
1880.306613   13.666070   0.066340
1880.369120   13.737920   0.061140
1880.967707   13.751490   0.066170
1880.977730   13.784300   0.067790
1880.987626   13.763830   0.059650
1880.997175   13.703760   0.053720
1881.007352   13.709170   0.053760
1881.017262   13.741290   0.056820
1881.027023   13.766270   0.060910
1881.036583   13.758220   0.059150
1881.046307   13.726750   0.060420
1881.055914   13.790410   0.065260
1881.065565   13.718410   0.063240
1881.075352   13.665320   0.067620
1881.085120   13.730450   0.062430
1881.094964   13.731610   0.061210
1881.104801   13.759370   0.054830
1881.114937   13.690370   0.068420
1881.124474   13.716960   0.067680
1881.134326   13.730410   0.067900
1881.143810   13.743460   0.057630
1881.153419   13.704370   0.068130
1881.163015   13.697920   0.065940
1881.171357   13.725410   0.057360
1881.180981   13.708350   0.062490
1881.190627   13.718730   0.050370
1881.200550   13.720170   0.055780
1881.210473   13.731700   0.061050
1881.220305   13.719030   0.064620
1881.230199   13.725160   0.063000
1881.239668   13.761500   0.069850
1881.249328   13.724400   0.066240
1881.258917   13.720120   0.066870
1881.268352   13.678400   0.066570
1881.278189   13.729550   0.066810
1881.288137   13.735100   0.070500
1881.297680   13.710680   0.067260
1881.307337   13.702980   0.070570
1881.317394   13.712930   0.074030
1881.327336   13.700980   0.074220
1881.337373   13.723850   0.072800
1881.347129   13.667590   0.080030
1881.357110   13.730390   0.076760
1881.366722   13.735920   0.085120
1881.376276   13.699330   0.082120
1881.386104   13.706780   0.083550
1881.395996   13.694830   0.083100
1881.405772   13.664100   0.085940
1881.414838   13.692810   0.083510
1881.422098   13.661990   0.086320
1881.428287   13.777780   0.089900
1881.433496   13.730580   0.090140
1881.437835   13.684880   0.083090
1881.441542   13.731030   0.089830
1881.445078   13.738850   0.088190
1881.447777   13.713860   0.093840
1881.449541   13.703840   0.091130
1881.451276   13.743030   0.097710
1881.453055   13.673420   0.089860
1881.455245   13.735520   0.134500
1881.512259   13.780240   0.095100
1881.522032   13.721020   0.108900
1881.531584   13.790940   0.111790
1881.541053   13.744120   0.103940
1881.550943   13.794700   0.110020
1881.560601   13.756680   0.106810
1881.570473   13.820320   0.112590
1881.580253   13.724000   0.099070
1881.589860   13.668530   0.112240
1881.599577   13.629360   0.119030
1881.609472   13.744720   0.119720
1881.845654   13.766140   0.091220
1881.855329   13.766740   0.091360
1881.864967   13.737270   0.110780
1881.874951   13.624450   0.080430
1881.884546   13.698950   0.085400
1881.894462   13.733340   0.075630
1881.904494   13.697990   0.068590
1881.914271   13.730470   0.067270
1881.923884   13.734600   0.067340
1881.933466   13.746610   0.061190
1881.943231   13.725030   0.066490
1881.952875   13.695910   0.081080
1881.962633   13.692510   0.089040
1881.972149   13.723670   0.087240
1881.982098   13.768350   0.101710
1881.992169   13.713310   0.113160
1882.001736   13.840800   0.068500
1882.011518   13.717150   0.093760
1882.021627   13.767830   0.106120
1882.031644   13.827280   0.110680
1882.041324   13.691530   0.105060
1882.051198   13.699960   0.098850
1882.060871   13.798600   0.100230
1882.080330   13.740320   0.081120
1882.109365   13.726920   0.117820
1882.121972   13.805960   0.108040
1882.131558   13.687190   0.087800
1882.141120   13.649030   0.064300
1882.150540   13.718370   0.098390
1882.160119   13.740220   0.100880
1882.169652   13.740190   0.103390
1882.179008   13.685910   0.098660
1882.188466   13.641030   0.104710
1882.198063   13.815600   0.115780
1882.227077   13.584240   0.068600
1883.093660   13.780230   0.081670
1883.103290   13.797750   0.081040
1883.122237   13.754450   0.100530
1883.131900   13.700360   0.073040
1883.141295   13.754990   0.082000
1883.150882   13.783390   0.093800
1883.160374   13.757730   0.097930
1883.169871   13.687290   0.099140
1883.179271   13.750010   0.084780
1883.188727   13.716110   0.082390
1883.198404   13.685490   0.093360
1883.207904   13.714220   0.096360
1883.217549   13.763100   0.104040
1883.226897   13.895170   0.111920
1883.236210   13.781780   0.101290
1883.245790   13.798150   0.099370
1883.255334   13.764720   0.102630
1883.265175   13.684450   0.100950
1883.274780   13.728250   0.107180
1883.294547   13.714830   0.064200
1883.304382   13.839680   0.101400
1883.333437   13.804370   0.124190
1883.343435   13.782940   0.113410
1883.363493   13.706050   0.111370
1883.373027   13.736960   0.095930
1883.382503   13.618860   0.064800
1883.392439   13.663950   0.111770
1883.402040   13.714060   0.115490
1883.409985   13.630640   0.088590
1883.417332   13.766230   0.076700
1883.423677   13.704170   0.112480
1883.428949   13.686560   0.114750
1883.436812   13.766600   0.110990
1883.440171   13.797360   0.068200
1883.443180   13.765590   0.095120
1883.446707   13.791350   0.117060
1883.448508   13.653550   0.108680
1883.507181   13.729770   0.068800
1883.517022   13.728210   0.070800
1884.099534   13.720460   0.043020
1884.109140   13.704990   0.041740
1884.118686   13.727830   0.051390
1884.128292   13.749040   0.059040
1884.137551   13.725220   0.046790
1884.147279   13.683110   0.053870
1884.156774   13.676780   0.057050
1884.166197   13.751950   0.058640
1884.175960   13.705970   0.065140
1884.185414   13.745250   0.057230
1884.194977   13.753200   0.050240
1884.204574   13.729940   0.054940
1884.214174   13.703910   0.048110
1884.223839   13.748530   0.053370
1884.233272   13.690930   0.072700
1884.242628   13.729890   0.045100
1884.252195   13.738450   0.044130
1884.261682   13.748300   0.045330
1884.271201   13.752950   0.043020
1884.280876   13.719940   0.049840
1884.290846   13.718620   0.052150
1884.300573   13.756740   0.059400
1884.310420   13.699160   0.075270
1884.320206   13.774930   0.054690
1884.330156   13.734800   0.056490
1884.340081   13.696380   0.064280
1884.350052   13.716050   0.064640
1884.360119   13.709890   0.054340
1884.370060   13.763370   0.057400
1884.379738   13.736830   0.062940
1884.389528   13.727640   0.046710
1884.399065   13.737370   0.049840
1884.406881   13.741660   0.057630
1884.413865   13.721500   0.068710
1884.420368   13.753370   0.068140
1884.425635   13.745320   0.053410
1884.430150   13.753210   0.048680
1884.433678   13.744380   0.054390
1884.437202   13.696710   0.053770
1884.439908   13.722170   0.056060
1884.441669   13.755400   0.056640
1884.443407   13.702240   0.053070
1884.445186   13.747820   0.050640
1884.446926   13.738940   0.063110
1884.503638   13.720900   0.047990
1884.513187   13.721520   0.054600
1884.522993   13.709710   0.046070
1884.532900   13.710330   0.043490
1884.542819   13.732200   0.052210
1884.552706   13.710230   0.058190
1884.562458   13.744670   0.039890
1884.572213   13.729850   0.050050
1884.581820   13.721530   0.041460
1884.591479   13.725450   0.056380
1884.600983   13.762080   0.044180
1884.610820   13.741680   0.041700
1884.886961   13.640260   0.103790
1884.896459   13.776390   0.109470
1884.906042   13.689030   0.096770
1884.915796   13.845360   0.061700
1884.925737   13.784680   0.100140
1884.945448   13.709590   0.099000
1884.954875   13.704870   0.099070
1884.964329   13.616070   0.091040
1884.974382   13.857110   0.063600
1884.983545   13.714140   0.090440
1884.993441   13.704290   0.107510
1885.003341   13.686670   0.107560
1885.013229   13.652600   0.112430
1885.022911   13.672930   0.110240
1885.032426   13.552580   0.096050
1885.042060   13.829500   0.105360
1885.052030   13.655160   0.069200
1885.278794   13.779690   0.094180
1885.288849   13.857250   0.058900
1885.298475   13.719470   0.089230
1885.308250   13.755400   0.096190
1885.318087   13.745310   0.098110
1885.328301   13.718980   0.103370
1885.430912   13.685550   0.087060
1886.072366   13.742810   0.038300
1886.082057   13.764320   0.041760
1886.091456   13.761790   0.044360
1886.101064   13.754230   0.045960
1886.110701   13.731920   0.043660
1886.120214   13.721150   0.044940
1886.129544   13.736510   0.046430
1886.138882   13.731580   0.047870
1886.148233   13.742270   0.048440
1886.157943   13.753700   0.047820
1886.167550   13.702490   0.056960
1886.177101   13.694170   0.053600
1886.186997   13.714350   0.057620
1886.196609   13.733600   0.061040
1886.206153   13.684080   0.065990
1886.215757   13.808980   0.070940
1886.225422   13.782450   0.096390
1886.234829   13.670120   0.092260
1886.244630   13.676690   0.088250
1886.254426   13.768830   0.071740
1886.263771   13.772950   0.055320
1886.273578   13.786180   0.099130
1886.283270   13.737560   0.053080
1886.293134   13.711080   0.057740
1886.303115   13.702100   0.067320
1886.312914   13.704980   0.060510
1886.322818   13.729340   0.066460
1886.332859   13.750480   0.062780
1886.342543   13.711680   0.059070
1886.352534   13.727870   0.061430
1886.362281   13.759590   0.067850
1886.372003   13.742680   0.067090
1886.381496   13.721870   0.068450
1886.391198   13.705580   0.075520
1886.399994   13.753810   0.076100
1886.408171   13.702950   0.078010
1886.414363   13.719520   0.094920
1886.419581   13.747660   0.098580
1886.423873   13.726400   0.085860
1886.427459   13.694220   0.085280
1886.431086   13.729960   0.084410
1886.433748   13.693150   0.094630
1886.435540   13.713840   0.097230
1886.437293   13.721740   0.088050
1886.439058   13.709140   0.089800
1886.441348   13.804700   0.171770
