1863.169882   12.764030   0.025930
1863.179028   12.738670   0.027890
1863.188111   12.743690   0.031820
1863.197263   12.754820   0.029740
1863.206453   12.763230   0.028930
1863.215516   12.729530   0.034890
1863.224486   12.750880   0.033200
1863.233708   12.730480   0.036110
1863.243026   12.746720   0.036800
1863.252052   12.743270   0.033130
1863.260978   12.733390   0.030310
1863.270074   12.753730   0.035820
1863.279229   12.778410   0.032050
1863.288341   12.750280   0.029500
1863.297662   12.740750   0.027080
1863.306748   12.728800   0.031300
1863.315898   12.717620   0.031230
1863.325261   12.734990   0.031650
1863.334632   12.762440   0.032630
1863.344416   12.752380   0.031580
1863.353962   12.744600   0.031700
1863.363511   12.744310   0.027190
1863.372640   12.726710   0.025930
1863.381795   12.748100   0.026040
1863.391577   12.728620   0.027660
1863.400670   12.759250   0.028870
1863.410157   12.733620   0.029160
1863.419415   12.737030   0.030670
1863.428728   12.766820   0.032270
1863.438171   12.747300   0.034010
1863.447725   12.759830   0.035820
1863.457038   12.726980   0.041390
1863.464667   12.747050   0.048030
1863.471563   12.750460   0.051600
1863.477686   12.747240   0.049940
1863.482900   12.764740   0.047360
1863.487037   12.759680   0.050480
1863.490505   12.772960   0.050830
1863.494064   12.728640   0.047610
1863.496621   12.768320   0.052280
1863.498272   12.774520   0.049670
1863.500087   12.768290   0.050600
1863.501889   12.815190   0.053560
1863.503937   12.755450   0.077050
1864.122118   12.752160   0.021190
1864.131216   12.735980   0.027660
1864.140349   12.753700   0.024830
1864.149328   12.734120   0.024480
1864.158727   12.749650   0.023500
1864.168077   12.770030   0.030510
1864.177441   12.752290   0.027830
1864.186471   12.747520   0.022410
1864.195786   12.743490   0.028130
1864.204761   12.747650   0.025520
1864.213956   12.741870   0.024250
1864.223275   12.741690   0.023390
1864.232312   12.741640   0.027840
1864.241734   12.760470   0.028060
1864.250994   12.751340   0.024360
1864.260292   12.749030   0.028870
1864.269452   12.746850   0.025000
1864.278712   12.783190   0.029450
1864.288040   12.725710   0.029160
1864.297228   12.735760   0.028350
1864.306786   12.738140   0.029740
1864.315982   12.764580   0.029680
1864.325240   12.741330   0.028930
1864.334830   12.731560   0.029330
1864.344223   12.738640   0.037870
1864.353629   12.745380   0.036450
1864.362884   12.727530   0.040330
1864.372284   12.753130   0.050390
1864.381718   12.735350   0.043590
1864.391386   12.722540   0.035850
1864.401175   12.755910   0.044880
1864.410777   12.716740   0.040660
1864.420158   12.715200   0.040170
1864.429378   12.740410   0.045080
1864.438639   12.743660   0.051210
1864.448098   12.753080   0.058640
1864.457409   12.712510   0.061250
1864.465120   12.772160   0.058100
1864.472313   12.810620   0.067310
1864.477494   12.803670   0.079620
1864.482643   12.760820   0.101700
1864.489646   12.779870   0.116820
1864.492216   12.731850   0.094960
1864.494776   12.692110   0.091240
1864.496480   12.687840   0.096360
1864.498365   12.759250   0.095900
1864.500091   12.730410   0.104000
1864.501760   12.731090   0.097210
1865.081649   12.760910   0.032310
1865.090914   12.754460   0.033920
1865.103000   12.719230   0.030370
1865.112265   12.734010   0.030220
1865.121493   12.748840   0.037690
1865.180915   12.727750   0.021590
1865.189934   12.732280   0.016970
1865.199137   12.758820   0.021590
1865.208040   12.751220   0.017210
1865.217207   12.750560   0.025700
1865.226382   12.745560   0.024370
1865.235932   12.761280   0.027560
1865.245886   12.740110   0.028350
1865.255783   12.743850   0.027490
1865.265750   12.766700   0.035350
1865.275774   12.752250   0.030430
1865.285892   12.746660   0.026620
1865.295973   12.739720   0.029980
1865.306185   12.753160   0.029750
1865.316145   12.760920   0.029620
1865.326150   12.735130   0.032970
1865.336276   12.722000   0.036940
1865.346577   12.749190   0.031880
1865.356675   12.754870   0.031350
1865.366659   12.743520   0.037130
1865.376904   12.739990   0.035580
1865.387088   12.740150   0.035710
1865.397153   12.761610   0.039150
1865.407149   12.747270   0.034180
1865.417333   12.741460   0.034780
1865.427630   12.727560   0.035410
1865.437669   12.734720   0.036960
1865.448171   12.745850   0.045430
1865.457324   12.737780   0.048210
1865.465615   12.734130   0.052230
1865.471988   12.747720   0.070180
1865.477591   12.716600   0.076680
1865.482335   12.726630   0.068130
1865.486159   12.745340   0.077910
1865.489785   12.762950   0.066740
1865.492667   12.735420   0.063630
1865.494427   12.776160   0.061470
1865.496283   12.751010   0.053140
1865.498551   12.734670   0.099630
1866.165339   12.757980   0.019110
1866.174723   12.755110   0.019050
1866.184057   12.764370   0.019630
1866.193410   12.741480   0.019870
1866.202706   12.749670   0.020610
1866.212035   12.754480   0.021190
1866.221409   12.765770   0.021420
1866.230791   12.743850   0.020850
1866.240551   12.758050   0.020840
1866.250004   12.742090   0.020730
1866.259354   12.750940   0.021420
1867.193045   12.744090   0.014320
1867.202355   12.754600   0.014840
1867.211516   12.756810   0.015010
1867.220585   12.746180   0.015820
1867.230131   12.752780   0.015990
1867.239707   12.748010   0.015820
1867.249230   12.747260   0.015650
1867.258785   12.737230   0.015880
1867.268385   12.754860   0.016110
1867.277702   12.731810   0.016570
1867.287153   12.746760   0.016920
1867.296854   12.745310   0.017270
1867.306121   12.745820   0.017150
1867.315500   12.745330   0.017440
1867.325094   12.742850   0.017900
1867.334502   12.733010   0.018310
1867.344482   12.736350   0.019110
1867.354030   12.748240   0.019230
1867.363492   12.734490   0.021130
1867.372735   12.753740   0.020110
1867.382212   12.752560   0.020500
1867.391671   12.740180   0.021940
1867.401392   12.751850   0.021660
1867.410805   12.743440   0.021020
1867.420288   12.747150   0.025870
1867.429722   12.743520   0.027430
1867.439192   12.751300   0.025350
1867.448574   12.756130   0.028310
1867.456168   12.769010   0.025470
1867.463320   12.755900   0.025690
1867.469421   12.750920   0.026220
1867.473939   12.753270   0.021420
1867.478291   12.765190   0.020150
1867.481655   12.751050   0.020150
1867.484335   12.756480   0.021710
1867.486951   12.742950   0.021770
1867.488639   12.748530   0.022180
1867.490315   12.744830   0.022990
1867.492002   12.740280   0.021650
1867.493724   12.751720   0.021360
1868.197661   12.758260   0.025460
1868.207123   12.747230   0.025530
1868.216495   12.720250   0.034780
1868.225986   12.772640   0.031830
1868.235811   12.735700   0.035240
1868.245580   12.752680   0.032630
1868.255259   12.724990   0.034560
1868.264815   12.741020   0.036970
1868.274279   12.708700   0.038890
1868.283929   12.748440   0.035010
1868.293537   12.739470   0.051600
1868.303104   12.677700   0.058540
1868.312574   12.714000   0.055670
1868.322548   12.725710   0.042340
1868.332083   12.744580   0.038120
1868.341800   12.724580   0.043380
1868.351466   12.766210   0.052030
1868.360837   12.709580   0.047820
1868.370659   12.729180   0.048150
1868.380417   12.719750   0.048920
1868.390367   12.776710   0.047170
1868.399668   12.758770   0.045690
1868.409622   12.780320   0.049340
1868.419023   12.737140   0.046910
1868.428372   12.718130   0.048040
1868.437691   12.753920   0.050360
1868.446987   12.744520   0.047920
1868.454949   12.752470   0.052360
1868.461066   12.756590   0.050660
1868.467151   12.734150   0.052410
1868.471440   12.757490   0.059270
1868.475710   12.747400   0.067050
1868.479187   12.752600   0.063290
1868.481793   12.741640   0.060810
1868.484421   12.780110   0.059810
1868.486154   12.764960   0.056630
1868.487874   12.753360   0.062780
1868.489584   12.741890   0.062200
1868.491280   12.759950   0.062860
1868.552972   12.749920   0.096380
1868.562396   12.757800   0.085330
1868.591232   12.612020   0.100200
1869.239644   12.781980   0.075150
1869.249027   12.758080   0.076690
1869.258676   12.748350   0.085880
1869.268460   12.695970   0.096630
1869.278238   12.788110   0.111400
1869.287800   12.737460   0.108940
1869.297392   12.691100   0.111520
1869.307117   12.828610   0.103310
1870.219778   12.754950   0.017260
1870.229270   12.781350   0.018070
1870.238762   12.767920   0.019400
1870.248135   12.770770   0.018650
1870.257691   12.758150   0.020960
1870.267266   12.764690   0.019980
1870.276950   12.776030   0.020730
1870.286498   12.758090   0.021140
1870.295849   12.766650   0.019810
1870.305565   12.761270   0.020730
1870.315197   12.746260   0.023040
1870.325274   12.746020   0.023560
1870.335174   12.752210   0.022920
1870.344892   12.763790   0.023390
1870.354573   12.768000   0.027020
1870.364104   12.756530   0.034990
1870.373603   12.746180   0.035400
1870.383600   12.766900   0.040180
1870.393243   12.718580   0.050370
1870.402820   12.746720   0.064940
1870.412418   12.794380   0.064370
1870.421719   12.731410   0.062390
1870.431056   12.758380   0.062720
1870.440608   12.740170   0.054400
1870.448993   12.761370   0.046770
1870.456179   12.728930   0.046850
1870.461756   12.765720   0.055660
1870.466593   12.688840   0.067160
1870.470290   12.762180   0.056610
1870.474034   12.741370   0.066300
1870.476825   12.712940   0.075870
1870.478569   12.756040   0.072810
1870.480341   12.738060   0.067290
1870.482097   12.723670   0.069610
1870.483838   12.759640   0.072750
1870.485602   12.727020   0.068360
1871.136689   12.743360   0.021020
1871.146179   12.745670   0.019520
1871.155384   12.724720   0.019400
1871.164955   12.745460   0.021770
1871.174269   12.735910   0.021600
1871.183469   12.751920   0.023040
1871.192872   12.724190   0.020960
1871.202392   12.753270   0.022290
1871.211865   12.748050   0.025940
1871.221273   12.753720   0.026340
1871.230922   12.732000   0.023560
1871.240394   12.748570   0.023330
1871.250018   12.728560   0.023800
1871.259511   12.756050   0.023630
1871.269122   12.735080   0.024250
1871.278903   12.756600   0.023150
1871.288648   12.745230   0.025230
1871.298226   12.745170   0.024250
1871.307789   12.742050   0.026620
1871.317562   12.763320   0.026570
1871.327342   12.748670   0.026620
1871.337079   12.757890   0.029640
1871.346725   12.727110   0.032270
1871.356495   12.733900   0.028810
1871.366277   12.738070   0.033180
1871.375944   12.746450   0.032860
1871.385808   12.746970   0.035520
1871.395399   12.760930   0.038170
1871.404882   12.750460   0.042880
1871.414342   12.754280   0.040430
1871.423744   12.736970   0.040260
1871.433495   12.753230   0.040470
1871.442405   12.770990   0.038460
1871.449670   12.747580   0.039920
1871.455742   12.774550   0.040070
1871.461191   12.768560   0.042470
1871.465968   12.770520   0.041750
1871.469461   12.755310   0.043410
1871.472994   12.742700   0.041180
1871.476070   12.747450   0.040500
1871.477819   12.728570   0.039160
1871.479709   12.717880   0.039760
1871.481438   12.750480   0.039680
1871.550420   12.730980   0.043730
1871.559908   12.721280   0.044710
1871.569340   12.736130   0.047580
1871.578835   12.770760   0.051070
1871.588334   12.765230   0.055590
1871.597765   12.764920   0.070910
1871.607264   12.806390   0.082460
1871.616819   12.817990   0.093990
1871.626324   12.724840   0.113120
1872.324463   12.741630   0.022820
1872.334315   12.754940   0.023500
1872.344041   12.754620   0.023560
1872.353623   12.743100   0.024620
1872.363427   12.746100   0.023740
1872.373279   12.754780   0.022860
1872.383099   12.751370   0.023270
1872.392766   12.755920   0.022980
1872.402203   12.758870   0.023500
1872.412032   12.737380   0.025300
1872.421585   12.754290   0.025460
1872.431130   12.760610   0.027260
1872.439874   12.761330   0.027370
1872.447517   12.745310   0.026900
1872.454162   12.765870   0.028470
1872.459603   12.733590   0.029970
1872.463903   12.752900   0.030830
1872.467716   12.753360   0.029960
1872.470496   12.756880   0.029850
1872.473152   12.733230   0.030450
1872.474857   12.762860   0.030840
1872.476617   12.739530   0.030550
1872.478370   12.741940   0.031360
1872.480228   12.770510   0.031060
1872.541663   12.726370   0.038800
1872.550845   12.715400   0.038680
1872.560270   12.746540   0.041580
1872.569828   12.740070   0.044740
1872.579400   12.699190   0.047620
1872.588943   12.765510   0.050060
1872.598488   12.743330   0.057220
1872.608116   12.711740   0.066880
1872.617527   12.777380   0.080640
1872.627101   12.720480   0.090840
1872.636625   12.825190   0.130060
1873.229437   12.754490   0.025930
1873.238826   12.762050   0.027430
1873.248403   12.745060   0.026620
1873.258009   12.753590   0.026730
1873.267456   12.738210   0.028290
1873.276959   12.738470   0.028950
1873.286788   12.747010   0.029280
1873.296275   12.729250   0.029270
1873.305896   12.739390   0.033470
1873.315548   12.741070   0.032960
1873.325684   12.737800   0.034420
1873.335346   12.778820   0.036470
1873.344943   12.740610   0.037820
1873.354842   12.744000   0.033970
1873.364691   12.745650   0.038690
1873.374458   12.774210   0.036630
1873.383960   12.765300   0.032680
1873.393856   12.741740   0.034910
1873.403606   12.742690   0.036090
1873.413210   12.727920   0.042050
1873.422938   12.741710   0.042500
1873.432622   12.730530   0.035980
1873.441010   12.750340   0.034070
1873.447044   12.744110   0.033840
1873.453044   12.737540   0.034360
1873.457630   12.761830   0.033950
1873.462090   12.733010   0.034590
1873.465548   12.758460   0.034410
1873.468261   12.760440   0.034930
1873.470892   12.753810   0.036950
1873.472722   12.737820   0.036000
1873.474437   12.762690   0.034930
1873.476606   12.741710   0.051500
1873.539458   12.702600   0.093200
1873.548852   12.682380   0.103840
1873.558313   12.783640   0.088050
1873.567696   12.743090   0.083580
1873.577180   12.782890   0.093090
1873.586745   12.744080   0.077560
1873.596227   12.762240   0.102460
1873.605773   12.835970   0.107330
1873.615321   12.761030   0.095860
1873.624816   12.787860   0.098790
1874.032527   12.762950   0.017380
1874.041923   12.777200   0.018650
1874.051714   12.768740   0.018190
1874.061193   12.784700   0.018130
1874.070741   12.766750   0.019750
1874.080230   12.771760   0.019050
1874.089638   12.776550   0.018770
1874.098984   12.776700   0.019520
1874.108441   12.776530   0.019290
1874.117749   12.781930   0.021020
1874.127103   12.771780   0.020610
1874.136654   12.745410   0.020210
1874.145982   12.750310   0.021360
1874.155173   12.737160   0.022690
1874.164605   12.755590   0.024490
1874.174153   12.728050   0.028700
1874.183645   12.742840   0.038250
1874.193053   12.751920   0.050120
1874.202515   12.729730   0.053640
1874.212179   12.744950   0.056470
1874.222051   12.792150   0.048570
1874.593715   12.726470   0.096860
1874.603390   12.779150   0.089230
1874.613039   12.762250   0.104700
1876.992585   12.754950   0.018480
1877.002277   12.749360   0.019290
1877.012009   12.748010   0.019920
1877.021623   12.754580   0.019290
1877.031340   12.735900   0.022120
1877.041094   12.736910   0.020860
1877.050632   12.751880   0.018480
1877.060512   12.750620   0.019400
1877.070280   12.758140   0.019690
1877.080037   12.729070   0.020380
1877.089835   12.719050   0.020170
1877.099542   12.735300   0.021490
1877.109324   12.757700   0.024660
1877.119234   12.752810   0.024800
1877.128562   12.735000   0.022600
1877.137988   12.753590   0.022250
1877.147449   12.730070   0.027660
1877.157081   12.724820   0.025350
1877.166514   12.726660   0.023620
1877.175811   12.720510   0.022460
1877.185180   12.761650   0.024940
1877.194638   12.748440   0.023170
1877.204359   12.738350   0.022580
1877.213829   12.725810   0.021770
1877.223290   12.746200   0.023040
1877.232928   12.748130   0.022750
1877.242583   12.734790   0.025430
1877.252102   12.743750   0.025410
1877.261424   12.747000   0.026440
1877.271317   12.744570   0.023340
1877.280810   12.746630   0.021600
1877.290913   12.740760   0.023790
1877.300784   12.739280   0.029160
1877.310552   12.747230   0.023230
1877.320329   12.741210   0.027430
1877.330019   12.763820   0.024480
1877.339609   12.730600   0.022010
1877.349339   12.750510   0.025550
1877.359563   12.747010   0.021480
1877.369289   12.758320   0.024370
1877.379166   12.738220   0.024200
1877.389199   12.726020   0.027910
1877.398748   12.744820   0.031020
1877.408188   12.724090   0.029630
1877.417610   12.755060   0.027380
1877.426444   12.745950   0.024430
1877.433416   12.746520   0.026520
1877.439426   12.748800   0.029830
1877.444578   12.746040   0.029510
1877.449101   12.729450   0.026040
1877.452622   12.739150   0.031900
1877.456119   12.756530   0.027030
1877.458826   12.758350   0.025400
1877.460660   12.764170   0.026850
1877.462441   12.728210   0.026810
1877.464144   12.753610   0.026900
1877.465872   12.731650   0.028480
1877.528546   12.734930   0.032390
1877.538164   12.726890   0.034430
1877.547759   12.731420   0.035570
1877.557433   12.730530   0.038260
1877.566991   12.767170   0.038170
1877.956588   12.771590   0.030160
1877.966360   12.739860   0.026460
1877.975795   12.743220   0.021080
1877.985575   12.746100   0.019050
1877.995071   12.745210   0.017840
1878.004964   12.744260   0.017960
1878.014335   12.730520   0.018820
1878.023915   12.731290   0.015490
1878.033403   12.740350   0.017670
1878.042881   12.738750   0.017440
1878.052477   12.745220   0.019690
1878.062202   12.768750   0.019230
1878.072038   12.745290   0.019630
1878.081838   12.761410   0.020500
1878.091595   12.753390   0.019280
1878.101204   12.743440   0.019340
1878.111056   12.761240   0.020440
1878.120475   12.751300   0.020500
1878.129972   12.741950   0.022230
1878.139452   12.734460   0.024830
1878.148981   12.735750   0.041700
1878.158293   12.738090   0.037700
1878.167692   12.743880   0.022460
1878.177309   12.746420   0.022000
1878.186872   12.738590   0.027660
1878.196273   12.747580   0.027770
1878.206054   12.732150   0.031130
1878.215833   12.744600   0.033260
1878.225557   12.726120   0.034710
1878.235117   12.741830   0.028290
1878.244657   12.756380   0.029100
1878.254352   12.769670   0.032110
1878.263984   12.741540   0.033830
1878.273770   12.750060   0.035700
1878.283405   12.763520   0.036150
1878.293079   12.749870   0.036690
1878.302887   12.737300   0.046500
1878.312828   12.722350   0.046350
1878.322431   12.747960   0.045160
1878.332111   12.767400   0.045260
1878.342126   12.732620   0.033730
1878.351898   12.754830   0.039730
1878.361666   12.760380   0.035400
1878.371492   12.753340   0.039540
1878.381052   12.763110   0.040160
1878.390611   12.751140   0.032600
1878.400035   12.759190   0.038520
1878.409523   12.754130   0.037010
1878.419250   12.738620   0.043730
1878.427139   12.725320   0.044070
1878.434256   12.760430   0.033960
1878.439734   12.771920   0.045670
1878.444205   12.759130   0.034370
1878.448555   12.795870   0.033880
1878.452064   12.764770   0.042730
1878.454721   12.782480   0.040550
1878.457364   12.747340   0.042390
1878.459093   12.757460   0.040770
1878.460943   12.748610   0.041060
1878.463071   12.740850   0.059610
1878.523903   12.755780   0.043410
1878.533380   12.741780   0.043470
1878.542754   12.747210   0.041550
1878.552323   12.762200   0.047080
1878.561961   12.771360   0.052250
1878.571685   12.698060   0.070190
1878.581234   12.684050   0.065850
1878.590773   12.766660   0.077020
1878.600390   12.706330   0.093310
1878.885725   12.733040   0.055930
1878.896259   12.742660   0.046020
1878.907039   12.742500   0.041220
1878.917827   12.751200   0.042820
1878.928636   12.735930   0.039400
1878.939490   12.748040   0.036870
1878.950209   12.748160   0.029750
1878.960985   12.725180   0.027780
1878.971663   12.742560   0.026040
1878.982256   12.736880   0.027260
1878.992862   12.744060   0.025410
1879.003349   12.742770   0.027540
1879.014056   12.736170   0.027660
1879.024781   12.735060   0.027600
1879.035403   12.758030   0.031710
1879.046338   12.730670   0.031380
1879.056998   12.760940   0.033260
1879.067120   12.741680   0.032450
1879.077625   12.740400   0.032680
1879.087804   12.732430   0.032970
1879.097718   12.739140   0.036610
1879.108265   12.733870   0.039740
1879.118677   12.724520   0.042950
1879.128946   12.730340   0.033800
1879.138951   12.766890   0.039430
1879.148948   12.765020   0.046790
1879.158753   12.748970   0.047190
1879.168681   12.750150   0.049830
1879.178653   12.691520   0.050870
1879.188532   12.742370   0.051080
1879.198658   12.745780   0.050920
1879.208980   12.781050   0.050380
1879.219105   12.738660   0.052030
1879.229198   12.778000   0.053820
1879.239692   12.808020   0.051560
1879.249885   12.811690   0.049950
1879.259988   12.746610   0.048610
1879.270136   12.779050   0.049040
1879.279998   12.774810   0.040590
1879.290256   12.789940   0.048910
1879.300321   12.795810   0.049710
1879.310604   12.789720   0.046630
1879.321132   12.778280   0.046000
1879.331398   12.754200   0.051140
1879.341711   12.772680   0.047120
1879.352168   12.753110   0.049930
1879.362239   12.716420   0.048250
1879.372581   12.758660   0.052510
1879.383093   12.727570   0.028400
1879.393142   12.703110   0.052470
1879.403333   12.737500   0.051080
1879.413718   12.699820   0.053710
1879.422210   12.737380   0.055620
1879.430290   12.743570   0.059840
1879.436891   12.732240   0.061530
1879.441492   12.757370   0.060130
1879.445571   12.754680   0.062600
1879.449457   12.758780   0.063030
1879.452342   12.733630   0.052340
1879.454194   12.764550   0.064770
1879.456055   12.773770   0.053250
1879.457932   12.749680   0.067320
1879.460282   12.754480   0.088670
1879.524043   12.761570   0.083750
1879.534146   12.721330   0.086640
1879.544253   12.762600   0.086320
1879.554321   12.715460   0.053900
1879.564508   12.769770   0.088120
1879.574677   12.759680   0.095500
1879.584814   12.791660   0.098270
1879.594935   12.757290   0.096690
1879.605121   12.784080   0.107770
1879.615186   12.733540   0.110390
1879.625350   12.769440   0.121830
1879.885631   12.676070   0.070490
1879.895153   12.729630   0.056090
1879.904711   12.724210   0.044930
1879.914664   12.717550   0.033560
1879.924232   12.744970   0.029060
1879.933937   12.762220   0.024310
1879.943742   12.762740   0.021020
1879.953255   12.756150   0.019520
1879.962965   12.751640   0.018300
1879.972299   12.753520   0.017840
1879.982133   12.745410   0.018420
1879.991480   12.751430   0.019810
1880.001350   12.740590   0.020090
1880.010995   12.715210   0.022870
1880.020489   12.736190   0.022690
1880.030167   12.745860   0.023150
1880.040004   12.741190   0.021360
1880.050020   12.763950   0.022410
1880.059700   12.752100   0.023010
1880.069635   12.750060   0.022950
1880.079469   12.780150   0.024900
1880.089000   12.757070   0.023930
1880.098524   12.744910   0.025000
1880.108072   12.743790   0.026620
1880.117530   12.727980   0.022990
1880.127140   12.736240   0.025300
1880.200091   12.736490   0.028010
1880.209735   12.715810   0.030780
1880.219431   12.723160   0.029340
1880.229324   12.748770   0.026100
1880.238989   12.730630   0.025180
1880.248836   12.744990   0.024650
1880.258298   12.758250   0.025810
1880.267686   12.752210   0.026860
1880.277275   12.742240   0.027960
1880.286928   12.725930   0.033490
1880.306613   12.738390   0.027890
1880.369120   12.741280   0.025870
1880.684731   12.706890   0.079830
1880.693935   12.785300   0.080180
1880.703424   12.778980   0.099040
1880.712965   12.710120   0.094050
1880.722668   12.791360   0.106630
1880.967707   12.751580   0.028940
1880.977730   12.760340   0.030020
1880.987626   12.746420   0.023970
1880.997175   12.741440   0.022230
1881.007352   12.762510   0.023270
1881.017262   12.753430   0.024640
1881.027023   12.736760   0.025060
1881.036583   12.744900   0.024770
1881.046307   12.747570   0.025870
1881.055914   12.758600   0.029680
1881.065565   12.764220   0.028310
1881.075352   12.731750   0.030200
1881.085120   12.748810   0.028170
1881.094964   12.741090   0.026810
1881.104801   12.745300   0.022290
1881.114937   12.724140   0.033610
1881.124474   12.752880   0.029630
1881.134326   12.761860   0.031410
1881.143810   12.734790   0.023500
1881.153419   12.718350   0.031190
1881.163015   12.747810   0.027600
1881.171357   12.723970   0.023390
1881.180981   12.755690   0.025180
1881.190627   12.753740   0.020900
1881.200550   12.745700   0.022350
1881.210473   12.753430   0.024310
1881.220305   12.770530   0.025980
1881.230199   12.759380   0.025930
1881.239668   12.750140   0.027480
1881.249328   12.761910   0.026440
1881.258917   12.733050   0.025930
1881.268352   12.755740   0.027720
1881.278189   12.774910   0.027660
1881.288137   12.750280   0.027430
1881.297680   12.755300   0.027370
1881.307337   12.731240   0.028230
1881.317394   12.759350   0.029680
1881.327336   12.755160   0.030260
1881.337373   12.754550   0.031010
1881.347129   12.770840   0.031240
1881.357110   12.766780   0.031290
1881.366722   12.739120   0.033320
1881.376276   12.748470   0.032620
1881.386104   12.748450   0.035140
1881.395996   12.761580   0.034530
1881.405772   12.747040   0.034530
1881.414838   12.746360   0.035470
1881.422098   12.758360   0.037610
1881.428287   12.754320   0.036270
1881.433496   12.733890   0.036090
1881.437835   12.743210   0.038060
1881.441542   12.777310   0.037990
1881.445078   12.761450   0.039680
1881.447777   12.752230   0.039380
1881.449541   12.715240   0.038380
1881.451276   12.738290   0.040080
1881.453055   12.728750   0.039550
1881.455245   12.738330   0.056340
1881.512259   12.743380   0.040230
1881.522032   12.751110   0.044410
1881.531584   12.738030   0.043900
1881.541053   12.752250   0.045630
1881.550943   12.760430   0.047050
1881.560601   12.730230   0.044170
1881.570473   12.744750   0.046500
1881.580253   12.761000   0.051610
1881.589860   12.751720   0.049200
1881.599577   12.713490   0.056950
1881.609472   12.729890   0.050230
1881.619114   12.734050   0.062440
1881.628942   12.769040   0.064270
1881.638590   12.747640   0.073280
1881.648351   12.695910   0.078580
1881.807200   12.822360   0.104110
1881.816745   12.805040   0.106330
1881.826319   12.718270   0.096370
1881.835921   12.761360   0.073240
1881.845731   12.834120   0.060120
1881.855252   12.711650   0.051170
1881.864967   12.742070   0.047890
1881.874874   12.724550   0.041370
1881.884546   12.782990   0.036040
1881.894462   12.758820   0.031530
1881.904494   12.761970   0.027830
1881.914271   12.755750   0.027310
1881.923884   12.755530   0.027190
1881.933466   12.768840   0.025580
1881.943231   12.750860   0.026920
1881.952875   12.763000   0.033730
1881.962633   12.766910   0.037660
1881.972149   12.729500   0.040350
1881.982098   12.749080   0.039950
1881.992169   12.687880   0.052300
1882.001889   12.731450   0.057560
1882.011594   12.765970   0.062860
1882.021627   12.742860   0.045920
1882.031644   12.723070   0.050700
1882.041324   12.737690   0.048810
1882.051198   12.721390   0.045440
1882.060871   12.757490   0.045790
1882.070527   12.720790   0.089890
1882.080330   12.752930   0.034550
1882.090096   12.753110   0.077600
1882.099569   12.675650   0.115010
1882.109365   12.731360   0.063800
1882.121972   12.742730   0.053570
1882.131558   12.777290   0.039200
1882.141120   12.758650   0.066330
1882.150540   12.726820   0.044710
1882.160119   12.740410   0.045390
1882.169652   12.750480   0.048180
1882.179008   12.738240   0.045440
1882.188466   12.760160   0.050190
1882.198063   12.758690   0.060850
1882.208031   12.738910   0.103890
1882.217722   12.781210   0.086550
1882.227231   12.697480   0.073510
1882.236839   12.693540   0.075830
1882.246327   12.700180   0.104830
1882.256107   12.739060   0.097420
1882.266006   12.721810   0.098150
1882.275585   12.725910   0.085860
1882.285301   12.734710   0.084500
1882.295361   12.764000   0.083320
1882.305067   12.757850   0.108310
1882.315073   12.695720   0.116930
1882.325032   12.751470   0.077830
1882.334886   12.736910   0.073880
1882.344919   12.764200   0.084790
1882.354771   12.758650   0.093320
1882.364587   12.716430   0.074640
1882.374737   12.721350   0.075580
1883.093660   12.767700   0.033460
1883.103366   12.742790   0.058260
1883.112818   12.752790   0.036580
1883.122237   12.710940   0.041800
1883.131900   12.754450   0.034600
1883.141295   12.743350   0.041330
1883.150882   12.740420   0.042360
1883.160374   12.782720   0.046260
1883.169871   12.761980   0.049200
1883.179271   12.743130   0.036550
1883.188727   12.766760   0.034870
1883.198404   12.760970   0.044370
1883.207904   12.721870   0.043140
1883.217549   12.755680   0.046900
1883.226897   12.784980   0.046330
1883.236210   12.742290   0.047750
1883.245790   12.779810   0.049040
1883.255334   12.773080   0.048160
1883.265175   12.762300   0.047380
1883.274780   12.752770   0.049320
1883.284849   12.748910   0.065760
1883.294394   12.704630   0.067870
1883.304305   12.776680   0.069270
1883.314080   12.792730   0.077200
1883.323720   12.686180   0.066800
1883.333437   12.762570   0.056150
1883.343435   12.776950   0.059200
1883.353548   12.734460   0.066050
1883.363493   12.751590   0.053650
1883.373027   12.776650   0.056490
1883.382657   12.788630   0.063310
1883.392439   12.734270   0.055490
1883.402040   12.789250   0.060160
1883.410061   12.766420   0.062360
1883.417485   12.760200   0.063190
1883.423677   12.764580   0.062190
1883.428949   12.776750   0.063480
1883.433300   12.702610   0.072760
1883.436812   12.781730   0.060370
1883.440325   12.725350   0.069680
1883.443180   12.706860   0.059740
1883.444926   12.712120   0.065550
1883.446707   12.773310   0.059750
1883.448508   12.721960   0.059870
1883.507335   12.757310   0.063160
1883.517022   12.713440   0.061660
1883.526655   12.800450   0.075700
1883.536232   12.765770   0.076970
1883.545818   12.755520   0.079040
1883.555341   12.754810   0.075350
1883.565051   12.764340   0.072430
1883.574608   12.728100   0.072670
1883.584302   12.722140   0.076390
1883.593915   12.749100   0.061410
1884.099534   12.750110   0.017150
1884.109140   12.753430   0.016920
1884.118686   12.738740   0.020730
1884.128292   12.751330   0.026180
1884.137551   12.753310   0.019010
1884.147279   12.744220   0.021420
1884.156774   12.751330   0.022290
1884.166197   12.727360   0.027740
1884.175960   12.754710   0.027170
1884.185414   12.744050   0.024880
1884.194977   12.744130   0.019980
1884.204574   12.744180   0.021370
1884.214174   12.745830   0.019870
1884.223839   12.751420   0.022760
1884.233272   12.740130   0.031490
1884.242628   12.747900   0.018070
1884.252195   12.739430   0.017440
1884.261682   12.744700   0.017780
1884.271201   12.748140   0.018070
1884.280876   12.749420   0.019920
1884.290846   12.743230   0.021650
1884.300573   12.728040   0.023040
1884.310420   12.764120   0.035560
1884.320206   12.737560   0.021650
1884.330156   12.733500   0.022920
1884.340081   12.732200   0.027200
1884.350052   12.746610   0.026620
1884.360119   12.717070   0.021480
1884.370060   12.724400   0.021880
1884.379738   12.744620   0.023790
1884.389528   12.747450   0.018880
1884.399065   12.753490   0.020040
1884.406881   12.747790   0.022980
1884.413865   12.771440   0.027370
1884.420368   12.780910   0.030770
1884.425635   12.781980   0.020670
1884.430150   12.770960   0.018590
1884.433678   12.755470   0.021270
1884.437202   12.776940   0.021370
1884.439908   12.787520   0.022400
1884.441669   12.771670   0.021480
1884.443407   12.774750   0.021250
1884.445186   12.765450   0.020210
1884.446926   12.786630   0.028940
1884.503638   12.786390   0.019170
1884.513187   12.777100   0.022130
1884.522993   12.778050   0.019280
1884.532900   12.743040   0.017730
1884.542819   12.767250   0.021880
1884.552706   12.724010   0.023170
1884.562458   12.738530   0.016280
1884.572213   12.728520   0.020220
1884.581820   12.732830   0.016860
1884.591479   12.736200   0.021650
1884.600983   12.736570   0.019230
1884.610820   12.760040   0.018360
1884.886961   12.779810   0.048130
1884.896459   12.754140   0.050400
1884.906042   12.750380   0.048970
1884.915643   12.703430   0.056740
1884.925737   12.722450   0.042270
1884.935570   12.726700   0.059210
1884.945448   12.781280   0.049140
1884.954875   12.775180   0.053390
1884.964329   12.716320   0.048850
1884.974229   12.739750   0.060060
1884.983546   12.746770   0.058620
1884.993441   12.742590   0.051990
1885.003341   12.752420   0.047820
1885.013229   12.713700   0.054790
1885.022911   12.735140   0.058630
1885.032502   12.785680   0.066700
1885.042137   12.721490   0.058230
1885.052183   12.766440   0.060470
1885.061957   12.738890   0.076480
1885.071678   12.760540   0.081030
1885.081285   12.783600   0.085260
1885.090973   12.758270   0.077550
1885.100847   12.740260   0.079280
1885.278794   12.749050   0.043420
1885.288696   12.772700   0.058600
1885.298475   12.762250   0.046120
1885.308250   12.741410   0.042910
1885.318087   12.761800   0.047230
1885.328301   12.743430   0.057240
1885.338173   12.709220   0.082610
1885.347960   12.755770   0.071160
1885.357853   12.762730   0.075880
1885.367578   12.759960   0.078120
1885.377344   12.792800   0.095280
1885.386938   12.740880   0.094230
1885.396599   12.763790   0.076120
1885.404395   12.777610   0.069640
1885.411445   12.750020   0.080510
1885.417511   12.783680   0.087550
1885.422892   12.787930   0.088820
1885.427461   12.733300   0.083740
1885.430989   12.710730   0.063980
1885.434637   12.760310   0.076140
1885.437356   12.769720   0.077970
1885.439093   12.722440   0.074080
1885.440855   12.764820   0.078250
1885.442624   12.694550   0.070340
1885.444416   12.728700   0.071700
1885.502228   12.753920   0.078450
1885.511985   12.740620   0.102710
1885.521821   12.730750   0.081240
1885.531512   12.739760   0.081210
1885.541243   12.761240   0.081300
1885.551133   12.792800   0.076110
1885.560860   12.774610   0.075980
1885.570601   12.685340   0.068270
1885.580236   12.714960   0.082850
1885.590133   12.725230   0.062530
1886.072366   12.738080   0.015820
1886.082057   12.754820   0.017210
1886.091456   12.733910   0.017960
1886.101064   12.744190   0.018590
1886.110701   12.757040   0.018130
1886.120214   12.733050   0.018240
1886.129544   12.730140   0.019000
1886.138882   12.738450   0.019630
1886.148233   12.735990   0.019340
1886.157943   12.744690   0.020150
1886.167550   12.743880   0.023360
1886.177101   12.755050   0.022980
1886.186997   12.751680   0.023960
1886.196609   12.735410   0.025000
1886.206153   12.740440   0.028010
1886.215757   12.729440   0.029570
1886.225422   12.707670   0.040780
1886.234829   12.712740   0.040730
1886.244630   12.739330   0.042170
1886.254426   12.719560   0.028060
1886.263771   12.730890   0.023220
1886.273578   12.749060   0.041990
1886.283270   12.751420   0.023440
1886.293134   12.730110   0.024550
1886.303115   12.752410   0.028610
1886.312914   12.733150   0.025580
1886.322818   12.739810   0.026210
1886.332859   12.735350   0.026270
1886.342543   12.753460   0.024650
1886.352534   12.730050   0.025350
1886.362281   12.737090   0.027840
1886.372003   12.729920   0.028000
1886.381496   12.733850   0.030140
1886.391198   12.750210   0.032170
1886.399994   12.734640   0.032450
1886.408171   12.769970   0.033720
1886.414363   12.756440   0.042550
1886.419581   12.708700   0.044940
1886.423873   12.743530   0.039940
1886.427459   12.714030   0.037530
1886.431086   12.744390   0.037940
1886.433748   12.783440   0.045150
1886.435540   12.735000   0.046320
1886.437293   12.758430   0.040840
1886.439058   12.748370   0.039620
1886.441348   12.741540   0.080630
