1863.169882   12.330000   0.019060
1863.179028   12.304980   0.020610
1863.188111   12.336500   0.024080
1863.197263   12.344060   0.022350
1863.206453   12.319400   0.021310
1863.215516   12.321080   0.025230
1863.224486   12.321360   0.024020
1863.233708   12.322670   0.025760
1863.243026   12.317860   0.025870
1863.252052   12.333840   0.023580
1863.260978   12.324130   0.022290
1863.270074   12.333760   0.026680
1863.279229   12.313600   0.022930
1863.288341   12.323150   0.022000
1863.297662   12.315530   0.020610
1863.306748   12.318840   0.022980
1863.315898   12.313180   0.023210
1863.325261   12.320290   0.022860
1863.334632   12.332480   0.023850
1863.344416   12.328670   0.023680
1863.353962   12.316190   0.022690
1863.363511   12.317660   0.020440
1863.372640   12.324040   0.019050
1863.381795   12.312330   0.019230
1863.391577   12.307740   0.020150
1863.400670   12.325800   0.021310
1863.410157   12.322450   0.021710
1863.419415   12.313360   0.022820
1863.428728   12.319260   0.023850
1863.438171   12.313580   0.024190
1863.447725   12.331090   0.026850
1863.457038   12.326220   0.030360
1863.464667   12.328730   0.035800
1863.471563   12.323040   0.037080
1863.477686   12.337010   0.035160
1863.482900   12.326170   0.035920
1863.487037   12.345620   0.036140
1863.490505   12.294370   0.037280
1863.494064   12.332430   0.036210
1863.496621   12.311390   0.038510
1863.498272   12.296500   0.036450
1863.500087   12.338630   0.038940
1863.501889   12.299590   0.039090
1863.503937   12.309260   0.055840
1864.122118   12.345560   0.015990
1864.131216   12.328440   0.020630
1864.140349   12.325380   0.018190
1864.149328   12.328180   0.018370
1864.158727   12.319540   0.017320
1864.168077   12.328270   0.021650
1864.177441   12.329810   0.020390
1864.186471   12.324900   0.016690
1864.195786   12.326920   0.020790
1864.204761   12.337140   0.019000
1864.213956   12.325360   0.017900
1864.223275   12.338200   0.017440
1864.232312   12.327580   0.020790
1864.241734   12.338620   0.020840
1864.250994   12.317900   0.017840
1864.260292   12.320610   0.021360
1864.269452   12.326710   0.018480
1864.278712   12.333930   0.021710
1864.288040   12.347290   0.021710
1864.297228   12.334090   0.020790
1864.306786   12.337160   0.021360
1864.315982   12.315440   0.021890
1864.325240   12.339960   0.021360
1864.334830   12.330710   0.020900
1864.344223   12.311600   0.027720
1864.353629   12.320820   0.026620
1864.362884   12.348120   0.029800
1864.372284   12.332680   0.035510
1864.381718   12.323650   0.031010
1864.391386   12.340610   0.026210
1864.401175   12.335940   0.033200
1864.410777   12.326700   0.029910
1864.420158   12.318890   0.029110
1864.429378   12.333260   0.032770
1864.438639   12.329510   0.037760
1864.448098   12.318550   0.043250
1864.457409   12.327420   0.047110
1864.465120   12.325430   0.042440
1864.472313   12.330670   0.051800
1864.477494   12.281070   0.055380
1864.482643   12.341350   0.072700
1864.486002   12.268240   0.093260
1864.489646   12.307990   0.085620
1864.492216   12.308180   0.069560
1864.494776   12.301480   0.068630
1864.496480   12.284040   0.070000
1864.498365   12.308680   0.071470
1864.500091   12.350410   0.073630
1864.501760   12.339810   0.071700
1865.081649   12.336380   0.022410
1865.090914   12.332940   0.023500
1865.103000   12.320720   0.023210
1865.112265   12.319110   0.022230
1865.121493   12.316280   0.027080
1865.180915   12.319660   0.016280
1865.189934   12.330060   0.013050
1865.199137   12.329410   0.016220
1865.208040   12.329680   0.012990
1865.217207   12.330330   0.019350
1865.226382   12.329080   0.018430
1865.235932   12.321860   0.020040
1865.245886   12.314240   0.020040
1865.255783   12.331530   0.020150
1865.265750   12.330310   0.025700
1865.275774   12.319040   0.022400
1865.285892   12.321700   0.020090
1865.295973   12.321350   0.021540
1865.306185   12.337060   0.021250
1865.316145   12.330810   0.020900
1865.326150   12.330880   0.023160
1865.336276   12.320200   0.026800
1865.346577   12.312220   0.023510
1865.356675   12.329120   0.023210
1865.366659   12.322900   0.025990
1865.376904   12.329740   0.025290
1865.387088   12.345730   0.026730
1865.397153   12.315010   0.027230
1865.407149   12.340080   0.026670
1865.417333   12.335010   0.025230
1865.427630   12.322750   0.026450
1865.437669   12.331030   0.026060
1865.448171   12.304920   0.031990
1865.457324   12.340520   0.035570
1865.465615   12.354660   0.036260
1865.471988   12.356680   0.047080
1865.477591   12.334950   0.058640
1865.482335   12.352920   0.047820
1865.486159   12.352520   0.054410
1865.489785   12.324480   0.049100
1865.492667   12.319150   0.044250
1865.494427   12.341460   0.043560
1865.496283   12.307920   0.040680
1865.498551   12.334810   0.068950
1866.165339   12.326500   0.014320
1866.174723   12.321620   0.014320
1866.184057   12.330480   0.014670
1866.193410   12.325860   0.014950
1866.202706   12.331240   0.015590
1866.212035   12.325920   0.015710
1866.221409   12.315910   0.015940
1866.230791   12.310020   0.015590
1866.240551   12.327600   0.015700
1866.250004   12.326530   0.015650
1866.259354   12.325090   0.016050
1867.193045   12.308710   0.010740
1867.202355   12.318240   0.011260
1867.211516   12.322170   0.011320
1867.220585   12.320550   0.011890
1867.230131   12.331820   0.012120
1867.239707   12.312930   0.011890
1867.249230   12.321580   0.011890
1867.258785   12.317190   0.011950
1867.268385   12.316980   0.012240
1867.277702   12.325570   0.012530
1867.287153   12.322890   0.012590
1867.296854   12.326520   0.012880
1867.306121   12.320810   0.012870
1867.315500   12.325500   0.013050
1867.325094   12.327550   0.013400
1867.334502   12.329690   0.013680
1867.344482   12.350490   0.014430
1867.354030   12.337610   0.014140
1867.363492   12.327260   0.016340
1867.372735   12.329920   0.014840
1867.382212   12.330020   0.015420
1867.391671   12.330660   0.016280
1867.401392   12.333790   0.015760
1867.410805   12.337640   0.015530
1867.420288   12.326440   0.018650
1867.429722   12.329590   0.020390
1867.439192   12.331860   0.018770
1867.448574   12.329160   0.021020
1867.456168   12.333110   0.018300
1867.463320   12.345370   0.019170
1867.469421   12.328740   0.019400
1867.473939   12.345360   0.016050
1867.478291   12.323370   0.014720
1867.481655   12.329570   0.015010
1867.484335   12.335490   0.016050
1867.486951   12.338760   0.015820
1867.488639   12.325750   0.016050
1867.490315   12.336930   0.016800
1867.492002   12.333320   0.016580
1867.493724   12.320100   0.015880
1868.197661   12.328560   0.019350
1868.207123   12.333140   0.019580
1868.216495   12.339840   0.025080
1868.225986   12.335120   0.023040
1868.235811   12.323240   0.026980
1868.245580   12.313780   0.025410
1868.255259   12.307030   0.026100
1868.264815   12.329380   0.026910
1868.274279   12.319530   0.029730
1868.283929   12.323220   0.025810
1868.293537   12.316480   0.039550
1868.303104   12.317520   0.045280
1868.312574   12.301990   0.041190
1868.322548   12.333140   0.031540
1868.332083   12.311180   0.030150
1868.341800   12.324600   0.031090
1868.351466   12.311740   0.037730
1868.360837   12.303000   0.038250
1868.370659   12.303700   0.034300
1868.380417   12.331260   0.036500
1868.390367   12.313210   0.035710
1868.399668   12.324800   0.034310
1868.409622   12.307830   0.038690
1868.419023   12.307850   0.034640
1868.428372   12.326870   0.035830
1868.437691   12.303650   0.036510
1868.446987   12.298080   0.034990
1868.454949   12.305420   0.038530
1868.461066   12.285110   0.038160
1868.467151   12.302960   0.039380
1868.471440   12.303840   0.042350
1868.475710   12.303720   0.045740
1868.479187   12.306280   0.047820
1868.481793   12.293530   0.045910
1868.484421   12.330100   0.045280
1868.486154   12.298690   0.044000
1868.487874   12.305120   0.045910
1868.489584   12.305490   0.045960
1868.491280   12.356390   0.047430
1868.552972   12.364990   0.076170
1868.562396   12.343250   0.063650
1868.581607   12.310340   0.108970
1868.591155   12.355840   0.086410
1868.600545   12.310860   0.102880
1869.239644   12.372990   0.058140
1869.249027   12.369840   0.057850
1869.258676   12.384050   0.063490
1869.268460   12.303920   0.071630
1869.278238   12.288210   0.083490
1869.287800   12.283790   0.078590
1869.297392   12.247270   0.085280
1869.307040   12.352860   0.091920
1869.316570   12.317180   0.066100
1869.326588   12.323630   0.115080
1869.336288   12.319400   0.064800
1869.345989   12.315150   0.070300
1870.219778   12.322340   0.013110
1870.229270   12.319020   0.013400
1870.238762   12.326140   0.014610
1870.248135   12.324170   0.013970
1870.257691   12.318940   0.015530
1870.267266   12.320140   0.014950
1870.276950   12.328850   0.015190
1870.286498   12.322040   0.015650
1870.295849   12.325340   0.014720
1870.305565   12.330920   0.015470
1870.315197   12.328270   0.017090
1870.325274   12.319880   0.017610
1870.335174   12.322050   0.016630
1870.344892   12.320560   0.017550
1870.354573   12.322850   0.020090
1870.364104   12.323650   0.025690
1870.373603   12.318210   0.025520
1870.383600   12.350590   0.028230
1870.393243   12.318730   0.035350
1870.402820   12.345420   0.046980
1870.412418   12.346890   0.044810
1870.421719   12.358710   0.044980
1870.431056   12.355330   0.048620
1870.440608   12.337750   0.037890
1870.448993   12.339950   0.032450
1870.456179   12.327770   0.032690
1870.461756   12.354320   0.040900
1870.466593   12.370540   0.048500
1870.470290   12.343140   0.039470
1870.474034   12.334230   0.047770
1870.476825   12.327990   0.051270
1870.478569   12.328290   0.048750
1870.480341   12.315070   0.046430
1870.482097   12.350850   0.049550
1870.483838   12.359000   0.051810
1870.485602   12.335430   0.049580
1871.136689   12.317440   0.015880
1871.146179   12.308790   0.014660
1871.155384   12.323990   0.014720
1871.164955   12.313890   0.016170
1871.174269   12.324010   0.015990
1871.183469   12.320490   0.016810
1871.192872   12.313380   0.015990
1871.202392   12.320960   0.016690
1871.211865   12.300220   0.020090
1871.221273   12.300680   0.019340
1871.230922   12.323750   0.017030
1871.240394   12.313540   0.016920
1871.250018   12.338890   0.017960
1871.259511   12.345620   0.017030
1871.269122   12.321030   0.017210
1871.278903   12.329160   0.016920
1871.288648   12.334740   0.018190
1871.298226   12.332870   0.017610
1871.307789   12.320960   0.018710
1871.317562   12.324450   0.019180
1871.327342   12.302690   0.019740
1871.337079   12.333250   0.021540
1871.346725   12.333530   0.022760
1871.356495   12.316320   0.021190
1871.366277   12.314630   0.024080
1871.375944   12.339000   0.023960
1871.385808   12.347480   0.026100
1871.395399   12.335170   0.027950
1871.404882   12.315120   0.031120
1871.414342   12.319150   0.030790
1871.423744   12.328310   0.030140
1871.433495   12.309700   0.029800
1871.442405   12.335750   0.028060
1871.449670   12.304890   0.028930
1871.455742   12.303040   0.028520
1871.461191   12.316640   0.031270
1871.465968   12.344210   0.030200
1871.469461   12.330480   0.029910
1871.472994   12.314970   0.030030
1871.476070   12.335210   0.028870
1871.477819   12.304580   0.028180
1871.479709   12.318440   0.028640
1871.481438   12.333510   0.028930
1871.550420   12.321440   0.033320
1871.559908   12.338890   0.033620
1871.569340   12.319560   0.033030
1871.578835   12.339810   0.036570
1871.588334   12.338930   0.041210
1871.597765   12.298190   0.050170
1871.607264   12.328330   0.054200
1871.616819   12.278060   0.064470
1871.626324   12.346520   0.068150
1872.324463   12.322030   0.017030
1872.334315   12.303680   0.017320
1872.344041   12.308850   0.017320
1872.353623   12.327160   0.017500
1872.363427   12.326790   0.017210
1872.373279   12.312340   0.016860
1872.383099   12.336220   0.017380
1872.392766   12.323990   0.017260
1872.402203   12.323120   0.017610
1872.412032   12.325540   0.018420
1872.421585   12.316710   0.018770
1872.431130   12.328630   0.020320
1872.439874   12.313490   0.019690
1872.447517   12.321450   0.019860
1872.454162   12.313910   0.020210
1872.459603   12.315690   0.022120
1872.463903   12.332040   0.022580
1872.467716   12.293140   0.021830
1872.470496   12.312140   0.021710
1872.473152   12.310840   0.022000
1872.474857   12.325930   0.022630
1872.476617   12.330620   0.022990
1872.478370   12.327710   0.022810
1872.480228   12.334270   0.022580
1872.541663   12.348970   0.028470
1872.550845   12.313410   0.028180
1872.560270   12.344230   0.030210
1872.569828   12.319620   0.032750
1872.579400   12.346340   0.033670
1872.588943   12.317610   0.039510
1872.598488   12.333390   0.041920
1872.608116   12.299500   0.047420
1872.617527   12.337440   0.055550
1872.627101   12.329960   0.066030
1872.636625   12.303750   0.075930
1872.646041   12.353370   0.084900
1873.229437   12.288220   0.018940
1873.238826   12.317320   0.020150
1873.248403   12.317240   0.019630
1873.258009   12.313710   0.019630
1873.267456   12.320570   0.020320
1873.276959   12.317520   0.020330
1873.286788   12.326000   0.020960
1873.296275   12.325440   0.021650
1873.305896   12.319790   0.023750
1873.315548   12.319690   0.023740
1873.325684   12.320480   0.023850
1873.335346   12.301410   0.026520
1873.344943   12.332560   0.026680
1873.354842   12.291510   0.025120
1873.364691   12.328800   0.027890
1873.374458   12.342450   0.026500
1873.383960   12.328410   0.023620
1873.393856   12.307290   0.024770
1873.403606   12.316930   0.026460
1873.413210   12.306610   0.030490
1873.422938   12.327460   0.029620
1873.432622   12.326150   0.026740
1873.441010   12.336480   0.024420
1873.447044   12.334170   0.024080
1873.453044   12.324680   0.024770
1873.457630   12.294730   0.024430
1873.462090   12.312690   0.025120
1873.465548   12.312960   0.025400
1873.468261   12.314080   0.025520
1873.470892   12.301460   0.026740
1873.472722   12.319740   0.025690
1873.474437   12.327070   0.025580
1873.476606   12.328920   0.036790
1873.539458   12.300610   0.098160
1873.548852   12.348800   0.079020
1873.558313   12.293570   0.063200
1873.567696   12.391870   0.062270
1873.577180   12.356560   0.069010
1873.586745   12.338830   0.054370
1873.596227   12.314810   0.076960
1873.605773   12.301220   0.072720
1873.615321   12.379530   0.067590
1873.624816   12.393870   0.071620
1874.032527   12.320860   0.013280
1874.041923   12.319830   0.013910
1874.051714   12.319910   0.013860
1874.061193   12.312030   0.013510
1874.070741   12.323560   0.014320
1874.080230   12.311800   0.014320
1874.089638   12.327600   0.014260
1874.098984   12.316970   0.014550
1874.108441   12.322320   0.014380
1874.117749   12.321510   0.015130
1874.127103   12.319150   0.015130
1874.136654   12.309980   0.015420
1874.145982   12.325970   0.015820
1874.155173   12.319330   0.016920
1874.164605   12.323430   0.018530
1874.174153   12.334090   0.021940
1874.183645   12.312790   0.027610
1874.193053   12.317800   0.037830
1874.202515   12.317400   0.037020
1874.212179   12.302800   0.040090
1874.222051   12.311760   0.037070
1874.593715   12.346830   0.072250
1874.603390   12.335860   0.063630
1874.613039   12.317180   0.078910
1876.992585   12.321020   0.013920
1877.002277   12.314420   0.013970
1877.012009   12.315530   0.014840
1877.021623   12.321290   0.014430
1877.031340   12.307630   0.015820
1877.041094   12.319100   0.015710
1877.050632   12.320760   0.013680
1877.060512   12.321820   0.014320
1877.070280   12.323040   0.014720
1877.080037   12.333470   0.015010
1877.089835   12.340460   0.014900
1877.099542   12.316230   0.015990
1877.109324   12.325020   0.018140
1877.119234   12.316970   0.017810
1877.128562   12.309060   0.016820
1877.137988   12.317720   0.016870
1877.147449   12.307030   0.020090
1877.157081   12.316640   0.018770
1877.166514   12.320430   0.017780
1877.175811   12.311190   0.016920
1877.185180   12.308200   0.018300
1877.194638   12.336810   0.016980
1877.204359   12.301870   0.017100
1877.213829   12.330730   0.016220
1877.223290   12.338130   0.017030
1877.232928   12.322080   0.016690
1877.242583   12.311350   0.018710
1877.252102   12.321700   0.019050
1877.261424   12.335480   0.018590
1877.271317   12.325160   0.017160
1877.280810   12.323020   0.015820
1877.290913   12.315030   0.018250
1877.300784   12.307900   0.020960
1877.310552   12.318990   0.017550
1877.320329   12.327570   0.020560
1877.330019   12.319250   0.017450
1877.339609   12.307070   0.016230
1877.349339   12.316410   0.018490
1877.359563   12.321950   0.016400
1877.369289   12.324960   0.017960
1877.379166   12.311500   0.017610
1877.389199   12.314370   0.019980
1877.398748   12.345560   0.022580
1877.408188   12.330050   0.021380
1877.417610   12.339530   0.020210
1877.426444   12.325590   0.018190
1877.433416   12.317200   0.019810
1877.439426   12.341540   0.021310
1877.444578   12.315700   0.021070
1877.449101   12.330590   0.019290
1877.452622   12.315710   0.022360
1877.456119   12.317330   0.019920
1877.458826   12.322200   0.019050
1877.460660   12.332620   0.020150
1877.462441   12.320940   0.019570
1877.464144   12.325920   0.019690
1877.465872   12.336080   0.020790
1877.528546   12.327700   0.024650
1877.538164   12.318460   0.025120
1877.547759   12.323770   0.027490
1877.557433   12.309180   0.028930
1877.566991   12.350550   0.028700
1877.956588   12.312180   0.023060
1877.966360   12.317300   0.019690
1877.975795   12.323900   0.015760
1877.985575   12.343420   0.014380
1877.995071   12.332680   0.013630
1878.004964   12.331710   0.013510
1878.014335   12.347530   0.014550
1878.023915   12.327990   0.011740
1878.033403   12.325790   0.013340
1878.042881   12.327580   0.013160
1878.052477   12.330530   0.014950
1878.062202   12.331150   0.014430
1878.072038   12.331570   0.014840
1878.081838   12.325660   0.015300
1878.091595   12.328580   0.014380
1878.101204   12.322040   0.014720
1878.111056   12.337590   0.015420
1878.120475   12.330100   0.015470
1878.129972   12.314930   0.016570
1878.139452   12.310260   0.018770
1878.148981   12.326600   0.031410
1878.158293   12.325900   0.027960
1878.167692   12.318330   0.016980
1878.177309   12.329540   0.016630
1878.186872   12.325060   0.021020
1878.196273   12.320570   0.020440
1878.206054   12.317170   0.023730
1878.215833   12.309700   0.025470
1878.225557   12.324040   0.025350
1878.235117   12.324180   0.021310
1878.244657   12.333400   0.021830
1878.254352   12.314520   0.022810
1878.263984   12.319430   0.025000
1878.273770   12.336640   0.025990
1878.283405   12.346320   0.027610
1878.293079   12.318070   0.026270
1878.302887   12.335770   0.032510
1878.312828   12.311470   0.034190
1878.322431   12.320230   0.033140
1878.332111   12.316540   0.034530
1878.342126   12.296190   0.025260
1878.351898   12.319020   0.027830
1878.361666   12.334590   0.026560
1878.371492   12.343740   0.027370
1878.381052   12.316930   0.030900
1878.390611   12.300370   0.023220
1878.400035   12.326980   0.028120
1878.409523   12.318280   0.027430
1878.419250   12.316610   0.030960
1878.427139   12.329120   0.031870
1878.434256   12.337140   0.026020
1878.439734   12.341300   0.030770
1878.444205   12.312170   0.025070
1878.448555   12.332960   0.026090
1878.452064   12.326430   0.030790
1878.454721   12.305160   0.030900
1878.457364   12.327860   0.029280
1878.459093   12.339850   0.031360
1878.460943   12.310150   0.030660
1878.463071   12.324750   0.044010
1878.523903   12.338900   0.033330
1878.533380   12.343590   0.033960
1878.542754   12.339810   0.030900
1878.552323   12.335460   0.033510
1878.561961   12.336720   0.039840
1878.571685   12.330320   0.056030
1878.581234   12.338350   0.048940
1878.590773   12.319310   0.054210
1878.600390   12.313280   0.064820
1878.885725   12.331150   0.039790
1878.896259   12.327340   0.034090
1878.907039   12.323040   0.030540
1878.917827   12.314450   0.030260
1878.928636   12.319590   0.029440
1878.939490   12.322260   0.025690
1878.950209   12.312340   0.021600
1878.960985   12.315100   0.020620
1878.971663   12.307070   0.019230
1878.982256   12.321240   0.019800
1878.992862   12.303070   0.018880
1879.003349   12.326880   0.020550
1879.014056   12.312380   0.020440
1879.024781   12.313830   0.020610
1879.035403   12.306030   0.022800
1879.046338   12.313410   0.023100
1879.056998   12.310030   0.023850
1879.067120   12.311040   0.024250
1879.077625   12.328890   0.024310
1879.087804   12.331120   0.025230
1879.097718   12.321850   0.027250
1879.108265   12.309850   0.028930
1879.118677   12.343350   0.030890
1879.128946   12.301360   0.024890
1879.138951   12.328000   0.029220
1879.148948   12.306990   0.033660
1879.158753   12.315940   0.035350
1879.168681   12.334270   0.035390
1879.178653   12.330870   0.035510
1879.188532   12.329470   0.036490
1879.198658   12.325070   0.037010
1879.208980   12.326390   0.036730
1879.219105   12.328210   0.037240
1879.229198   12.320260   0.038360
1879.239692   12.333410   0.038860
1879.249885   12.315360   0.035970
1879.259988   12.313400   0.038060
1879.270136   12.305950   0.035350
1879.279998   12.343930   0.027720
1879.290256   12.336700   0.033950
1879.300321   12.301070   0.034650
1879.310604   12.303190   0.034360
1879.321132   12.328070   0.034180
1879.331398   12.338840   0.035810
1879.341711   12.343670   0.034990
1879.352168   12.303070   0.036840
1879.362239   12.329380   0.036030
1879.372581   12.307600   0.035400
1879.383093   12.312860   0.020500
1879.393142   12.306720   0.037070
1879.403333   12.306450   0.038980
1879.413718   12.344210   0.040450
1879.422210   12.308860   0.040840
1879.430290   12.302880   0.042580
1879.436891   12.294380   0.043260
1879.441492   12.329430   0.045320
1879.445571   12.314730   0.043270
1879.449457   12.371340   0.045270
1879.452342   12.313000   0.036210
1879.454194   12.344510   0.047670
1879.456055   12.326630   0.038260
1879.457932   12.320760   0.046850
1879.460282   12.328320   0.066420
1879.524043   12.336640   0.063310
1879.534146   12.323370   0.063810
1879.544253   12.347060   0.067680
1879.554321   12.338160   0.036800
1879.564508   12.328230   0.067310
1879.574677   12.335860   0.067780
1879.584814   12.299040   0.070510
1879.594935   12.321540   0.072220
1879.605121   12.291030   0.078770
1879.615186   12.369450   0.080630
1879.625350   12.284890   0.084950
1879.885631   12.324430   0.043260
1879.895153   12.301590   0.039840
1879.904711   12.330550   0.029910
1879.914664   12.335630   0.024020
1879.924232   12.317820   0.020220
1879.933937   12.321620   0.017780
1879.943742   12.323530   0.015480
1879.953255   12.318850   0.014380
1879.962965   12.321020   0.013510
1879.972299   12.326740   0.013340
1879.982133   12.312360   0.013740
1879.991480   12.321280   0.014550
1880.001350   12.315200   0.014840
1880.010995   12.304060   0.016580
1880.020489   12.328380   0.016580
1880.030167   12.317900   0.016800
1880.040004   12.323910   0.015820
1880.050020   12.319770   0.016460
1880.059700   12.318380   0.016630
1880.069635   12.326280   0.017330
1880.079469   12.321450   0.017900
1880.089000   12.318820   0.017330
1880.098524   12.323370   0.018650
1880.108072   12.327570   0.019750
1880.117530   12.345010   0.017210
1880.127140   12.346570   0.018530
1880.200091   12.363190   0.021080
1880.209735   12.352000   0.022520
1880.219431   12.333390   0.020850
1880.229324   12.331740   0.018880
1880.238989   12.308950   0.018590
1880.248836   12.313210   0.018300
1880.258298   12.317910   0.019000
1880.267686   12.304180   0.019690
1880.277275   12.315160   0.020160
1880.286928   12.306510   0.023500
1880.306613   12.322720   0.020150
1880.369120   12.325400   0.018940
1880.684731   12.327930   0.056650
1880.693935   12.314830   0.059420
1880.703424   12.292810   0.060450
1880.712965   12.368580   0.072120
1880.722745   12.389750   0.083210
1880.732752   12.293660   0.097880
1880.742961   12.317380   0.071600
1880.967707   12.342810   0.020560
1880.977730   12.317700   0.022060
1880.987626   12.336070   0.017270
1880.997175   12.325570   0.016110
1881.007352   12.319930   0.016750
1881.017262   12.316030   0.017860
1881.027023   12.328500   0.018420
1881.036583   12.321610   0.017960
1881.046307   12.344120   0.018660
1881.055914   12.320670   0.021020
1881.065565   12.322490   0.019930
1881.075352   12.329530   0.021830
1881.085120   12.332830   0.020300
1881.094964   12.314940   0.019410
1881.104801   12.325030   0.017050
1881.114937   12.321030   0.024540
1881.124474   12.326930   0.021500
1881.134326   12.321940   0.022810
1881.143810   12.325850   0.017090
1881.153419   12.298490   0.022700
1881.163015   12.332540   0.020150
1881.171357   12.331770   0.017380
1881.180981   12.324520   0.018590
1881.190627   12.320200   0.015590
1881.200550   12.334180   0.016970
1881.210473   12.323440   0.018010
1881.220305   12.339000   0.019230
1881.230199   12.344390   0.019050
1881.239668   12.329510   0.019810
1881.249328   12.331860   0.019460
1881.258917   12.330580   0.019340
1881.268352   12.342000   0.020090
1881.278189   12.332080   0.019800
1881.288137   12.328160   0.020090
1881.297680   12.318560   0.020320
1881.307337   12.328570   0.020900
1881.317394   12.330060   0.021650
1881.327336   12.323660   0.022290
1881.337373   12.326750   0.022580
1881.347129   12.338880   0.023040
1881.357110   12.319370   0.023040
1881.366722   12.326910   0.023500
1881.376276   12.325650   0.024080
1881.386104   12.319970   0.025060
1881.395996   12.304330   0.024890
1881.405772   12.321800   0.025980
1881.414838   12.310730   0.025520
1881.422098   12.315520   0.026970
1881.428287   12.320990   0.026380
1881.433496   12.325090   0.026960
1881.437835   12.318480   0.027480
1881.441542   12.314060   0.028180
1881.445078   12.325870   0.029390
1881.447777   12.318110   0.028000
1881.449541   12.328430   0.027720
1881.451276   12.331440   0.028360
1881.453055   12.321290   0.028640
1881.455245   12.325640   0.039650
1881.512259   12.342270   0.029850
1881.522032   12.356140   0.032110
1881.531584   12.320170   0.033430
1881.541053   12.320910   0.033560
1881.550943   12.324470   0.034030
1881.560601   12.325040   0.035450
1881.570473   12.330590   0.032790
1881.580253   12.317420   0.040310
1881.589860   12.340270   0.037300
1881.599577   12.341130   0.040590
1881.609472   12.348340   0.037540
1881.619114   12.364340   0.042870
1881.628942   12.340670   0.047290
1881.638590   12.383570   0.050650
1881.648351   12.350160   0.056810
1881.778022   12.395160   0.125370
1881.787777   12.340740   0.103860
1881.797497   12.316490   0.097970
1881.807277   12.324560   0.092110
1881.816745   12.228670   0.075000
1881.826319   12.304120   0.064010
1881.835921   12.294120   0.051980
1881.845731   12.324100   0.043370
1881.855252   12.328610   0.036430
1881.864967   12.341610   0.033600
1881.874874   12.298240   0.029560
1881.884546   12.351610   0.026150
1881.894462   12.348830   0.023330
1881.904494   12.314410   0.019980
1881.914271   12.319340   0.019740
1881.923884   12.329380   0.020150
1881.933466   12.337000   0.018760
1881.943231   12.318800   0.019110
1881.952875   12.313520   0.024130
1881.962633   12.327150   0.026560
1881.972149   12.319780   0.027370
1881.982098   12.323340   0.029510
1881.992169   12.314140   0.036090
1882.001889   12.303430   0.040970
1882.011594   12.299680   0.041040
1882.021627   12.334300   0.032340
1882.031644   12.327110   0.038160
1882.041324   12.285700   0.034600
1882.051198   12.305760   0.030740
1882.060871   12.303310   0.032330
1882.070527   12.318520   0.064470
1882.080330   12.321230   0.025520
1882.090096   12.343370   0.054630
1882.099569   12.249120   0.084330
1882.109365   12.303710   0.046720
1882.121972   12.325380   0.036650
1882.131558   12.311090   0.030320
1882.141120   12.335460   0.047320
1882.150540   12.312290   0.030850
1882.160119   12.328320   0.032050
1882.169652   12.307230   0.032340
1882.179008   12.316750   0.033320
1882.188466   12.343290   0.036490
1882.198063   12.318720   0.045350
1882.208031   12.322180   0.075110
1882.217722   12.297440   0.061300
1882.227231   12.375350   0.054820
1882.236839   12.286970   0.053030
1882.246327   12.346100   0.077620
1882.256107   12.358350   0.071150
1882.266006   12.372610   0.068910
1882.275585   12.310760   0.060170
1882.285301   12.319550   0.056360
1882.295361   12.315720   0.057030
1882.305067   12.268270   0.073790
1882.315073   12.345700   0.094030
1882.325032   12.369480   0.055960
1882.334886   12.310360   0.048770
1882.344919   12.329960   0.060660
1882.354771   12.331540   0.066400
1882.364587   12.350650   0.058300
1882.374737   12.282380   0.054600
1882.394964   12.309150   0.113710
1883.093660   12.335050   0.025130
1883.103366   12.319200   0.041300
1883.112818   12.313370   0.027510
1883.122237   12.309590   0.030610
1883.131900   12.317620   0.025930
1883.141295   12.330180   0.029110
1883.150882   12.334840   0.028960
1883.160374   12.314750   0.031990
1883.169871   12.328630   0.034010
1883.179271   12.322520   0.027310
1883.188727   12.310190   0.026910
1883.198404   12.325060   0.034010
1883.207904   12.330720   0.032530
1883.217549   12.305150   0.034150
1883.226897   12.309990   0.033490
1883.236210   12.339450   0.034800
1883.245790   12.329970   0.033780
1883.255334   12.343080   0.034760
1883.265175   12.335300   0.034080
1883.274780   12.327160   0.036270
1883.284849   12.298100   0.047760
1883.294394   12.342280   0.050230
1883.304305   12.344810   0.045230
1883.314080   12.303040   0.056540
1883.323720   12.342300   0.049060
1883.333437   12.336340   0.040650
1883.343435   12.325090   0.044030
1883.353548   12.313850   0.049570
1883.363493   12.332300   0.039190
1883.373027   12.291320   0.042510
1883.382657   12.294070   0.043780
1883.392439   12.306280   0.042290
1883.402040   12.307750   0.042630
1883.410061   12.339160   0.047020
1883.417485   12.335380   0.047710
1883.423677   12.303830   0.041470
1883.428949   12.319150   0.044360
1883.433300   12.308770   0.053250
1883.436812   12.339620   0.042130
1883.440325   12.292270   0.048990
1883.443180   12.290810   0.044540
1883.444926   12.281350   0.047470
1883.446707   12.335060   0.042760
1883.448508   12.328940   0.043200
1883.507335   12.354000   0.047380
1883.517022   12.347820   0.047460
1883.526655   12.366790   0.053490
1883.536232   12.330630   0.057050
1883.545818   12.320450   0.058340
1883.555341   12.338170   0.055760
1883.565051   12.339240   0.057250
1883.574608   12.310730   0.054930
1883.584302   12.303360   0.055220
1883.593915   12.291970   0.047980
1884.099534   12.333500   0.012480
1884.109140   12.343310   0.012530
1884.118686   12.327480   0.015360
1884.128292   12.316090   0.020050
1884.137551   12.331920   0.013980
1884.147279   12.332850   0.015880
1884.156774   12.337050   0.016740
1884.166197   12.320100   0.020390
1884.175960   12.325770   0.019180
1884.185414   12.321980   0.017670
1884.194977   12.336520   0.014720
1884.204574   12.338020   0.015470
1884.214174   12.332670   0.014260
1884.223839   12.334120   0.016750
1884.233272   12.335400   0.022690
1884.242628   12.343680   0.013280
1884.252195   12.325310   0.012880
1884.261682   12.330340   0.013160
1884.271201   12.327960   0.013050
1884.280876   12.336990   0.014320
1884.290846   12.336110   0.015360
1884.300573   12.347470   0.016810
1884.310420   12.338050   0.024680
1884.320206   12.323940   0.015940
1884.330156   12.335060   0.016220
1884.340081   12.333470   0.019690
1884.350052   12.328550   0.018770
1884.360119   12.346110   0.015940
1884.370060   12.319050   0.016110
1884.379738   12.326690   0.017440
1884.389528   12.321560   0.013860
1884.399065   12.328580   0.014490
1884.406881   12.337190   0.016860
1884.413865   12.317230   0.019650
1884.420368   12.324220   0.022390
1884.425635   12.323580   0.015300
1884.430150   12.323570   0.013860
1884.433678   12.314500   0.015650
1884.437202   12.312220   0.015420
1884.439908   12.318420   0.016170
1884.441669   12.314490   0.015650
1884.443407   12.322890   0.015360
1884.445186   12.317840   0.014840
1884.446926   12.318300   0.020820
1884.503638   12.304600   0.014200
1884.513187   12.326120   0.017120
1884.522993   12.312730   0.014210
1884.532900   12.312250   0.012990
1884.542819   12.325920   0.016240
1884.552706   12.319750   0.018830
1884.562458   12.320590   0.011950
1884.572213   12.315840   0.015190
1884.581820   12.309730   0.012360
1884.591479   12.324580   0.015760
1884.600983   12.316260   0.014150
1884.610820   12.316890   0.013220
1884.886961   12.336670   0.032390
1884.896459   12.358930   0.035270
1884.906042   12.327480   0.033850
1884.915643   12.321490   0.042450
1884.925737   12.317280   0.030660
1884.935570   12.298510   0.043260
1884.945448   12.328590   0.033540
1884.954875   12.291470   0.036680
1884.964329   12.307520   0.035360
1884.974229   12.325040   0.042320
1884.983546   12.324330   0.040530
1884.993441   12.332420   0.036680
1885.003341   12.331900   0.034300
1885.013229   12.295560   0.042350
1885.022911   12.325260   0.040960
1885.032502   12.330120   0.045750
1885.042137   12.321200   0.046780
1885.052183   12.318870   0.045330
1885.061957   12.336230   0.053000
1885.071678   12.314660   0.054160
1885.081285   12.323390   0.061180
1885.090973   12.268810   0.057950
1885.100847   12.302380   0.057390
1885.278794   12.336550   0.030960
1885.288696   12.342990   0.041140
1885.298475   12.332450   0.033090
1885.308250   12.322590   0.033910
1885.318087   12.336040   0.034930
1885.328301   12.284900   0.040650
1885.338173   12.370700   0.058220
1885.347960   12.305500   0.048560
1885.357853   12.335460   0.052250
1885.367578   12.343490   0.053250
1885.377344   12.329280   0.064670
1885.386938   12.319980   0.067250
1885.396599   12.325900   0.057140
1885.404395   12.349690   0.048860
1885.411445   12.342640   0.056520
1885.417511   12.324930   0.060010
1885.422892   12.339480   0.062880
1885.427461   12.331900   0.059840
1885.430989   12.327870   0.045960
1885.434637   12.305810   0.055540
1885.437356   12.325720   0.055440
1885.439093   12.335430   0.054450
1885.440855   12.298630   0.053350
1885.442624   12.314040   0.049600
1885.444416   12.317900   0.048970
1885.502228   12.334700   0.054540
1885.511985   12.331720   0.075970
1885.521821   12.325570   0.058080
1885.531512   12.345210   0.055200
1885.541243   12.356360   0.062660
1885.551133   12.331580   0.052150
1885.560860   12.326360   0.051450
1885.570601   12.331530   0.050410
1885.580236   12.311990   0.061660
1885.590133   12.337510   0.043920
1886.072366   12.334240   0.011890
1886.082057   12.329590   0.012640
1886.091456   12.322970   0.013160
1886.101064   12.329010   0.013630
1886.110701   12.326120   0.013340
1886.120214   12.324790   0.013510
1886.129544   12.326660   0.014260
1886.138882   12.320220   0.014780
1886.148233   12.329750   0.014430
1886.157943   12.322520   0.015010
1886.167550   12.312580   0.017290
1886.177101   12.322820   0.016800
1886.186997   12.330510   0.017610
1886.196609   12.333920   0.018530
1886.206153   12.305390   0.020610
1886.215757   12.324980   0.021540
1886.225422   12.319110   0.029220
1886.234829   12.306770   0.029450
1886.244630   12.300190   0.028990
1886.254426   12.326030   0.021540
1886.263771   12.325620   0.017030
1886.273578   12.331640   0.029100
1886.283270   12.340260   0.016920
1886.293134   12.325580   0.017730
1886.303115   12.326250   0.020730
1886.312914   12.320390   0.018480
1886.322818   12.337420   0.019050
1886.332859   12.311930   0.019280
1886.342543   12.319370   0.018130
1886.352534   12.325800   0.018530
1886.362281   12.317990   0.019920
1886.372003   12.311350   0.021420
1886.381496   12.304640   0.021830
1886.391198   12.325620   0.023730
1886.399994   12.324160   0.023750
1886.408171   12.306820   0.024780
1886.414363   12.319380   0.031580
1886.419581   12.302520   0.031580
1886.423873   12.350160   0.029800
1886.427459   12.321960   0.028190
1886.431086   12.313490   0.027250
1886.433748   12.322530   0.030820
1886.435540   12.311390   0.032110
1886.437293   12.332570   0.027950
1886.439058   12.332370   0.028120
1886.441348   12.321350   0.060550
