1863.169882   13.158170   0.036100
1863.179028   13.162150   0.038700
1863.188111   13.185200   0.047760
1863.197263   13.170940   0.041860
1863.206453   13.138160   0.041130
1863.215516   13.166730   0.048610
1863.224486   13.177730   0.046940
1863.233708   13.149810   0.050150
1863.243026   13.157550   0.050200
1863.252052   13.145910   0.047690
1863.260978   13.154630   0.042680
1863.270074   13.185630   0.050980
1863.279229   13.170780   0.046080
1863.288341   13.154330   0.043900
1863.297662   13.160960   0.039840
1863.306748   13.202230   0.045850
1863.315898   13.153850   0.046140
1863.325261   13.160870   0.045820
1863.334632   13.166230   0.047290
1863.344416   13.172920   0.043360
1863.353962   13.191850   0.045460
1863.363511   13.169100   0.039440
1863.372640   13.181700   0.035980
1863.381795   13.190850   0.037810
1863.391577   13.189260   0.039730
1863.400670   13.189070   0.040490
1863.410157   13.149640   0.041110
1863.419415   13.196990   0.043830
1863.428728   13.174000   0.045520
1863.438171   13.158240   0.044940
1863.447725   13.182360   0.048820
1863.457038   13.190240   0.056420
1863.464667   13.178650   0.072840
1863.471563   13.133730   0.075500
1863.477686   13.172500   0.063210
1863.482900   13.198130   0.064160
1863.487037   13.161810   0.071330
1863.490505   13.154490   0.067090
1863.494064   13.152180   0.069000
1863.496621   13.203660   0.073100
1863.498272   13.132500   0.069680
1863.500087   13.174790   0.078990
1863.501889   13.237010   0.074070
1863.503937   13.163870   0.101300
1864.122118   13.172040   0.029100
1864.131216   13.170640   0.038220
1864.140349   13.159920   0.034900
1864.149328   13.173300   0.035540
1864.158727   13.164980   0.032290
1864.168077   13.186120   0.044570
1864.177441   13.204530   0.039470
1864.186471   13.196620   0.030830
1864.195786   13.179160   0.040130
1864.204761   13.175340   0.034820
1864.213956   13.203010   0.033200
1864.223275   13.180710   0.031930
1864.232312   13.175180   0.039780
1864.241734   13.186140   0.040420
1864.250994   13.180710   0.034480
1864.260292   13.184310   0.040010
1864.269452   13.179600   0.035640
1864.278712   13.175020   0.041520
1864.288040   13.180850   0.041690
1864.297228   13.168620   0.038520
1864.306786   13.169890   0.040490
1864.315982   13.164760   0.042620
1864.325240   13.154490   0.040950
1864.334830   13.147700   0.038570
1864.344223   13.172440   0.053950
1864.353629   13.126960   0.054610
1864.362884   13.185100   0.059560
1864.372284   13.239010   0.071540
1864.381718   13.171560   0.059310
1864.391386   13.182320   0.053190
1864.401175   13.141390   0.061560
1864.410777   13.191690   0.058350
1864.420158   13.162840   0.056700
1864.429378   13.193740   0.064420
1864.438639   13.200560   0.073280
1864.448098   13.192300   0.077370
1864.457409   13.165340   0.085490
1864.465120   13.222240   0.080390
1864.472313   13.167320   0.089110
1864.477494   13.170260   0.114270
1864.492140   13.147910   0.103420
1865.081649   13.201650   0.049610
1865.090914   13.201620   0.049750
1865.103000   13.192030   0.044860
1865.112265   13.154330   0.044000
1865.121493   13.144600   0.054020
1865.180915   13.185310   0.030610
1865.189934   13.168170   0.024140
1865.199137   13.159080   0.030200
1865.208040   13.176450   0.024130
1865.217207   13.162480   0.036990
1865.226382   13.164650   0.034910
1865.235932   13.174960   0.037280
1865.245886   13.183510   0.040220
1865.255783   13.188060   0.038870
1865.265750   13.164640   0.050830
1865.275774   13.164130   0.043500
1865.285892   13.165010   0.039750
1865.295973   13.169610   0.043940
1865.306185   13.150780   0.043080
1865.316145   13.131870   0.043010
1865.326150   13.166260   0.048090
1865.336276   13.144300   0.055850
1865.346577   13.151450   0.049310
1865.356675   13.174070   0.048340
1865.366659   13.155720   0.054050
1865.376904   13.173690   0.050490
1865.387088   13.199380   0.053320
1865.397153   13.172600   0.056330
1865.407149   13.215950   0.053580
1865.417333   13.188500   0.050290
1865.427630   13.144430   0.053410
1865.437669   13.164460   0.051300
1865.448171   13.142470   0.065710
1865.457324   13.170970   0.068940
1865.465615   13.180850   0.077840
1865.471988   13.229610   0.093020
1865.477591   13.179130   0.108150
1865.482335   13.153530   0.093280
1865.486159   13.223660   0.108510
1865.489785   13.145830   0.089520
1865.492667   13.200800   0.091720
1865.494427   13.094370   0.086640
1865.496283   13.169520   0.080650
1865.498551   13.241550   0.138550
1866.165339   13.183910   0.026150
1866.174723   13.182400   0.027020
1866.184057   13.182290   0.027610
1866.193410   13.166700   0.027790
1866.202706   13.177760   0.029390
1866.212035   13.200780   0.029340
1866.221409   13.167870   0.029040
1866.230791   13.174700   0.028810
1866.240551   13.170000   0.028750
1866.250004   13.172980   0.028520
1866.259354   13.181880   0.030950
1867.193045   13.180890   0.019750
1867.202355   13.173970   0.020380
1867.211516   13.175860   0.020730
1867.220585   13.170350   0.021770
1867.230131   13.168230   0.022000
1867.239707   13.171130   0.022000
1867.249230   13.178630   0.021530
1867.258785   13.178000   0.021940
1867.268385   13.190080   0.022580
1867.277702   13.186810   0.023380
1867.287153   13.177130   0.023340
1867.296854   13.179740   0.023620
1867.306121   13.181960   0.023900
1867.315500   13.189680   0.024190
1867.325094   13.173060   0.024650
1867.334502   13.173860   0.025930
1867.344482   13.178640   0.027680
1867.354030   13.175180   0.027020
1867.363492   13.162150   0.031780
1867.372735   13.188330   0.028780
1867.382212   13.180580   0.028940
1867.391671   13.170850   0.033040
1867.401392   13.178420   0.030660
1867.410805   13.179950   0.030160
1867.420288   13.166050   0.037260
1867.429722   13.166000   0.039980
1867.439192   13.151650   0.038860
1867.448574   13.208920   0.042040
1867.456168   13.185750   0.034660
1867.463320   13.181580   0.035580
1867.469421   13.146770   0.037490
1867.473939   13.188810   0.030720
1867.478291   13.166460   0.027550
1867.481655   13.173220   0.028810
1867.484335   13.142620   0.030780
1867.486951   13.171630   0.030430
1867.488639   13.202440   0.032570
1867.490315   13.169460   0.033170
1867.492002   13.193290   0.031830
1867.493724   13.155560   0.030910
1868.197661   13.173780   0.036050
1868.207123   13.176110   0.035630
1868.216495   13.241670   0.048430
1868.225986   13.215370   0.042030
1868.235811   13.197170   0.050280
1868.245580   13.181060   0.048100
1868.255259   13.180500   0.050780
1868.264815   13.209080   0.049370
1868.274279   13.172230   0.052140
1868.283929   13.157520   0.050950
1868.293537   13.218300   0.070240
1868.303104   13.128760   0.085680
1868.312574   13.121500   0.077860
1868.322548   13.179390   0.056890
1868.332083   13.187920   0.054050
1868.341800   13.212210   0.056190
1868.351466   13.217830   0.076280
1868.360837   13.175920   0.073670
1868.370659   13.169550   0.067230
1868.380417   13.234060   0.068680
1868.390367   13.196280   0.062940
1868.399668   13.199760   0.065710
1868.409622   13.191040   0.068810
1868.419023   13.163820   0.062940
1868.428372   13.177610   0.066930
1868.437691   13.148760   0.064040
1868.446987   13.170530   0.068870
1868.454949   13.213600   0.069970
1868.461066   13.206390   0.073420
1868.467151   13.214890   0.076800
1868.471440   13.209000   0.075290
1868.475710   13.208830   0.090110
1868.479187   13.146410   0.090920
1868.481793   13.136930   0.082380
1868.484421   13.128750   0.080640
1868.486154   13.180600   0.079140
1868.487874   13.139870   0.082040
1868.489584   13.145120   0.091110
1868.491280   13.182550   0.091480
1868.562320   13.130710   0.099380
1869.239644   13.233570   0.108150
1869.249027   13.244870   0.108900
1869.258676   13.164570   0.117210
1869.268384   13.204700   0.105790
1870.219778   13.161630   0.023620
1870.229270   13.165070   0.024370
1870.238762   13.162530   0.026730
1870.248135   13.161700   0.025460
1870.257691   13.162630   0.029400
1870.267266   13.181660   0.028180
1870.276950   13.199080   0.027830
1870.286498   13.169460   0.028470
1870.295849   13.156850   0.027260
1870.305565   13.147570   0.028940
1870.315197   13.166210   0.031990
1870.325274   13.176590   0.032390
1870.335174   13.183910   0.030490
1870.344892   13.186630   0.032220
1870.354573   13.179940   0.038110
1870.364104   13.198720   0.050240
1870.373603   13.153460   0.051750
1870.383600   13.164580   0.058140
1870.393243   13.178550   0.071310
1870.402820   13.219020   0.100080
1870.412418   13.181020   0.087930
1870.421719   13.199340   0.089270
1870.431056   13.156770   0.087760
1870.440608   13.169490   0.073220
1870.448993   13.165630   0.065310
1870.456179   13.138380   0.065550
1870.461756   13.165870   0.080200
1870.466593   13.149780   0.092610
1870.470290   13.201030   0.076080
1870.474034   13.178040   0.096700
1870.476825   13.208910   0.108950
1870.478569   13.140960   0.097060
1870.480341   13.163720   0.085860
1870.482097   13.114990   0.094250
1870.483838   13.162780   0.100930
1870.485602   13.203100   0.094510
1871.136689   13.183680   0.029410
1871.146179   13.169110   0.027890
1871.155384   13.169370   0.028410
1871.164955   13.171660   0.031090
1871.174269   13.183310   0.031010
1871.183469   13.186770   0.033860
1871.192872   13.192550   0.031640
1871.202392   13.189650   0.033380
1871.211865   13.158580   0.039210
1871.221273   13.162680   0.039070
1871.230922   13.201590   0.031930
1871.240394   13.187660   0.031780
1871.250018   13.184570   0.034010
1871.259511   13.171250   0.032620
1871.269122   13.172220   0.033090
1871.278903   13.194370   0.032000
1871.288648   13.212210   0.036100
1871.298226   13.190540   0.035290
1871.307789   13.160760   0.036730
1871.317562   13.166060   0.037280
1871.327342   13.207960   0.036550
1871.337079   13.172630   0.041310
1871.346725   13.177700   0.042730
1871.356495   13.187350   0.040270
1871.366277   13.190410   0.047170
1871.375944   13.186050   0.043940
1871.385808   13.167400   0.049820
1871.395399   13.209940   0.053430
1871.404882   13.180460   0.061380
1871.414342   13.182400   0.055670
1871.423744   13.148030   0.058760
1871.433495   13.145410   0.059090
1871.442405   13.179650   0.053820
1871.449670   13.190770   0.055140
1871.455742   13.146420   0.055880
1871.461191   13.174040   0.061500
1871.465968   13.151080   0.057330
1871.469461   13.145580   0.059690
1871.472994   13.169800   0.058510
1871.476070   13.189890   0.054910
1871.477819   13.151210   0.053800
1871.479709   13.144280   0.053680
1871.481438   13.151060   0.052200
1871.550420   13.165630   0.059470
1871.559908   13.162490   0.061900
1871.569340   13.132640   0.065640
1871.578835   13.168270   0.073240
1871.588334   13.086570   0.080030
1871.597765   13.144730   0.099270
1871.607264   13.194590   0.111390
1871.616819   13.200240   0.122060
1872.324463   13.161650   0.033050
1872.334315   13.171480   0.035930
1872.344041   13.203000   0.035290
1872.353623   13.144130   0.034830
1872.363427   13.174180   0.033330
1872.373279   13.181970   0.032230
1872.383099   13.175950   0.033280
1872.392766   13.179480   0.031990
1872.402203   13.150610   0.035180
1872.412032   13.179420   0.035940
1872.421585   13.180890   0.035560
1872.431130   13.155300   0.037240
1872.439874   13.161730   0.037240
1872.447517   13.166010   0.037360
1872.454162   13.183130   0.039030
1872.459603   13.162010   0.043720
1872.463903   13.148210   0.042630
1872.467716   13.179900   0.042110
1872.470496   13.147800   0.041280
1872.473152   13.169990   0.042390
1872.474857   13.166250   0.042030
1872.476617   13.165600   0.043320
1872.478370   13.188020   0.043530
1872.480228   13.167190   0.043070
1872.541663   13.157960   0.052950
1872.550845   13.175470   0.055780
1872.560193   13.159040   0.047020
1872.569828   13.135810   0.061090
1872.579400   13.155840   0.061320
1872.588943   13.176880   0.075620
1872.598488   13.194790   0.081490
1872.608116   13.138060   0.094510
1872.617527   13.171370   0.112360
1872.627101   13.065660   0.118860
1873.229437   13.143550   0.037830
1873.238826   13.186230   0.038220
1873.248403   13.183300   0.037140
1873.258009   13.144910   0.037730
1873.267456   13.158650   0.040500
1873.276959   13.175900   0.040290
1873.286788   13.153120   0.040960
1873.296275   13.145270   0.043230
1873.305896   13.151450   0.048620
1873.315548   13.134210   0.047700
1873.325684   13.171700   0.049190
1873.335346   13.184800   0.053740
1873.344943   13.167220   0.055100
1873.354842   13.144920   0.050500
1873.364691   13.186660   0.057690
1873.374458   13.187740   0.054750
1873.383960   13.168100   0.048810
1873.393856   13.147240   0.049890
1873.403606   13.185890   0.051310
1873.413210   13.222960   0.062960
1873.422938   13.193180   0.060160
1873.432622   13.185960   0.051040
1873.441010   13.203210   0.047400
1873.447044   13.182970   0.045280
1873.453044   13.191450   0.046270
1873.457630   13.176130   0.046650
1873.462090   13.137400   0.049880
1873.465548   13.175710   0.048080
1873.468261   13.146950   0.051770
1873.470892   13.175270   0.050870
1873.472722   13.191850   0.047930
1873.474437   13.177430   0.049000
1873.476606   13.190140   0.069250
1873.558313   13.254620   0.124540
1873.567696   13.261460   0.123110
1873.577180   13.273770   0.130720
1873.586745   13.151720   0.109120
1873.596073   13.027410   0.073700
1873.605849   13.094080   0.099510
1873.615321   13.123540   0.123650
1874.032527   13.142680   0.025470
1874.041923   13.155810   0.025750
1874.051714   13.177300   0.026710
1874.061193   13.182540   0.026060
1874.070741   13.181020   0.028710
1874.080230   13.198090   0.026790
1874.089638   13.168130   0.026740
1874.098984   13.191620   0.028250
1874.108441   13.173400   0.027380
1874.117749   13.185230   0.029860
1874.127103   13.178640   0.028590
1874.136654   13.183210   0.028470
1874.145982   13.169610   0.030150
1874.155173   13.193710   0.032920
1874.164605   13.174890   0.035300
1874.174153   13.173850   0.043590
1874.183645   13.175400   0.051590
1874.193053   13.206420   0.071030
1874.202515   13.186050   0.074200
1874.212179   13.182710   0.077810
1874.222051   13.212760   0.069860
1874.593715   13.230130   0.106350
1874.603390   13.132670   0.120940
1874.612962   13.089770   0.104330
1876.992585   13.174170   0.028180
1877.002277   13.165660   0.028640
1877.012009   13.193190   0.030110
1877.021623   13.163500   0.029570
1877.031340   13.165830   0.032630
1877.041094   13.184740   0.031240
1877.050632   13.170050   0.025810
1877.060512   13.184170   0.027680
1877.070280   13.158620   0.029790
1877.080037   13.186210   0.029570
1877.089835   13.171090   0.028310
1877.099542   13.179640   0.032340
1877.109324   13.189090   0.037260
1877.119234   13.155810   0.035650
1877.128562   13.157890   0.033040
1877.137988   13.175310   0.032520
1877.147449   13.199010   0.040720
1877.157081   13.161600   0.039140
1877.166514   13.172680   0.035410
1877.175811   13.151240   0.033620
1877.185180   13.171540   0.037090
1877.194638   13.132290   0.034490
1877.204359   13.167890   0.032470
1877.213829   13.186890   0.032280
1877.223290   13.168840   0.034940
1877.232928   13.179140   0.033780
1877.242583   13.177570   0.037050
1877.252102   13.193870   0.038160
1877.261424   13.180660   0.038230
1877.271317   13.180790   0.034360
1877.280810   13.171090   0.030690
1877.290913   13.154610   0.036850
1877.300784   13.157830   0.041400
1877.310552   13.178680   0.034950
1877.320329   13.187780   0.040180
1877.330019   13.209290   0.034940
1877.339609   13.196930   0.031870
1877.349339   13.173850   0.036890
1877.359563   13.180480   0.031870
1877.369289   13.170410   0.035630
1877.379166   13.192000   0.033040
1877.389199   13.214600   0.040600
1877.398748   13.217850   0.043880
1877.408188   13.187180   0.042280
1877.417610   13.177010   0.037650
1877.426444   13.197380   0.033840
1877.433416   13.181840   0.037860
1877.439426   13.147810   0.042880
1877.444578   13.175620   0.042670
1877.449101   13.196130   0.036320
1877.452622   13.181390   0.043210
1877.456119   13.163320   0.037290
1877.458826   13.172910   0.036370
1877.460660   13.179100   0.037010
1877.462441   13.170360   0.038110
1877.464144   13.159740   0.038400
1877.465872   13.185340   0.041280
1877.528546   13.208060   0.047630
1877.538164   13.197660   0.049080
1877.547759   13.198220   0.050640
1877.557433   13.185360   0.053110
1877.566991   13.177010   0.054500
1877.956588   13.162570   0.046180
1877.966360   13.170310   0.041170
1877.975795   13.175700   0.031060
1877.985575   13.186940   0.027030
1877.995071   13.166450   0.025060
1878.004964   13.169530   0.025060
1878.014182   13.171650   0.015500
1878.023915   13.155480   0.021990
1878.033403   13.174480   0.024600
1878.042728   13.167790   0.014000
1878.052477   13.178160   0.022350
1878.062202   13.189350   0.026740
1878.072038   13.156950   0.022860
1878.081838   13.148790   0.029110
1878.091595   13.153920   0.026450
1878.101204   13.185130   0.027890
1878.111056   13.197120   0.029110
1878.120475   13.147400   0.028700
1878.129972   13.178700   0.031410
1878.139452   13.192800   0.035910
1878.148981   13.141120   0.059620
1878.158293   13.177280   0.053420
1878.167692   13.184070   0.033040
1878.177309   13.197960   0.031060
1878.186872   13.208820   0.041020
1878.196273   13.203190   0.038690
1878.206054   13.141440   0.045970
1878.215833   13.169420   0.046460
1878.225557   13.205720   0.051410
1878.235117   13.157800   0.043440
1878.244657   13.181900   0.044190
1878.254352   13.189130   0.044930
1878.263984   13.156230   0.048050
1878.273770   13.165760   0.050890
1878.283405   13.209450   0.053950
1878.293079   13.159900   0.052430
1878.302887   13.203930   0.062910
1878.312828   13.150150   0.067300
1878.322431   13.173590   0.065560
1878.332111   13.176280   0.065660
1878.342126   13.233180   0.045260
1878.351898   13.188450   0.053030
1878.361666   13.178800   0.049870
1878.371492   13.159260   0.059700
1878.381052   13.137570   0.063000
1878.390611   13.204040   0.043720
1878.400035   13.180180   0.055140
1878.409523   13.167970   0.051530
1878.419250   13.187800   0.058100
1878.427139   13.162430   0.059060
1878.434256   13.130690   0.049710
1878.439734   13.188110   0.060540
1878.444205   13.194130   0.048920
1878.448555   13.185820   0.048940
1878.452064   13.191420   0.056010
1878.454721   13.170720   0.057650
1878.457364   13.168380   0.057400
1878.459093   13.194500   0.056560
1878.460943   13.198780   0.058990
1878.463071   13.180140   0.083030
1878.523826   13.134180   0.048690
1878.533380   13.191580   0.059940
1878.542754   13.225560   0.056700
1878.552323   13.163350   0.065750
1878.561961   13.173670   0.066570
1878.571685   13.192350   0.103650
1878.581234   13.148750   0.088950
1878.590773   13.132890   0.097160
1878.600390   13.156640   0.077900
1878.885725   13.175290   0.087230
1879.003195   13.142700   0.021800
1879.087957   13.144430   0.026100
1879.097794   13.123260   0.045250
1879.118677   13.159020   0.062620
1879.148872   13.121090   0.057600
1879.178653   13.197420   0.072560
1879.198658   13.188670   0.074900
1879.219105   13.155930   0.079120
1879.239692   13.188110   0.074710
1879.259988   13.169950   0.068310
1879.270289   13.206460   0.036600
1879.279998   13.175240   0.052730
1879.290180   13.147820   0.058600
1879.300321   13.206940   0.069880
1879.310604   13.163660   0.070540
1879.321132   13.150350   0.068790
1879.331398   13.212110   0.068680
1879.341711   13.159060   0.069800
1879.352168   13.182430   0.073440
1879.362239   13.127490   0.069890
1879.372581   13.209090   0.071410
1879.383093   13.194570   0.037800
1879.393142   13.171220   0.056090
1879.403333   13.211450   0.068250
1879.413718   13.142570   0.076580
1879.422210   13.190890   0.077320
1879.430366   13.172070   0.064530
1879.436891   13.202990   0.066870
1879.441492   13.138990   0.084640
1879.445571   13.166880   0.088170
1879.449457   13.166620   0.085070
1879.452342   13.152000   0.072660
1879.454194   13.237610   0.088040
1879.456055   13.177270   0.075660
1879.457932   13.227080   0.090490
1879.459732   13.167660   0.074320
1879.460754   13.114010   0.083730
1879.524043   13.167170   0.114270
1879.534146   13.260450   0.123180
1879.544253   13.114010   0.124170
1879.554321   13.213140   0.075100
1879.564508   13.180560   0.128420
1879.574600   13.221930   0.110960
1879.584891   13.177140   0.108730
1879.595012   13.117360   0.107130
1879.605121   13.022290   0.076300
1879.885631   13.204930   0.099660
1879.895153   13.127060   0.080890
1879.904711   13.205940   0.068290
1879.914664   13.156730   0.054360
1879.924232   13.132370   0.024200
1879.991326   13.154780   0.017000
1880.010995   13.157890   0.034410
1880.020489   13.173300   0.033850
1880.030167   13.177380   0.035330
1880.040004   13.173120   0.033160
1880.050020   13.178420   0.033040
1880.059700   13.172330   0.035280
1880.069635   13.164310   0.035470
1880.079469   13.145210   0.037880
1880.089000   13.162700   0.036500
1880.098524   13.183920   0.036720
1880.108072   13.156790   0.040720
1880.117530   13.141910   0.035510
1880.127140   13.185350   0.038740
1880.200091   13.209380   0.044000
1880.209735   13.183420   0.045160
1880.219431   13.170710   0.041110
1880.229324   13.176900   0.037360
1880.238989   13.178810   0.038050
1880.248836   13.195450   0.037700
1880.258298   13.185120   0.038400
1880.267686   13.174140   0.040480
1880.277275   13.168660   0.040650
1880.286928   13.165920   0.047130
1880.306613   13.155940   0.040990
1880.369120   13.165090   0.036670
1880.684731   13.208440   0.110040
1880.693935   13.194050   0.109210
1880.703424   13.042800   0.114300
1880.967707   13.214990   0.045090
1880.977730   13.159750   0.045380
1880.987626   13.138930   0.036320
1880.997175   13.188360   0.034830
1881.007352   13.188040   0.036170
1881.017262   13.182050   0.036790
1881.027023   13.187430   0.038690
1881.036583   13.187310   0.037530
1881.046307   13.148630   0.037700
1881.055914   13.186860   0.043190
1881.065565   13.183540   0.041810
1881.075352   13.166420   0.043240
1881.085120   13.189610   0.041210
1881.094964   13.171550   0.040710
1881.104801   13.171150   0.033180
1881.114937   13.159210   0.047360
1881.124474   13.162700   0.042440
1881.134326   13.162720   0.045460
1881.143810   13.166900   0.033540
1881.153419   13.150000   0.044940
1881.163015   13.179900   0.040730
1881.171357   13.166880   0.034550
1881.180981   13.190260   0.036730
1881.190627   13.191130   0.030380
1881.200550   13.167520   0.032100
1881.210473   13.209760   0.037010
1881.220305   13.187670   0.038010
1881.230199   13.180490   0.038110
1881.239668   13.183900   0.039710
1881.249328   13.182550   0.038940
1881.258917   13.184560   0.037440
1881.268352   13.157900   0.040770
1881.278189   13.178420   0.041340
1881.288137   13.166340   0.042490
1881.297680   13.176980   0.040480
1881.307337   13.179110   0.042220
1881.317394   13.164270   0.042870
1881.327336   13.193620   0.044580
1881.337373   13.192670   0.048450
1881.347129   13.165580   0.045070
1881.357110   13.161450   0.044700
1881.366722   13.185920   0.047880
1881.376276   13.156710   0.050030
1881.386104   13.193190   0.054930
1881.395996   13.162710   0.052330
1881.405772   13.176340   0.052450
1881.414838   13.198040   0.051450
1881.422098   13.182820   0.056690
1881.428287   13.196430   0.052770
1881.433496   13.161660   0.055840
1881.437835   13.184570   0.054850
1881.441542   13.194320   0.057000
1881.445078   13.168220   0.058620
1881.447777   13.177420   0.056580
1881.449541   13.174940   0.055700
1881.451276   13.164990   0.059020
1881.453055   13.145860   0.061150
1881.455245   13.161870   0.079280
1881.512259   13.159180   0.057680
1881.522032   13.160580   0.059590
1881.531584   13.177020   0.060770
1881.541053   13.191970   0.061110
1881.550943   13.184270   0.061730
1881.560601   13.172660   0.061430
1881.570473   13.209050   0.064610
1881.580253   13.189150   0.071620
1881.589860   13.207120   0.068700
1881.599577   13.144390   0.074760
1881.609472   13.199260   0.068600
1881.619114   13.158440   0.081730
1881.628942   13.167180   0.092470
1881.638590   13.216040   0.098270
1881.648351   13.245680   0.110110
1881.826319   13.231940   0.111730
1881.835921   13.204480   0.105860
1881.845731   13.216810   0.095200
1881.855252   13.206390   0.080850
1881.864891   13.120470   0.058050
1881.875027   13.156280   0.038800
1881.894462   13.120520   0.026600
1881.904494   13.185620   0.032110
1881.914195   13.169310   0.034090
1881.972149   13.174830   0.057920
1881.992169   13.090900   0.073030
1882.001966   13.188260   0.068380
1882.011594   13.205020   0.051900
1882.021627   13.180950   0.065520
1882.031644   13.198970   0.073310
1882.041324   13.179100   0.071310
1882.051198   13.177110   0.065450
1882.060871   13.165330   0.069300
1882.070527   13.146980   0.113230
1882.080330   13.145920   0.053650
1882.090096   13.213960   0.106760
1882.109365   13.173740   0.089740
1882.121972   13.113850   0.073070
1882.131558   13.164060   0.061560
1882.141120   13.215460   0.094180
1882.150540   13.204160   0.064860
1882.160119   13.198530   0.066820
1882.169652   13.132060   0.069460
1882.179008   13.213740   0.070050
1882.188466   13.179150   0.075370
1882.198063   13.182250   0.085860
1882.208031   13.104550   0.067000
1882.217722   13.198160   0.113470
1882.227231   13.191720   0.103060
1882.236839   13.277580   0.083930
1882.256030   13.139170   0.090090
1882.266006   13.218150   0.118630
1882.275585   13.219570   0.115870
1882.285301   13.188000   0.111050
1882.295361   13.188190   0.109960
1882.304914   13.127590   0.066300
1882.325032   13.077760   0.106180
1882.334886   13.245540   0.101580
1882.344919   13.117750   0.107640
1882.354694   13.178930   0.090510
1882.364587   13.122580   0.102790
1882.374737   13.099410   0.101170
1883.093660   13.159130   0.051220
1883.103366   13.169750   0.075040
1883.112818   13.154090   0.053210
1883.122237   13.218670   0.059730
1883.131900   13.124430   0.050700
1883.141295   13.129760   0.057810
1883.150882   13.156600   0.061840
1883.160374   13.178760   0.066400
1883.169871   13.134100   0.068620
1883.179271   13.185280   0.053260
1883.188727   13.191270   0.053660
1883.198404   13.175080   0.065710
1883.207904   13.150920   0.063260
1883.217549   13.171680   0.067000
1883.226897   13.144580   0.068900
1883.236210   13.182430   0.070480
1883.245790   13.183560   0.067960
1883.255334   13.193230   0.070440
1883.265175   13.163470   0.071960
1883.274780   13.205100   0.074200
1883.284849   13.119510   0.086610
1883.294394   13.177830   0.097760
1883.304305   13.275660   0.094760
1883.314080   13.341070   0.078840
1883.323720   13.074550   0.085040
1883.333437   13.231150   0.083450
1883.343435   13.186070   0.087750
1883.353548   13.116790   0.085760
1883.363493   13.137330   0.074830
1883.373027   13.179090   0.080560
1883.382657   13.271010   0.090650
1883.392439   13.280550   0.086850
1883.402040   13.225100   0.085060
1883.410061   13.217620   0.090370
1883.417485   13.184560   0.091390
1883.423677   13.183580   0.085860
1883.428949   13.167790   0.090020
1883.433300   13.126160   0.091970
1883.436812   13.150980   0.084770
1883.440325   13.132340   0.090290
1883.443180   13.117070   0.085560
1883.444926   13.135970   0.093240
1883.446707   13.135140   0.082090
1883.448508   13.164590   0.083970
1883.507335   13.186790   0.093480
1883.517022   13.121780   0.089870
1883.526655   13.155350   0.100160
1883.536232   13.133270   0.108750
1883.545818   13.179380   0.104260
1883.555341   13.176670   0.104660
1883.565051   13.179660   0.107080
1883.574608   13.212250   0.109590
1883.584302   13.226710   0.109400
1883.593915   13.114230   0.084150
1884.099534   13.182770   0.026440
1884.109140   13.154120   0.025520
1884.118686   13.164940   0.032340
1884.128292   13.152620   0.039820
1884.137551   13.171990   0.029540
1884.147279   13.174010   0.033150
1884.156774   13.195030   0.035280
1884.166197   13.183370   0.040400
1884.175960   13.194110   0.043370
1884.185414   13.166720   0.037260
1884.194977   13.175290   0.031430
1884.204574   13.189400   0.032800
1884.214174   13.170020   0.030210
1884.223839   13.210270   0.035800
1884.233272   13.194710   0.050080
1884.242628   13.193490   0.027020
1884.252195   13.175810   0.026740
1884.261682   13.168810   0.026850
1884.271201   13.148780   0.026510
1884.280876   13.171670   0.030370
1884.290846   13.191310   0.032390
1884.300573   13.167390   0.036490
1884.310420   13.221740   0.052450
1884.320206   13.168000   0.033850
1884.330156   13.194120   0.035100
1884.340081   13.170310   0.042510
1884.350052   13.210190   0.040430
1884.360119   13.174720   0.035110
1884.370060   13.189870   0.035100
1884.379738   13.169590   0.036430
1884.389528   13.171070   0.028410
1884.399065   13.169130   0.030830
1884.406881   13.158700   0.035310
1884.413865   13.170410   0.041630
1884.420368   13.192160   0.045350
1884.425635   13.163620   0.032740
1884.430150   13.162220   0.028650
1884.433678   13.165630   0.032970
1884.437202   13.164710   0.032520
1884.439908   13.143920   0.033970
1884.441669   13.166460   0.035060
1884.443407   13.133610   0.032810
1884.445186   13.167220   0.031760
1884.446926   13.194400   0.043610
1884.503638   13.202680   0.027200
1884.513187   13.178160   0.035320
1884.522993   13.174420   0.028940
1884.532900   13.173000   0.026170
1884.542819   13.143640   0.034130
1884.552706   13.217160   0.035170
1884.562458   13.175410   0.023900
1884.572213   13.139160   0.030640
1884.581820   13.185420   0.024370
1884.591479   13.156980   0.032560
1884.600983   13.165160   0.027710
1884.610820   13.178220   0.025640
1884.886961   13.170600   0.071160
1884.896459   13.213820   0.076310
1884.906042   13.180970   0.068580
1884.915643   13.145210   0.077700
1884.925737   13.191620   0.063720
1884.935570   13.118120   0.078480
1884.945448   13.170230   0.068600
1884.954875   13.169600   0.073570
1884.964329   13.146430   0.069080
1884.974229   13.144290   0.080630
1884.983546   13.143360   0.080830
1884.993441   13.191280   0.076160
1885.003341   13.182460   0.072990
1885.013229   13.157170   0.080560
1885.022911   13.188760   0.080950
1885.032502   13.125430   0.091580
1885.042137   13.167480   0.091180
1885.052183   13.202240   0.091460
1885.061957   13.159630   0.098840
1885.071678   13.150190   0.100580
1885.081285   13.264060   0.112740
1885.090973   13.160830   0.103350
1885.100847   13.178310   0.105800
1885.278794   13.149670   0.060910
1885.288696   13.171940   0.076640
1885.298475   13.133920   0.067060
1885.308250   13.130510   0.064150
1885.318087   13.165940   0.067320
1885.328301   13.134430   0.075760
1885.338173   13.315930   0.100370
1885.347960   13.123720   0.090420
1885.357853   13.145260   0.099200
1885.367578   13.144530   0.098000
1885.377344   13.166700   0.111350
1885.386938   13.235440   0.116660
1885.396599   13.122260   0.102750
1885.404395   13.231630   0.098500
1885.411445   13.147580   0.102490
1885.417511   13.050330   0.100430
1885.422816   13.198280   0.080480
1885.427461   13.198530   0.102260
1885.430989   13.152820   0.094290
1885.434637   13.139260   0.096080
1885.437356   13.223880   0.100920
1885.439093   13.111630   0.100700
1885.440855   13.029240   0.093520
1885.442624   13.138890   0.096320
1885.444416   13.115180   0.096610
1885.502228   13.226220   0.109020
1885.512062   13.099420   0.090390
1885.521821   13.114400   0.104580
1885.531512   13.319360   0.114160
1885.541090   13.420850   0.066400
1885.551133   13.161710   0.098620
1885.560860   13.188820   0.100130
1885.570601   13.196590   0.099950
1885.580236   13.195580   0.103820
1885.590133   13.133110   0.083640
1886.072366   13.138320   0.022520
1886.082057   13.173050   0.024660
1886.091456   13.170110   0.026390
1886.101064   13.188710   0.027610
1886.110701   13.183470   0.025980
1886.120214   13.163250   0.026330
1886.129544   13.168060   0.028000
1886.138882   13.151160   0.028180
1886.148233   13.177420   0.028360
1886.157943   13.180190   0.029340
1886.167550   13.170580   0.033770
1886.177101   13.175910   0.033870
1886.186997   13.164480   0.034930
1886.196609   13.176030   0.036900
1886.206153   13.167640   0.041750
1886.215757   13.208470   0.045590
1886.225422   13.163200   0.059530
1886.234829   13.197510   0.062710
1886.244630   13.191700   0.061350
1886.254426   13.176270   0.044190
1886.263771   13.193250   0.035160
1886.273578   13.148830   0.059470
1886.283270   13.174030   0.035250
1886.293134   13.165210   0.035870
1886.303115   13.216080   0.043300
1886.312914   13.163950   0.037590
1886.322818   13.170510   0.039790
1886.332859   13.190410   0.039160
1886.342543   13.181570   0.036860
1886.352534   13.199040   0.038510
1886.362281   13.182230   0.041230
1886.372003   13.168210   0.044870
1886.381496   13.186850   0.045460
1886.391198   13.177010   0.047710
1886.399994   13.173810   0.048580
1886.408171   13.182300   0.046690
1886.414363   13.211700   0.059220
1886.419581   13.207600   0.062200
1886.423873   13.192320   0.060630
1886.427459   13.185680   0.056250
1886.431086   13.183680   0.054050
1886.433748   13.155810   0.062510
1886.435540   13.189600   0.067030
1886.437293   13.152440   0.056870
1886.439058   13.191580   0.056240
1886.441348   13.172320   0.114960
