1863.169882   13.947940   0.060580
1863.179028   13.941880   0.066200
1863.188111   13.994000   0.077980
1863.197263   13.966910   0.076220
1863.206453   13.924200   0.073400
1863.215516   13.958660   0.084780
1863.224486   13.948260   0.086620
1863.233708   14.011320   0.085620
1863.243026   14.003750   0.093940
1863.252052   13.940470   0.082120
1863.260978   14.047090   0.080370
1863.270074   14.017630   0.091110
1863.279229   13.939310   0.074020
1863.288341   14.002540   0.075000
1863.297662   13.935720   0.065600
1863.306748   13.909200   0.078690
1863.315898   13.979880   0.080260
1863.325261   13.951090   0.082050
1863.334632   13.933470   0.080260
1863.344416   13.936840   0.081850
1863.353962   13.999850   0.080870
1863.363511   13.917860   0.066760
1863.372640   13.955300   0.063300
1863.381795   13.949090   0.064640
1863.391577   13.968460   0.067610
1863.400670   13.918620   0.074280
1863.410157   13.937360   0.069700
1863.419415   13.922420   0.077870
1863.428728   13.940060   0.083610
1863.438171   13.945840   0.086110
1863.447725   13.975330   0.094980
1863.457038   14.083380   0.106170
1863.464667   13.873560   0.114600
1863.471563   14.027450   0.124640
1863.477686   13.898620   0.111220
1863.482900   13.960660   0.116940
1863.487037   13.996070   0.127540
1863.490505   13.907740   0.119510
1863.494064   13.923770   0.118100
1863.496621   13.894140   0.121210
1863.498272   13.940040   0.123200
1863.500087   13.911030   0.122580
1863.501889   13.964610   0.129460
1863.503937   14.045620   0.184880
1864.122118   13.990630   0.051970
1864.131216   13.908570   0.065200
1864.140349   13.982200   0.060490
1864.149328   13.927380   0.062670
1864.158727   13.956580   0.053590
1864.168077   13.932570   0.071480
1864.177441   13.947770   0.072990
1864.186471   13.947190   0.057170
1864.195786   13.988070   0.067790
1864.204761   14.000060   0.062240
1864.213956   13.951260   0.057880
1864.223275   13.948770   0.054210
1864.232312   13.895310   0.064510
1864.241734   13.955140   0.066270
1864.250994   13.970300   0.056550
1864.260292   13.998760   0.069190
1864.269452   13.945720   0.059580
1864.278712   13.966410   0.070310
1864.288040   13.966410   0.071280
1864.297228   13.914570   0.067870
1864.306786   13.955310   0.073380
1864.315982   13.946760   0.073340
1864.325240   13.941430   0.072380
1864.334830   13.920590   0.071220
1864.344223   13.934140   0.097980
1864.353629   13.961580   0.095700
1864.362884   13.954690   0.103170
1864.372284   13.885960   0.116390
1864.381718   13.955170   0.108040
1864.391386   13.939820   0.086770
1864.401175   13.929530   0.110890
1864.410777   13.982640   0.106360
1864.420158   13.930780   0.099710
1864.429378   13.865980   0.111360
1864.438639   13.947790   0.125610
1864.448175   13.902550   0.106350
1864.464967   13.848450   0.070800
1865.081649   13.962960   0.084860
1865.090914   13.972510   0.079370
1865.103000   13.950610   0.076740
1865.112265   13.970560   0.079760
1865.121493   14.012610   0.100260
1865.180915   13.955520   0.053760
1865.189934   13.946800   0.041630
1865.199137   13.957460   0.052720
1865.208040   13.995930   0.040130
1865.217207   13.938930   0.066000
1865.226382   13.932700   0.058860
1865.235932   13.957010   0.066560
1865.245886   13.957610   0.071400
1865.255783   13.914240   0.067680
1865.265750   13.968350   0.095840
1865.275774   13.946210   0.078100
1865.285892   13.964200   0.070260
1865.295973   13.951300   0.076750
1865.306185   13.962690   0.074500
1865.316145   13.966170   0.075020
1865.326150   13.974220   0.085760
1865.336276   13.958670   0.102110
1865.346577   13.904670   0.082740
1865.356675   13.948100   0.086060
1865.366659   13.979540   0.092620
1865.376904   13.912140   0.087870
1865.387088   13.946980   0.094580
1865.397153   13.942120   0.096890
1865.407149   14.030740   0.095890
1865.417333   13.993810   0.088980
1865.427630   13.982240   0.090540
1865.437669   13.937790   0.092030
1865.448171   13.944630   0.111850
1865.457324   13.961600   0.117820
1865.465692   13.974160   0.106140
1865.494580   13.764210   0.071300
1865.496283   14.009150   0.071700
1866.165339   13.954300   0.045370
1866.174723   13.965200   0.048640
1866.184057   13.932670   0.047110
1866.193410   13.948360   0.047010
1866.202706   13.976370   0.050580
1866.212035   13.960860   0.047760
1866.221409   13.929100   0.049500
1866.230791   13.968730   0.048520
1866.240551   13.962500   0.050010
1866.250004   13.944280   0.049140
1866.259354   13.955210   0.052340
1867.193045   13.956720   0.032510
1867.202355   13.945700   0.034760
1867.211516   13.942620   0.033550
1867.220585   13.951580   0.036610
1867.230131   13.960290   0.037130
1867.239707   13.936890   0.036450
1867.249230   13.961050   0.035450
1867.258785   13.958650   0.036620
1867.268385   13.939650   0.038300
1867.277702   13.966360   0.038750
1867.287153   13.981020   0.040270
1867.296854   13.966490   0.041970
1867.306121   13.911260   0.039650
1867.315500   13.951440   0.042680
1867.325094   13.949640   0.042890
1867.334502   13.990210   0.045520
1867.344482   13.962110   0.047340
1867.354030   13.932170   0.045410
1867.363492   13.935950   0.055540
1867.372735   13.951300   0.050560
1867.382212   13.949880   0.052220
1867.391671   13.947760   0.056100
1867.401392   13.946570   0.054380
1867.410805   13.923990   0.050980
1867.420288   13.930060   0.064860
1867.429722   13.899310   0.073020
1867.439192   13.956960   0.062220
1867.448574   13.929730   0.067040
1867.456168   13.974260   0.060010
1867.463320   13.968590   0.063240
1867.469421   14.008960   0.069370
1867.473939   13.984890   0.053480
1867.478291   13.979850   0.048630
1867.481655   13.988620   0.052200
1867.484259   13.997080   0.045190
1867.486951   14.001760   0.056410
1867.488639   13.976460   0.054300
1867.490315   13.972030   0.061090
1867.492002   14.004040   0.055140
1867.493724   13.989140   0.052860
1868.197661   13.930000   0.066620
1868.207123   13.930340   0.064470
1868.216495   14.022920   0.086730
1868.225986   13.912470   0.082860
1868.235811   14.035700   0.092730
1868.245580   13.997600   0.088320
1868.255259   13.965560   0.090480
1868.264815   13.928580   0.094600
1868.274279   13.901470   0.100300
1868.283929   13.968910   0.088200
1868.293461   14.016600   0.098990
1868.303104   13.831210   0.068600
1868.312651   13.873000   0.108370
1868.322548   13.955290   0.108200
1868.332083   13.943650   0.098230
1868.341800   13.884940   0.102910
1868.351466   13.978250   0.120360
1868.360837   13.987710   0.103010
1868.370659   13.989770   0.120290
1868.380417   13.902960   0.121070
1868.390367   13.988720   0.121800
1868.399668   13.964350   0.120720
1868.409622   13.963140   0.122150
1868.419023   13.965000   0.109490
1868.428372   13.941690   0.119580
1868.437691   13.972290   0.123870
1868.446987   13.911840   0.106940
1868.454949   13.980210   0.128490
1868.461066   13.970520   0.123130
1868.467151   13.970820   0.129450
1868.471440   13.939330   0.134230
1868.486154   13.925390   0.135310
1868.487874   13.906000   0.138440
1868.489660   13.921050   0.108480
1870.219778   13.966090   0.042340
1870.229270   13.938440   0.042660
1870.238762   13.953660   0.044570
1870.248135   13.938050   0.043250
1870.257691   13.954500   0.051480
1870.267266   13.927930   0.047200
1870.276950   13.946790   0.047900
1870.286498   13.966920   0.049270
1870.295849   13.927510   0.049210
1870.305565   13.942360   0.049380
1870.315197   13.963710   0.058470
1870.325274   13.953960   0.058910
1870.335174   13.959200   0.052830
1870.344892   13.964530   0.058790
1870.354573   13.955670   0.061960
1870.364104   13.938990   0.089610
1870.373603   13.973630   0.094750
1870.383600   13.989010   0.102400
1870.393319   13.961500   0.099410
1870.440685   14.023750   0.106840
1870.448993   13.906360   0.116820
1870.456179   13.967300   0.117230
1870.470290   13.949770   0.136810
1871.136689   13.927520   0.054260
1871.146179   13.947850   0.050920
1871.155384   13.936980   0.046960
1871.164955   13.941820   0.054930
1871.174269   13.961140   0.051830
1871.183469   13.945750   0.060220
1871.192872   13.935400   0.053340
1871.202392   13.986800   0.058710
1871.211865   14.007820   0.070500
1871.221273   13.965770   0.068190
1871.230922   13.945760   0.056170
1871.240394   13.948520   0.055910
1871.250018   13.922690   0.059920
1871.259511   13.977500   0.055230
1871.269122   13.920250   0.058670
1871.278903   13.926440   0.052460
1871.288648   13.876720   0.060250
1871.298226   13.941930   0.058350
1871.307789   13.934050   0.063810
1871.317562   13.942480   0.063100
1871.327342   13.931770   0.065950
1871.337079   13.997540   0.073280
1871.346725   13.978380   0.083450
1871.356495   13.970790   0.075950
1871.366277   14.014660   0.084550
1871.375944   13.973740   0.084980
1871.385808   13.950930   0.086770
1871.395399   13.985440   0.099790
1871.404882   14.061460   0.115850
1871.414342   14.058460   0.102640
1871.423744   13.944340   0.100800
1871.433495   14.015560   0.102320
1871.442405   14.016540   0.102610
1871.449670   13.954580   0.098610
1871.455742   14.018960   0.105500
1871.461191   13.929290   0.113110
1871.465968   13.960280   0.106840
1871.469461   13.927700   0.104130
1871.472994   14.031070   0.113230
1871.476070   13.941990   0.094310
1871.477819   13.902730   0.100730
1871.479709   13.962180   0.099090
1871.481438   13.943130   0.095790
1871.550420   14.037040   0.117290
1871.559908   13.989990   0.116580
1871.569340   13.929710   0.116490
1871.578835   13.842850   0.117330
1872.324463   13.951130   0.058430
1872.334315   13.986600   0.063990
1872.344041   13.950730   0.058480
1872.353623   13.934280   0.058090
1872.363427   13.987000   0.057870
1872.373279   13.906940   0.054200
1872.383099   13.965550   0.058850
1872.392766   13.926050   0.055200
1872.402203   13.963960   0.063690
1872.412032   13.994400   0.062220
1872.421585   13.965860   0.065780
1872.431130   13.933710   0.067610
1872.439874   13.979820   0.067220
1872.447517   13.955160   0.067560
1872.454162   13.951150   0.066770
1872.459603   13.943060   0.072800
1872.463903   13.920980   0.074370
1872.467716   13.954370   0.079380
1872.470496   13.953730   0.075820
1872.473152   13.915710   0.076780
1872.474857   13.921910   0.079780
1872.476617   13.969320   0.077760
1872.478370   13.955090   0.082250
1872.480228   13.959600   0.081590
1872.541663   13.978310   0.097950
1872.550845   13.993360   0.100120
1872.560270   13.917120   0.102260
1872.569828   14.013460   0.107990
1872.579400   13.871900   0.116670
1872.588943   14.050680   0.105570
1873.229437   13.954190   0.059840
1873.238826   13.964030   0.068170
1873.248403   13.915380   0.062850
1873.258009   13.925400   0.067800
1873.267456   13.974990   0.070000
1873.276959   13.964950   0.069030
1873.286788   13.969730   0.073170
1873.296275   13.943240   0.076480
1873.305896   13.922420   0.082750
1873.315548   13.948770   0.084920
1873.325684   13.918000   0.085370
1873.335346   13.991780   0.095160
1873.344943   13.975090   0.096140
1873.354842   13.980900   0.084400
1873.364691   14.048070   0.101300
1873.374458   14.018990   0.093130
1873.383960   13.971360   0.081230
1873.393856   13.967960   0.086150
1873.403606   13.935030   0.090240
1873.413210   13.981100   0.106170
1873.422938   13.983890   0.105180
1873.432622   13.953580   0.094940
1873.441010   13.959240   0.087570
1873.447044   13.989690   0.085520
1873.453044   13.946340   0.081820
1873.457630   13.953890   0.085760
1873.462090   13.946120   0.081780
1873.465548   13.870660   0.083590
1873.468261   13.882100   0.089990
1873.470892   13.943840   0.096850
1873.472722   13.937120   0.084540
1873.474437   13.984510   0.086670
1873.476606   13.951480   0.129650
1874.032527   13.946510   0.042690
1874.041923   13.942780   0.045120
1874.051714   13.938280   0.045290
1874.061193   13.932190   0.042340
1874.070741   13.942860   0.048270
1874.080230   13.945860   0.047930
1874.089638   13.939510   0.045760
1874.098984   13.954480   0.046360
1874.108441   13.969810   0.048170
1874.117749   13.961920   0.051960
1874.127103   13.962900   0.053130
1874.136654   13.971550   0.052590
1874.145982   13.919480   0.051340
1874.155173   13.902810   0.051960
1874.164605   13.928240   0.059790
1874.174153   13.929070   0.076280
1874.183645   13.970790   0.096670
1874.193053   13.879240   0.120040
1874.202515   13.891660   0.122150
1874.212103   13.835880   0.098250
1874.222051   13.853000   0.118290
1876.992585   13.930070   0.045440
1877.002277   13.941090   0.048090
1877.012009   13.979870   0.050540
1877.021623   13.935460   0.049090
1877.031340   13.921250   0.057820
1877.041094   13.975680   0.052960
1877.050632   13.893330   0.045250
1877.060512   13.938800   0.046740
1877.070280   13.968060   0.050580
1877.080037   13.953240   0.051850
1877.089835   13.955550   0.046960
1877.099542   13.952650   0.054390
1877.109324   13.953030   0.064210
1877.119234   13.983530   0.062830
1877.128562   13.891090   0.057790
1877.137988   13.950660   0.055660
1877.147449   13.942070   0.070850
1877.157081   13.965400   0.065880
1877.166514   13.967550   0.060730
1877.175811   13.933860   0.057030
1877.185180   14.006280   0.066440
1877.194638   13.954790   0.057350
1877.204359   13.935720   0.059820
1877.213829   13.886910   0.052860
1877.223290   13.981290   0.053570
1877.232928   13.954880   0.056610
1877.242583   13.942480   0.065980
1877.252102   13.982980   0.065720
1877.261424   13.983480   0.065420
1877.271317   13.959520   0.058120
1877.280810   13.966360   0.054480
1877.290913   13.950550   0.060970
1877.300784   13.991460   0.072210
1877.310552   13.935730   0.057800
1877.320329   13.911980   0.069430
1877.330019   13.935840   0.060380
1877.339609   13.953280   0.054830
1877.349339   13.972570   0.066260
1877.359563   13.913800   0.055620
1877.369289   13.991510   0.064440
1877.379166   13.919780   0.061770
1877.389199   13.931310   0.070920
1877.398748   13.942690   0.076690
1877.408188   13.956880   0.076510
1877.417610   13.943550   0.070130
1877.426444   13.912710   0.060990
1877.433416   13.959060   0.068530
1877.439426   13.941160   0.076860
1877.444578   13.930620   0.071970
1877.449101   13.899310   0.063850
1877.452622   13.952020   0.080700
1877.456119   13.954290   0.062190
1877.458826   13.923240   0.067420
1877.460660   13.904460   0.067340
1877.462441   13.931030   0.065540
1877.464144   13.921540   0.068920
1877.465872   13.891270   0.069060
1877.528546   13.936250   0.083790
1877.538164   13.980320   0.092260
1877.547759   13.894590   0.094340
1877.557433   13.975190   0.103190
1877.566991   13.911490   0.096530
1877.956588   13.860940   0.076050
1877.966360   13.942390   0.065270
1877.975795   13.944480   0.052130
1877.985575   13.938880   0.044410
1877.995071   13.984560   0.043210
1878.004964   13.975070   0.041880
1878.014335   13.966010   0.046490
1878.023915   13.945620   0.039190
1878.033403   13.950710   0.042360
1878.042881   13.968320   0.041280
1878.052477   13.924890   0.046730
1878.062202   13.932620   0.044810
1878.072038   13.970300   0.046310
1878.081838   13.963420   0.050500
1878.091595   13.931140   0.045120
1878.101204   13.958080   0.047820
1878.111056   13.970200   0.047780
1878.120475   13.987350   0.050200
1878.129972   13.921230   0.055170
1878.139452   13.948820   0.058900
1878.148981   13.975200   0.106550
1878.158293   13.944770   0.090390
1878.167692   13.949790   0.056280
1878.177309   13.956570   0.053150
1878.186872   13.941020   0.066550
1878.196273   13.980910   0.065470
1878.206054   13.960680   0.076800
1878.215833   13.934800   0.086090
1878.225557   13.961430   0.088340
1878.235117   13.969040   0.066740
1878.244657   13.936280   0.070260
1878.254352   13.960400   0.078450
1878.263984   13.960460   0.083910
1878.273770   13.957310   0.084030
1878.283405   14.017850   0.095900
1878.293079   13.943920   0.086130
1878.302887   13.891900   0.108660
1878.312828   13.898440   0.109470
1878.322431   13.881220   0.113820
1878.332111   13.947100   0.118790
1878.342126   13.944720   0.081390
1878.351898   13.965690   0.094600
1878.361666   13.934890   0.088830
1878.371492   13.973920   0.098470
1878.381052   13.970150   0.104500
1878.390611   13.982510   0.082180
1878.400035   13.974750   0.098440
1878.409523   13.980230   0.096320
1878.419250   14.010140   0.108350
1878.427139   13.929840   0.106360
1878.434256   13.993670   0.087910
1878.439734   13.960660   0.110580
1878.444205   13.921800   0.085870
1878.448555   13.956740   0.084860
1878.452064   13.915380   0.103500
1878.454721   13.929720   0.103430
1878.457364   13.937800   0.104160
1878.459093   14.002690   0.107300
1878.460943   13.997500   0.106690
1878.463071   13.979470   0.150280
1878.523903   13.999350   0.111570
1878.533380   13.855240   0.107040
1878.542754   13.935030   0.100950
1878.552323   13.938610   0.111300
1878.561961   13.908950   0.123910
1878.896258   14.024150   0.102490
1878.907039   13.954980   0.109010
1878.917827   13.935400   0.106680
1878.928636   13.955380   0.106280
1878.939490   14.011310   0.100680
1878.950209   13.925900   0.070350
1878.960985   13.950830   0.071630
1878.971663   13.931000   0.062620
1878.982256   13.970370   0.061550
1878.992862   13.896590   0.063580
1879.003349   13.933000   0.067050
1879.014056   13.961430   0.066190
1879.024781   13.961940   0.063540
1879.035403   13.965700   0.072450
1879.046338   13.958330   0.080240
1879.056998   13.936110   0.082220
1879.067120   13.944780   0.079540
1879.077625   13.952320   0.080220
1879.087804   13.932620   0.079270
1879.097718   13.867330   0.087990
1879.108265   13.942620   0.098760
1879.118677   13.989690   0.107360
1879.128946   13.937710   0.084380
1879.138951   13.906080   0.092310
1879.148948   13.892900   0.114950
1879.158753   13.984510   0.121770
1879.168681   13.927600   0.120070
1879.178653   13.987380   0.122340
1879.188532   14.041330   0.132160
1879.198658   14.042750   0.128930
1879.208980   13.952290   0.129080
1879.219105   13.920890   0.129130
1879.229198   14.045660   0.133890
1879.239769   14.031110   0.107420
1879.249885   13.971760   0.128090
1879.259988   13.934140   0.120720
1879.270136   14.022630   0.122970
1879.279998   13.872270   0.093650
1879.290256   13.974010   0.120790
1879.300321   13.905140   0.114490
1879.310604   13.969910   0.119240
1879.321132   13.958680   0.119000
1879.331398   13.960050   0.118620
1879.341711   13.983940   0.127280
1879.352168   13.985820   0.123760
1879.362239   14.030930   0.127260
1879.372581   13.884390   0.122280
1879.383093   13.967540   0.074200
1879.393065   13.836100   0.095270
1879.403333   13.967090   0.113050
1879.413794   13.927260   0.105190
1879.422210   13.826430   0.073200
1879.436891   13.949670   0.076900
1879.441415   13.884120   0.113090
1879.904711   14.180820   0.095890
1879.914664   13.949800   0.097450
1879.924232   13.883440   0.072100
1879.933937   13.940580   0.061400
1879.943742   13.937310   0.052950
1879.953255   13.918640   0.046310
1879.962965   13.951650   0.044310
1879.972299   13.941600   0.041630
1879.982133   13.928330   0.043480
1879.991480   13.918700   0.049090
1880.001350   13.985680   0.052250
1880.010995   13.961250   0.059410
1880.020489   13.946050   0.058430
1880.030167   13.942830   0.057620
1880.040004   13.930030   0.054250
1880.050020   13.930450   0.058100
1880.059700   13.944530   0.059470
1880.069635   14.004010   0.060640
1880.079469   13.976840   0.064580
1880.089000   13.976040   0.063760
1880.098524   13.931180   0.062660
1880.108072   13.949310   0.068920
1880.117530   13.923140   0.059360
1880.127140   13.988250   0.067380
1880.200091   13.962760   0.071370
1880.209735   13.954040   0.078010
1880.219431   14.035750   0.075130
1880.229324   13.997410   0.068150
1880.238989   13.922420   0.063530
1880.248836   13.932830   0.062890
1880.258298   13.920290   0.063440
1880.267686   13.876940   0.068980
1880.277275   13.956520   0.074210
1880.286928   13.896600   0.081140
1880.306613   14.010690   0.072540
1880.369120   13.902880   0.063590
1880.967707   13.936700   0.078140
1880.977730   14.008430   0.077700
1880.987626   13.927840   0.061550
1880.997175   13.950880   0.056450
1881.007352   13.950970   0.061080
1881.017262   13.952510   0.063390
1881.027023   13.919680   0.063380
1881.036583   13.946730   0.061760
1881.046307   13.948000   0.065360
1881.055914   13.907030   0.075660
1881.065565   13.898830   0.070830
1881.075352   13.922320   0.075580
1881.085120   13.976080   0.071390
1881.094964   13.963170   0.069510
1881.104801   13.961330   0.060380
1881.114937   13.894800   0.081550
1881.124474   13.969720   0.077600
1881.134326   13.994780   0.080460
1881.143810   13.929180   0.058970
1881.153419   13.885060   0.076860
1881.163015   13.954660   0.073790
1881.171357   13.930400   0.055920
1881.180981   13.978580   0.066560
1881.190627   13.954730   0.050090
1881.200550   13.964740   0.055860
1881.210473   13.958140   0.059710
1881.220305   13.911450   0.061580
1881.230199   13.986410   0.064200
1881.239668   13.984060   0.065550
1881.249328   13.966050   0.060630
1881.258917   13.921000   0.063860
1881.268352   13.989130   0.070880
1881.278189   13.992720   0.066670
1881.288137   14.027100   0.064140
1881.297680   13.944250   0.064580
1881.307337   14.010110   0.071770
1881.317394   13.947780   0.073560
1881.327336   13.951310   0.075550
1881.337373   13.994760   0.075290
1881.347129   13.957520   0.079790
1881.357110   13.976020   0.078520
1881.366722   13.990100   0.076560
1881.376276   14.028260   0.081100
1881.386104   13.980960   0.092860
1881.395996   13.976480   0.087420
1881.405772   13.947220   0.085860
1881.414838   13.995510   0.091850
1881.422098   14.031700   0.093050
1881.428287   13.988230   0.092040
1881.433496   13.987600   0.098170
1881.437835   13.963470   0.093730
1881.441542   14.014750   0.101190
1881.445078   14.018310   0.104550
1881.447777   13.963080   0.099600
1881.449541   13.983270   0.097220
1881.451276   13.959410   0.098050
1881.453055   14.006330   0.099750
1881.455245   14.029410   0.141860
1881.512259   13.965690   0.099610
1881.522032   14.019100   0.115930
1881.531584   13.918490   0.117590
1881.541053   13.866940   0.111440
1881.550943   13.967170   0.117390
1881.560601   13.978590   0.120880
1881.570473   13.932460   0.118570
1881.580253   13.961300   0.128520
1881.589860   13.844380   0.115690
1881.599654   13.898430   0.107150
1881.609472   13.972540   0.127580
1881.619114   13.880190   0.108980
1881.864967   13.985180   0.124040
1881.874874   13.944340   0.111610
1881.884546   13.940590   0.092340
1881.894462   13.998860   0.088440
1881.904494   13.976750   0.071000
1881.914271   13.957600   0.073350
1881.923884   13.947680   0.072000
1881.933466   13.928170   0.060860
1881.943231   14.014420   0.063870
1881.952875   13.898720   0.086680
1881.962633   14.008420   0.100250
1881.972149   13.931060   0.095390
1881.982098   14.039180   0.112450
1881.992169   13.925390   0.126620
1882.021627   13.959470   0.112770
1882.031567   13.932120   0.106140
1882.041324   13.967410   0.122580
1882.051198   13.990110   0.112400
1882.060871   13.948830   0.117550
1882.080330   13.947600   0.091090
1882.121972   13.919580   0.128130
1882.131558   13.922670   0.102010
1882.150540   13.857620   0.105430
1882.160119   13.953570   0.112240
1882.169652   13.980200   0.123330
1882.179008   13.919190   0.113750
1882.188466   13.880460   0.125350
1883.093660   14.015570   0.088680
1883.103366   14.045680   0.063100
1883.112818   13.942580   0.092430
1883.122237   13.856120   0.101850
1883.131900   13.895500   0.087020
1883.141295   13.918950   0.100020
1883.150882   14.055080   0.109860
1883.160374   13.980300   0.114130
1883.169871   14.131590   0.125590
1883.179271   13.872240   0.093710
1883.188727   13.958820   0.094490
1883.198404   13.900000   0.111580
1883.207904   13.918170   0.107820
1883.217549   13.922140   0.113290
1883.226897   13.963510   0.116880
1883.236210   14.024520   0.123250
1883.245790   14.017150   0.116430
1883.255334   13.918680   0.117420
1883.265099   14.048930   0.100760
1883.274780   13.950310   0.121980
1883.343435   13.727060   0.066200
1883.363340   13.999980   0.079400
1883.392439   13.986390   0.075100
1883.401963   13.971920   0.105150
1883.423830   13.996520   0.076300
1883.446707   13.968950   0.073300
1884.099534   13.954940   0.044640
1884.109140   13.948670   0.042120
1884.118686   14.018210   0.054530
1884.128292   13.852460   0.067030
1884.137551   13.941910   0.049030
1884.147279   13.965290   0.058400
1884.156774   13.962400   0.059570
1884.166197   14.043150   0.077920
1884.175960   13.987790   0.068950
1884.185414   14.012680   0.068020
1884.194977   13.964810   0.052480
1884.204574   13.938320   0.057690
1884.214174   13.945790   0.048850
1884.223839   13.902940   0.058630
1884.233272   13.955320   0.083820
1884.242628   13.950590   0.045670
1884.252195   13.922310   0.043670
1884.261682   13.951690   0.045890
1884.271201   13.960490   0.043940
1884.280876   13.989250   0.050590
1884.290846   13.950400   0.051780
1884.300573   13.901640   0.060700
1884.310420   13.920950   0.089180
1884.320206   13.924300   0.055870
1884.330156   13.951260   0.057300
1884.340081   13.961810   0.071650
1884.350052   13.960200   0.068490
1884.360119   13.949870   0.058720
1884.370060   13.952740   0.057510
1884.379738   13.986720   0.060090
1884.389528   13.954830   0.047120
1884.399065   13.949140   0.050760
1884.406881   13.969930   0.061210
1884.413865   13.921740   0.072010
1884.420368   13.973660   0.079900
1884.425635   13.947340   0.053210
1884.430150   13.968510   0.047520
1884.433678   13.936320   0.055410
1884.437202   13.894810   0.053360
1884.439908   13.953100   0.059480
1884.441669   13.956600   0.055740
1884.443407   13.944400   0.055130
1884.445186   13.961610   0.054740
1884.446926   13.963360   0.073300
1884.503638   13.883790   0.050290
1884.513187   13.940940   0.062270
1884.522993   13.930220   0.051860
1884.532900   13.968550   0.047140
1884.542819   13.908380   0.057650
1884.552706   13.963260   0.069150
1884.562458   13.945630   0.041300
1884.572213   13.966320   0.053210
1884.581820   13.941930   0.040840
1884.591479   13.999700   0.059700
1884.600983   13.924110   0.048980
1884.610820   13.935350   0.045910
1884.886961   14.001390   0.119310
1884.896536   13.987200   0.099840
1884.906042   13.957280   0.115370
1884.925737   13.997910   0.113070
1884.945448   13.948040   0.118700
1884.954798   13.920390   0.097740
1884.964329   14.005680   0.116550
1884.983699   13.925180   0.067200
1884.993518   13.956790   0.104530
1885.003341   13.954600   0.125680
1885.013306   13.913290   0.104940
1885.022911   13.895120   0.103450
1885.278794   13.942700   0.113540
1885.298475   13.980390   0.113000
1885.308250   13.855360   0.110580
1885.318087   13.983050   0.119910
1886.072366   13.940400   0.038760
1886.082057   13.966530   0.041600
1886.091456   13.952490   0.044150
1886.101064   13.944510   0.047350
1886.110701   13.947770   0.044410
1886.120214   13.941130   0.044060
1886.129544   13.945630   0.050130
1886.138882   13.871450   0.048810
1886.148233   13.946920   0.047700
1886.157943   13.958860   0.052120
1886.167550   13.944290   0.060380
1886.177101   13.929200   0.055660
1886.186997   13.988610   0.058970
1886.196609   13.992080   0.066350
1886.206153   13.933660   0.073690
1886.215757   13.938230   0.076570
1886.225422   13.919120   0.103930
1886.234829   13.887600   0.103380
1886.244630   13.941840   0.104920
1886.254426   13.903540   0.075300
1886.263771   13.944660   0.060840
1886.273578   13.961200   0.105010
1886.283270   13.914800   0.058550
1886.293134   13.915320   0.062910
1886.303115   13.957720   0.074600
1886.312914   13.930210   0.066550
1886.322818   13.958230   0.067450
1886.332859   13.900980   0.066360
1886.342543   13.938740   0.063690
1886.352534   13.918170   0.064150
1886.362281   13.917120   0.068080
1886.372003   13.944640   0.078000
1886.381496   13.924720   0.079160
1886.391198   13.940770   0.083980
1886.399994   13.935450   0.083830
1886.408171   13.915540   0.087680
1886.414363   13.941040   0.107390
1886.419581   13.966490   0.109950
1886.423873   13.939880   0.100070
1886.427459   13.926110   0.097390
1886.431086   14.006690   0.101390
1886.433748   14.033800   0.118320
1886.435540   13.933740   0.112200
1886.437293   13.933900   0.100130
1886.439058   13.974550   0.105670
1886.440921   13.891820   0.098380
