1863.169882   14.835610   0.118990
1863.179028   14.757640   0.124360
1863.187958   14.708670   0.076600
1863.197339   14.711670   0.105790
1863.206453   14.790500   0.126950
1863.215363   14.653090   0.078800
1863.279076   14.651090   0.075600
1863.297662   14.811270   0.127610
1863.325108   14.652980   0.075200
1863.353962   14.680480   0.110420
1863.363511   14.718540   0.123800
1863.372640   14.724240   0.118940
1863.381795   14.705060   0.116630
1863.391577   14.735170   0.123420
1863.400670   14.748720   0.130380
1863.410157   14.664280   0.128220
1863.419261   14.720370   0.078500
1864.122118   14.819320   0.101440
1864.131139   14.860630   0.107350
1864.140349   14.804980   0.118150
1864.149328   14.831250   0.123660
1864.158727   14.799630   0.111680
1864.168231   14.738060   0.074400
1864.177441   14.802630   0.107230
1864.186471   14.757840   0.110020
1864.195633   14.823700   0.080800
1864.204761   14.847750   0.127170
1864.213956   14.798890   0.120050
1864.223275   14.784300   0.111580
1864.232389   14.726220   0.103740
1864.241734   14.789500   0.124700
1864.250994   14.746530   0.118380
1864.260215   14.920710   0.112960
1864.269452   14.819210   0.125210
1864.297228   14.728760   0.127810
1864.306632   14.721740   0.069500
1864.325087   14.772300   0.074100
1864.334830   14.715400   0.103620
1865.112418   14.652320   0.071500
1865.180915   14.791560   0.106120
1865.189934   14.758960   0.085680
1865.199137   14.888150   0.110960
1865.208040   14.748130   0.084570
1865.217130   14.794840   0.098950
1865.226382   14.836250   0.122990
1865.236009   14.755950   0.100220
1865.245886   14.767400   0.123450
1865.255783   14.759650   0.124080
1865.285892   14.742280   0.116260
1865.295973   14.786320   0.078200
1865.306338   14.751140   0.069500
1865.316145   14.900640   0.076600
1865.356828   14.665790   0.074300
1866.165339   14.785200   0.096470
1866.174723   14.762040   0.090200
1866.184057   14.780600   0.095940
1866.193410   14.776640   0.091820
1866.202706   14.740810   0.096920
1866.212035   14.787000   0.098640
1866.221409   14.746410   0.093750
1866.230791   14.785490   0.099160
1866.240551   14.737740   0.090530
1866.250004   14.809880   0.097730
1866.259354   14.817950   0.098390
1867.193045   14.788800   0.070510
1867.202355   14.761900   0.071480
1867.211516   14.722080   0.069440
1867.220585   14.753790   0.078000
1867.230131   14.791850   0.079230
1867.239707   14.765540   0.077430
1867.249230   14.748670   0.074490
1867.258785   14.703980   0.074430
1867.268385   14.765330   0.080390
1867.277702   14.727200   0.083330
1867.287153   14.779050   0.081290
1867.296854   14.806290   0.084790
1867.306121   14.738120   0.087090
1867.315500   14.764600   0.087610
1867.325094   14.785560   0.088430
1867.334502   14.830190   0.094240
1867.344482   14.822570   0.096940
1867.354030   14.785250   0.094360
1867.363492   14.721580   0.100500
1867.372735   14.757440   0.094650
1867.382212   14.756910   0.095310
1867.391671   14.785970   0.109880
1867.401392   14.823240   0.104220
1867.410805   14.820780   0.105160
1867.420365   14.797490   0.094920
1867.429645   14.758760   0.103590
1867.439192   14.879300   0.129940
1867.448497   14.749120   0.102110
1867.456168   14.792210   0.119760
1867.463320   14.799880   0.118740
1867.469498   14.714500   0.094420
1867.473939   14.801250   0.103290
1867.478291   14.788470   0.096310
1867.481655   14.757780   0.099200
1867.484335   14.773710   0.104830
1867.486951   14.683110   0.106230
1867.488639   14.736980   0.107450
1867.490315   14.827410   0.111810
1867.492002   14.750370   0.107860
1867.493724   14.763280   0.104080
1868.197661   14.779330   0.123670
1868.207123   14.796160   0.127080
1870.219778   14.770930   0.080890
1870.229270   14.785370   0.090970
1870.238762   14.803820   0.105130
1870.248135   14.773520   0.090740
1870.257691   14.787580   0.101130
1870.267266   14.716980   0.098350
1870.276950   14.785860   0.096190
1870.286498   14.857580   0.110570
1870.295849   14.815520   0.094580
1870.305565   14.861270   0.105510
1870.315197   14.859880   0.115020
1870.325274   14.862090   0.121860
1870.335174   14.835870   0.112480
1870.344892   14.750000   0.112930
1870.354573   14.768660   0.130510
1871.136689   14.738760   0.100960
1871.146179   14.759390   0.093610
1871.155384   14.817920   0.090480
1871.164955   14.804670   0.105750
1871.174269   14.750670   0.099270
1871.183469   14.696820   0.105570
1871.192872   14.719540   0.099410
1871.202392   14.712440   0.101780
1871.211865   14.713600   0.121400
1871.221273   14.865500   0.130230
1871.230922   14.819940   0.114060
1871.240394   14.694380   0.105930
1871.250018   14.741410   0.113970
1871.259511   14.771660   0.107810
1871.269122   14.734500   0.110100
1871.278903   14.759410   0.109510
1871.288648   14.830110   0.118200
1871.298226   14.854990   0.118360
1871.307789   14.855920   0.121210
1871.317562   14.743330   0.121550
1871.327419   14.670000   0.102930
1871.356342   14.822220   0.073400
1872.324463   14.719410   0.107760
1872.334315   14.838060   0.120110
1872.344041   14.829010   0.113350
1872.353623   14.722360   0.111520
1872.363427   14.744690   0.109390
1872.373279   14.846860   0.112790
1872.383099   14.796730   0.109360
1872.392766   14.801730   0.113640
1872.402203   14.777840   0.112790
1872.412032   14.817090   0.115160
1872.421585   14.748660   0.114960
1872.431130   14.860360   0.129740
1872.439874   14.770260   0.124790
1872.447517   14.828200   0.129230
1872.454163   14.798050   0.103870
1872.467715   14.722640   0.105160
1872.470649   14.716690   0.072200
1872.474780   14.649210   0.105370
1872.476464   14.628630   0.071600
1873.229437   14.809390   0.124550
1873.238902   14.688160   0.100940
1873.248403   14.814700   0.074200
1873.258009   14.718860   0.119960
1873.267457   14.780030   0.101860
1873.276959   14.805760   0.107060
1873.286711   14.815550   0.102960
1873.296122   14.714690   0.070700
1873.446891   14.751540   0.077000
1874.032527   14.681760   0.082230
1874.041923   14.748120   0.088450
1874.051714   14.767990   0.089800
1874.061193   14.808630   0.088250
1874.070741   14.756260   0.095940
1874.080230   14.748400   0.094920
1874.089638   14.780290   0.091270
1874.098984   14.802900   0.098620
1874.108441   14.754890   0.091830
1874.117749   14.786180   0.099990
1874.127103   14.728610   0.099070
1874.136654   14.767990   0.097680
1874.145982   14.796770   0.098270
1874.155173   14.776060   0.109300
1874.164605   14.744040   0.117930
1876.992585   14.718150   0.090670
1877.002277   14.735100   0.091700
1877.012009   14.794680   0.101450
1877.021623   14.699960   0.095650
1877.031340   14.819890   0.110770
1877.041094   14.827900   0.105110
1877.050632   14.797090   0.089220
1877.060512   14.726880   0.096800
1877.070280   14.794210   0.097130
1877.080037   14.727440   0.096020
1877.089835   14.759480   0.098370
1877.099542   14.759680   0.102660
1877.109401   14.891780   0.098310
1877.119234   14.731300   0.114130
1877.128562   14.687920   0.104520
1877.137988   14.738900   0.106180
1877.157082   14.804850   0.092230
1877.166514   14.658650   0.102610
1877.175811   14.796610   0.107550
1877.185180   14.849690   0.114020
1877.194638   14.727160   0.108040
1877.204359   14.704240   0.106460
1877.213829   14.733440   0.106640
1877.223290   14.691370   0.105210
1877.232928   14.782680   0.111520
1877.242583   14.762390   0.116390
1877.251949   14.842360   0.065300
1877.261424   14.831130   0.114690
1877.271317   14.878870   0.119160
1877.280810   14.811040   0.106250
1877.290913   14.861800   0.126580
1877.300631   14.726020   0.063300
1877.310552   14.767080   0.108480
1877.320483   14.750520   0.064400
1877.330019   14.752530   0.110630
1877.339609   14.758560   0.102020
1877.349339   14.746180   0.111420
1877.359563   14.792180   0.109810
1877.369289   14.718720   0.112420
1877.379166   14.764170   0.109880
1877.389122   14.828510   0.093690
1877.408265   14.747450   0.098240
1877.417610   14.748050   0.120430
1877.426444   14.875310   0.118670
1877.433416   14.712320   0.124520
1877.439502   14.717840   0.102130
1877.444425   14.736790   0.071000
1877.449101   14.795510   0.122430
1877.456119   14.793440   0.124690
1877.458826   14.726230   0.114670
1877.460660   14.775830   0.128840
1877.462441   14.762190   0.126310
1877.464144   14.791070   0.129800
1877.465949   14.759860   0.104320
1877.966360   14.697180   0.104510
1877.975795   14.727990   0.096370
1877.985575   14.760270   0.085340
1877.995071   14.686280   0.085180
1878.004964   14.758340   0.080540
1878.014335   14.740530   0.085760
1878.023915   14.786140   0.075510
1878.033403   14.812840   0.086130
1878.042881   14.783920   0.083050
1878.052477   14.722350   0.089710
1878.062202   14.729050   0.088200
1878.072038   14.729030   0.092500
1878.081838   14.805950   0.099790
1878.091595   14.816260   0.088060
1878.101204   14.877910   0.090700
1878.111056   14.845940   0.103080
1878.120475   14.789720   0.099590
1878.129972   14.801150   0.094340
1878.139452   14.770890   0.121880
1878.167692   14.708100   0.103720
1878.177309   14.825430   0.103170
1878.186872   14.822110   0.130730
1878.196350   14.769750   0.104590
1878.235117   14.772070   0.105700
1878.244657   14.735810   0.128290
1878.950209   14.723550   0.078000
1878.971663   14.760820   0.122770
1878.982256   14.761910   0.125290
1878.992862   14.815650   0.120470
1879.003349   14.759700   0.129590
1879.014132   14.712740   0.100130
1879.024781   14.870340   0.109040
1879.035250   14.737940   0.076800
1879.046185   14.726100   0.078800
1879.934013   14.831740   0.096550
1879.943742   14.835610   0.109140
1879.953255   14.783240   0.099260
1879.962965   14.764810   0.089790
1879.972299   14.751780   0.088730
1879.982133   14.765960   0.090830
1879.991480   14.691900   0.094950
1880.001350   14.746270   0.098210
1880.010995   14.719770   0.106960
1880.020489   14.863030   0.116720
1880.030167   14.807980   0.113110
1880.040004   14.840910   0.113010
1880.050020   14.733950   0.108790
1880.059700   14.747450   0.110860
1880.069635   14.742460   0.114340
1880.079469   14.851130   0.114450
1880.089000   14.828240   0.117080
1880.098524   14.875640   0.124660
1880.108072   14.744520   0.100830
1880.117530   14.787520   0.116510
1880.127140   14.809750   0.119900
1880.200244   14.906340   0.076700
1880.229324   14.817860   0.124550
1880.238989   14.819540   0.127250
1880.248836   14.742740   0.119070
1880.258298   14.747900   0.120930
1880.267686   14.812700   0.109680
1880.277275   14.705860   0.100480
1880.306613   14.765980   0.072400
1880.369120   14.764370   0.101660
1880.987626   14.834710   0.112060
1880.997175   14.788100   0.109030
1881.007352   14.820000   0.113620
1881.017262   14.837120   0.118720
1881.027023   14.859390   0.119640
1881.036583   14.716660   0.110040
1881.046307   14.768970   0.116170
1881.085120   14.703820   0.069800
1881.095040   14.737930   0.097180
1881.104801   14.776420   0.112240
1881.143810   14.712680   0.112810
1881.163015   14.785350   0.105570
1881.171357   14.774980   0.112480
1881.180981   14.754890   0.123970
1881.190627   14.743070   0.099860
1881.200550   14.752280   0.112950
1881.210473   14.820750   0.120640
1881.220305   14.750880   0.124470
1881.230199   14.814970   0.126310
1881.239668   14.753910   0.140420
1881.249328   14.708520   0.119850
1881.258917   14.747190   0.129010
1881.268352   14.775510   0.128600
1881.278189   14.760160   0.132420
1881.288137   14.711250   0.126760
1881.297680   14.699490   0.126330
1881.307337   14.709630   0.070100
1881.317317   14.668390   0.103170
1881.337373   14.691290   0.080900
1881.347129   14.737730   0.078300
1881.914271   14.818780   0.127720
1881.923961   14.815510   0.107420
1881.933466   14.789020   0.119210
1881.943384   14.911760   0.074300
1884.099534   14.834800   0.090190
1884.109140   14.758580   0.085220
1884.118686   14.860100   0.108390
1884.137551   14.806090   0.096740
1884.147279   14.809660   0.116860
1884.156774   14.709590   0.110470
1884.175960   14.797800   0.130100
1884.185491   14.834900   0.089310
1884.194977   14.785130   0.101820
1884.204574   14.836270   0.114530
1884.214174   14.719570   0.095980
1884.223839   14.780830   0.099230
1884.233425   14.710380   0.069400
1884.242628   14.727000   0.092970
1884.252195   14.708050   0.091570
1884.261682   14.741520   0.086770
1884.271201   14.780540   0.092150
1884.280876   14.795670   0.098170
1884.290846   14.794600   0.104160
1884.300573   14.836310   0.115310
1884.320206   14.802210   0.109220
1884.330156   14.782020   0.111380
1884.350052   14.757230   0.118540
1884.360119   14.770120   0.111090
1884.370060   14.750990   0.109560
1884.379738   14.760320   0.119210
1884.389528   14.773840   0.093950
1884.399065   14.719700   0.097630
1884.406881   14.742980   0.112410
1884.413865   14.641100   0.119190
1884.425635   14.687800   0.100030
1884.430150   14.761080   0.100710
1884.433678   14.762290   0.107280
1884.437202   14.765980   0.105900
1884.439908   14.871040   0.115020
1884.441669   14.715550   0.107750
1884.443407   14.747850   0.102390
1884.445186   14.808650   0.102510
1884.503638   14.715220   0.098140
1884.513187   14.850410   0.113270
1884.522993   14.718840   0.099100
1884.532900   14.719300   0.089770
1884.542819   14.819710   0.110230
1884.552782   14.804440   0.055000
1884.562458   14.769120   0.080400
1884.572213   14.831390   0.101700
1884.581820   14.798490   0.079820
1884.591479   14.780350   0.112070
1884.600983   14.792640   0.086950
1884.610820   14.784070   0.093810
1886.072366   14.790390   0.077950
1886.082057   14.783120   0.084320
1886.091456   14.787410   0.092870
1886.101064   14.761530   0.091370
1886.110701   14.802610   0.088400
1886.120214   14.754610   0.087950
1886.129544   14.717080   0.089370
1886.138882   14.801930   0.097940
1886.148233   14.781830   0.094730
1886.157943   14.764760   0.095360
1886.167550   14.772450   0.114420
1886.177101   14.750400   0.108050
1886.186997   14.757510   0.112030
1886.196609   14.749220   0.121440
1886.206153   14.675200   0.099270
1886.215757   14.761090   0.136570
1886.254273   14.882560   0.080600
1886.263771   14.804050   0.117850
1886.283270   14.713160   0.108230
1886.293134   14.788530   0.115000
1886.303038   14.793940   0.104280
1886.312914   14.744360   0.116460
1886.322895   14.792980   0.098090
1886.332858   14.807890   0.100000
1886.342543   14.851090   0.121920
1886.352611   14.748550   0.093630
1886.362281   14.681220   0.118920
