1863.169882   14.906050   0.122830
1863.179029   14.791390   0.102890
1863.197263   14.764340   0.109260
1863.206530   14.820750   0.107340
1863.297662   14.725100   0.121550
1863.315822   14.627760   0.111510
1863.363511   14.850970   0.130370
1863.372640   14.780500   0.125980
1863.381795   14.778590   0.123210
1863.391577   14.758380   0.128630
1863.400824   14.709750   0.081800
1864.122118   14.788130   0.099480
1864.131139   14.837120   0.105650
1864.140349   14.803160   0.117140
1864.149328   14.799780   0.118860
1864.158727   14.827580   0.111040
1864.177441   14.710060   0.099120
1864.186471   14.848700   0.111120
1864.195786   14.798370   0.132040
1864.204761   14.773810   0.119420
1864.213956   14.815400   0.117430
1864.223275   14.777380   0.112990
1864.232312   14.780570   0.125120
1864.241734   14.763970   0.129030
1864.250994   14.826290   0.116140
1864.260215   14.810460   0.105490
1864.269452   14.820640   0.120040
1864.278865   14.747770   0.077900
1864.287963   14.800610   0.104090
1864.297151   14.759910   0.100520
1864.306785   14.778040   0.103610
1864.325163   14.840760   0.106920
1864.334830   14.784360   0.128660
1865.112341   14.704360   0.096200
1865.180915   14.796920   0.103680
1865.189934   14.815170   0.085730
1865.199137   14.874270   0.110810
1865.208040   14.838510   0.081890
1865.217207   14.811110   0.122540
1865.226382   14.818700   0.113980
1865.235932   14.830850   0.102400
1865.245809   14.828830   0.103180
1865.255707   14.787390   0.097690
1865.285815   14.827160   0.099990
1865.295973   14.770460   0.073200
1865.306185   14.663930   0.070100
1865.316298   14.725310   0.070700
1866.165339   14.863110   0.089330
1866.174723   14.779560   0.087070
1866.184057   14.769720   0.092650
1866.193410   14.797890   0.093890
1866.202706   14.906370   0.101140
1866.212035   14.812870   0.103510
1866.221409   14.792770   0.094240
1866.230791   14.797400   0.100670
1866.240551   14.801550   0.098190
1866.250004   14.826740   0.103590
1866.259354   14.734980   0.095890
1867.193045   14.794260   0.066600
1867.202355   14.782410   0.069020
1867.211516   14.803330   0.072390
1867.220585   14.812530   0.078430
1867.230131   14.781520   0.076060
1867.239707   14.782920   0.075360
1867.249230   14.781190   0.075080
1867.258785   14.789310   0.076110
1867.268385   14.828000   0.074200
1867.277702   14.778640   0.077610
1867.287153   14.803290   0.078290
1867.296854   14.807050   0.079390
1867.306121   14.738600   0.080600
1867.315500   14.818370   0.080060
1867.325094   14.828240   0.090500
1867.334502   14.821330   0.084620
1867.344482   14.810240   0.090830
1867.354030   14.745420   0.088500
1867.363492   14.832930   0.104430
1867.372735   14.794260   0.095560
1867.382212   14.819480   0.096620
1867.391671   14.713180   0.104100
1867.401392   14.789900   0.105890
1867.410805   14.824830   0.108780
1867.420365   14.845410   0.099700
1867.429722   14.751210   0.128070
1867.439116   14.824440   0.105650
1867.456168   14.764030   0.120020
1867.463320   14.813080   0.125830
1867.469498   14.755190   0.099850
1867.473939   14.783020   0.105640
1867.478291   14.815310   0.102240
1867.481655   14.874300   0.103260
1867.484335   14.862410   0.114610
1867.486951   14.838220   0.109670
1867.488639   14.857070   0.110210
1867.490315   14.807970   0.113450
1867.492002   14.863120   0.113420
1867.493724   14.855730   0.106620
1868.197661   14.820210   0.119750
1868.207123   14.769570   0.117310
1870.219778   14.843620   0.085120
1870.229270   14.773870   0.084290
1870.238762   14.807670   0.092510
1870.248135   14.806620   0.090150
1870.257691   14.794420   0.101060
1870.267266   14.792940   0.098910
1870.276950   14.839280   0.100290
1870.286498   14.826070   0.102690
1870.295849   14.803010   0.093630
1870.305565   14.865780   0.101560
1870.315197   14.834390   0.113460
1870.325274   14.850540   0.117760
1870.335174   14.772720   0.108340
1870.344892   14.777780   0.114380
1870.354420   14.766110   0.077600
1871.136689   14.853180   0.105390
1871.146179   14.794370   0.097200
1871.155384   14.829160   0.101030
1871.164955   14.896660   0.111310
1871.174269   14.859720   0.109390
1871.183469   14.789540   0.110650
1871.192872   14.750310   0.104770
1871.202392   14.812950   0.112010
1871.211941   14.858980   0.098710
1871.221273   14.770670   0.118110
1871.230922   14.764430   0.113550
1871.240394   14.801110   0.109190
1871.250018   14.804370   0.116010
1871.259511   14.809660   0.114640
1871.269122   14.772660   0.112690
1871.278903   14.749000   0.113980
1871.288648   14.827560   0.115180
1871.298226   14.764910   0.109330
1871.307942   14.758960   0.068600
1871.317485   14.792140   0.100650
1871.327419   14.675600   0.095750
1872.324463   14.826370   0.112680
1872.334315   14.862610   0.119540
1872.344041   14.811560   0.114770
1872.353623   14.817320   0.112780
1872.363427   14.785370   0.114210
1872.373279   14.738830   0.109130
1872.383099   14.841720   0.115660
1872.392766   14.775220   0.114880
1872.402203   14.841930   0.117960
1872.412032   14.898530   0.124800
1872.421585   14.780420   0.118760
1872.431283   14.655900   0.066400
1872.439951   14.894190   0.113500
1872.447441   14.716330   0.103250
1872.454163   14.753730   0.105540
1873.229437   14.874550   0.128080
1873.238979   14.776220   0.072700
1873.248403   14.810710   0.122700
1873.258009   14.803260   0.124760
1873.267456   14.758270   0.119570
1873.276806   14.811730   0.078700
1873.286788   14.859020   0.075100
1873.296198   14.783970   0.105650
1874.032527   14.767060   0.079410
1874.041923   14.794330   0.083490
1874.051714   14.763770   0.087380
1874.061193   14.772510   0.088120
1874.070741   14.788100   0.094990
1874.080230   14.793870   0.091000
1874.089638   14.793880   0.092680
1874.098984   14.830090   0.100640
1874.108441   14.805110   0.090650
1874.117749   14.752800   0.096080
1874.127103   14.811740   0.101240
1874.136654   14.798800   0.098400
1874.145982   14.786660   0.101980
1874.155173   14.833030   0.108080
1874.164605   14.796990   0.117240
1874.174229   14.805710   0.104770
1876.992585   14.840530   0.095520
1877.002277   14.713590   0.091570
1877.012009   14.804970   0.104490
1877.021623   14.768310   0.096340
1877.031340   14.782370   0.107590
1877.041094   14.767780   0.102610
1877.050632   14.737280   0.087990
1877.060512   14.845360   0.097260
1877.070280   14.870860   0.103900
1877.080037   14.783410   0.101210
1877.089835   14.790780   0.100190
1877.099542   14.833570   0.106950
1877.109325   14.855970   0.096900
1877.119234   14.874010   0.116240
1877.128562   14.700300   0.104810
1877.137988   14.853500   0.109340
1877.157005   14.732540   0.085380
1877.166438   14.806930   0.087990
1877.175811   14.753900   0.107660
1877.185180   14.798230   0.111260
1877.194638   14.781480   0.113430
1877.204359   14.767030   0.112010
1877.213829   14.817690   0.110540
1877.223290   14.780320   0.110800
1877.232928   14.841210   0.114720
1877.242583   14.866840   0.121420
1877.252102   14.809330   0.111250
1877.261424   14.798140   0.089820
1877.271317   14.831030   0.111020
1877.280810   14.753880   0.102370
1877.290913   14.839180   0.116870
1877.310552   14.805710   0.112470
1877.320176   14.799320   0.064700
1877.330019   14.798730   0.115180
1877.339609   14.883650   0.111160
1877.349339   14.768850   0.117610
1877.359563   14.747230   0.107640
1877.369289   14.763330   0.112550
1877.379166   14.891760   0.120320
1877.389199   14.846600   0.066700
1877.417763   14.617140   0.067700
1877.426444   14.848130   0.121730
1877.433416   14.843920   0.129900
1877.439579   14.788730   0.075100
1877.444578   14.729880   0.075300
1877.449101   14.796750   0.124520
1877.456119   14.809990   0.126390
1877.458826   14.822880   0.125100
1877.460660   14.814180   0.130070
1877.462518   14.879870   0.109820
1877.464144   14.795340   0.124550
1877.465872   14.751740   0.075800
1877.975795   14.791060   0.103690
1877.985575   14.815040   0.089640
1877.995071   14.848760   0.089750
1878.004964   14.777850   0.082500
1878.014335   14.810680   0.089280
1878.023915   14.827870   0.075850
1878.033403   14.820980   0.082980
1878.042881   14.819590   0.080070
1878.052477   14.757720   0.089900
1878.062202   14.793570   0.088950
1878.072038   14.786030   0.096910
1878.081838   14.801520   0.101250
1878.091595   14.816040   0.088850
1878.101204   14.812270   0.090530
1878.111056   14.716910   0.097800
1878.120475   14.813710   0.094080
1878.129972   14.788540   0.105540
1878.139452   14.780580   0.122030
1878.167692   14.818250   0.106590
1878.177309   14.765900   0.105790
1878.186872   14.832380   0.130450
1878.196274   14.729990   0.100880
1878.235270   14.729820   0.075400
1878.971663   14.829390   0.121550
1878.982332   14.854460   0.103340
1878.992862   14.998710   0.132490
1879.003272   14.814950   0.109960
1879.014056   14.825160   0.128230
1879.024628   14.644430   0.070500
1879.035250   14.824960   0.081200
1879.943742   14.932630   0.110690
1879.953255   14.828620   0.099160
1879.962965   14.832040   0.091230
1879.972299   14.774870   0.091710
1879.982133   14.832550   0.096080
1879.991480   14.808950   0.100790
1880.001350   14.782950   0.100340
1880.010995   14.725060   0.108320
1880.020489   14.853120   0.111740
1880.030167   14.825720   0.114380
1880.040004   14.794620   0.109760
1880.050020   14.843710   0.114360
1880.059700   14.801640   0.109320
1880.069635   14.820270   0.110220
1880.079545   14.772240   0.096120
1880.089000   14.816940   0.118870
1880.098524   14.804310   0.119920
1880.107996   14.767080   0.092300
1880.117530   14.809900   0.117150
1880.127064   14.859170   0.095270
1880.200091   14.858920   0.099360
1880.219278   14.798760   0.075100
1880.229324   14.748030   0.122420
1880.239065   14.758650   0.097480
1880.248836   14.768450   0.118750
1880.258298   14.809410   0.126640
1880.267686   14.858310   0.130330
1880.277428   14.856010   0.074600
1880.306536   14.672060   0.099640
1880.369044   14.759310   0.100770
1880.987549   14.890280   0.096670
1880.997175   14.918140   0.120030
1881.007352   14.844250   0.116150
1881.017185   14.860490   0.098120
1881.027023   14.800400   0.121900
1881.036583   14.831540   0.120360
1881.046307   14.789000   0.121660
1881.065488   14.752030   0.096070
1881.085120   14.727590   0.068600
1881.094964   14.793000   0.072300
1881.104801   14.768030   0.114680
1881.143810   14.793570   0.115670
1881.163015   14.775810   0.072600
1881.171357   14.804220   0.118510
1881.180981   14.703330   0.121090
1881.190627   14.779000   0.102780
1881.200550   14.830880   0.109860
1881.210473   14.741120   0.121210
1881.220305   14.743460   0.125230
1881.230199   14.877930   0.128330
1881.239668   14.716510   0.131180
1881.249405   14.799930   0.104520
1881.258917   14.843630   0.105570
1881.278342   14.905180   0.081300
1881.297603   14.764040   0.110510
1881.307414   14.706900   0.102270
1881.904494   14.743290   0.075200
1881.923884   14.750690   0.072700
1881.933466   14.776790   0.119280
1881.943307   14.833880   0.104660
1884.099534   14.784240   0.087320
1884.109140   14.809510   0.084900
1884.118686   14.836000   0.108510
1884.137551   14.824610   0.099570
1884.147279   14.790060   0.112940
1884.156774   14.812130   0.115670
1884.185338   14.864750   0.093410
1884.194977   14.779570   0.097710
1884.204574   14.845800   0.115330
1884.214174   14.760110   0.094200
1884.223839   14.841880   0.106980
1884.242628   14.755190   0.091970
1884.252195   14.843510   0.088360
1884.261682   14.778110   0.091700
1884.271201   14.784280   0.088400
1884.280876   14.755680   0.101370
1884.290846   14.790940   0.106160
1884.300573   14.826120   0.119520
1884.320206   14.794850   0.112020
1884.330156   14.727060   0.115170
1884.350052   14.823200   0.112190
1884.360119   14.842940   0.113980
1884.370060   14.842220   0.111560
1884.379738   14.861450   0.126330
1884.389528   14.758930   0.093670
1884.399065   14.777290   0.100480
1884.406881   14.918870   0.119410
1884.413865   14.791630   0.109880
1884.425635   14.753910   0.107350
1884.430150   14.778170   0.094100
1884.433678   14.780280   0.111790
1884.437202   14.769190   0.110420
1884.439908   14.848620   0.118640
1884.441669   14.850060   0.119500
1884.443407   14.843100   0.112520
1884.445186   14.795550   0.104170
1884.503638   14.794920   0.100910
1884.513187   14.815690   0.109580
1884.522993   14.764300   0.097840
1884.532900   14.714510   0.088170
1884.542819   14.758880   0.103930
1884.552782   14.794930   0.056600
1884.562458   14.806570   0.082130
1884.572289   14.790330   0.081380
1884.581820   14.801990   0.082800
1884.591479   14.783490   0.108340
1884.600983   14.831110   0.097630
1884.610820   14.770750   0.082710
1886.072366   14.737610   0.074340
1886.082057   14.844840   0.084220
1886.091456   14.786460   0.090160
1886.101064   14.837840   0.093800
1886.110701   14.799000   0.087640
1886.120214   14.779230   0.087610
1886.129544   14.817480   0.093270
1886.138882   14.868480   0.107180
1886.148233   14.761830   0.094670
1886.157943   14.736730   0.089450
1886.167550   14.822480   0.116680
1886.177101   14.784260   0.106830
1886.186997   14.817540   0.117250
1886.196609   14.744550   0.119830
1886.206153   14.796480   0.135040
1886.254273   14.693000   0.075500
1886.263771   14.813590   0.115270
1886.283270   14.827790   0.118670
1886.293134   14.850390   0.122530
1886.303115   14.824410   0.103820
1886.312914   14.826320   0.126450
1886.322895   14.898530   0.100410
1886.332858   14.846010   0.106070
1886.342543   14.750920   0.119830
1886.352458   14.926010   0.110450
1886.362281   14.721100   0.076400
1886.381496   14.686710   0.073800
