1863.169882   12.830040   0.027710
1863.179028   12.841710   0.030600
1863.188111   12.861910   0.035340
1863.197263   12.841430   0.032400
1863.206453   12.835820   0.031000
1863.215516   12.840270   0.037360
1863.224486   12.836470   0.036150
1863.233708   12.824120   0.038880
1863.243026   12.850420   0.039500
1863.252052   12.835560   0.034840
1863.260978   12.812950   0.033090
1863.270074   12.853860   0.036670
1863.279229   12.837160   0.034650
1863.288341   12.826380   0.031700
1863.297662   12.844090   0.030090
1863.306748   12.823110   0.033600
1863.315898   12.814900   0.034080
1863.325261   12.833920   0.033950
1863.334632   12.838900   0.037070
1863.344416   12.847390   0.034300
1863.353962   12.839710   0.033730
1863.363511   12.833300   0.030200
1863.372640   12.841590   0.028350
1863.381795   12.834020   0.028520
1863.391577   12.834360   0.030720
1863.400670   12.834430   0.032160
1863.410157   12.825330   0.033330
1863.419415   12.835130   0.033840
1863.428728   12.828760   0.034470
1863.438171   12.872310   0.037690
1863.447725   12.835890   0.039790
1863.457038   12.822940   0.047310
1863.464667   12.848140   0.054820
1863.471563   12.841230   0.056210
1863.477686   12.867740   0.053400
1863.482900   12.820460   0.055630
1863.487037   12.818080   0.058140
1863.490505   12.819050   0.054490
1863.494064   12.859830   0.054490
1863.496621   12.861290   0.058730
1863.498272   12.849050   0.057790
1863.500087   12.844490   0.061800
1863.501889   12.815180   0.061620
1863.503937   12.809730   0.085470
1864.122118   12.827130   0.022630
1864.131216   12.860600   0.029910
1864.140349   12.835640   0.026910
1864.149328   12.830810   0.027080
1864.158727   12.834810   0.025350
1864.168077   12.800910   0.032280
1864.177441   12.828890   0.030580
1864.186471   12.831020   0.024710
1864.195786   12.827030   0.030370
1864.204761   12.846380   0.028410
1864.213956   12.818980   0.026210
1864.223275   12.835800   0.025120
1864.232312   12.814070   0.030260
1864.241734   12.828500   0.030660
1864.250994   12.839650   0.026620
1864.260292   12.861440   0.031580
1864.269452   12.832170   0.027310
1864.278712   12.858670   0.032050
1864.288040   12.852740   0.031700
1864.297228   12.820470   0.030850
1864.306786   12.826250   0.031010
1864.315982   12.836360   0.032450
1864.325240   12.823060   0.031180
1864.334830   12.841450   0.031010
1864.344223   12.858600   0.040650
1864.353629   12.826690   0.040830
1864.362884   12.793760   0.042730
1864.372284   12.803910   0.053530
1864.381718   12.831010   0.047430
1864.391386   12.796020   0.039590
1864.401175   12.826640   0.049440
1864.410777   12.805460   0.045610
1864.420158   12.848370   0.045860
1864.429378   12.882200   0.049470
1864.438639   12.857670   0.057130
1864.448098   12.833720   0.062380
1864.457409   12.821210   0.068840
1864.465120   12.850400   0.067020
1864.472313   12.859790   0.078870
1864.477494   12.876590   0.083900
1864.482643   12.824270   0.108380
1864.489646   12.870270   0.118710
1864.492216   12.790040   0.097080
1864.494776   12.837750   0.098880
1864.496480   12.864190   0.104990
1864.498365   12.876950   0.104170
1864.500091   12.829710   0.108410
1864.501760   12.741930   0.101910
1865.081649   12.842050   0.035450
1865.090914   12.851940   0.035700
1865.103000   12.845710   0.035060
1865.112265   12.829190   0.033490
1865.121493   12.837350   0.039230
1865.180915   12.840110   0.023560
1865.189934   12.849280   0.018940
1865.199137   12.831900   0.023750
1865.208040   12.844410   0.018880
1865.217207   12.843830   0.028420
1865.226382   12.828800   0.026280
1865.235932   12.822730   0.028550
1865.245886   12.826920   0.029680
1865.255783   12.836530   0.028880
1865.265750   12.830360   0.038170
1865.275774   12.838550   0.033040
1865.285892   12.833300   0.029450
1865.295973   12.846000   0.031640
1865.306185   12.850020   0.030840
1865.316145   12.830460   0.030680
1865.326150   12.830280   0.032690
1865.336276   12.856730   0.039550
1865.346577   12.845430   0.036270
1865.356675   12.838960   0.034140
1865.366659   12.839430   0.040200
1865.376904   12.832940   0.037840
1865.387088   12.829240   0.040130
1865.397153   12.811650   0.040950
1865.407149   12.821980   0.038520
1865.417333   12.818060   0.037370
1865.427630   12.833980   0.041050
1865.437669   12.864580   0.041070
1865.448171   12.785400   0.047690
1865.457324   12.806900   0.053380
1865.465615   12.850570   0.061160
1865.471988   12.862020   0.070330
1865.477591   12.853540   0.086220
1865.482335   12.888670   0.073090
1865.486159   12.833190   0.084820
1865.489785   12.831930   0.070290
1865.492667   12.851450   0.066430
1865.494427   12.832650   0.064000
1865.496283   12.867530   0.057620
1865.498551   12.810220   0.103590
1866.165339   12.822700   0.020500
1866.174723   12.826550   0.020670
1866.184057   12.831630   0.021370
1866.193487   12.846970   0.017890
1866.202706   12.828510   0.022460
1866.212035   12.843770   0.022860
1866.221409   12.836740   0.022920
1866.230791   12.837410   0.023040
1866.240551   12.840510   0.022630
1866.250004   12.845040   0.022920
1866.259354   12.827930   0.023210
1867.193045   12.829300   0.015590
1867.202355   12.844530   0.016340
1867.211516   12.829930   0.016340
1867.220585   12.843330   0.017260
1867.230131   12.837120   0.017490
1867.239707   12.837590   0.017380
1867.249230   12.831610   0.017090
1867.258785   12.822130   0.017210
1867.268385   12.833010   0.017840
1867.277702   12.836300   0.018130
1867.287153   12.838280   0.018300
1867.296854   12.835360   0.018650
1867.306121   12.826090   0.018650
1867.315500   12.824630   0.019000
1867.325094   12.834780   0.019400
1867.334502   12.845510   0.020090
1867.344482   12.829360   0.020560
1867.354030   12.856580   0.020960
1867.363492   12.811580   0.023300
1867.372735   12.835300   0.022120
1867.382212   12.835470   0.022420
1867.391671   12.802250   0.024610
1867.401392   12.834440   0.023390
1867.410805   12.830220   0.022920
1867.420288   12.839130   0.028880
1867.429722   12.858710   0.030480
1867.439192   12.851710   0.028290
1867.448574   12.853140   0.031120
1867.456168   12.828860   0.026790
1867.463320   12.832100   0.028690
1867.469421   12.832430   0.028480
1867.473939   12.846630   0.023510
1867.478291   12.846180   0.021650
1867.481655   12.832130   0.022640
1867.484335   12.826970   0.024490
1867.486951   12.836390   0.024370
1867.488639   12.837330   0.024200
1867.490315   12.821580   0.026060
1867.492002   12.838430   0.025180
1867.493647   12.823440   0.019230
1868.197661   12.825420   0.028580
1868.207123   12.798850   0.028060
1868.216495   12.821500   0.037430
1868.225986   12.835920   0.032510
1868.235811   12.824190   0.039970
1868.245580   12.805320   0.036800
1868.255259   12.816560   0.040250
1868.264815   12.853830   0.038860
1868.274279   12.845200   0.044640
1868.283929   12.839840   0.038400
1868.293537   12.859470   0.060120
1868.303104   12.889730   0.065910
1868.312574   12.853540   0.062520
1868.322548   12.813610   0.045390
1868.332083   12.828770   0.041860
1868.341800   12.822130   0.043440
1868.351466   12.841880   0.053980
1868.360837   12.809970   0.056020
1868.370659   12.815750   0.056640
1868.380417   12.855860   0.054050
1868.390367   12.827130   0.050580
1868.399668   12.833530   0.051340
1868.409622   12.814430   0.057070
1868.419023   12.845790   0.053050
1868.428372   12.841880   0.052540
1868.437691   12.821500   0.057690
1868.446987   12.866650   0.055140
1868.454949   12.849820   0.060780
1868.461066   12.821380   0.055440
1868.467151   12.824140   0.057690
1868.471440   12.852170   0.061050
1868.475710   12.836110   0.071130
1868.479187   12.860860   0.074350
1868.481793   12.811480   0.073120
1868.484421   12.868850   0.067100
1868.486154   12.867620   0.068570
1868.487874   12.834260   0.067780
1868.489584   12.804130   0.066550
1868.491280   12.873280   0.074940
1868.552972   12.858880   0.112310
1868.562396   12.849920   0.099720
1869.239644   12.816420   0.078150
1869.249027   12.892210   0.088850
1869.258676   12.884520   0.098910
1869.268460   12.937850   0.114860
1869.278238   12.763310   0.114770
1869.287800   12.760050   0.119520
1869.297392   12.811150   0.120900
1869.307040   12.810560   0.099270
1870.219778   12.815760   0.019170
1870.229270   12.829460   0.019800
1870.238762   12.824930   0.021480
1870.248135   12.845130   0.020500
1870.257691   12.835050   0.023210
1870.267266   12.843140   0.022170
1870.276950   12.854010   0.022630
1870.286498   12.827230   0.022580
1870.295849   12.845360   0.021420
1870.305565   12.845210   0.022690
1870.315197   12.842760   0.025410
1870.325274   12.838810   0.026570
1870.335174   12.843870   0.024190
1870.344892   12.845800   0.025810
1870.354573   12.828780   0.029740
1870.364104   12.805040   0.039180
1870.373603   12.817450   0.038640
1870.383600   12.820370   0.043820
1870.393243   12.830490   0.054740
1870.402820   12.896570   0.077350
1870.412418   12.844110   0.068140
1870.421719   12.776050   0.071780
1870.431056   12.831000   0.070530
1870.440608   12.890730   0.061370
1870.448993   12.853950   0.052060
1870.456179   12.837310   0.051640
1870.461756   12.865840   0.062110
1870.466593   12.821080   0.075000
1870.470290   12.813370   0.062830
1870.474034   12.816150   0.076040
1870.476825   12.822020   0.080640
1870.478569   12.825790   0.081280
1870.480341   12.811830   0.075620
1870.482097   12.821400   0.075460
1870.483838   12.799230   0.081360
1870.485602   12.820650   0.079640
1871.136689   12.837080   0.022710
1871.146179   12.846000   0.021250
1871.155384   12.846360   0.021200
1871.164955   12.855480   0.023500
1871.174269   12.838950   0.022930
1871.183469   12.849540   0.024480
1871.192872   12.850670   0.023100
1871.202392   12.833450   0.024890
1871.211865   12.820240   0.028470
1871.221273   12.808820   0.028350
1871.230922   12.843610   0.024540
1871.240394   12.855480   0.024830
1871.250018   12.831120   0.026560
1871.259511   12.830890   0.025180
1871.269122   12.810540   0.025010
1871.278903   12.844160   0.024830
1871.288648   12.802350   0.026790
1871.298226   12.811590   0.025520
1871.307789   12.845020   0.027830
1871.317562   12.825570   0.027720
1871.327342   12.836830   0.029560
1871.337079   12.833920   0.032830
1871.346725   12.834870   0.033790
1871.356495   12.800610   0.032020
1871.366277   12.837070   0.035870
1871.375944   12.831400   0.035050
1871.385808   12.817820   0.039310
1871.395399   12.846120   0.040950
1871.404882   12.824660   0.046190
1871.414342   12.824630   0.047110
1871.423744   12.844930   0.043940
1871.433495   12.835710   0.045300
1871.442405   12.810780   0.042900
1871.449670   12.831150   0.044820
1871.455742   12.781780   0.045230
1871.461191   12.887100   0.050290
1871.465968   12.850630   0.046180
1871.469461   12.857520   0.047440
1871.472994   12.841470   0.045840
1871.476070   12.814330   0.045410
1871.477819   12.822470   0.043930
1871.479709   12.806670   0.047120
1871.481438   12.849410   0.046310
1871.550420   12.866680   0.048610
1871.559908   12.813850   0.051180
1871.569340   12.821580   0.049770
1871.578835   12.793040   0.055180
1871.588334   12.866800   0.065970
1871.597765   12.811540   0.077560
1871.607264   12.883390   0.091640
1871.616819   12.894830   0.107800
1871.626477   12.968750   0.076800
1872.324463   12.816780   0.025820
1872.334315   12.825240   0.025760
1872.344041   12.820620   0.026620
1872.353623   12.813740   0.026650
1872.363427   12.841990   0.025580
1872.373279   12.843190   0.025350
1872.383099   12.832660   0.025700
1872.392766   12.842990   0.025640
1872.402203   12.828410   0.026110
1872.412032   12.809530   0.028200
1872.421585   12.835420   0.027950
1872.431130   12.873680   0.029620
1872.439874   12.828200   0.030580
1872.447517   12.835360   0.029740
1872.454162   12.854730   0.030610
1872.459603   12.835710   0.033970
1872.463903   12.809690   0.035390
1872.467716   12.828690   0.035220
1872.470496   12.818260   0.034530
1872.473152   12.826570   0.035580
1872.474857   12.811290   0.035720
1872.476617   12.836960   0.036680
1872.478370   12.834050   0.035060
1872.480228   12.837080   0.035510
1872.541663   12.821190   0.044080
1872.550845   12.844760   0.044650
1872.560270   12.819490   0.047180
1872.569828   12.856980   0.051960
1872.579400   12.862650   0.054810
1872.588943   12.866170   0.056420
1872.598488   12.904910   0.062260
1872.608116   12.862630   0.073710
1872.617527   12.793420   0.089510
1872.627101   12.947750   0.111870
1873.229437   12.833330   0.028300
1873.238826   12.828350   0.031360
1873.248403   12.833270   0.028810
1873.258009   12.848210   0.029680
1873.267456   12.836840   0.029560
1873.276959   12.838720   0.030950
1873.286788   12.871070   0.030900
1873.296275   12.823650   0.032820
1873.305896   12.831490   0.036960
1873.315548   12.854590   0.033950
1873.325684   12.857860   0.034600
1873.335346   12.836070   0.038400
1873.344943   12.858150   0.041990
1873.354842   12.826670   0.037650
1873.364691   12.801570   0.042670
1873.374458   12.842440   0.040420
1873.383960   12.803100   0.036570
1873.393856   12.810950   0.039000
1873.403606   12.844450   0.038520
1873.413210   12.823410   0.046990
1873.422938   12.847990   0.044640
1873.432622   12.810210   0.040590
1873.441010   12.842480   0.036330
1873.447044   12.856460   0.036780
1873.453044   12.834300   0.036730
1873.457630   12.824760   0.038570
1873.462090   12.852010   0.038870
1873.465548   12.852640   0.039550
1873.468261   12.884770   0.039290
1873.470892   12.832020   0.041990
1873.472722   12.845470   0.040000
1873.474437   12.843800   0.038570
1873.476606   12.817610   0.056850
1873.539305   12.824840   0.073800
1873.548852   12.867110   0.116480
1873.558313   12.856890   0.095270
1873.567696   12.794550   0.086860
1873.577180   12.843880   0.100120
1873.586745   12.824950   0.084950
1873.596227   12.821140   0.111810
1873.605773   12.810970   0.107580
1873.615321   12.779750   0.104010
1873.624816   12.878790   0.113230
1874.032527   12.827280   0.018760
1874.041923   12.835560   0.020030
1874.051714   12.846590   0.019920
1874.061193   12.849800   0.020050
1874.070741   12.832050   0.021310
1874.080230   12.833290   0.021080
1874.089638   12.844490   0.020730
1874.098984   12.834960   0.021370
1874.108441   12.850380   0.020960
1874.117749   12.847420   0.022230
1874.127103   12.846290   0.022490
1874.136654   12.854860   0.022290
1874.145982   12.868570   0.023380
1874.155173   12.837090   0.024420
1874.164605   12.846170   0.026740
1874.174153   12.841830   0.032740
1874.183645   12.859100   0.041810
1874.193053   12.841030   0.054760
1874.202515   12.823540   0.057250
1874.212179   12.797790   0.063930
1874.222051   12.849660   0.054560
1874.593715   12.819360   0.102250
1874.603390   12.864190   0.099770
1874.613116   12.896990   0.096630
1876.992585   12.851150   0.021310
1877.002277   12.847930   0.021020
1877.012009   12.836920   0.022870
1877.021623   12.847970   0.021600
1877.031340   12.843190   0.023560
1877.041094   12.836050   0.022690
1877.050632   12.833010   0.020090
1877.060512   12.833990   0.021360
1877.070280   12.840340   0.022060
1877.080037   12.833620   0.022310
1877.089835   12.841520   0.022060
1877.099542   12.852760   0.022630
1877.109324   12.852710   0.027100
1877.119234   12.829390   0.027410
1877.128562   12.851690   0.025360
1877.137988   12.841320   0.024770
1877.147449   12.845640   0.029480
1877.157081   12.837940   0.025990
1877.166514   12.835420   0.026630
1877.175811   12.830610   0.025120
1877.185180   12.837980   0.026790
1877.194638   12.846350   0.025660
1877.204359   12.862210   0.024950
1877.213829   12.835060   0.023040
1877.223290   12.841530   0.025230
1877.232928   12.829500   0.024900
1877.242583   12.835190   0.027830
1877.252102   12.838380   0.026500
1877.261424   12.823880   0.025750
1877.271317   12.843590   0.025350
1877.280810   12.824110   0.023210
1877.290913   12.821470   0.025460
1877.300784   12.829800   0.031240
1877.310552   12.818850   0.025520
1877.320329   12.820130   0.029270
1877.330019   12.823850   0.027060
1877.339609   12.830400   0.023270
1877.349339   12.817030   0.027080
1877.359563   12.852500   0.024770
1877.369289   12.820270   0.027370
1877.379166   12.839500   0.026740
1877.389199   12.825010   0.029640
1877.398748   12.835490   0.034020
1877.408188   12.827450   0.032000
1877.417610   12.847010   0.029970
1877.426444   12.844900   0.026680
1877.433416   12.841870   0.029060
1877.439426   12.851530   0.032800
1877.444578   12.851460   0.032620
1877.449101   12.846050   0.028240
1877.452622   12.824430   0.034710
1877.456119   12.837890   0.029870
1877.458826   12.858310   0.029170
1877.460660   12.840660   0.029630
1877.462441   12.839320   0.030090
1877.464144   12.854430   0.029680
1877.465872   12.853370   0.031180
1877.528546   12.841190   0.037480
1877.538164   12.835350   0.038630
1877.547759   12.856930   0.042650
1877.557433   12.858030   0.046500
1877.566991   12.840060   0.044650
1877.956588   12.845820   0.033500
1877.966360   12.832700   0.031410
1877.975795   12.823980   0.023330
1877.985575   12.820720   0.020730
1877.995071   12.818920   0.019800
1878.004964   12.812440   0.019230
1878.014335   12.829320   0.020960
1878.023915   12.833400   0.017540
1878.033403   12.836370   0.019460
1878.042881   12.829480   0.019000
1878.052477   12.828320   0.021830
1878.062202   12.824310   0.020960
1878.072038   12.824450   0.021370
1878.081838   12.835330   0.022460
1878.091595   12.842820   0.021130
1878.101204   12.832140   0.021590
1878.111056   12.823010   0.022110
1878.120475   12.833770   0.022460
1878.129972   12.831680   0.024370
1878.139452   12.849140   0.028830
1878.148981   12.819660   0.046210
1878.158293   12.818370   0.042930
1878.167692   12.828010   0.025300
1878.177309   12.849160   0.024550
1878.186872   12.840960   0.031640
1878.196273   12.830180   0.031320
1878.206054   12.838120   0.034530
1878.215833   12.845300   0.039520
1878.225557   12.846120   0.038640
1878.235117   12.856820   0.032400
1878.244657   12.827500   0.032220
1878.254352   12.852320   0.035050
1878.263984   12.860700   0.036950
1878.273770   12.833830   0.036840
1878.283405   12.863720   0.040380
1878.293079   12.849030   0.040210
1878.302887   12.832440   0.048000
1878.312828   12.851120   0.052240
1878.322431   12.844530   0.053610
1878.332111   12.820050   0.053550
1878.342126   12.826330   0.037650
1878.351898   12.787510   0.041180
1878.361666   12.829200   0.041980
1878.371492   12.824410   0.045230
1878.381052   12.799980   0.043840
1878.390611   12.849010   0.034160
1878.400035   12.853120   0.042600
1878.409523   12.825380   0.041380
1878.419250   12.840010   0.043170
1878.427139   12.863000   0.046210
1878.434256   12.806220   0.039610
1878.439734   12.831610   0.048700
1878.444205   12.830490   0.038620
1878.448555   12.807410   0.037080
1878.452064   12.867280   0.048090
1878.454721   12.822390   0.045920
1878.457364   12.854620   0.047300
1878.459093   12.840100   0.046500
1878.460943   12.819520   0.046890
1878.463071   12.826140   0.064730
1878.523903   12.812700   0.048320
1878.533380   12.844670   0.050120
1878.542754   12.816190   0.046960
1878.552323   12.834930   0.049150
1878.561961   12.826940   0.056070
1878.571685   12.803780   0.080850
1878.581234   12.858730   0.075260
1878.590773   12.836480   0.083290
1878.600390   12.737660   0.101510
1878.885725   12.846990   0.071490
1878.896259   12.790230   0.056200
1878.907039   12.852980   0.049090
1878.917827   12.842830   0.050180
1878.928636   12.825670   0.048440
1878.939490   12.837340   0.041270
1878.950209   12.852400   0.032970
1878.960985   12.829800   0.030550
1878.971663   12.822540   0.028760
1878.982256   12.837190   0.030020
1878.992862   12.842450   0.028410
1879.003349   12.839480   0.030540
1879.014056   12.834180   0.030310
1879.024781   12.844890   0.031130
1879.035403   12.842340   0.034060
1879.046338   12.841960   0.035500
1879.056998   12.810320   0.037030
1879.067120   12.823140   0.036330
1879.077625   12.825800   0.036610
1879.087804   12.825050   0.036890
1879.097718   12.846490   0.040710
1879.108265   12.847250   0.044480
1879.118677   12.827580   0.045230
1879.128946   12.853880   0.037200
1879.138951   12.831830   0.044580
1879.148948   12.857530   0.051350
1879.158753   12.870490   0.053120
1879.168681   12.850210   0.049310
1879.178653   12.832730   0.052920
1879.188532   12.814610   0.055850
1879.198658   12.845050   0.054260
1879.208980   12.807660   0.057430
1879.219105   12.833650   0.055840
1879.229198   12.814030   0.055950
1879.239692   12.855070   0.059000
1879.249885   12.818680   0.054330
1879.259988   12.860640   0.052200
1879.270136   12.845470   0.051350
1879.279998   12.812610   0.044690
1879.290256   12.824290   0.056070
1879.300321   12.828450   0.051100
1879.310604   12.831170   0.056440
1879.321132   12.848320   0.051830
1879.331398   12.808080   0.053280
1879.341711   12.814790   0.055680
1879.352168   12.835320   0.055460
1879.362239   12.838700   0.053500
1879.372581   12.842400   0.053580
1879.383093   12.853620   0.032600
1879.393142   12.820580   0.059620
1879.403333   12.856670   0.062010
1879.413718   12.842220   0.062410
1879.422210   12.835030   0.064210
1879.430290   12.851680   0.065660
1879.436891   12.818170   0.065200
1879.441492   12.819190   0.067910
1879.445571   12.837260   0.072430
1879.449457   12.825240   0.070890
1879.452342   12.927960   0.056430
1879.454194   12.844070   0.073750
1879.456055   12.838020   0.062020
1879.457932   12.807970   0.074200
1879.460282   12.855830   0.105100
1879.524043   12.849910   0.087810
1879.534146   12.843490   0.095600
1879.544253   12.818590   0.099560
1879.554321   12.916320   0.055600
1879.564508   12.798830   0.101630
1879.574677   12.862300   0.107210
1879.584814   12.888920   0.113970
1879.594935   12.809900   0.110870
1879.605045   12.882800   0.098520
1879.615186   12.911630   0.129130
1879.625350   12.734290   0.104590
1879.885631   12.798360   0.075960
1879.895153   12.868030   0.067380
1879.904711   12.830260   0.051740
1879.914664   12.814110   0.042150
1879.924232   12.832140   0.033490
1879.933937   12.858030   0.027620
1879.943742   12.834410   0.023380
1879.953255   12.857560   0.021710
1879.962965   12.845360   0.020320
1879.972299   12.842570   0.019800
1879.982133   12.837600   0.020560
1879.991480   12.840330   0.021830
1880.001350   12.843940   0.022580
1880.010995   12.827560   0.025250
1880.020489   12.824480   0.024740
1880.030167   12.838340   0.025700
1880.040004   12.835710   0.023670
1880.050020   12.821530   0.024940
1880.059700   12.836610   0.025810
1880.069635   12.847980   0.025720
1880.079469   12.844620   0.027370
1880.089000   12.847520   0.026060
1880.098524   12.832640   0.028590
1880.108072   12.812900   0.028350
1880.117530   12.835720   0.025700
1880.127140   12.849890   0.027270
1880.200091   12.875000   0.030210
1880.209735   12.883410   0.033890
1880.219431   12.844030   0.031620
1880.229324   12.855170   0.027850
1880.238989   12.856340   0.027950
1880.248836   12.839640   0.026270
1880.258298   12.841260   0.028090
1880.267686   12.856500   0.030020
1880.277275   12.843330   0.030320
1880.286928   12.861980   0.035620
1880.306613   12.820300   0.030660
1880.369120   12.824130   0.028000
1880.684731   12.780190   0.088990
1880.693935   12.733640   0.084780
1880.703424   12.828490   0.107450
1880.712965   12.828460   0.118830
1880.967707   12.825570   0.032920
1880.977730   12.840500   0.033150
1880.987626   12.858740   0.027150
1880.997175   12.829560   0.025350
1881.007352   12.865360   0.025760
1881.017262   12.859320   0.026680
1881.027023   12.842870   0.027780
1881.036583   12.826420   0.027080
1881.046307   12.813050   0.029100
1881.055914   12.843120   0.031870
1881.065565   12.828600   0.030840
1881.075352   12.842260   0.034190
1881.085120   12.866040   0.030550
1881.094964   12.824510   0.029450
1881.104801   12.846090   0.026340
1881.114937   12.835570   0.035170
1881.124474   12.831940   0.032730
1881.134326   12.839090   0.034890
1881.143810   12.847790   0.025990
1881.153419   12.855220   0.034600
1881.163015   12.841120   0.030660
1881.171357   12.838750   0.025930
1881.180981   12.834700   0.028000
1881.190627   12.836770   0.023150
1881.200550   12.823000   0.025060
1881.210473   12.824690   0.028070
1881.220305   12.838340   0.029390
1881.230199   12.835410   0.030030
1881.239668   12.844070   0.030670
1881.249328   12.834210   0.029390
1881.258917   12.816870   0.028990
1881.268352   12.819180   0.029680
1881.278189   12.825920   0.029960
1881.288137   12.825670   0.031660
1881.297680   12.815030   0.030950
1881.307337   12.836790   0.032040
1881.317394   12.829120   0.034130
1881.327336   12.815410   0.035370
1881.337373   12.825840   0.035230
1881.347129   12.855680   0.035510
1881.357110   12.840040   0.035680
1881.366722   12.830220   0.038340
1881.376276   12.826710   0.037130
1881.386104   12.839480   0.038640
1881.395996   12.833460   0.038960
1881.405772   12.817380   0.038460
1881.414838   12.821820   0.041640
1881.422098   12.827730   0.043270
1881.428287   12.812270   0.041260
1881.433496   12.852740   0.042380
1881.437835   12.843900   0.041960
1881.441542   12.842370   0.046480
1881.445078   12.848110   0.046780
1881.447777   12.819370   0.043000
1881.449541   12.829960   0.044050
1881.451276   12.837420   0.047060
1881.453055   12.823180   0.046230
1881.455245   12.813270   0.063400
1881.512259   12.828980   0.045910
1881.522032   12.788030   0.050120
1881.531584   12.843200   0.051500
1881.541053   12.823430   0.050690
1881.550943   12.862980   0.049290
1881.560601   12.847330   0.054020
1881.570473   12.866600   0.054120
1881.580253   12.819010   0.061610
1881.589860   12.848550   0.055230
1881.599577   12.820880   0.062750
1881.609472   12.812490   0.056930
1881.619114   12.854320   0.070910
1881.628942   12.812780   0.075240
1881.638590   12.881500   0.082940
1881.648351   12.798950   0.083000
1881.807124   12.771290   0.065500
1881.816745   12.875070   0.126200
1881.826319   12.803060   0.101970
1881.835921   12.895090   0.074190
1881.845731   12.834220   0.076370
1881.855252   12.820440   0.059960
1881.864967   12.857200   0.053310
1881.874874   12.836120   0.049280
1881.884546   12.855050   0.039330
1881.894462   12.871910   0.036400
1881.904494   12.824800   0.030020
1881.914271   12.834990   0.030020
1881.923884   12.822590   0.029910
1881.933466   12.839840   0.027890
1881.943231   12.833150   0.028580
1881.952875   12.832640   0.037550
1881.962633   12.836130   0.041400
1881.972149   12.811610   0.043480
1881.982098   12.842070   0.045030
1881.992169   12.866490   0.058660
1882.001889   12.892570   0.066350
1882.011594   12.829830   0.066630
1882.021627   12.817600   0.050910
1882.031644   12.846060   0.055330
1882.041324   12.873390   0.055760
1882.051198   12.833970   0.049510
1882.060871   12.832050   0.050870
1882.070527   12.827180   0.091810
1882.080330   12.833060   0.038080
1882.090096   12.798950   0.084560
1882.099492   12.834640   0.096950
1882.109365   12.812110   0.066760
1882.121972   12.850690   0.054800
1882.131558   12.819610   0.041520
1882.141120   12.833090   0.072640
1882.150540   12.855680   0.047930
1882.160119   12.853780   0.049650
1882.169652   12.853510   0.048110
1882.179008   12.831430   0.049550
1882.188466   12.789250   0.057530
1882.198063   12.806420   0.065900
1882.208031   12.816400   0.111270
1882.217722   12.872180   0.093740
1882.227231   12.860650   0.083100
1882.236839   12.824920   0.080910
1882.246327   12.901720   0.112360
1882.256107   12.805880   0.103090
1882.266006   12.805130   0.103330
1882.275585   12.843970   0.092380
1882.285301   12.827080   0.090710
1882.295361   12.803780   0.088860
1882.305067   12.817280   0.110550
1882.325032   12.824900   0.087830
1882.334886   12.803980   0.077380
1882.344919   12.887890   0.092170
1882.354771   12.844910   0.099500
1882.364587   12.818080   0.083750
1882.374737   12.826550   0.083700
1883.093660   12.792400   0.036090
1883.103366   12.845200   0.059620
1883.112818   12.849280   0.038850
1883.122237   12.808920   0.044970
1883.131900   12.829290   0.036260
1883.141295   12.841960   0.043530
1883.150882   12.824740   0.044650
1883.160374   12.848060   0.048100
1883.169871   12.818420   0.052030
1883.179271   12.844340   0.039340
1883.188727   12.845300   0.040310
1883.198404   12.837830   0.048090
1883.207904   12.851230   0.045270
1883.217549   12.820700   0.048850
1883.226897   12.861990   0.050320
1883.236210   12.835780   0.048570
1883.245790   12.826150   0.049380
1883.255334   12.868010   0.051970
1883.265175   12.824330   0.051810
1883.274780   12.859250   0.053040
1883.284849   12.884830   0.073150
1883.294394   12.819180   0.073230
1883.304305   12.790080   0.070540
1883.314080   12.930240   0.083260
1883.323720   12.854010   0.073330
1883.333437   12.799100   0.063690
1883.343435   12.829930   0.062790
1883.353548   12.832410   0.071930
1883.363493   12.852560   0.059590
1883.373027   12.828950   0.062880
1883.382657   12.847190   0.069550
1883.392439   12.874520   0.063640
1883.402040   12.871520   0.059810
1883.410061   12.839670   0.069580
1883.417485   12.844990   0.072810
1883.423677   12.845670   0.063650
1883.428949   12.849390   0.070830
1883.433300   12.900230   0.073870
1883.436812   12.842950   0.062120
1883.440325   12.793160   0.069380
1883.443180   12.791690   0.065770
1883.444926   12.812020   0.071770
1883.446707   12.814310   0.064600
1883.448508   12.863950   0.064290
1883.507335   12.822350   0.069530
1883.517022   12.810580   0.067380
1883.526655   12.874240   0.077220
1883.536232   12.847840   0.086110
1883.545818   12.867520   0.087960
1883.555341   12.825770   0.079540
1883.565051   12.851290   0.084010
1883.574608   12.838340   0.082070
1883.584302   12.803590   0.080140
1883.593915   12.816800   0.072830
1884.099534   12.834310   0.018540
1884.109140   12.833750   0.018300
1884.118686   12.847870   0.022410
1884.128292   12.854950   0.028640
1884.137551   12.837830   0.020390
1884.147279   12.831460   0.023100
1884.156774   12.819640   0.025590
1884.166197   12.834080   0.030050
1884.175960   12.833280   0.031030
1884.185414   12.828600   0.026220
1884.194977   12.836760   0.021650
1884.204574   12.837750   0.023150
1884.214174   12.830220   0.020960
1884.223839   12.854640   0.024110
1884.233272   12.827690   0.034850
1884.242628   12.827660   0.019340
1884.252195   12.845530   0.019050
1884.261682   12.834170   0.019170
1884.271201   12.833530   0.019290
1884.280876   12.825820   0.021080
1884.290846   12.849890   0.023340
1884.300573   12.832180   0.024960
1884.310420   12.827760   0.039310
1884.320206   12.839340   0.023500
1884.330156   12.809000   0.024600
1884.340081   12.831530   0.029930
1884.350052   12.819860   0.028820
1884.360119   12.852680   0.023960
1884.370060   12.839020   0.024080
1884.379738   12.838370   0.025290
1884.389528   12.845720   0.020380
1884.399065   12.863610   0.022120
1884.406881   12.835160   0.026100
1884.413865   12.849440   0.030550
1884.420368   12.814700   0.034250
1884.425635   12.856610   0.023690
1884.430150   12.844040   0.020730
1884.433678   12.844500   0.023810
1884.437202   12.854430   0.022920
1884.439908   12.823560   0.024320
1884.441669   12.831800   0.024540
1884.443407   12.842930   0.023800
1884.445186   12.829140   0.022860
1884.446926   12.812050   0.030570
1884.503638   12.849370   0.021540
1884.513187   12.820990   0.024580
1884.522993   12.840390   0.021130
1884.532900   12.829530   0.018940
1884.542819   12.815060   0.024630
1884.552706   12.840750   0.028410
1884.562458   12.866500   0.018010
1884.572213   12.853480   0.021530
1884.581820   12.840830   0.018360
1884.591479   12.838820   0.024600
1884.600983   12.830140   0.021200
1884.610820   12.856770   0.019860
1884.886961   12.819680   0.054120
1884.896459   12.827410   0.055110
1884.906042   12.818160   0.050890
1884.915643   12.844470   0.065250
1884.925737   12.835910   0.047610
1884.935570   12.847460   0.063930
1884.945448   12.812650   0.052510
1884.954875   12.851600   0.055540
1884.964329   12.889780   0.055710
1884.974229   12.845610   0.064280
1884.983546   12.808740   0.064990
1884.993441   12.900860   0.060260
1885.003341   12.856850   0.054530
1885.013229   12.820690   0.063420
1885.022911   12.850090   0.061900
1885.032502   12.837930   0.072050
1885.042137   12.828470   0.069320
1885.052183   12.808280   0.069500
1885.061957   12.876030   0.080810
1885.071678   12.849670   0.085250
1885.081285   12.812670   0.092890
1885.090973   12.862510   0.085810
1885.100847   12.835880   0.086790
1885.278794   12.812770   0.045960
1885.288696   12.784500   0.058090
1885.298475   12.811280   0.050600
1885.308250   12.810620   0.051630
1885.318087   12.824700   0.051490
1885.328301   12.829090   0.063660
1885.338173   12.818300   0.084160
1885.347960   12.814780   0.075190
1885.357853   12.914990   0.086190
1885.367578   12.884980   0.086400
1885.377344   12.874430   0.096190
1885.386938   12.826310   0.097030
1885.396599   12.829550   0.082430
1885.404395   12.844040   0.074250
1885.411445   12.821500   0.085330
1885.417511   12.895710   0.089340
1885.422892   12.816590   0.090380
1885.427461   12.799010   0.086060
1885.430989   12.906010   0.074790
1885.434637   12.774220   0.080350
1885.437356   12.869630   0.082050
1885.439093   12.823230   0.081720
1885.440855   12.792710   0.080470
1885.442624   12.882030   0.078930
1885.444416   12.843920   0.078790
1885.502228   12.840490   0.084330
1885.511985   12.852320   0.106330
1885.521821   12.827830   0.090040
1885.531512   12.831290   0.085170
1885.541243   12.838750   0.087610
1885.551133   12.813630   0.079920
1885.560860   12.830230   0.077140
1885.570601   12.837500   0.077850
1885.580236   12.758320   0.087000
1885.590133   12.860330   0.065590
1886.072366   12.842170   0.017210
1886.082057   12.823330   0.018420
1886.091456   12.847690   0.019400
1886.101064   12.825960   0.019690
1886.110701   12.844250   0.019400
1886.120214   12.844410   0.019690
1886.129544   12.838510   0.020560
1886.138882   12.852050   0.021070
1886.148233   12.849660   0.020960
1886.157943   12.830050   0.021710
1886.167550   12.835230   0.024630
1886.177101   12.862510   0.025520
1886.186997   12.834890   0.025880
1886.196609   12.834440   0.026850
1886.206153   12.822850   0.029750
1886.215757   12.856360   0.032740
1886.225422   12.821930   0.043650
1886.234829   12.890100   0.046530
1886.244630   12.832230   0.041660
1886.254426   12.831740   0.030580
1886.263771   12.848390   0.025410
1886.273578   12.809710   0.042920
1886.283270   12.826920   0.024770
1886.293134   12.823000   0.025470
1886.303115   12.831320   0.029910
1886.312914   12.848930   0.026790
1886.322818   12.832030   0.028550
1886.332859   12.835740   0.028900
1886.342543   12.824000   0.027310
1886.352534   12.829260   0.028240
1886.362281   12.824490   0.029570
1886.372003   12.832900   0.030200
1886.381496   12.837010   0.033330
1886.391198   12.848670   0.035350
1886.399994   12.861540   0.034880
1886.408171   12.878140   0.037020
1886.414363   12.836520   0.046250
1886.419581   12.853990   0.048230
1886.423873   12.854460   0.042870
1886.427459   12.831970   0.042770
1886.431086   12.875610   0.041000
1886.433748   12.816060   0.049270
1886.435540   12.840890   0.048130
1886.437293   12.837160   0.043480
1886.439058   12.825950   0.044010
1886.441348   12.835190   0.088640
