1863.169882   14.082360   0.063260
1863.179028   14.019490   0.071270
1863.188111   14.009720   0.080070
1863.197263   14.079150   0.074340
1863.206453   14.031450   0.074650
1863.215516   14.028950   0.089220
1863.224486   14.069340   0.086360
1863.233708   14.033960   0.089040
1863.243026   14.017010   0.089830
1863.252052   14.117430   0.090220
1863.260978   14.085640   0.074160
1863.270074   14.002620   0.090570
1863.279229   14.073000   0.079850
1863.288341   14.056600   0.080980
1863.297662   14.012290   0.069690
1863.306748   14.027220   0.076370
1863.315898   14.098170   0.087430
1863.325261   14.040690   0.078610
1863.334632   14.152320   0.088270
1863.344416   14.025690   0.083200
1863.353962   14.060920   0.084780
1863.363511   13.988920   0.066820
1863.372640   14.030250   0.066290
1863.381795   14.050630   0.065770
1863.391577   14.025620   0.071980
1863.400670   14.008220   0.074700
1863.410157   14.040140   0.073650
1863.419415   14.040870   0.076370
1863.428728   14.031430   0.081340
1863.438171   14.081200   0.083390
1863.447725   14.010530   0.095400
1863.457038   14.035550   0.102960
1863.464667   14.146160   0.128300
1863.471563   14.049530   0.102630
1863.477686   14.063170   0.122340
1863.482900   14.047550   0.121710
1863.487037   13.911310   0.123400
1863.490505   14.062810   0.127700
1863.494064   14.135470   0.126920
1863.496621   14.010860   0.124380
1863.498272   14.090210   0.129510
1863.500087   13.967260   0.127760
1863.501966   13.950980   0.105870
1863.504123   14.018650   0.129070
1864.122118   14.031480   0.052110
1864.131216   14.085610   0.074520
1864.140349   14.022660   0.058600
1864.149328   14.033500   0.066100
1864.158727   14.030380   0.054870
1864.168077   14.076600   0.075930
1864.177441   14.050570   0.078630
1864.186471   14.088620   0.057910
1864.195786   14.035570   0.071730
1864.204761   14.009610   0.063130
1864.213956   14.027050   0.060360
1864.223275   14.032330   0.060400
1864.232312   13.987760   0.068370
1864.241734   14.032520   0.068040
1864.250994   14.004900   0.057940
1864.260292   14.062030   0.074780
1864.269452   14.036160   0.061700
1864.278712   14.046770   0.075820
1864.288040   14.013540   0.082210
1864.297228   13.995550   0.069250
1864.306786   14.027210   0.072240
1864.315982   14.049510   0.076690
1864.325240   14.117220   0.070660
1864.334830   14.027160   0.071400
1864.344223   14.081090   0.103620
1864.353629   14.033270   0.094440
1864.362884   14.040350   0.105190
1864.372284   14.021820   0.120590
1864.381718   14.056620   0.109120
1864.391386   14.078030   0.092350
1864.401175   14.121070   0.123620
1864.410777   14.041920   0.105540
1864.420158   14.010680   0.102130
1864.429378   14.074280   0.119060
1864.438639   13.967770   0.127480
1865.081649   14.052760   0.087320
1865.090914   14.009280   0.088000
1865.103000   14.069280   0.086200
1865.112265   14.054340   0.080900
1865.121493   14.113040   0.106810
1865.180915   14.035840   0.058340
1865.189934   14.013050   0.043670
1865.199137   14.030970   0.056730
1865.208040   14.037170   0.043100
1865.217207   14.037460   0.068390
1865.226382   13.998030   0.066200
1865.235932   14.014750   0.071620
1865.245886   14.028720   0.070210
1865.255783   14.018400   0.070380
1865.265750   14.070670   0.094200
1865.275774   14.025110   0.080510
1865.285892   14.084440   0.073190
1865.295973   14.012020   0.075270
1865.306185   14.009470   0.078050
1865.316145   14.007760   0.076830
1865.326150   14.001710   0.083310
1865.336276   14.042290   0.097280
1865.346577   14.048860   0.087340
1865.356675   14.016330   0.088310
1865.366659   14.020470   0.097180
1865.376904   14.110720   0.090370
1865.387088   14.037270   0.094470
1865.397153   14.087420   0.102670
1865.407149   14.139360   0.096270
1865.417333   14.091530   0.084150
1865.427630   14.033110   0.089500
1865.437669   14.041990   0.094760
1865.448171   14.049520   0.119500
1865.457324   13.977790   0.096860
1865.465615   13.962870   0.133370
1865.496206   14.029750   0.107640
1866.165339   14.025770   0.046690
1866.174723   14.052550   0.047530
1866.184057   14.064630   0.049290
1866.193410   14.027870   0.052400
1866.202706   14.048350   0.049720
1866.212035   14.041860   0.052960
1866.221409   14.045100   0.052260
1866.230791   14.033550   0.050750
1866.240551   14.060390   0.051130
1866.250004   14.036630   0.049610
1866.259354   14.059030   0.053590
1867.193045   14.039640   0.033890
1867.202355   14.061230   0.035620
1867.211516   14.042520   0.035690
1867.220585   14.046290   0.039900
1867.230131   14.061170   0.039800
1867.239707   14.036210   0.038400
1867.249230   14.036650   0.036830
1867.258785   14.017000   0.038520
1867.268385   14.047840   0.039150
1867.277702   14.045370   0.042060
1867.287153   14.039290   0.041830
1867.296854   14.048240   0.045040
1867.306121   14.013000   0.043050
1867.315500   14.056260   0.044350
1867.325094   14.012830   0.044930
1867.334502   14.076290   0.047130
1867.344482   14.054270   0.050050
1867.354030   14.020530   0.049010
1867.363492   14.010290   0.055970
1867.372735   14.038660   0.052330
1867.382212   14.035560   0.051460
1867.391671   14.047700   0.058580
1867.401392   14.049510   0.055130
1867.410805   14.022580   0.054210
1867.420288   14.033220   0.068880
1867.429722   14.044080   0.075850
1867.439192   14.083340   0.066970
1867.448574   14.031460   0.072900
1867.456168   14.033690   0.063800
1867.463320   14.014800   0.064010
1867.469421   13.989770   0.069990
1867.473939   14.051130   0.053020
1867.478291   14.027380   0.049190
1867.481655   14.031230   0.051090
1867.484335   14.070350   0.054610
1867.486951   14.050480   0.056020
1867.488639   14.068980   0.058190
1867.490315   14.018470   0.060210
1867.492002   14.011410   0.059990
1867.493724   14.073310   0.058130
1868.197661   14.042660   0.068880
1868.207123   14.079040   0.063280
1868.216495   14.063620   0.095260
1868.225986   14.045650   0.085570
1868.235811   13.991530   0.092490
1868.245580   14.079350   0.086990
1868.255259   14.062330   0.094290
1868.264815   14.049080   0.095460
1868.274279   14.022640   0.099920
1868.283929   14.036550   0.085500
1868.293537   13.984480   0.123180
1868.303257   13.907810   0.071100
1868.312574   13.953790   0.077200
1868.322548   14.031350   0.108100
1868.332083   14.100500   0.107990
1868.341800   14.031000   0.106170
1868.351543   14.037280   0.100280
1868.360837   13.984540   0.098850
1868.370659   14.036000   0.120500
1868.380417   14.098570   0.125680
1868.390367   14.032540   0.114960
1868.399668   14.129000   0.129640
1868.409622   14.059320   0.122710
1868.419023   14.080720   0.123290
1868.428372   13.984610   0.113850
1868.437615   14.051070   0.094950
1868.446987   14.067250   0.124150
1868.454949   14.030290   0.123370
1868.461066   14.132580   0.131030
1868.467151   14.053820   0.131580
1868.471593   14.078810   0.080500
1868.487721   14.018990   0.079100
1870.219778   14.052620   0.041580
1870.229270   14.034560   0.043300
1870.238762   14.064030   0.049140
1870.248135   14.023380   0.045920
1870.257691   14.054140   0.052690
1870.267266   14.043360   0.052960
1870.276950   14.041940   0.049990
1870.286498   14.043310   0.053230
1870.295849   14.038630   0.048140
1870.305565   14.051310   0.052610
1870.315197   14.043240   0.060890
1870.325274   14.058960   0.060780
1870.335174   14.014750   0.052890
1870.344892   14.043210   0.059830
1870.354573   14.047120   0.069730
1870.364104   14.035430   0.098750
1870.373603   14.057430   0.096560
1870.383600   13.999220   0.104430
1870.393319   13.942180   0.100210
1870.412418   13.928380   0.078600
1870.440531   14.046020   0.107660
1870.448993   14.065310   0.126130
1870.456179   14.077810   0.123750
1870.470443   13.986470   0.076500
1871.136689   14.028460   0.054350
1871.146179   14.014590   0.047490
1871.155384   14.071920   0.049860
1871.164955   14.119070   0.059740
1871.174269   14.004310   0.056960
1871.183469   14.063780   0.061720
1871.192872   14.035250   0.056000
1871.202392   14.055090   0.059370
1871.211865   14.133390   0.072040
1871.221273   14.073380   0.072360
1871.230922   14.053330   0.059140
1871.240394   14.022180   0.059640
1871.250018   14.001920   0.064390
1871.259511   14.044870   0.058500
1871.269122   14.027290   0.059540
1871.278903   14.061260   0.059440
1871.288648   14.048560   0.067330
1871.298226   14.028440   0.065850
1871.307789   14.061800   0.065770
1871.317562   14.027300   0.070420
1871.327342   14.111640   0.070400
1871.337079   14.027350   0.075950
1871.346725   14.086300   0.086790
1871.356495   14.024610   0.074030
1871.366277   14.046160   0.082320
1871.375944   14.020650   0.083820
1871.385808   14.092600   0.089710
1871.395399   14.077440   0.099390
1871.404882   14.109390   0.118600
1871.414342   14.000100   0.111520
1871.423744   13.932690   0.104460
1871.433495   14.054340   0.109380
1871.442405   14.049450   0.098110
1871.449670   14.002070   0.097740
1871.455742   13.974610   0.101390
1871.461191   14.042320   0.114880
1871.465968   14.038870   0.105020
1871.469461   14.031030   0.107030
1871.472994   14.034430   0.106460
1871.476070   13.962740   0.097580
1871.477819   13.994980   0.102430
1871.479709   13.980120   0.098640
1871.481438   14.004410   0.100190
1871.550420   14.017070   0.119030
1871.559908   14.047020   0.117040
1871.569340   14.091060   0.126320
1871.578835   13.976760   0.125160
1871.588334   14.019880   0.133820
1872.324463   14.046880   0.061730
1872.334315   14.028260   0.063170
1872.344041   14.068490   0.061680
1872.353623   14.088040   0.063310
1872.363427   14.008480   0.061750
1872.373279   14.044110   0.059480
1872.383099   14.069050   0.055490
1872.392766   14.046960   0.059660
1872.402203   14.078960   0.057590
1872.412032   14.027350   0.067530
1872.421585   14.073120   0.062590
1872.431130   14.011960   0.074030
1872.439874   14.012390   0.068420
1872.447517   14.084840   0.069620
1872.454162   14.018090   0.068370
1872.459603   14.057100   0.078560
1872.463903   14.042700   0.084090
1872.467716   13.987110   0.074100
1872.470496   13.991400   0.075300
1872.473152   14.000300   0.077950
1872.474857   14.041790   0.083010
1872.476617   14.036450   0.080600
1872.478370   14.063110   0.086490
1872.480228   14.115980   0.080290
1872.541663   14.043830   0.103650
1872.550845   14.052500   0.103610
1872.560270   14.058850   0.098950
1872.579400   14.101550   0.124350
1872.588943   13.958300   0.127570
1873.229437   14.037550   0.064890
1873.238826   14.023620   0.077950
1873.248403   14.067080   0.062890
1873.258009   14.044400   0.067130
1873.267456   14.079290   0.072350
1873.276959   14.006460   0.073970
1873.286788   13.976080   0.072950
1873.296275   14.011690   0.074660
1873.305896   14.023810   0.085790
1873.315548   14.039580   0.087950
1873.325684   13.998160   0.089090
1873.335346   13.987300   0.092150
1873.344943   14.108330   0.101620
1873.354842   14.077000   0.094110
1873.364691   14.057260   0.105290
1873.374458   14.066340   0.097230
1873.383960   14.003360   0.086300
1873.393856   14.042960   0.091750
1873.403606   14.123250   0.098100
1873.413210   14.100060   0.112510
1873.422938   13.974400   0.101390
1873.432622   14.022310   0.087790
1873.441010   14.016640   0.088140
1873.447044   14.046450   0.090330
1873.453044   13.981150   0.083460
1873.457630   14.084180   0.089160
1873.462090   14.074440   0.085650
1873.465548   14.033020   0.089390
1873.468261   14.030740   0.091120
1873.470892   14.055450   0.100360
1873.472722   13.961270   0.089790
1873.474437   14.046440   0.090910
1873.476606   14.044670   0.130200
1874.032527   14.025140   0.044680
1874.041923   14.043010   0.046920
1874.051714   14.046150   0.046420
1874.061193   14.013100   0.043300
1874.070741   14.047930   0.046440
1874.080230   14.059350   0.048680
1874.089638   14.029190   0.047400
1874.098984   14.095250   0.049370
1874.108441   14.034900   0.046890
1874.117749   14.006640   0.053650
1874.127103   14.022030   0.052290
1874.136654   14.052580   0.051030
1874.145982   14.064640   0.054380
1874.155173   14.027290   0.056430
1874.164605   14.011950   0.066120
1874.174153   14.051440   0.076630
1874.183645   14.069570   0.100960
1874.193053   14.057430   0.126250
1874.202515   14.017480   0.127400
1874.212103   13.977230   0.115050
1874.222051   14.051050   0.124660
1876.992585   14.060480   0.049020
1877.002277   14.026450   0.049090
1877.012009   14.057830   0.053990
1877.021623   14.007720   0.054280
1877.031340   14.024050   0.057570
1877.041094   14.030580   0.056050
1877.050632   14.042860   0.046260
1877.060512   14.022010   0.051570
1877.070280   14.053050   0.053310
1877.080037   14.030110   0.051050
1877.089835   14.040090   0.049500
1877.099542   13.988670   0.054310
1877.109324   14.026450   0.066740
1877.119234   14.002910   0.059150
1877.128562   14.024650   0.056930
1877.137988   14.036440   0.061780
1877.147449   14.077240   0.075540
1877.157081   14.041340   0.069860
1877.166514   14.033840   0.067220
1877.175811   14.036720   0.060520
1877.185180   14.141030   0.063050
1877.194638   14.068740   0.064070
1877.204359   14.052640   0.062670
1877.213829   14.010540   0.056580
1877.223290   14.008470   0.059410
1877.232928   14.016140   0.062640
1877.242583   14.014920   0.065900
1877.252102   14.034360   0.066150
1877.261424   14.022610   0.069260
1877.271317   14.025480   0.063070
1877.280810   14.040180   0.058530
1877.290913   14.041470   0.066730
1877.300784   14.130220   0.077400
1877.310552   14.008400   0.061900
1877.320329   14.074760   0.077670
1877.330019   13.988120   0.062740
1877.339609   14.020730   0.059210
1877.349339   14.058050   0.066050
1877.359563   14.026070   0.058530
1877.369289   14.028840   0.066320
1877.379166   14.034410   0.059130
1877.389199   14.075880   0.075350
1877.398748   14.086570   0.082080
1877.408188   14.021750   0.077660
1877.417610   14.043380   0.074430
1877.426444   14.052010   0.064700
1877.433416   14.060050   0.072950
1877.439426   14.076320   0.080570
1877.444578   14.047560   0.080370
1877.449101   14.037170   0.061600
1877.452622   14.019930   0.077900
1877.456119   14.030070   0.068580
1877.458826   14.053660   0.065400
1877.460660   14.065340   0.069530
1877.462441   14.042210   0.065910
1877.464144   14.073630   0.074040
1877.465872   14.026480   0.075960
1877.528546   14.023510   0.079710
1877.538164   14.031410   0.088930
1877.547759   14.044390   0.102640
1877.557433   14.191320   0.111870
1877.566991   14.000040   0.097770
1877.956588   14.073330   0.085400
1877.966360   14.017980   0.076710
1877.975795   14.048000   0.051390
1877.985575   14.043100   0.045850
1877.995071   14.029890   0.044080
1878.004964   14.032610   0.042960
1878.014335   14.021260   0.046080
1878.023915   14.068790   0.040130
1878.033403   14.026380   0.043490
1878.042881   14.030560   0.042090
1878.052477   14.045260   0.048970
1878.062202   14.030950   0.047070
1878.072038   14.020290   0.049450
1878.081838   14.056780   0.050510
1878.091595   14.079130   0.047950
1878.101204   14.036420   0.047990
1878.111056   14.024180   0.050010
1878.120475   14.064850   0.051210
1878.129972   14.022160   0.054590
1878.139452   14.014690   0.061990
1878.148981   14.075550   0.102490
1878.158293   14.040640   0.084940
1878.167692   14.078520   0.055490
1878.177309   14.030590   0.055090
1878.186872   14.042550   0.070570
1878.196273   14.028150   0.068050
1878.206054   14.027720   0.082690
1878.215833   14.020050   0.089320
1878.225557   14.048350   0.091860
1878.235117   14.045990   0.071920
1878.244657   14.043190   0.069950
1878.254352   14.044280   0.078820
1878.263984   14.103120   0.090070
1878.273770   14.097660   0.091910
1878.283405   14.026320   0.092370
1878.293079   14.007360   0.096180
1878.302887   14.081140   0.118310
1878.312828   13.947950   0.119750
1878.322431   14.071380   0.121860
1878.332111   13.996670   0.124490
1878.342126   14.035270   0.085440
1878.351898   14.063150   0.098120
1878.361666   14.053210   0.093270
1878.371492   14.071270   0.100290
1878.381052   14.019260   0.109970
1878.390611   14.014270   0.085210
1878.400035   14.087910   0.102140
1878.409523   14.109850   0.098420
1878.419250   13.974980   0.110360
1878.427139   14.057430   0.115730
1878.434256   13.981900   0.089170
1878.439734   14.108040   0.115320
1878.444205   14.003710   0.083660
1878.448555   14.097870   0.087300
1878.452064   14.131770   0.111410
1878.454721   13.955250   0.103050
1878.457364   13.973880   0.101940
1878.459093   13.961610   0.105500
1878.460943   14.014430   0.107660
1878.463071   14.015510   0.152990
1878.523903   13.987150   0.110160
1878.533380   14.019510   0.114510
1878.542754   13.979340   0.105620
1878.552323   14.003450   0.112170
1878.561961   13.996310   0.126520
1878.896182   14.089470   0.106990
1878.907039   13.968880   0.114410
1878.917827   14.011030   0.098370
1878.928636   14.049420   0.114580
1878.939490   14.050860   0.096170
1878.950209   14.013030   0.073060
1878.960985   14.059480   0.074960
1878.971663   14.029870   0.063530
1878.982256   14.050580   0.068370
1878.992862   14.046500   0.060340
1879.003349   14.034110   0.066660
1879.014056   14.032510   0.067920
1879.024781   14.076720   0.070590
1879.035403   14.030860   0.080900
1879.046338   14.022280   0.084010
1879.056998   14.060990   0.079890
1879.067120   13.964850   0.080740
1879.077625   14.056590   0.082940
1879.087804   14.057600   0.083240
1879.097718   14.048800   0.097530
1879.108265   14.070920   0.105370
1879.118677   14.054400   0.114680
1879.128946   13.936440   0.085340
1879.138951   14.050790   0.103030
1879.148948   14.058520   0.116810
1879.158753   14.005030   0.118850
1879.168681   13.983900   0.124060
1879.178653   14.001280   0.121880
1879.188532   14.038770   0.132920
1879.198658   14.088610   0.128810
1879.208980   14.030190   0.128990
1879.219182   13.968570   0.104120
1879.229199   14.000070   0.109130
1879.239692   14.054740   0.132450
1879.249885   14.123150   0.129260
1879.259988   14.099100   0.126340
1879.270136   14.020390   0.117970
1879.279998   14.050740   0.098860
1879.290256   14.087700   0.124650
1879.300321   14.051580   0.121070
1879.310604   14.079800   0.124900
1879.321132   14.070350   0.124710
1879.331398   14.058990   0.129520
1879.341711   14.110060   0.129950
1879.352168   14.099380   0.125150
1879.362239   14.013930   0.126870
1879.372581   14.034940   0.128840
1879.383093   14.033410   0.079400
1879.393218   14.010000   0.105360
1879.403333   14.017590   0.130050
1879.413718   13.921920   0.076200
1879.422133   13.930180   0.107320
1879.904788   14.170370   0.095480
1879.914664   14.002750   0.096070
1879.924232   14.079390   0.086770
1879.933937   14.085130   0.061830
1879.943742   14.032190   0.054300
1879.953255   14.023970   0.049830
1879.962965   14.049750   0.045560
1879.972299   14.007720   0.042670
1879.982133   14.033360   0.048500
1879.991480   14.082660   0.049620
1880.001350   14.072370   0.051640
1880.010995   14.042270   0.059200
1880.020489   14.012150   0.060870
1880.030167   14.071900   0.060870
1880.040004   13.991760   0.056890
1880.050020   14.061540   0.058890
1880.059700   13.988150   0.059940
1880.069635   14.091410   0.060770
1880.079469   14.039130   0.067900
1880.089000   14.039770   0.065460
1880.098524   14.010800   0.069980
1880.108072   14.046380   0.071910
1880.117530   14.028620   0.062000
1880.127140   14.053300   0.068280
1880.200091   14.025220   0.073820
1880.209735   14.090850   0.083960
1880.219431   14.048490   0.077990
1880.229324   14.041820   0.073550
1880.238989   14.026900   0.070130
1880.248836   14.055390   0.068890
1880.258298   14.032120   0.070990
1880.267686   14.032550   0.074310
1880.277275   14.078850   0.074760
1880.286928   14.097300   0.089310
1880.306613   13.987990   0.076800
1880.369120   14.019760   0.066690
1880.967707   14.032810   0.079410
1880.977730   13.998250   0.081570
1880.987626   14.038090   0.062620
1880.997175   14.053850   0.057690
1881.007352   14.049930   0.061690
1881.017262   14.055860   0.060150
1881.027023   13.984340   0.064450
1881.036583   14.022670   0.065730
1881.046307   14.046890   0.067590
1881.055914   14.028320   0.079220
1881.065565   13.989760   0.075660
1881.075352   14.127030   0.083350
1881.085120   14.056660   0.072720
1881.094964   14.078290   0.074020
1881.104801   14.039210   0.061370
1881.114937   14.089040   0.094330
1881.124474   14.038480   0.079530
1881.134326   14.066460   0.088160
1881.143810   14.030120   0.060260
1881.153419   14.057090   0.084140
1881.163015   14.051280   0.074790
1881.171357   14.029900   0.060090
1881.180981   14.013110   0.064080
1881.190627   14.017770   0.053560
1881.200550   14.035410   0.059730
1881.210473   14.010260   0.061870
1881.220305   14.070700   0.069140
1881.230199   14.089420   0.066980
1881.239668   14.038970   0.073160
1881.249328   14.048730   0.064700
1881.258917   14.054150   0.064610
1881.268352   14.041090   0.072170
1881.278189   14.050220   0.070510
1881.288137   14.060720   0.068140
1881.297680   14.075560   0.070730
1881.307337   13.996810   0.072750
1881.317394   14.062000   0.077620
1881.327336   14.103700   0.077020
1881.337373   14.021490   0.075290
1881.347129   14.029860   0.074440
1881.357110   14.073720   0.074540
1881.366722   14.050530   0.082080
1881.376276   14.050600   0.085770
1881.386104   14.011820   0.089250
1881.395996   14.005030   0.097030
1881.405772   14.085830   0.094290
1881.414838   14.007160   0.088940
1881.422098   14.055490   0.097190
1881.428287   14.062230   0.089640
1881.433496   14.031400   0.095850
1881.437835   14.055210   0.091510
1881.441542   13.992170   0.098560
1881.445078   14.016450   0.098830
1881.447777   13.988750   0.095050
1881.449541   14.098080   0.097880
1881.451276   14.005620   0.096490
1881.453055   14.008720   0.105000
1881.455245   14.026170   0.141420
1881.512259   14.039600   0.102550
1881.522032   13.995160   0.109740
1881.531584   14.059650   0.117320
1881.541053   14.033310   0.101680
1881.550943   13.974810   0.113330
1881.560601   14.070430   0.120360
1881.570473   14.018010   0.110970
1881.580253   13.973350   0.123920
1881.589860   13.978410   0.115770
1881.599424   13.996960   0.075300
1881.609472   13.997140   0.125510
1881.619114   13.927390   0.075000
1881.864967   14.070570   0.123440
1881.874874   14.077110   0.110130
1881.884546   14.051120   0.101340
1881.894462   14.042670   0.085910
1881.904494   14.074640   0.072060
1881.914271   14.118190   0.069080
1881.923884   14.082820   0.072110
1881.933466   14.120900   0.061850
1881.943231   14.078590   0.066590
1881.952875   14.046090   0.094060
1881.962633   14.072600   0.098560
1881.972149   14.013870   0.101220
1881.982098   14.052810   0.114510
1881.992246   14.047690   0.105940
1882.011594   13.773030   0.071200
1882.021627   14.014830   0.117420
1882.031644   14.049330   0.107000
1882.041324   14.019530   0.122700
1882.051198   14.075070   0.120520
1882.060871   14.076170   0.121330
1882.080330   14.012360   0.090750
1882.121972   14.021860   0.129040
1882.131558   14.056590   0.110200
1882.150540   14.079350   0.117130
1882.160119   14.040760   0.119570
1882.169652   13.983750   0.120190
1882.179008   14.015510   0.120440
1882.188619   14.129920   0.076600
1883.093660   13.998900   0.091920
1883.112818   14.042510   0.098050
1883.122237   14.082640   0.106450
1883.131900   14.104860   0.099140
1883.141295   14.058930   0.105380
1883.150882   14.035090   0.111960
1883.160374   14.014910   0.120560
1883.169871   14.009900   0.117370
1883.179271   14.014160   0.092940
1883.188727   14.083390   0.102490
1883.198404   14.083510   0.120140
1883.207904   14.058460   0.115780
1883.217549   14.137590   0.127770
1883.226897   14.079760   0.120650
1883.236134   13.986390   0.094850
1883.245790   14.066370   0.120060
1883.255257   14.029100   0.096100
1883.265099   14.024810   0.105310
1883.274780   14.048030   0.128290
1883.363493   13.990540   0.105720
1883.392439   13.893920   0.074000
1884.099534   14.055470   0.043640
1884.109140   14.048070   0.043230
1884.118686   14.032160   0.055720
1884.128292   14.027390   0.070620
1884.137551   14.036730   0.051870
1884.147279   14.028710   0.056740
1884.156774   14.045890   0.061140
1884.166197   13.967270   0.075350
1884.175960   14.010190   0.070100
1884.185414   14.064910   0.067290
1884.194977   14.025900   0.055190
1884.204574   14.069800   0.057630
1884.214174   14.035040   0.052170
1884.223839   14.070530   0.064130
1884.233272   14.017990   0.083130
1884.242628   14.041290   0.046170
1884.252195   14.047810   0.046010
1884.261682   14.039730   0.046430
1884.271201   14.076190   0.045050
1884.280876   14.083740   0.054120
1884.290846   14.015060   0.053690
1884.300573   14.008710   0.058420
1884.310420   14.132480   0.097490
1884.320206   14.033800   0.060310
1884.330156   14.033880   0.060920
1884.340081   14.034770   0.075490
1884.350052   14.080730   0.073610
1884.360119   13.999780   0.058970
1884.370060   14.042270   0.060400
1884.379738   14.047820   0.064040
1884.389528   14.049770   0.047130
1884.399065   14.027990   0.052060
1884.406881   14.063090   0.065810
1884.413865   14.017110   0.075040
1884.420368   14.134980   0.087460
1884.425635   14.027730   0.055970
1884.430150   14.037530   0.049420
1884.433678   14.008420   0.053490
1884.437202   14.047050   0.056190
1884.439908   14.017450   0.058020
1884.441669   14.008380   0.056800
1884.443407   14.063090   0.056950
1884.445186   14.034880   0.054570
1884.446926   14.093020   0.082420
1884.503638   14.065060   0.050610
1884.513187   14.022540   0.062750
1884.522993   14.012390   0.052790
1884.532900   14.029260   0.048670
1884.542819   14.010830   0.060680
1884.552706   14.075840   0.066010
1884.562458   14.045650   0.041130
1884.572213   14.050160   0.055060
1884.581820   14.059750   0.043610
1884.591479   14.019490   0.058930
1884.600983   14.018340   0.047330
1884.610820   14.025150   0.043560
1884.886961   14.060940   0.115760
1884.896536   14.054680   0.100350
1884.906042   14.080250   0.126590
1884.925737   14.103700   0.116330
1884.945448   14.005080   0.117690
1884.964252   13.983720   0.096050
1884.974382   13.988600   0.075600
1884.993441   13.988150   0.125050
1885.003341   14.011270   0.118430
1885.023064   14.091750   0.075400
1885.278794   14.053070   0.116520
1885.298398   13.945230   0.095260
1885.308250   14.062530   0.121610
1885.318087   13.977110   0.092590
1886.072366   14.045170   0.038630
1886.082057   14.037680   0.044100
1886.091456   14.023650   0.042970
1886.101064   14.014790   0.047060
1886.110701   14.048080   0.045800
1886.120214   14.044590   0.044870
1886.129544   14.046240   0.050290
1886.138882   14.021160   0.050870
1886.148233   14.031740   0.046660
1886.157943   14.044970   0.049090
1886.167550   14.005610   0.061690
1886.177101   14.037450   0.055970
1886.186997   14.037120   0.061140
1886.196609   14.043660   0.067640
1886.206153   14.004130   0.071940
1886.215757   14.027520   0.075200
1886.225422   13.990940   0.109760
1886.234829   14.065150   0.103390
1886.244630   14.111430   0.107620
1886.254426   14.005250   0.075610
1886.263771   14.044060   0.059190
1886.273578   14.166570   0.115390
1886.283270   14.042920   0.056560
1886.293134   13.960770   0.057350
1886.303115   14.020660   0.073440
1886.312914   13.968970   0.065290
1886.322818   14.062010   0.071710
1886.332859   14.052350   0.069610
1886.342543   14.092350   0.066570
1886.352534   14.067180   0.067230
1886.362281   14.059840   0.070430
1886.372003   14.069040   0.076020
1886.381496   14.126290   0.080730
1886.391198   14.070540   0.087030
1886.399994   14.018010   0.087450
1886.408171   14.131580   0.095900
1886.414363   14.079650   0.120850
1886.419581   14.144780   0.111670
1886.423873   14.066080   0.104540
1886.427459   14.015180   0.099890
1886.431086   14.073330   0.100720
1886.433748   14.022480   0.114150
1886.435540   14.056420   0.116040
1886.437293   14.108640   0.109790
1886.439058   14.085740   0.103750
1886.440921   13.931130   0.125900
