1863.169882   14.237100   0.078910
1863.179028   14.228100   0.090410
1863.188111   14.207830   0.102380
1863.197263   14.233480   0.094270
1863.206453   14.273350   0.084670
1863.215516   14.205540   0.108560
1863.224486   14.182340   0.098560
1863.233708   14.279150   0.112810
1863.243026   14.282470   0.117730
1863.252052   14.228560   0.098600
1863.260978   14.233290   0.094320
1863.270074   14.248710   0.115770
1863.279229   14.264400   0.105730
1863.288341   14.253790   0.093810
1863.297662   14.232150   0.090440
1863.306748   14.227230   0.104450
1863.315898   14.224060   0.104040
1863.325261   14.200790   0.099820
1863.334632   14.161820   0.100160
1863.344416   14.178650   0.100400
1863.353962   14.270460   0.099900
1863.363511   14.224010   0.090380
1863.372640   14.265290   0.085070
1863.381795   14.224730   0.076930
1863.391577   14.230430   0.090730
1863.400670   14.218920   0.088940
1863.410157   14.197730   0.095940
1863.419415   14.232980   0.099310
1863.428728   14.246560   0.102790
1863.438171   14.191320   0.112890
1863.447725   14.306910   0.122430
1863.457038   14.152920   0.122260
1864.122118   14.199690   0.062660
1864.131216   14.217770   0.083320
1864.140349   14.224210   0.080270
1864.149328   14.244780   0.080130
1864.158727   14.228070   0.072410
1864.168077   14.246230   0.098060
1864.177441   14.163310   0.088580
1864.186471   14.267280   0.071020
1864.195786   14.179750   0.090090
1864.204761   14.236120   0.083320
1864.213956   14.206280   0.074560
1864.223275   14.190740   0.073240
1864.232312   14.246980   0.087750
1864.241734   14.211310   0.088480
1864.250994   14.221450   0.077060
1864.260292   14.229690   0.091280
1864.269452   14.278310   0.078900
1864.278712   14.126460   0.089900
1864.288040   14.286570   0.101060
1864.297228   14.230470   0.087760
1864.306786   14.208370   0.093970
1864.315982   14.218090   0.096920
1864.325240   14.254360   0.093250
1864.334830   14.222700   0.089360
1864.344223   14.239520   0.118110
1864.353629   14.169040   0.114040
1864.362884   14.237300   0.122480
1864.372131   14.201850   0.078800
1864.381795   14.202490   0.102900
1864.391386   14.234930   0.115490
1864.401098   14.249740   0.107000
1864.410777   14.124840   0.120700
1864.420158   14.209450   0.125730
1865.081649   14.245890   0.105200
1865.090914   14.315380   0.110750
1865.103000   14.170450   0.100180
1865.112265   14.214750   0.104910
1865.121493   14.102240   0.109110
1865.180915   14.226170   0.070930
1865.189934   14.256370   0.054340
1865.199137   14.228090   0.073450
1865.208040   14.237680   0.055630
1865.217207   14.226620   0.086200
1865.226382   14.195730   0.076190
1865.235932   14.155070   0.084060
1865.245886   14.204590   0.083300
1865.255783   14.186630   0.088360
1865.265750   14.244650   0.112470
1865.275774   14.201940   0.098500
1865.285892   14.157670   0.085430
1865.295973   14.217070   0.100600
1865.306185   14.239920   0.094400
1865.316145   14.209820   0.094130
1865.326150   14.173620   0.098600
1865.336276   14.302120   0.121880
1865.346577   14.193980   0.105500
1865.356675   14.248790   0.105800
1865.366659   14.285610   0.116240
1865.376904   14.253690   0.112640
1865.387088   14.277440   0.118580
1865.397153   14.288390   0.117360
1865.407149   14.330820   0.119490
1865.417333   14.326330   0.112100
1865.427630   14.235710   0.114910
1865.437669   14.187760   0.112500
1865.448171   14.173090   0.104360
1866.165339   14.177700   0.059370
1866.174723   14.210570   0.059410
1866.184057   14.232480   0.062780
1866.193410   14.195870   0.059080
1866.202706   14.194290   0.063230
1866.212035   14.193980   0.061940
1866.221409   14.217630   0.062830
1866.230791   14.248530   0.062060
1866.240551   14.242540   0.067210
1866.250004   14.178270   0.063190
1866.259354   14.205020   0.067150
1867.193045   14.219960   0.044920
1867.202355   14.223220   0.045690
1867.211516   14.225820   0.045880
1867.220585   14.227650   0.052140
1867.230131   14.200010   0.049270
1867.239707   14.179180   0.049560
1867.249230   14.217260   0.049560
1867.258785   14.205920   0.050640
1867.268385   14.198650   0.051870
1867.277702   14.253360   0.053580
1867.287153   14.219510   0.051860
1867.296854   14.222890   0.051720
1867.306121   14.211800   0.054570
1867.315500   14.202080   0.053600
1867.325094   14.232160   0.055640
1867.334502   14.203910   0.057170
1867.344482   14.300810   0.059850
1867.354030   14.197610   0.060680
1867.363492   14.180470   0.067710
1867.372735   14.193950   0.064110
1867.382212   14.215090   0.063530
1867.391671   14.167380   0.073800
1867.401392   14.194140   0.066070
1867.410805   14.212790   0.062490
1867.420288   14.225660   0.085990
1867.429722   14.211880   0.088590
1867.439192   14.263930   0.089510
1867.448574   14.212230   0.091430
1867.456168   14.280450   0.084550
1867.463320   14.181120   0.081430
1867.469421   14.173120   0.087270
1867.473939   14.206040   0.066480
1867.478291   14.234450   0.064160
1867.481655   14.244780   0.066170
1867.484335   14.167830   0.068640
1867.486951   14.244690   0.069010
1867.488639   14.206310   0.070420
1867.490315   14.216920   0.078670
1867.492002   14.193840   0.071770
1867.493724   14.264810   0.071020
1868.197661   14.221770   0.085220
1868.207123   14.211870   0.083240
1868.216495   14.229220   0.099710
1868.225986   14.242840   0.099060
1868.235811   14.205870   0.102250
1868.245580   14.254440   0.106540
1868.255259   14.200950   0.107680
1868.264815   14.200360   0.112820
1868.274279   14.348470   0.124080
1868.283929   14.247740   0.112790
1868.322548   14.222810   0.121960
1868.332083   14.246480   0.119930
1868.341800   14.320770   0.128820
1868.370506   14.123180   0.080000
1868.399822   14.195590   0.080100
1868.409622   14.095830   0.074800
1868.446833   14.147080   0.081200
1870.219778   14.213300   0.054270
1870.229270   14.201620   0.055280
1870.238762   14.236990   0.060520
1870.248135   14.229970   0.057870
1870.257691   14.189150   0.061310
1870.267266   14.239950   0.064670
1870.276950   14.222570   0.066300
1870.286498   14.261990   0.065990
1870.295849   14.240080   0.061550
1870.305565   14.252590   0.069810
1870.315197   14.228340   0.072370
1870.325274   14.241720   0.075640
1870.335174   14.206780   0.067800
1870.344892   14.213300   0.079610
1870.354573   14.214010   0.088970
1870.364104   14.231810   0.117050
1870.373603   14.234440   0.111090
1870.383600   14.123650   0.115940
1871.136689   14.239760   0.066000
1871.146179   14.264050   0.063650
1871.155384   14.257080   0.058620
1871.164955   14.214630   0.070040
1871.174269   14.188170   0.066750
1871.183469   14.277390   0.075350
1871.192872   14.180960   0.068290
1871.202392   14.244030   0.074700
1871.211865   14.203780   0.083060
1871.221273   14.233840   0.083460
1871.230922   14.202890   0.073860
1871.240394   14.191570   0.072120
1871.250018   14.203470   0.074710
1871.259511   14.186830   0.073790
1871.269122   14.208790   0.070860
1871.278903   14.200960   0.075490
1871.288648   14.202780   0.077350
1871.298226   14.207020   0.076560
1871.307789   14.260150   0.081760
1871.317562   14.229640   0.079110
1871.327342   14.218480   0.087930
1871.337079   14.259090   0.093400
1871.346725   14.261390   0.102010
1871.356495   14.172000   0.091000
1871.366277   14.233640   0.105210
1871.375944   14.264190   0.098990
1871.385808   14.167070   0.110340
1871.395399   14.250450   0.119430
1871.404806   14.274800   0.109900
1871.414342   14.127040   0.121380
1871.423744   14.292640   0.129820
1871.433495   14.271430   0.130510
1871.442405   14.211860   0.118280
1871.449670   14.231820   0.128440
1871.455742   14.143840   0.123760
1871.461191   14.124660   0.101330
1871.465969   14.118630   0.101270
1871.469461   14.245440   0.129080
1871.472994   14.237350   0.131500
1871.476070   14.196340   0.126960
1871.477819   14.241780   0.125170
1871.479709   14.232820   0.125290
1871.481438   14.194630   0.123640
1871.550497   14.165400   0.109720
1871.559908   14.230540   0.081000
1872.324463   14.254330   0.075280
1872.334315   14.292410   0.079870
1872.344041   14.215810   0.075910
1872.353623   14.285580   0.081680
1872.363427   14.267810   0.074430
1872.373279   14.235210   0.069960
1872.383099   14.252320   0.077410
1872.392766   14.253670   0.070050
1872.402203   14.196570   0.075700
1872.412032   14.176490   0.075170
1872.421585   14.215620   0.081590
1872.431130   14.269210   0.089300
1872.439874   14.206710   0.088630
1872.447517   14.219860   0.088760
1872.454162   14.232070   0.091060
1872.459603   14.204820   0.098660
1872.463903   14.181840   0.095490
1872.467716   14.214990   0.099960
1872.470496   14.183270   0.095920
1872.473152   14.311720   0.104370
1872.474857   14.256390   0.103760
1872.476617   14.291920   0.103310
1872.478370   14.154060   0.097740
1872.480228   14.208470   0.098540
1872.541663   14.271180   0.124310
1872.550845   14.289590   0.127220
1872.560270   14.209160   0.129360
1872.569905   14.211010   0.108120
1873.229437   14.168450   0.080160
1873.238826   14.251760   0.090440
1873.248403   14.273150   0.087540
1873.258009   14.205190   0.086270
1873.267456   14.239170   0.090370
1873.276959   14.175300   0.085770
1873.286788   14.212530   0.091280
1873.296275   14.193050   0.091400
1873.305896   14.212290   0.096740
1873.315548   14.237920   0.102360
1873.325684   14.255310   0.103540
1873.335346   14.221460   0.108800
1873.344943   14.283890   0.109700
1873.354842   14.252330   0.108730
1873.364691   14.256660   0.113050
1873.374458   14.214530   0.108540
1873.383960   14.222950   0.109470
1873.393856   14.095750   0.102540
1873.403606   14.205330   0.113570
1873.413210   14.195240   0.092230
1873.422938   14.154770   0.120330
1873.432622   14.153750   0.114410
1873.441010   14.189710   0.105980
1873.447044   14.158190   0.100850
1873.453044   14.163970   0.106780
1873.457630   14.188920   0.105520
1873.462090   14.181930   0.110520
1873.465548   14.185380   0.112280
1873.468261   14.240440   0.114900
1873.470892   14.278000   0.117730
1873.472722   14.240730   0.112570
1873.474437   14.204440   0.113660
1873.476606   14.242770   0.162520
1874.032527   14.236870   0.055660
1874.041923   14.209900   0.055540
1874.051714   14.216180   0.057490
1874.061193   14.227250   0.060250
1874.070741   14.208230   0.060770
1874.080230   14.176460   0.060330
1874.089638   14.238410   0.060650
1874.098984   14.197980   0.063040
1874.108441   14.226850   0.061330
1874.117749   14.234660   0.063880
1874.127103   14.265790   0.067680
1874.136654   14.207660   0.066750
1874.145982   14.260110   0.065080
1874.155173   14.215260   0.072210
1874.164605   14.217640   0.082100
1874.174153   14.223030   0.091940
1874.183645   14.200920   0.118610
1876.992585   14.196930   0.057940
1877.002277   14.228290   0.063530
1877.012009   14.252920   0.064880
1877.021623   14.247960   0.063860
1877.031340   14.235610   0.070810
1877.041094   14.243690   0.069280
1877.050632   14.223560   0.056240
1877.060512   14.189150   0.064120
1877.070280   14.214740   0.065280
1877.080037   14.231450   0.061900
1877.089835   14.175800   0.063780
1877.099542   14.275170   0.069590
1877.109324   14.224090   0.082700
1877.119234   14.218600   0.080550
1877.128562   14.184780   0.073470
1877.137988   14.210220   0.071550
1877.147449   14.232010   0.085940
1877.157081   14.249930   0.083960
1877.166514   14.240230   0.077800
1877.175811   14.202930   0.071910
1877.185180   14.223890   0.079620
1877.194638   14.262990   0.073180
1877.204359   14.218010   0.072660
1877.213829   14.215610   0.071400
1877.223290   14.189180   0.073250
1877.232928   14.241590   0.071240
1877.242583   14.178100   0.081840
1877.252102   14.208690   0.079720
1877.261424   14.198290   0.082750
1877.271317   14.298620   0.077880
1877.280810   14.173160   0.062480
1877.290913   14.220200   0.077520
1877.300784   14.209160   0.087450
1877.310552   14.237430   0.074890
1877.320329   14.279530   0.092750
1877.330019   14.173130   0.075700
1877.339609   14.262800   0.069680
1877.349339   14.225000   0.079560
1877.359563   14.191180   0.070760
1877.369289   14.285890   0.080780
1877.379166   14.209210   0.076720
1877.389199   14.231900   0.090210
1877.398748   14.294390   0.100230
1877.408188   14.218220   0.094430
1877.417610   14.219590   0.087940
1877.426444   14.270450   0.073620
1877.433416   14.260570   0.087680
1877.439426   14.223970   0.094620
1877.444578   14.264080   0.098510
1877.449101   14.237880   0.081890
1877.452622   14.195250   0.099490
1877.456119   14.221360   0.087380
1877.458826   14.252240   0.082370
1877.460660   14.250570   0.085710
1877.462441   14.222440   0.081380
1877.464144   14.260600   0.084170
1877.465872   14.228380   0.097390
1877.528546   14.223710   0.108270
1877.538164   14.184440   0.110010
1877.547759   14.238200   0.116920
1877.557433   14.108840   0.121600
1877.566991   14.276050   0.126100
1877.956588   14.166000   0.098840
1877.966360   14.239000   0.087470
1877.975795   14.231840   0.068190
1877.985575   14.218070   0.060440
1877.995071   14.231580   0.054380
1878.004964   14.232300   0.053650
1878.014335   14.230350   0.058420
1878.023915   14.238470   0.049720
1878.033403   14.223240   0.053560
1878.042881   14.249720   0.055310
1878.052477   14.233640   0.060140
1878.062202   14.211240   0.062390
1878.072038   14.241460   0.060700
1878.081838   14.207760   0.061760
1878.091595   14.230160   0.054760
1878.101204   14.241120   0.058260
1878.111056   14.171930   0.061210
1878.120475   14.199090   0.068420
1878.129972   14.236430   0.065900
1878.139452   14.211160   0.078840
1878.149134   14.200770   0.075400
1878.158293   14.241840   0.119860
1878.167692   14.254070   0.075590
1878.177309   14.219150   0.067650
1878.186872   14.247900   0.090730
1878.196273   14.224890   0.091120
1878.206054   14.183210   0.100480
1878.215833   14.256750   0.108460
1878.225557   14.227690   0.113460
1878.235117   14.203570   0.091670
1878.244657   14.196960   0.091990
1878.254352   14.249040   0.103230
1878.263984   14.265500   0.112600
1878.273770   14.207820   0.111750
1878.283405   14.232920   0.115990
1878.293079   14.234620   0.114900
1878.303040   14.111970   0.071400
1878.312828   14.201350   0.071400
1878.342126   14.297300   0.108000
1878.351898   14.142980   0.116720
1878.361666   14.168750   0.113760
1878.371492   14.223960   0.121620
1878.381205   14.264140   0.075900
1878.390611   14.308880   0.099700
1878.399958   14.327350   0.098420
1878.409523   14.139160   0.113640
1878.419250   14.131170   0.099140
1878.427139   14.215410   0.124560
1878.434256   14.184320   0.097630
1878.439657   14.105590   0.096840
1878.444128   14.193950   0.069500
1878.448555   14.236700   0.101130
1878.452064   14.274800   0.104300
1878.454721   14.181820   0.121170
1878.457287   14.243460   0.103410
1878.459016   14.217200   0.099210
1878.460943   14.108890   0.118920
1878.463635   14.293740   0.076200
1878.523903   14.131550   0.073100
1878.533380   14.188530   0.104120
1878.542831   14.199850   0.106000
1878.552170   14.207950   0.074900
1878.906886   14.126150   0.075600
1878.917751   14.194050   0.113870
1878.928713   14.173360   0.106140
1878.939490   14.226500   0.118790
1878.950209   14.206540   0.096430
1878.960985   14.249440   0.097400
1878.971663   14.221390   0.085860
1878.982256   14.191060   0.087770
1878.992862   14.220980   0.081900
1879.003349   14.281260   0.086520
1879.014056   14.235460   0.090870
1879.024781   14.162810   0.088870
1879.035403   14.322510   0.105940
1879.046338   14.298870   0.099650
1879.056998   14.268700   0.105630
1879.067120   14.244120   0.104630
1879.077625   14.177800   0.102720
1879.087804   14.242470   0.105300
1879.097718   14.171180   0.116800
1879.108265   14.173880   0.123640
1879.118600   14.151790   0.103430
1879.128946   14.240890   0.105590
1879.138951   14.275560   0.123450
1879.148948   14.202950   0.109910
1879.178807   14.223490   0.075500
1879.260141   14.167290   0.074900
1879.270289   14.215130   0.077200
1879.290256   14.109550   0.068600
1879.300321   14.150450   0.106910
1879.310604   14.146420   0.073600
1879.914664   14.303820   0.116620
1879.924232   14.254300   0.096680
1879.933937   14.199560   0.084380
1879.943742   14.209630   0.072940
1879.953255   14.199360   0.065860
1879.962965   14.253250   0.062320
1879.972299   14.234630   0.061430
1879.982133   14.225880   0.060120
1879.991480   14.257500   0.063920
1880.001350   14.234690   0.068800
1880.010995   14.242820   0.074720
1880.020489   14.236160   0.074630
1880.030167   14.267550   0.075210
1880.040004   14.237470   0.073800
1880.050020   14.165510   0.071090
1880.059700   14.256280   0.078060
1880.069635   14.194330   0.075270
1880.079469   14.166900   0.079450
1880.089000   14.214010   0.080590
1880.098524   14.290410   0.083430
1880.108072   14.315330   0.087720
1880.117530   14.204230   0.078060
1880.127140   14.228490   0.082330
1880.200091   14.262720   0.089700
1880.209735   14.221980   0.096070
1880.219431   14.247400   0.092900
1880.229324   14.206660   0.084090
1880.238989   14.212070   0.084420
1880.248836   14.220060   0.080420
1880.258298   14.254010   0.082440
1880.267686   14.182020   0.087070
1880.277275   14.151630   0.090460
1880.286928   14.214510   0.108270
1880.306613   14.192200   0.089600
1880.369120   14.248090   0.083890
1880.967707   14.163260   0.095690
1880.977730   14.335940   0.097300
1880.987626   14.161060   0.076520
1880.997175   14.222650   0.074010
1881.007352   14.212380   0.077080
1881.017262   14.261740   0.080950
1881.027023   14.242680   0.083840
1881.036583   14.113750   0.077900
1881.046307   14.206230   0.081770
1881.055914   14.210000   0.093900
1881.065565   14.303750   0.090570
1881.075352   14.151750   0.093780
1881.085120   14.200500   0.088000
1881.094964   14.212400   0.088020
1881.104801   14.206760   0.077940
1881.114937   14.251750   0.102480
1881.124474   14.212770   0.095270
1881.134326   14.217700   0.100200
1881.143810   14.222450   0.073670
1881.153419   14.207360   0.099590
1881.163015   14.226640   0.091380
1881.171357   14.217000   0.074660
1881.180981   14.186450   0.080140
1881.190627   14.229220   0.068490
1881.200550   14.211690   0.072350
1881.210473   14.198780   0.076830
1881.220305   14.221730   0.085290
1881.230199   14.198210   0.079580
1881.239668   14.177580   0.084880
1881.249328   14.244510   0.076510
1881.258917   14.233650   0.087150
1881.268352   14.192710   0.093490
1881.278189   14.257400   0.084890
1881.288137   14.184020   0.085100
1881.297680   14.201100   0.089320
1881.307337   14.215310   0.091950
1881.317394   14.250050   0.097240
1881.327336   14.202650   0.094540
1881.337373   14.240570   0.101710
1881.347129   14.245280   0.105220
1881.357110   14.250460   0.106360
1881.366722   14.233010   0.103020
1881.376276   14.187060   0.106810
1881.386104   14.292710   0.117290
1881.395996   14.219430   0.114410
1881.405772   14.175550   0.117120
1881.414838   14.194170   0.114740
1881.422098   14.207810   0.118630
1881.428287   14.259430   0.121450
1881.433496   14.162830   0.112880
1881.437835   14.256700   0.126950
1881.441542   14.164260   0.122130
1881.445078   14.196320   0.119980
1881.447777   14.241580   0.126170
1881.449464   14.253160   0.103310
1881.451276   14.221940   0.124160
1881.453055   14.249710   0.122700
1881.455245   14.234530   0.179300
1881.512183   14.196600   0.103980
1881.522032   14.222560   0.075300
1881.531584   14.202630   0.073400
1881.550866   14.263790   0.122470
1881.570397   14.103220   0.108330
1881.884546   14.291740   0.124250
1881.894462   14.238640   0.103730
1881.904494   14.191040   0.092170
1881.914271   14.210480   0.088310
1881.923884   14.208380   0.090240
1881.933466   14.232320   0.084720
1881.943231   14.233860   0.083440
1881.952875   14.306950   0.119730
1881.962633   14.217430   0.120090
1881.972149   14.243810   0.124350
1881.982098   14.282540   0.128270
1882.021474   14.175610   0.078700
1882.041171   14.143000   0.077500
1882.051122   14.152520   0.106920
1882.060871   14.137730   0.074800
1882.080330   14.229940   0.112240
1882.131635   14.224670   0.100030
1882.150617   14.203120   0.103710
1882.169499   14.264720   0.074800
1883.093660   14.274840   0.113970
1883.112818   14.176810   0.105480
1883.131900   14.226590   0.109460
1883.141295   14.314710   0.122840
1883.150882   14.199840   0.103000
1883.179271   14.324500   0.120170
1883.188727   14.253310   0.114470
1883.198404   14.266940   0.073300
1883.207981   14.265900   0.107180
1883.217395   14.183340   0.067300
1883.227050   14.233120   0.068600
1883.245790   14.172610   0.072400
1884.099534   14.152710   0.055320
1884.109140   14.241050   0.055220
1884.118686   14.219630   0.069120
1884.128292   14.200890   0.081990
1884.137551   14.217950   0.058610
1884.147279   14.186920   0.069980
1884.156774   14.242870   0.074910
1884.166197   14.309300   0.091730
1884.175960   14.230430   0.088370
1884.185414   14.344660   0.086320
1884.194977   14.248980   0.062950
1884.204574   14.209540   0.070910
1884.214174   14.226310   0.062010
1884.223839   14.228470   0.074430
1884.233272   14.201670   0.104320
1884.242628   14.229120   0.055790
1884.252195   14.261360   0.055210
1884.261682   14.211850   0.056070
1884.271201   14.202280   0.056190
1884.280876   14.220790   0.060840
1884.290846   14.205470   0.065320
1884.300573   14.241670   0.078750
1884.310420   14.271080   0.088890
1884.320206   14.230570   0.068880
1884.330156   14.194800   0.066290
1884.340081   14.191230   0.091670
1884.350052   14.301510   0.088120
1884.360119   14.234750   0.070670
1884.370060   14.214040   0.067450
1884.379738   14.199060   0.073780
1884.389528   14.215720   0.057500
1884.399065   14.213930   0.060590
1884.406881   14.204530   0.079130
1884.413865   14.202510   0.090920
1884.420368   14.226000   0.093780
1884.425635   14.184500   0.069520
1884.430150   14.177590   0.058390
1884.433678   14.205170   0.073290
1884.437202   14.232640   0.066490
1884.439908   14.221890   0.073390
1884.441669   14.242390   0.074360
1884.443407   14.223180   0.067280
1884.445186   14.225130   0.068270
1884.446926   14.277750   0.097060
1884.503638   14.236160   0.058350
1884.513187   14.209240   0.074420
1884.522993   14.200490   0.063560
1884.532900   14.186050   0.057200
1884.542819   14.227950   0.072900
1884.552782   14.164650   0.036700
1884.562458   14.222380   0.050760
1884.572213   14.295120   0.070060
1884.581820   14.225240   0.051490
1884.591479   14.234690   0.071990
1884.600983   14.254980   0.061290
1884.610820   14.247460   0.058430
1884.925584   14.260410   0.072000
1884.945295   14.082570   0.073400
1885.003341   14.134670   0.077700
1885.278794   14.163540   0.076700
1886.072366   14.212190   0.049330
1886.082057   14.197480   0.055250
1886.091456   14.225210   0.057470
1886.101064   14.222840   0.058350
1886.110701   14.222450   0.056950
1886.120214   14.207780   0.055520
1886.129544   14.230730   0.057960
1886.138882   14.241550   0.064060
1886.148233   14.253270   0.058870
1886.157943   14.196080   0.061910
1886.167550   14.187240   0.073290
1886.177101   14.228340   0.076150
1886.186997   14.212360   0.073900
1886.196609   14.263830   0.082570
1886.206153   14.239270   0.092880
1886.215757   14.144010   0.091230
1886.225422   14.178430   0.123420
1886.234829   14.274590   0.127750
1886.244630   14.268400   0.131350
1886.254426   14.172670   0.089980
1886.263771   14.239780   0.073830
1886.273578   14.199080   0.125000
1886.283270   14.191220   0.075060
1886.293134   14.196780   0.076410
1886.303115   14.203380   0.088790
1886.312914   14.168550   0.077770
1886.322818   14.226280   0.081100
1886.332859   14.276900   0.088970
1886.342543   14.225100   0.075740
1886.352534   14.198600   0.081840
1886.362281   14.222990   0.089870
1886.372003   14.255180   0.089160
1886.381496   14.232900   0.097700
1886.391198   14.242670   0.108160
1886.399994   14.242480   0.107740
1886.408171   14.235730   0.111950
1886.414440   14.248180   0.101620
1886.419658   14.379680   0.107950
1886.423873   14.280480   0.122760
1886.427459   14.239590   0.117690
1886.431086   14.216720   0.116900
1886.433671   14.215540   0.101790
1886.437293   14.297080   0.126400
1886.439058   14.130670   0.121250
