1863.169882   12.049740   0.015650
1863.179028   12.039110   0.016980
1863.188111   12.063540   0.019690
1863.197263   12.056990   0.018360
1863.206453   12.053590   0.017610
1863.215516   12.048520   0.020670
1863.224486   12.054530   0.019800
1863.233708   12.052910   0.021190
1863.243026   12.048650   0.020960
1863.252052   12.046910   0.019350
1863.260978   12.050700   0.018530
1863.270074   12.060410   0.021370
1863.279229   12.070630   0.018940
1863.288341   12.043440   0.017840
1863.297662   12.045630   0.016630
1863.306748   12.064590   0.019000
1863.315898   12.062300   0.019230
1863.325261   12.056930   0.019110
1863.334632   12.050560   0.019520
1863.344416   12.047610   0.019110
1863.353962   12.051330   0.018710
1863.363511   12.065470   0.016860
1863.372640   12.050480   0.015940
1863.381795   12.062900   0.016050
1863.391577   12.049050   0.016800
1863.400670   12.053020   0.017610
1863.410157   12.058380   0.017670
1863.419415   12.053040   0.018420
1863.428728   12.065420   0.019520
1863.438171   12.061650   0.020090
1863.447725   12.056080   0.020790
1863.457038   12.071710   0.023960
1863.464667   12.065970   0.027660
1863.471563   12.070330   0.028810
1863.477686   12.046880   0.027020
1863.482900   12.052420   0.028350
1863.487037   12.049670   0.029220
1863.490505   12.063080   0.029520
1863.494064   12.032390   0.026910
1863.496621   12.053480   0.029510
1863.498272   12.073790   0.028990
1863.500087   12.073330   0.030210
1863.501889   12.063730   0.030550
1863.503937   12.064040   0.043210
1864.122118   12.062990   0.013110
1864.131216   12.062800   0.016810
1864.140349   12.057700   0.015130
1864.149328   12.068020   0.015070
1864.158727   12.068760   0.014430
1864.168077   12.058800   0.018130
1864.177441   12.068500   0.016800
1864.186471   12.063550   0.013860
1864.195786   12.063760   0.017150
1864.204761   12.068250   0.015710
1864.213956   12.067580   0.014840
1864.223275   12.069900   0.014430
1864.232312   12.067500   0.016860
1864.241734   12.070230   0.017090
1864.250994   12.067010   0.015010
1864.260292   12.072110   0.017730
1864.269452   12.059500   0.015420
1864.278712   12.065310   0.017840
1864.288040   12.046870   0.017730
1864.297228   12.082360   0.017440
1864.306786   12.076580   0.017840
1864.315982   12.068620   0.018130
1864.325240   12.057800   0.017610
1864.334830   12.064720   0.017210
1864.344223   12.065740   0.023040
1864.353629   12.068380   0.022460
1864.362884   12.063100   0.024260
1864.372284   12.059240   0.028360
1864.381718   12.056700   0.024770
1864.391386   12.052770   0.021480
1864.401175   12.058680   0.026500
1864.410777   12.074580   0.024080
1864.420158   12.070430   0.023900
1864.429378   12.064820   0.026400
1864.438639   12.065610   0.028930
1864.448098   12.047690   0.033630
1864.457409   12.061340   0.034070
1864.465120   12.050460   0.032940
1864.472313   12.043990   0.038810
1864.477494   12.057250   0.045510
1864.482643   12.029660   0.056660
1864.486002   12.033370   0.079180
1864.489646   12.076640   0.069610
1864.492216   12.064280   0.054160
1864.494776   12.025320   0.054800
1864.496480   12.028980   0.055820
1864.498365   12.036210   0.058680
1864.500091   12.014140   0.058060
1864.501760   12.026090   0.054180
1865.081649   12.059590   0.019250
1865.090914   12.062750   0.019630
1865.103000   12.072010   0.018710
1865.112265   12.052700   0.017960
1865.121493   12.061930   0.021940
1865.180915   12.050370   0.012930
1865.189934   12.050540   0.010680
1865.199137   12.053710   0.013280
1865.208040   12.048900   0.010740
1865.217207   12.055100   0.015590
1865.226382   12.047220   0.014840
1865.235932   12.040100   0.016110
1865.245886   12.051700   0.016630
1865.255783   12.057400   0.016110
1865.265750   12.048940   0.020560
1865.275774   12.063030   0.018420
1865.285892   12.061780   0.016290
1865.295973   12.055710   0.017730
1865.306185   12.058830   0.017440
1865.316145   12.044830   0.017090
1865.326150   12.049090   0.018760
1865.336276   12.048290   0.021590
1865.346577   12.066600   0.019340
1865.356675   12.063520   0.019050
1865.366659   12.040250   0.021130
1865.376904   12.035460   0.020840
1865.387088   12.054690   0.021130
1865.397153   12.035060   0.022120
1865.407149   12.040560   0.021250
1865.417333   12.056860   0.020090
1865.427630   12.058740   0.021420
1865.437669   12.047410   0.020960
1865.448171   12.059520   0.026830
1865.457324   12.059260   0.026680
1865.465615   12.058890   0.029340
1865.471988   12.058370   0.035890
1865.477591   12.057710   0.042390
1865.482335   12.063850   0.037160
1865.486159   12.052440   0.040270
1865.489785   12.054120   0.035700
1865.492667   12.080190   0.033900
1865.494427   12.084030   0.033610
1865.496283   12.028080   0.030780
1865.498551   12.064130   0.053890
1866.165339   12.061410   0.012010
1866.174723   12.060160   0.012070
1866.184057   12.052240   0.012180
1866.193410   12.047300   0.012360
1866.202706   12.052280   0.012990
1866.212035   12.063440   0.013220
1866.221409   12.051990   0.013280
1866.230791   12.057510   0.013110
1866.240551   12.065410   0.013110
1866.250004   12.052280   0.012930
1866.259354   12.052250   0.013450
1867.193045   12.058720   0.009070
1867.202355   12.049140   0.009410
1867.211516   12.059770   0.009470
1867.220585   12.058530   0.009930
1867.230131   12.050190   0.010050
1867.239707   12.062450   0.010050
1867.249230   12.053040   0.009930
1867.258785   12.058170   0.010100
1867.268385   12.055970   0.010160
1867.277702   12.051360   0.010390
1867.287153   12.052640   0.010450
1867.296854   12.056360   0.010680
1867.306121   12.062700   0.010800
1867.315500   12.064160   0.010970
1867.325094   12.060710   0.011200
1867.334502   12.062450   0.011490
1867.344482   12.052060   0.011720
1867.354030   12.060150   0.011780
1867.363492   12.062880   0.012930
1867.372735   12.061970   0.012180
1867.382212   12.059910   0.012530
1867.391671   12.055140   0.013280
1867.401392   12.058630   0.012990
1867.410805   12.065580   0.012930
1867.420288   12.065650   0.014900
1867.429722   12.059950   0.016460
1867.439192   12.064470   0.015420
1867.448574   12.068540   0.016800
1867.456168   12.074430   0.015130
1867.463320   12.062450   0.015470
1867.469421   12.055460   0.015470
1867.473939   12.067740   0.013110
1867.478291   12.066750   0.012240
1867.481655   12.075390   0.012300
1867.484335   12.077510   0.013280
1867.486951   12.076710   0.013050
1867.488639   12.069590   0.013160
1867.490315   12.062600   0.013570
1867.492002   12.062660   0.013220
1867.493724   12.065100   0.012990
1868.197661   12.053960   0.015820
1868.207123   12.064060   0.015760
1868.216495   12.050790   0.019950
1868.225986   12.031230   0.018880
1868.235811   12.054560   0.020660
1868.245580   12.035760   0.020040
1868.255259   12.044350   0.020500
1868.264815   12.059540   0.021650
1868.274279   12.045300   0.023620
1868.283929   12.029010   0.021250
1868.293537   12.029120   0.032050
1868.303104   12.040200   0.033660
1868.312574   12.064490   0.032040
1868.322548   12.051700   0.024490
1868.332083   12.052580   0.023270
1868.341800   12.049170   0.024600
1868.351466   12.039730   0.029170
1868.360837   12.043250   0.029470
1868.370659   12.052790   0.027540
1868.380417   12.039930   0.028940
1868.390367   12.063410   0.027740
1868.399668   12.068830   0.027780
1868.409622   12.065630   0.029560
1868.419023   12.067710   0.028060
1868.428372   12.069060   0.027780
1868.437691   12.059740   0.029040
1868.446987   12.055860   0.029160
1868.454949   12.040770   0.029270
1868.461066   12.039210   0.030260
1868.467151   12.061120   0.031060
1868.471440   12.045600   0.032050
1868.475710   12.049590   0.036630
1868.479187   12.024650   0.038170
1868.481793   12.035770   0.036260
1868.484421   12.057710   0.035110
1868.486154   12.078960   0.033660
1868.487874   12.070830   0.034120
1868.489584   12.079560   0.035530
1868.491280   12.088360   0.038250
1868.552972   12.033560   0.057270
1868.562396   12.133670   0.050720
1868.572114   12.090120   0.108400
1868.581454   12.205620   0.052800
1868.591155   12.084140   0.089590
1868.600621   12.055850   0.115470
1869.239644   12.077530   0.044730
1869.249027   12.034890   0.044820
1869.258676   12.041350   0.048460
1869.268460   12.031110   0.056790
1869.278238   12.033250   0.060200
1869.287800   12.032680   0.066100
1869.297392   12.064770   0.064420
1869.307040   11.997230   0.072180
1869.316723   12.021040   0.100190
1869.326588   12.103810   0.095040
1869.336288   12.122200   0.109240
1869.345989   12.040450   0.111150
1869.356015   12.103130   0.094210
1869.365922   11.995860   0.121850
1870.219778   12.049310   0.010860
1870.229270   12.054020   0.011080
1870.238762   12.049760   0.011950
1870.248135   12.063870   0.011720
1870.257691   12.059450   0.012990
1870.267266   12.057820   0.012470
1870.276950   12.052160   0.012640
1870.286498   12.056780   0.012930
1870.295849   12.061810   0.012180
1870.305565   12.060710   0.012820
1870.315197   12.066060   0.014140
1870.325274   12.061270   0.014550
1870.335174   12.048590   0.013630
1870.344892   12.058910   0.014490
1870.354573   12.051400   0.016450
1870.364104   12.029850   0.021250
1870.373603   12.043200   0.020270
1870.383600   12.052820   0.023100
1870.393243   12.042310   0.028970
1870.402820   12.050440   0.039000
1870.412418   12.074580   0.034760
1870.421719   12.052980   0.036240
1870.431056   12.044500   0.037320
1870.440608   12.050820   0.031150
1870.448993   12.023270   0.026970
1870.456179   12.047120   0.026790
1870.461756   12.035270   0.034360
1870.466593   12.040190   0.039240
1870.470290   12.068210   0.032630
1870.474034   12.041540   0.038410
1870.476825   12.038560   0.041700
1870.478569   12.070600   0.039040
1870.480341   12.055500   0.038800
1870.482097   12.076830   0.038410
1870.483838   12.041720   0.040720
1870.485602   12.083690   0.038580
1871.136689   12.057690   0.012530
1871.146179   12.035800   0.011950
1871.155384   12.045710   0.012070
1871.164955   12.043650   0.013280
1871.174269   12.044320   0.013110
1871.183469   12.056870   0.013740
1871.192872   12.056610   0.012930
1871.202392   12.043650   0.013630
1871.211865   12.036300   0.016050
1871.221273   12.055380   0.015820
1871.230922   12.042880   0.014090
1871.240394   12.049970   0.013630
1871.250018   12.054010   0.014550
1871.259511   12.053530   0.014030
1871.269122   12.036640   0.014030
1871.278903   12.055010   0.013970
1871.288648   12.044500   0.014900
1871.298226   12.068340   0.014610
1871.307789   12.063570   0.015300
1871.317562   12.059850   0.015590
1871.327342   12.045220   0.016220
1871.337079   12.066580   0.017670
1871.346725   12.057570   0.018300
1871.356495   12.048860   0.017380
1871.366277   12.071210   0.019340
1871.375944   12.058720   0.019570
1871.385808   12.054520   0.021610
1871.395399   12.065370   0.022920
1871.404882   12.055550   0.025810
1871.414342   12.038390   0.024480
1871.423744   12.060270   0.024420
1871.433495   12.056440   0.024080
1871.442405   12.058040   0.022920
1871.449670   12.071330   0.023380
1871.455742   12.065380   0.023850
1871.461191   12.071840   0.025580
1871.465968   12.079510   0.024890
1871.469461   12.068350   0.024770
1871.472994   12.050870   0.024370
1871.476070   12.048130   0.023500
1871.477819   12.042830   0.023270
1871.479709   12.061500   0.023620
1871.481438   12.048170   0.023620
1871.550420   12.038830   0.025580
1871.559908   12.051460   0.026040
1871.569340   12.052580   0.027430
1871.578835   12.075370   0.029280
1871.588334   12.042540   0.032110
1871.597765   12.062650   0.037480
1871.607264   12.054240   0.042730
1871.616819   12.051750   0.052350
1871.626324   12.124440   0.062640
1872.324463   12.075470   0.014150
1872.334315   12.064450   0.014490
1872.344041   12.063540   0.014320
1872.353623   12.066580   0.014610
1872.363427   12.051790   0.014030
1872.373279   12.059110   0.014030
1872.383099   12.056810   0.014380
1872.392766   12.058720   0.014320
1872.402203   12.056050   0.014550
1872.412032   12.051080   0.015070
1872.421585   12.039840   0.015300
1872.431130   12.064450   0.016460
1872.439874   12.052810   0.016460
1872.447517   12.055860   0.016450
1872.454162   12.056400   0.016980
1872.459603   12.066640   0.018300
1872.463903   12.057400   0.018420
1872.467716   12.048980   0.017780
1872.470496   12.054120   0.018010
1872.473152   12.056500   0.018300
1872.474857   12.058750   0.018530
1872.476617   12.059160   0.018420
1872.478370   12.059320   0.018710
1872.480228   12.055610   0.018710
1872.541663   12.047090   0.022750
1872.550845   12.047500   0.023730
1872.560270   12.045410   0.024360
1872.569828   12.050500   0.025580
1872.579400   12.069070   0.028120
1872.588943   12.064870   0.030310
1872.598488   12.050060   0.034240
1872.608116   12.053640   0.039610
1872.617527   12.069190   0.047980
1872.627101   11.990650   0.052660
1872.636625   12.100840   0.068420
1872.646041   12.022220   0.080950
1873.229437   12.063370   0.015710
1873.238826   12.055320   0.016570
1873.248403   12.056980   0.016170
1873.258009   12.053970   0.016280
1873.267456   12.049680   0.016920
1873.276959   12.052770   0.017090
1873.286788   12.067870   0.017150
1873.296275   12.072050   0.017670
1873.305896   12.036490   0.019010
1873.315548   12.062590   0.018940
1873.325684   12.064730   0.019400
1873.335346   12.064060   0.021310
1873.344943   12.078600   0.021420
1873.354842   12.078840   0.020270
1873.364691   12.091590   0.022590
1873.374458   12.087470   0.021420
1873.383960   12.064790   0.019640
1873.393856   12.093980   0.020090
1873.403606   12.095640   0.020740
1873.413210   12.109570   0.023500
1873.422938   12.090270   0.024550
1873.432622   12.089540   0.021190
1873.441010   12.090240   0.019980
1873.447044   12.081770   0.019630
1873.453044   12.094250   0.020040
1873.457630   12.080950   0.020320
1873.462090   12.061260   0.020440
1873.465548   12.079240   0.020790
1873.468261   12.063120   0.020900
1873.470892   12.059490   0.021540
1873.472722   12.050740   0.021020
1873.474437   12.050890   0.020900
1873.476606   12.055650   0.029890
1873.539458   12.000880   0.081960
1873.548852   12.020790   0.062900
1873.558313   12.088890   0.049110
1873.567696   12.053870   0.047780
1873.577180   12.073020   0.051110
1873.586745   12.031010   0.042530
1873.596227   12.074300   0.056840
1873.605773   12.025840   0.059300
1873.615321   12.039900   0.053860
1873.624816   12.076350   0.052200
1874.032527   12.060510   0.011030
1874.041923   12.051020   0.011550
1874.051714   12.049840   0.011430
1874.061193   12.050030   0.011200
1874.070741   12.050330   0.011890
1874.080230   12.058880   0.011950
1874.089638   12.043290   0.011660
1874.098984   12.051390   0.012180
1874.108441   12.053440   0.011890
1874.117749   12.060350   0.012640
1874.127103   12.046890   0.012360
1874.136654   12.054190   0.012640
1874.145982   12.050480   0.013050
1874.155173   12.039260   0.013910
1874.164605   12.043590   0.015010
1874.174153   12.064860   0.017490
1874.183645   12.050210   0.022060
1874.193053   12.047570   0.029220
1874.202515   12.052800   0.029620
1874.212179   12.052590   0.033130
1874.222051   12.051270   0.028230
1874.593715   12.047190   0.051610
1874.603390   12.047810   0.047360
1874.613039   12.053170   0.057840
1876.992585   12.052580   0.011610
1877.002277   12.060290   0.011660
1877.012009   12.055480   0.012300
1877.021623   12.060960   0.011780
1877.031340   12.060980   0.012880
1877.041094   12.051500   0.012410
1877.050632   12.060830   0.011320
1877.060512   12.065960   0.011840
1877.070280   12.057560   0.012180
1877.080037   12.057480   0.012300
1877.089835   12.054950   0.012180
1877.099542   12.065330   0.012820
1877.109324   12.064590   0.014780
1877.119234   12.047790   0.014620
1877.128562   12.047450   0.013690
1877.137988   12.061820   0.013400
1877.147449   12.039920   0.016000
1877.157081   12.049950   0.014490
1877.166514   12.042530   0.014260
1877.175811   12.047060   0.013570
1877.185180   12.046950   0.015010
1877.194638   12.053600   0.013860
1877.204359   12.057120   0.013680
1877.213829   12.058630   0.013280
1877.223290   12.057710   0.013860
1877.232928   12.059400   0.013680
1877.242583   12.054970   0.014610
1877.252102   12.064590   0.014610
1877.261424   12.052920   0.014780
1877.271317   12.063840   0.013800
1877.280810   12.056020   0.012990
1877.290913   12.048600   0.014320
1877.300784   12.045330   0.016220
1877.310552   12.043570   0.013910
1877.320329   12.045740   0.015940
1877.330019   12.064800   0.014210
1877.339609   12.057970   0.013220
1877.349339   12.057610   0.014430
1877.359563   12.060720   0.013340
1877.369289   12.041550   0.014430
1877.379166   12.049490   0.014090
1877.389199   12.058870   0.015590
1877.398748   12.036960   0.017380
1877.408188   12.040990   0.016340
1877.417610   12.057200   0.015990
1877.426444   12.041650   0.014840
1877.433416   12.049970   0.015650
1877.439426   12.060140   0.017210
1877.444578   12.053930   0.016920
1877.449101   12.055580   0.015710
1877.452622   12.048510   0.017620
1877.456119   12.051960   0.016050
1877.458826   12.055730   0.015880
1877.460660   12.043110   0.016050
1877.462441   12.055110   0.016220
1877.464144   12.052810   0.016280
1877.465872   12.051180   0.016860
1877.528546   12.047590   0.019690
1877.538164   12.069430   0.020900
1877.547759   12.053680   0.021770
1877.557433   12.053570   0.022520
1877.566991   12.050480   0.022460
1877.956588   12.037040   0.017560
1877.966360   12.039020   0.015820
1877.975795   12.049650   0.012990
1877.985575   12.062210   0.011890
1877.995071   12.051720   0.011260
1878.004964   12.047590   0.011200
1878.014335   12.061900   0.012070
1878.023915   12.036530   0.009620
1878.033403   12.053530   0.011140
1878.042881   12.058170   0.011080
1878.052477   12.063080   0.012470
1878.062202   12.052500   0.012070
1878.072038   12.054930   0.012360
1878.081838   12.046420   0.012530
1878.091595   12.053040   0.012070
1878.101204   12.050250   0.012300
1878.111056   12.050530   0.012640
1878.120475   12.053170   0.012820
1878.129972   12.069800   0.013970
1878.139452   12.049600   0.015760
1878.148981   12.065860   0.025580
1878.158293   12.051780   0.022870
1878.167692   12.052340   0.014260
1878.177309   12.047710   0.013740
1878.186872   12.051360   0.017210
1878.196273   12.050780   0.017150
1878.206054   12.055850   0.019230
1878.215833   12.054940   0.020380
1878.225557   12.041260   0.020670
1878.235117   12.059620   0.017490
1878.244657   12.060800   0.017840
1878.254352   12.044480   0.019110
1878.263984   12.056310   0.020610
1878.273770   12.054520   0.021070
1878.283405   12.055760   0.022240
1878.293079   12.049600   0.021650
1878.302887   12.064210   0.026560
1878.312828   12.054380   0.027480
1878.322431   12.062560   0.027260
1878.332111   12.048030   0.028060
1878.342126   12.087060   0.020300
1878.351898   12.059810   0.022690
1878.361666   12.069870   0.022060
1878.371492   12.057920   0.022400
1878.381052   12.049600   0.024370
1878.390611   12.077460   0.018600
1878.400035   12.064540   0.023040
1878.409523   12.062420   0.021770
1878.419250   12.063960   0.023910
1878.427139   12.084630   0.024940
1878.434256   12.050730   0.021080
1878.439734   12.048460   0.025870
1878.444205   12.064980   0.020080
1878.448555   12.075670   0.020010
1878.452064   12.056680   0.024250
1878.454721   12.052770   0.023730
1878.457364   12.043290   0.024650
1878.459093   12.043550   0.023790
1878.460943   12.047570   0.024080
1878.463071   12.067380   0.034260
1878.523903   12.032760   0.025530
1878.533380   12.060780   0.025230
1878.542754   12.060330   0.024710
1878.552323   12.059400   0.025930
1878.561961   12.055580   0.029330
1878.571685   12.037810   0.042900
1878.581234   12.068000   0.038540
1878.590773   12.041450   0.040980
1878.600390   12.090680   0.054370
1878.885725   12.033590   0.032390
1878.896259   12.052550   0.026900
1878.907039   12.051570   0.025000
1878.917827   12.053600   0.024540
1878.928636   12.042550   0.023790
1878.939490   12.040140   0.020730
1878.950209   12.047640   0.017550
1878.960985   12.052430   0.016740
1878.971663   12.054160   0.015820
1878.982256   12.052220   0.016170
1878.992862   12.056920   0.015590
1879.003349   12.046450   0.016690
1879.014056   12.051280   0.016980
1879.024781   12.052160   0.016980
1879.035403   12.043280   0.019230
1879.046338   12.062080   0.019170
1879.056998   12.058700   0.019800
1879.067120   12.051330   0.020270
1879.077625   12.072210   0.020150
1879.087804   12.050750   0.020380
1879.097718   12.038790   0.022750
1879.108265   12.035810   0.023850
1879.118677   12.060800   0.025350
1879.128946   12.016370   0.020580
1879.138951   12.037130   0.023670
1879.148948   12.066550   0.028180
1879.158753   12.044430   0.028580
1879.168681   12.033640   0.028060
1879.178653   12.064100   0.029680
1879.188532   12.054810   0.029570
1879.198658   12.024770   0.030580
1879.208980   12.049810   0.030260
1879.219105   12.036390   0.030950
1879.229198   12.048500   0.030310
1879.239692   12.040410   0.030840
1879.249885   12.033880   0.029570
1879.259988   12.058760   0.028700
1879.270136   12.051380   0.028120
1879.279998   12.051590   0.023340
1879.290256   12.035440   0.029500
1879.300321   12.046490   0.027710
1879.310604   12.044590   0.028120
1879.321132   12.055640   0.028410
1879.331398   12.040920   0.028770
1879.341711   12.032740   0.028820
1879.352168   12.026670   0.029310
1879.362239   12.037810   0.029920
1879.372581   12.051360   0.030380
1879.383093   12.057280   0.017000
1879.393142   12.050710   0.030490
1879.403333   12.041910   0.032060
1879.413718   12.038140   0.032350
1879.422210   12.052800   0.032330
1879.430290   12.055470   0.034530
1879.436891   12.033310   0.035580
1879.441492   12.055070   0.036170
1879.445571   12.059440   0.037070
1879.449457   12.043390   0.036330
1879.452342   12.061240   0.029560
1879.454194   12.060640   0.036890
1879.456055   12.040170   0.031060
1879.457932   12.063180   0.037070
1879.460282   12.060030   0.053900
1879.524043   12.014610   0.048930
1879.534146   12.072760   0.050060
1879.544253   12.023070   0.050610
1879.554321   12.000690   0.026600
1879.564508   12.058560   0.052820
1879.574677   12.057960   0.053620
1879.584814   12.062350   0.055260
1879.594935   12.055680   0.056530
1879.605121   12.076460   0.061560
1879.615186   12.099510   0.064540
1879.625350   12.077790   0.072190
1879.885631   12.058170   0.034930
1879.895153   12.051390   0.029790
1879.904711   12.068060   0.023960
1879.914664   12.065730   0.019280
1879.924232   12.057720   0.016050
1879.933937   12.047790   0.014210
1879.943742   12.064980   0.012530
1879.953255   12.059980   0.011780
1879.962965   12.067040   0.011140
1879.972299   12.062280   0.011030
1879.982133   12.057580   0.011370
1879.991480   12.062030   0.012010
1880.001350   12.060790   0.012360
1880.010995   12.047430   0.013340
1880.020489   12.062970   0.013220
1880.030167   12.053600   0.013680
1880.040004   12.053580   0.012930
1880.050020   12.050330   0.013280
1880.059700   12.070830   0.013570
1880.069635   12.051520   0.013750
1880.079469   12.067680   0.014550
1880.089000   12.062250   0.013970
1880.098524   12.053830   0.014670
1880.108072   12.066840   0.015650
1880.117530   12.068890   0.014030
1880.127140   12.073360   0.014660
1880.200091   12.063460   0.015760
1880.209735   12.049960   0.017150
1880.219431   12.059580   0.016170
1880.229324   12.057750   0.014950
1880.238989   12.048100   0.014950
1880.248836   12.062960   0.014950
1880.258298   12.045540   0.015360
1880.267686   12.047750   0.016050
1880.277275   12.048130   0.016170
1880.286928   12.042320   0.018360
1880.306613   12.045750   0.015990
1880.369120   12.060360   0.015240
1880.684731   12.037980   0.041680
1880.693935   12.110030   0.044240
1880.703424   12.021850   0.049780
1880.712965   12.075050   0.059650
1880.722745   12.109520   0.071770
1880.732752   12.102380   0.081580
1880.743114   11.978530   0.097100
1880.828480   12.011400   0.105460
1880.839020   12.003930   0.082820
1880.967707   12.074750   0.016230
1880.977730   12.070330   0.016630
1880.987626   12.050680   0.013740
1880.997175   12.053640   0.013220
1881.007352   12.049780   0.013570
1881.017262   12.051800   0.014150
1881.027023   12.056040   0.014840
1881.036583   12.046540   0.014260
1881.046307   12.038520   0.014550
1881.055914   12.043420   0.016690
1881.065565   12.062340   0.015950
1881.075352   12.049790   0.017150
1881.085120   12.050640   0.015990
1881.094964   12.054610   0.015650
1881.104801   12.060610   0.013860
1881.114937   12.030520   0.019000
1881.124474   12.055270   0.016520
1881.134326   12.045880   0.017560
1881.143810   12.064220   0.014090
1881.153419   12.034490   0.017790
1881.163015   12.050130   0.015880
1881.171357   12.053080   0.014260
1881.180981   12.057370   0.015070
1881.190627   12.060780   0.012930
1881.200550   12.057270   0.013860
1881.210473   12.053230   0.014720
1881.220305   12.042770   0.015650
1881.230199   12.045630   0.015530
1881.239668   12.057470   0.016280
1881.249328   12.066560   0.016110
1881.258917   12.058450   0.015880
1881.268352   12.059240   0.016340
1881.278189   12.052900   0.016220
1881.288137   12.038260   0.016450
1881.297680   12.060980   0.016860
1881.307337   12.065220   0.017440
1881.317394   12.055550   0.017670
1881.327336   12.063440   0.018420
1881.337373   12.054790   0.018470
1881.347129   12.051610   0.018760
1881.357110   12.062950   0.019170
1881.366722   12.052960   0.019290
1881.376276   12.057560   0.019860
1881.386104   12.040630   0.020440
1881.395996   12.047140   0.020380
1881.405772   12.046110   0.021130
1881.414838   12.090870   0.021650
1881.422098   12.062360   0.021710
1881.428287   12.066140   0.021650
1881.433496   12.051080   0.021830
1881.437835   12.061030   0.022170
1881.441542   12.045890   0.022630
1881.445078   12.057080   0.023090
1881.447777   12.055330   0.022920
1881.449541   12.056820   0.022800
1881.451276   12.040750   0.022800
1881.453055   12.056090   0.023270
1881.455245   12.046720   0.032500
1881.512259   12.055430   0.024130
1881.522032   12.056210   0.025460
1881.531584   12.040960   0.025930
1881.541053   12.058550   0.026270
1881.550943   12.055650   0.026330
1881.560601   12.049500   0.027310
1881.570473   12.057510   0.026960
1881.580253   12.038480   0.029690
1881.589860   12.070160   0.029220
1881.599577   12.042940   0.031010
1881.609472   12.066450   0.030660
1881.619114   12.055920   0.034010
1881.628942   12.058900   0.036840
1881.638590   12.027830   0.039260
1881.648351   12.039300   0.043590
1881.778022   12.024790   0.086000
1881.787777   12.092940   0.071550
1881.797344   12.183990   0.048800
1881.807277   12.004450   0.059470
1881.816745   12.028710   0.054450
1881.826319   12.058770   0.048220
1881.835921   12.010940   0.041050
1881.845731   12.015400   0.035050
1881.855252   12.027980   0.029680
1881.864967   12.048800   0.027080
1881.874874   12.067910   0.025060
1881.884546   12.052340   0.021070
1881.894462   12.064440   0.018770
1881.904494   12.051050   0.016340
1881.914271   12.050780   0.016110
1881.923884   12.055050   0.016220
1881.933466   12.055230   0.015300
1881.943231   12.062700   0.015760
1881.952875   12.054020   0.019740
1881.962633   12.053950   0.021650
1881.972149   12.027930   0.022400
1881.982098   12.045180   0.023620
1881.992169   12.056750   0.029500
1882.001889   12.055940   0.032410
1882.011594   12.022360   0.033030
1882.021627   12.059380   0.026100
1882.031644   12.060880   0.028290
1882.041324   12.049160   0.027660
1882.051198   12.045590   0.024950
1882.060871   12.035390   0.025690
1882.070527   12.045370   0.045620
1882.080330   12.071060   0.020500
1882.090096   12.060400   0.041000
1882.099569   12.100290   0.063640
1882.109365   12.079820   0.035100
1882.121972   12.070930   0.029230
1882.131558   12.074630   0.023040
1882.141120   12.085940   0.039060
1882.150540   12.067910   0.024770
1882.160119   12.054460   0.024890
1882.169652   12.067060   0.026270
1882.179008   12.062000   0.025870
1882.188466   12.041290   0.028370
1882.198063   12.037930   0.032390
1882.208031   12.069550   0.059580
1882.217722   12.098750   0.048670
1882.227231   12.059980   0.039900
1882.236839   12.072040   0.041410
1882.246327   12.055360   0.060880
1882.256107   12.063840   0.054770
1882.266006   12.063430   0.050010
1882.275585   12.072080   0.047440
1882.285301   12.087680   0.050540
1882.295361   12.059820   0.043800
1882.305067   12.031680   0.058620
1882.315073   12.036310   0.067380
1882.325032   12.040310   0.044320
1882.334886   12.049380   0.038400
1882.344919   12.079550   0.050630
1882.354771   12.043940   0.050550
1882.364587   12.023970   0.042020
1882.374737   12.012820   0.042480
1882.394964   12.110250   0.097410
1883.093660   12.048360   0.018940
1883.103366   12.025870   0.032980
1883.112818   12.052660   0.020290
1883.122237   12.041990   0.023260
1883.131900   12.033770   0.019170
1883.141295   12.039390   0.021540
1883.150882   12.046190   0.022860
1883.160374   12.031110   0.024990
1883.169871   12.065550   0.026330
1883.179271   12.046310   0.020500
1883.188727   12.054680   0.020960
1883.198404   12.051480   0.024600
1883.207904   12.037930   0.024250
1883.217549   12.048700   0.025070
1883.226897   12.056210   0.025410
1883.236210   12.078670   0.026040
1883.245790   12.065690   0.025700
1883.255334   12.047950   0.026100
1883.265175   12.047590   0.026570
1883.274780   12.060140   0.027140
1883.284849   12.053970   0.037070
1883.294394   12.046590   0.036370
1883.304305   12.051480   0.034730
1883.314080   12.062980   0.044070
1883.323720   12.029340   0.036340
1883.333437   12.068800   0.031240
1883.343435   12.040560   0.034450
1883.353548   12.061460   0.035700
1883.363493   12.050760   0.029500
1883.373027   12.056750   0.030430
1883.382657   12.049820   0.033150
1883.392439   12.054940   0.031000
1883.402040   12.088090   0.031870
1883.410061   12.056310   0.033840
1883.417485   12.073730   0.035070
1883.423677   12.060980   0.032040
1883.428949   12.065600   0.032970
1883.433300   12.066870   0.039220
1883.436812   12.066460   0.033550
1883.440325   12.059630   0.038100
1883.443180   12.054820   0.032800
1883.444926   12.039420   0.036590
1883.446707   12.067080   0.031940
1883.448508   12.061410   0.032280
1883.507335   12.064330   0.036620
1883.517022   12.049730   0.034950
1883.526655   12.042440   0.039380
1883.536232   12.053100   0.040650
1883.545818   12.050890   0.044680
1883.555341   12.056180   0.043550
1883.565051   12.058730   0.041380
1883.574608   12.049510   0.040730
1883.584378   12.055190   0.033800
1883.593915   12.054650   0.035220
1884.099534   12.051780   0.010280
1884.109140   12.046320   0.010160
1884.118686   12.048120   0.012470
1884.128292   12.079550   0.015100
1884.137551   12.060700   0.011490
1884.147279   12.056090   0.012930
1884.156774   12.064040   0.013630
1884.166197   12.071620   0.015280
1884.175960   12.060760   0.016000
1884.185414   12.060330   0.013680
1884.194977   12.055030   0.011780
1884.204574   12.059240   0.012820
1884.214174   12.062000   0.011840
1884.223839   12.082070   0.013000
1884.233272   12.064140   0.018030
1884.242628   12.056690   0.010850
1884.252195   12.062920   0.010680
1884.261682   12.065070   0.010850
1884.271201   12.069800   0.010850
1884.280876   12.065790   0.011720
1884.290846   12.067450   0.012590
1884.300573   12.060960   0.013570
1884.310420   12.071870   0.019140
1884.320206   12.078070   0.013160
1884.330156   12.055310   0.013280
1884.340081   12.071100   0.015590
1884.350052   12.052260   0.015240
1884.360119   12.054720   0.012990
1884.370060   12.057160   0.013220
1884.379738   12.068870   0.014320
1884.389528   12.060250   0.011430
1884.399065   12.066800   0.012070
1884.406881   12.060920   0.013510
1884.413865   12.058110   0.015880
1884.420368   12.064890   0.016880
1884.425635   12.050090   0.012410
1884.430150   12.061950   0.011430
1884.433678   12.058740   0.012760
1884.437202   12.068240   0.012590
1884.439908   12.056550   0.013220
1884.441669   12.050320   0.012930
1884.443407   12.055480   0.012530
1884.445186   12.056250   0.012240
1884.446926   12.059770   0.016060
1884.503638   12.051910   0.011430
1884.513187   12.053100   0.013410
1884.522993   12.042710   0.011550
1884.532900   12.051780   0.010800
1884.542819   12.050710   0.012710
1884.552706   12.045270   0.013950
1884.562458   12.065450   0.010050
1884.572213   12.051860   0.011620
1884.581820   12.047690   0.010280
1884.591479   12.057140   0.012930
1884.600983   12.049520   0.011660
1884.610820   12.052990   0.010970
1884.886961   12.050330   0.027080
1884.896459   12.042420   0.029300
1884.906042   12.055290   0.025690
1884.915643   12.046850   0.032860
1884.925737   12.048410   0.024130
1884.935570   12.035980   0.032970
1884.945448   12.043960   0.026920
1884.954875   12.023120   0.028090
1884.964329   12.042870   0.026630
1884.974229   12.066990   0.031590
1884.983546   12.068670   0.031830
1884.993441   12.038800   0.028760
1885.003341   12.068740   0.028520
1885.013229   12.056500   0.033210
1885.022911   12.023440   0.031180
1885.032502   12.030070   0.036030
1885.042137   12.033890   0.035410
1885.052183   12.028920   0.036100
1885.061957   12.038320   0.040740
1885.071678   12.026580   0.040820
1885.081285   12.013630   0.048400
1885.090973   12.065110   0.043630
1885.100847   12.056400   0.043370
1885.278794   12.029880   0.022630
1885.288696   12.060670   0.030500
1885.298475   12.038380   0.024480
1885.308250   12.042300   0.024720
1885.318087   12.056620   0.025820
1885.328301   12.056050   0.030390
1885.338173   12.074490   0.043440
1885.347960   12.073750   0.037180
1885.357853   12.061640   0.039740
1885.367578   12.052490   0.041420
1885.377344   12.042870   0.048700
1885.386938   12.027110   0.048890
1885.396599   12.072870   0.040470
1885.404395   12.079680   0.037540
1885.411445   12.063490   0.042090
1885.417511   12.054000   0.045280
1885.422892   12.093310   0.051370
1885.427461   12.058880   0.044980
1885.430989   12.058610   0.035160
1885.434637   12.064600   0.041640
1885.437356   12.098180   0.042200
1885.439093   12.079010   0.042420
1885.440855   12.120470   0.041990
1885.442624   12.056020   0.039330
1885.444416   12.064790   0.039350
1885.502228   12.013180   0.043000
1885.511985   12.094360   0.058590
1885.521821   12.049220   0.042120
1885.531512   12.068560   0.042370
1885.541243   12.045440   0.048590
1885.551133   12.030530   0.037140
1885.560860   12.055600   0.036870
1885.570601   12.044580   0.036910
1885.580236   12.040080   0.045650
1885.590133   12.044830   0.032120
1886.072366   12.078260   0.009760
1886.082057   12.090820   0.010510
1886.091456   12.083040   0.010970
1886.101064   12.091940   0.011370
1886.110701   12.088710   0.011080
1886.120214   12.098040   0.011260
1886.129544   12.086030   0.011840
1886.138882   12.087840   0.012010
1886.148233   12.081740   0.011950
1886.157943   12.078350   0.012360
1886.167550   12.074410   0.013870
1886.177101   12.069760   0.013800
1886.186997   12.060820   0.014490
1886.196609   12.053130   0.015300
1886.206153   12.056880   0.016920
1886.215757   12.059280   0.017960
1886.225422   12.044050   0.023440
1886.234829   12.047300   0.023790
1886.244630   12.031970   0.022920
1886.254426   12.040620   0.016980
1886.263771   12.055630   0.014200
1886.273578   12.048110   0.022920
1886.283270   12.052810   0.013860
1886.293134   12.062130   0.014550
1886.303115   12.052100   0.016570
1886.312914   12.046240   0.015070
1886.322818   12.047180   0.015480
1886.332859   12.052770   0.015710
1886.342543   12.052490   0.014840
1886.352534   12.058470   0.015130
1886.362281   12.059790   0.016280
1886.372003   12.055800   0.017090
1886.381496   12.060730   0.017670
1886.391198   12.063790   0.018940
1886.399994   12.057910   0.019000
1886.408171   12.061380   0.019340
1886.414363   12.042880   0.023790
1886.419581   12.064000   0.023680
1886.423873   12.053590   0.022110
1886.427459   12.053200   0.021370
1886.431086   12.054890   0.020840
1886.433748   12.063140   0.023930
1886.435540   12.057110   0.025240
1886.437293   12.047990   0.022170
1886.439058   12.065230   0.022520
1886.441348   12.055230   0.044970
