1863.169882   12.112410   0.016630
1863.179028   12.107550   0.018250
1863.188111   12.108160   0.020900
1863.197263   12.102260   0.019340
1863.206453   12.108150   0.018530
1863.215516   12.116050   0.022230
1863.224486   12.110750   0.021130
1863.233708   12.104320   0.022580
1863.243026   12.125630   0.022860
1863.252052   12.134750   0.020760
1863.260978   12.115680   0.019800
1863.270074   12.096750   0.022400
1863.279229   12.120510   0.020090
1863.288341   12.113230   0.019340
1863.297662   12.118970   0.018070
1863.306748   12.125710   0.020380
1863.315898   12.128860   0.020610
1863.325261   12.126290   0.020670
1863.334632   12.124260   0.020840
1863.344416   12.116020   0.020560
1863.353962   12.125000   0.020040
1863.363511   12.124760   0.018190
1863.372640   12.124560   0.017030
1863.381795   12.130380   0.017150
1863.391577   12.117140   0.018010
1863.400670   12.121940   0.018770
1863.410157   12.122790   0.018940
1863.419415   12.118140   0.019520
1863.428728   12.121380   0.020840
1863.438171   12.109980   0.021420
1863.447725   12.103160   0.022170
1863.457038   12.125400   0.025820
1863.464667   12.091890   0.028990
1863.471563   12.125930   0.030890
1863.477686   12.109670   0.028930
1863.482900   12.109290   0.028930
1863.487037   12.109390   0.031240
1863.490505   12.128350   0.030600
1863.494064   12.114030   0.029580
1863.496621   12.148800   0.030960
1863.498272   12.127150   0.030840
1863.500087   12.126080   0.032420
1863.501889   12.111980   0.033720
1863.503937   12.107940   0.045910
1864.122118   12.107770   0.013860
1864.131216   12.130280   0.017960
1864.140349   12.107110   0.016170
1864.149328   12.115020   0.015940
1864.158727   12.117950   0.015240
1864.168077   12.122690   0.018940
1864.177441   12.116040   0.017610
1864.186471   12.124160   0.014780
1864.195786   12.099500   0.018070
1864.204761   12.125410   0.016690
1864.213956   12.115620   0.015700
1864.223275   12.105770   0.015010
1864.232312   12.100510   0.017610
1864.241734   12.122390   0.018250
1864.250994   12.122610   0.015880
1864.260292   12.112590   0.018530
1864.269452   12.122140   0.016400
1864.278712   12.117230   0.019000
1864.288040   12.117390   0.018880
1864.297228   12.122720   0.018530
1864.306786   12.116500   0.018940
1864.315982   12.117940   0.019050
1864.325240   12.124380   0.018820
1864.334830   12.128130   0.018300
1864.344223   12.122390   0.025290
1864.353629   12.108800   0.023440
1864.362884   12.123890   0.025690
1864.372284   12.119480   0.031120
1864.381718   12.130200   0.026620
1864.391386   12.121590   0.022980
1864.401175   12.135260   0.028520
1864.410777   12.095450   0.025110
1864.420158   12.104410   0.025690
1864.429378   12.117720   0.027540
1864.438639   12.134200   0.032580
1864.448098   12.117230   0.036100
1864.457409   12.125440   0.036960
1864.465120   12.103080   0.034530
1864.472313   12.090670   0.039560
1864.477494   12.095270   0.043890
1864.482643   12.156570   0.056220
1864.486002   12.079860   0.085880
1864.489646   12.054400   0.067000
1864.492216   12.103130   0.051700
1864.494776   12.107080   0.052100
1864.496480   12.107390   0.055930
1864.498365   12.110680   0.057480
1864.500091   12.081220   0.061800
1864.501760   12.120940   0.053130
1865.081649   12.104560   0.019700
1865.090914   12.107630   0.021140
1865.103000   12.132190   0.019690
1865.112265   12.133550   0.019110
1865.121493   12.126520   0.023510
1865.180915   12.132370   0.014090
1865.189934   12.124200   0.011260
1865.199137   12.128450   0.014320
1865.208040   12.123810   0.011370
1865.217207   12.119220   0.016760
1865.226382   12.109200   0.015710
1865.235932   12.101290   0.017210
1865.245886   12.102110   0.017610
1865.255783   12.123060   0.017320
1865.265750   12.103390   0.022690
1865.275774   12.109480   0.019750
1865.285892   12.121480   0.017320
1865.295973   12.130690   0.019520
1865.306185   12.110550   0.018820
1865.316145   12.122600   0.018140
1865.326150   12.126670   0.019750
1865.336276   12.136210   0.022980
1865.346577   12.129780   0.020440
1865.356675   12.117530   0.019800
1865.366659   12.114330   0.022930
1865.376904   12.113630   0.022110
1865.387088   12.122620   0.022460
1865.397153   12.106560   0.023740
1865.407149   12.104390   0.022810
1865.417333   12.097800   0.021360
1865.427630   12.120950   0.022350
1865.437669   12.112060   0.022400
1865.448171   12.080800   0.027040
1865.457324   12.107210   0.028760
1865.465615   12.153940   0.031470
1865.471988   12.102580   0.039700
1865.477591   12.134950   0.046670
1865.482335   12.118700   0.039970
1865.486159   12.101170   0.047950
1865.489785   12.127220   0.040650
1865.492667   12.121840   0.036100
1865.494427   12.139890   0.035800
1865.496283   12.122260   0.033660
1865.498551   12.130350   0.057900
1866.165339   12.121110   0.012700
1866.174723   12.113220   0.012640
1866.184057   12.121480   0.012930
1866.193410   12.105580   0.013050
1866.202706   12.116330   0.013570
1866.212035   12.114130   0.013800
1866.221409   12.125450   0.014030
1866.230791   12.111280   0.013910
1866.240551   12.120750   0.013800
1866.250004   12.107580   0.013680
1866.259354   12.114440   0.014140
1867.193045   12.115040   0.009700
1867.202355   12.106650   0.009870
1867.211516   12.112170   0.010050
1867.220585   12.104410   0.010450
1867.230131   12.116140   0.010680
1867.239707   12.098820   0.010510
1867.249230   12.105080   0.010510
1867.258785   12.108740   0.010620
1867.268385   12.107470   0.010740
1867.277702   12.111290   0.010970
1867.287153   12.100690   0.011030
1867.296854   12.109130   0.011320
1867.306121   12.107130   0.011370
1867.315500   12.114050   0.011490
1867.325094   12.115970   0.011840
1867.334502   12.117900   0.012180
1867.344482   12.120730   0.012410
1867.354030   12.113360   0.012300
1867.363492   12.115670   0.013800
1867.372735   12.116400   0.012990
1867.382212   12.114230   0.013220
1867.391671   12.118660   0.014210
1867.401392   12.111190   0.013860
1867.410805   12.120340   0.013680
1867.420288   12.110910   0.015820
1867.429722   12.115200   0.017380
1867.439192   12.106140   0.016340
1867.448574   12.102420   0.017840
1867.456168   12.100450   0.016050
1867.463320   12.106760   0.016570
1867.469421   12.103110   0.016400
1867.473939   12.101390   0.013910
1867.478291   12.102720   0.012990
1867.481655   12.106950   0.013110
1867.484335   12.111790   0.014030
1867.486951   12.108220   0.013860
1867.488639   12.116580   0.013970
1867.490315   12.104060   0.014320
1867.492002   12.116490   0.014140
1867.493724   12.106090   0.013860
1868.197661   12.115000   0.016460
1868.207123   12.126530   0.016980
1868.216495   12.094010   0.021650
1868.225986   12.102840   0.019580
1868.235811   12.109880   0.022480
1868.245580   12.096550   0.021190
1868.255259   12.109760   0.023160
1868.264815   12.110150   0.023210
1868.274279   12.108500   0.025350
1868.283929   12.112440   0.022700
1868.293537   12.108870   0.032520
1868.303104   12.127180   0.036670
1868.312574   12.128750   0.037190
1868.322548   12.134970   0.026220
1868.332083   12.132570   0.025170
1868.341800   12.110840   0.026270
1868.351466   12.125820   0.031530
1868.360837   12.103530   0.031250
1868.370659   12.124330   0.029790
1868.380417   12.136960   0.030600
1868.390367   12.163530   0.029970
1868.399668   12.142710   0.030890
1868.409622   12.144020   0.032920
1868.419023   12.116490   0.030310
1868.428372   12.118530   0.030320
1868.437691   12.121580   0.031700
1868.446987   12.123240   0.031290
1868.454949   12.132860   0.032510
1868.461066   12.152230   0.032860
1868.467151   12.141150   0.033660
1868.471440   12.124780   0.035480
1868.475710   12.142640   0.037820
1868.479187   12.141110   0.040600
1868.481793   12.172560   0.039210
1868.484421   12.124470   0.038220
1868.486154   12.142980   0.036030
1868.487874   12.125570   0.038220
1868.489584   12.085640   0.037360
1868.491280   12.116110   0.039030
1868.552972   12.089830   0.065120
1868.562396   12.107690   0.061300
1868.572038   11.993560   0.073000
1868.581607   11.995300   0.091070
1868.591155   12.001810   0.090310
1868.600621   12.068130   0.085270
1868.610027   11.951150   0.065400
1869.239644   12.059720   0.047290
1869.249027   12.041040   0.047750
1869.258676   12.056230   0.052660
1869.268460   12.059440   0.059560
1869.278238   12.104860   0.072920
1869.287800   12.094460   0.071000
1869.297392   12.123810   0.076340
1869.307040   12.082550   0.082540
1869.316646   12.106510   0.085220
1869.326588   12.160030   0.099390
1869.336288   12.036310   0.086700
1869.345989   12.099970   0.111710
1869.365769   12.277950   0.074300
1870.219778   12.136180   0.011660
1870.229270   12.125120   0.011840
1870.238762   12.128540   0.012760
1870.248135   12.124610   0.012360
1870.257691   12.117520   0.013800
1870.267266   12.128620   0.013280
1870.276950   12.124540   0.013400
1870.286498   12.117330   0.013570
1870.295849   12.124660   0.012870
1870.305565   12.128560   0.013630
1870.315197   12.127190   0.014950
1870.325274   12.137910   0.015360
1870.335174   12.143590   0.014670
1870.344892   12.143490   0.015530
1870.354573   12.145410   0.017670
1870.364104   12.131520   0.022580
1870.373603   12.140990   0.021770
1870.383600   12.135810   0.025060
1870.393243   12.128740   0.030140
1870.402820   12.077260   0.043830
1870.412418   12.131170   0.038800
1870.421719   12.113050   0.037830
1870.431056   12.127610   0.038470
1870.440608   12.108980   0.034350
1870.448993   12.146740   0.029160
1870.456179   12.133920   0.029270
1870.461756   12.114150   0.034550
1870.466593   12.091210   0.040790
1870.470290   12.112450   0.035010
1870.474034   12.124700   0.041470
1870.476825   12.108420   0.042490
1870.478569   12.094250   0.044630
1870.480341   12.120310   0.040330
1870.482097   12.118640   0.041160
1870.483838   12.135040   0.041340
1870.485602   12.128360   0.041340
1871.136689   12.135140   0.013400
1871.146179   12.114380   0.012530
1871.155384   12.127600   0.012760
1871.164955   12.113700   0.013740
1871.174269   12.112910   0.013630
1871.183469   12.112810   0.014550
1871.192872   12.105560   0.013800
1871.202392   12.112890   0.014260
1871.211865   12.101580   0.016750
1871.221273   12.103390   0.016280
1871.230922   12.118450   0.014900
1871.240394   12.109750   0.014550
1871.250018   12.098720   0.015070
1871.259511   12.097070   0.014780
1871.269122   12.102340   0.015010
1871.278903   12.111130   0.014950
1871.288648   12.106410   0.015760
1871.298226   12.102780   0.015190
1871.307789   12.108180   0.016220
1871.317562   12.107400   0.016690
1871.327342   12.108400   0.017090
1871.337079   12.092920   0.018420
1871.346725   12.101000   0.019520
1871.356495   12.103780   0.018650
1871.366277   12.110440   0.020840
1871.375944   12.115230   0.021020
1871.385808   12.107150   0.022750
1871.395399   12.095520   0.024080
1871.404882   12.098870   0.027080
1871.414342   12.109720   0.026380
1871.423744   12.097590   0.025520
1871.433495   12.110150   0.026040
1871.442405   12.094650   0.024540
1871.449670   12.075250   0.024420
1871.455742   12.108190   0.025580
1871.461191   12.102390   0.027020
1871.465968   12.107090   0.026150
1871.469461   12.099050   0.025920
1871.472994   12.095110   0.025870
1871.476070   12.117060   0.025230
1871.477819   12.124530   0.025060
1871.479709   12.137150   0.024830
1871.481438   12.114710   0.024880
1871.550420   12.115070   0.027710
1871.559908   12.095130   0.028700
1871.569340   12.104570   0.029910
1871.578835   12.116760   0.032970
1871.588334   12.076660   0.037640
1871.597765   12.058520   0.044550
1871.607264   12.105390   0.051810
1871.616819   12.121600   0.061660
1871.626324   12.039650   0.068950
1872.324463   12.088190   0.014900
1872.334315   12.094940   0.015470
1872.344041   12.095350   0.015360
1872.353623   12.107810   0.015420
1872.363427   12.107790   0.015070
1872.373279   12.116250   0.014950
1872.383099   12.112500   0.015300
1872.392766   12.129590   0.015420
1872.402203   12.101000   0.015530
1872.412032   12.108920   0.016220
1872.421585   12.113200   0.016630
1872.431130   12.098690   0.017320
1872.439874   12.101860   0.017610
1872.447517   12.100410   0.017670
1872.454162   12.113930   0.018300
1872.459603   12.116080   0.019460
1872.463903   12.121720   0.019980
1872.467716   12.108980   0.019170
1872.470496   12.123040   0.019460
1872.473152   12.130920   0.019800
1872.474857   12.136870   0.019980
1872.476617   12.126490   0.019860
1872.478370   12.130150   0.019980
1872.480228   12.131760   0.020030
1872.541663   12.112000   0.024600
1872.550845   12.110270   0.025170
1872.560270   12.104690   0.026210
1872.569828   12.125920   0.028730
1872.579400   12.121930   0.030380
1872.588943   12.097140   0.034550
1872.598488   12.113090   0.040670
1872.608116   12.084700   0.046830
1872.617527   12.137750   0.052130
1872.636625   12.161980   0.080280
1872.646041   12.136250   0.103250
1873.229437   12.114760   0.017210
1873.238826   12.102890   0.017840
1873.248403   12.114330   0.017320
1873.258009   12.113100   0.017610
1873.267456   12.099610   0.018080
1873.276959   12.113110   0.018130
1873.286788   12.120720   0.018010
1873.296275   12.122320   0.018830
1873.305896   12.123380   0.020330
1873.315548   12.103880   0.020560
1873.325684   12.133020   0.020500
1873.335346   12.109310   0.021940
1873.344943   12.080950   0.022230
1873.354842   12.117340   0.021130
1873.364691   12.131590   0.023440
1873.374458   12.098620   0.022350
1873.383960   12.112500   0.021130
1873.393856   12.120300   0.021360
1873.403606   12.109960   0.021890
1873.413210   12.102110   0.025930
1873.422938   12.098660   0.024020
1873.432622   12.093790   0.022630
1873.441010   12.097340   0.021310
1873.447044   12.111040   0.021070
1873.453044   12.091230   0.021070
1873.457630   12.093070   0.021650
1873.462090   12.083830   0.021650
1873.465548   12.094940   0.022110
1873.468261   12.093450   0.022860
1873.470892   12.108850   0.023210
1873.472722   12.122180   0.022580
1873.474437   12.128420   0.022460
1873.476606   12.120840   0.031730
1873.539458   12.145030   0.090870
1873.548852   12.127120   0.067280
1873.558313   12.136720   0.048970
1873.567696   12.155550   0.052740
1873.577180   12.120620   0.059420
1873.586745   12.101530   0.046410
1873.596227   12.129120   0.069110
1873.605773   12.092950   0.066580
1873.615321   12.093150   0.061500
1873.624816   12.082890   0.064450
1874.032527   12.111690   0.011660
1874.041923   12.109890   0.012300
1874.051714   12.119900   0.012180
1874.061193   12.102690   0.011890
1874.070741   12.118610   0.012590
1874.080230   12.127580   0.012640
1874.089638   12.120150   0.012470
1874.098984   12.124390   0.012990
1874.108441   12.119310   0.012760
1874.117749   12.124920   0.013280
1874.127103   12.110530   0.013220
1874.136654   12.107580   0.013340
1874.145982   12.108110   0.013970
1874.155173   12.104060   0.014840
1874.164605   12.101880   0.015820
1874.174153   12.091640   0.018360
1874.183645   12.094170   0.023730
1874.193053   12.082830   0.031780
1874.202515   12.091920   0.032710
1874.212179   12.136040   0.036210
1874.222051   12.117180   0.030600
1874.593715   12.084510   0.063810
1874.603390   12.115930   0.057980
1874.613039   12.150210   0.066750
1876.992585   12.110320   0.012130
1877.002277   12.110180   0.012180
1877.012009   12.109780   0.012990
1877.021623   12.110490   0.012640
1877.031340   12.121630   0.013800
1877.041094   12.102950   0.013050
1877.050632   12.107690   0.012180
1877.060512   12.105930   0.012470
1877.070280   12.113190   0.012820
1877.080037   12.116550   0.013110
1877.089835   12.113970   0.013050
1877.099542   12.098710   0.013460
1877.109324   12.103700   0.015950
1877.119234   12.111570   0.015550
1877.128562   12.113050   0.014500
1877.137988   12.105730   0.014090
1877.147449   12.093250   0.016290
1877.157081   12.117750   0.015420
1877.166514   12.103240   0.014840
1877.175811   12.101060   0.014320
1877.185180   12.093470   0.015240
1877.194638   12.112560   0.014500
1877.204359   12.115060   0.014670
1877.213829   12.105630   0.014090
1877.223290   12.099810   0.014610
1877.232928   12.116180   0.014490
1877.242583   12.102440   0.015880
1877.252102   12.088080   0.015760
1877.261424   12.116920   0.015530
1877.271317   12.107080   0.014840
1877.280810   12.099270   0.013800
1877.290913   12.109780   0.015010
1877.300784   12.116340   0.016860
1877.310552   12.098030   0.014840
1877.320329   12.100930   0.016870
1877.330019   12.122490   0.015010
1877.339609   12.118590   0.013970
1877.349339   12.108740   0.015420
1877.359563   12.122240   0.014260
1877.369289   12.112680   0.015710
1877.379166   12.113760   0.015190
1877.389199   12.116900   0.016520
1877.398748   12.121310   0.018480
1877.408188   12.134300   0.018040
1877.417610   12.140200   0.017280
1877.426444   12.132740   0.015820
1877.433416   12.140840   0.017030
1877.439426   12.153440   0.018540
1877.444578   12.148060   0.018490
1877.449101   12.131130   0.016800
1877.452622   12.128870   0.019010
1877.456119   12.138040   0.017260
1877.458826   12.136870   0.016920
1877.460660   12.130760   0.017500
1877.462441   12.132590   0.017320
1877.464144   12.142790   0.017440
1877.465872   12.139160   0.018020
1877.528546   12.101440   0.021360
1877.538164   12.109970   0.022520
1877.547759   12.114300   0.023560
1877.557433   12.124310   0.025290
1877.566991   12.099990   0.025010
1877.956588   12.109250   0.019140
1877.966360   12.112620   0.017210
1877.975795   12.121860   0.013970
1877.985575   12.106580   0.012640
1877.995071   12.123450   0.012130
1878.004964   12.100020   0.011780
1878.014335   12.119590   0.012870
1878.023915   12.113400   0.010390
1878.033403   12.096940   0.011840
1878.042881   12.123630   0.011890
1878.052477   12.107970   0.013160
1878.062202   12.098720   0.012700
1878.072038   12.121240   0.013280
1878.081838   12.104340   0.013340
1878.091595   12.117720   0.012870
1878.101204   12.117020   0.013160
1878.111056   12.110910   0.013570
1878.120475   12.127150   0.013740
1878.129972   12.114130   0.014840
1878.139452   12.116040   0.016920
1878.148981   12.115810   0.027430
1878.158293   12.149330   0.025070
1878.167692   12.113700   0.015130
1878.177309   12.125090   0.014780
1878.186872   12.119630   0.018470
1878.196273   12.116530   0.018130
1878.206054   12.115780   0.020550
1878.215833   12.124770   0.022110
1878.225557   12.118340   0.022290
1878.235117   12.102340   0.018530
1878.244657   12.106190   0.018820
1878.254352   12.105720   0.020380
1878.263984   12.137290   0.022290
1878.273770   12.113200   0.022810
1878.283405   12.120900   0.023740
1878.293079   12.088620   0.023630
1878.302887   12.110280   0.029110
1878.312828   12.119030   0.030080
1878.322431   12.137090   0.029100
1878.332111   12.106470   0.030030
1878.342126   12.108180   0.021280
1878.351898   12.111140   0.024370
1878.361666   12.130910   0.023330
1878.371492   12.114090   0.024140
1878.381052   12.094400   0.025750
1878.390611   12.120110   0.019880
1878.400035   12.110390   0.024190
1878.409523   12.100860   0.023220
1878.419250   12.106770   0.026160
1878.427139   12.088480   0.026390
1878.434256   12.085020   0.021920
1878.439734   12.095510   0.026960
1878.444205   12.094750   0.020930
1878.448555   12.107150   0.021070
1878.452064   12.125710   0.026400
1878.454721   12.110030   0.025520
1878.457364   12.088600   0.025230
1878.459093   12.127020   0.025880
1878.460943   12.103300   0.025990
1878.463071   12.110680   0.036590
1878.523903   12.109830   0.027380
1878.533380   12.150710   0.027020
1878.542754   12.112180   0.026340
1878.552323   12.131840   0.028070
1878.561961   12.134280   0.032810
1878.571685   12.104530   0.046880
1878.581234   12.132190   0.041590
1878.590773   12.111700   0.043770
1878.600390   12.111850   0.059600
1878.885725   12.129700   0.036380
1878.896259   12.092790   0.029460
1878.907039   12.105880   0.027080
1878.917827   12.101170   0.026620
1878.928636   12.104440   0.027570
1878.939490   12.108850   0.022690
1878.950209   12.114140   0.018880
1878.960985   12.110460   0.018190
1878.971663   12.117010   0.017090
1878.982256   12.113140   0.017490
1878.992862   12.112250   0.016800
1879.003349   12.102800   0.017900
1879.014056   12.126930   0.018240
1879.024781   12.108720   0.018130
1879.035403   12.121650   0.020610
1879.046338   12.123830   0.020440
1879.056998   12.120220   0.021480
1879.067120   12.097800   0.021420
1879.077625   12.115640   0.021540
1879.087804   12.115200   0.022060
1879.097718   12.102970   0.024080
1879.108265   12.103890   0.026630
1879.118677   12.117650   0.027260
1879.128946   12.131210   0.023560
1879.138951   12.111600   0.025920
1879.148948   12.107580   0.029390
1879.158753   12.114610   0.030660
1879.168681   12.120840   0.031020
1879.178653   12.127590   0.031700
1879.188532   12.120670   0.032110
1879.198658   12.108880   0.032690
1879.208980   12.095000   0.033550
1879.219105   12.047310   0.033900
1879.229198   12.097910   0.033660
1879.239692   12.108020   0.033330
1879.249885   12.091430   0.032620
1879.259988   12.118220   0.031120
1879.270136   12.095110   0.030950
1879.279998   12.097030   0.025030
1879.290256   12.094370   0.031540
1879.300321   12.083940   0.030720
1879.310604   12.105360   0.030780
1879.321132   12.105220   0.031540
1879.331398   12.067630   0.032000
1879.341711   12.110400   0.031010
1879.352168   12.098250   0.031700
1879.362239   12.116130   0.032220
1879.372581   12.116490   0.032510
1879.383093   12.096420   0.018500
1879.393142   12.123980   0.033370
1879.403333   12.102370   0.033660
1879.413718   12.077780   0.036160
1879.422210   12.092700   0.036110
1879.430290   12.099460   0.036550
1879.436891   12.104190   0.037180
1879.441492   12.089850   0.038130
1879.445571   12.117010   0.038630
1879.449457   12.128970   0.039500
1879.452342   12.158020   0.034020
1879.454194   12.128220   0.041510
1879.456055   12.137270   0.032670
1879.457932   12.126740   0.040300
1879.460282   12.098320   0.056190
1879.524043   12.129180   0.050370
1879.534146   12.114690   0.053360
1879.544253   12.134770   0.057150
1879.554321   12.109410   0.031400
1879.564508   12.120790   0.057540
1879.574677   12.106170   0.056710
1879.584814   12.126550   0.060230
1879.594935   12.122450   0.064880
1879.605121   12.096380   0.067160
1879.615186   12.081930   0.074190
1879.625350   12.123670   0.084410
1879.885631   12.074550   0.039280
1879.895153   12.077920   0.032340
1879.904711   12.106210   0.026100
1879.914664   12.093590   0.020960
1879.924232   12.084410   0.017320
1879.933937   12.092930   0.015240
1879.943742   12.100020   0.013570
1879.953255   12.095610   0.012530
1879.962965   12.110450   0.011950
1879.972299   12.117660   0.011720
1879.982133   12.119780   0.012180
1879.991480   12.125250   0.012640
1880.001350   12.129610   0.013110
1880.010995   12.137180   0.013970
1880.020489   12.134140   0.014270
1880.030167   12.131790   0.014380
1880.040004   12.129510   0.013860
1880.050020   12.133240   0.014030
1880.059700   12.112580   0.014380
1880.069635   12.104300   0.014670
1880.079469   12.107080   0.015240
1880.089000   12.115990   0.014960
1880.098524   12.103560   0.015470
1880.108072   12.105850   0.016570
1880.117530   12.095880   0.014840
1880.127140   12.124240   0.015410
1880.200091   12.094320   0.017210
1880.209735   12.098570   0.018140
1880.219431   12.122820   0.017620
1880.229324   12.125970   0.015880
1880.238989   12.107480   0.015700
1880.248836   12.119830   0.015880
1880.258298   12.104110   0.016340
1880.267686   12.104120   0.017090
1880.277275   12.107150   0.017150
1880.286928   12.133290   0.020150
1880.306613   12.121610   0.017260
1880.369120   12.140090   0.016400
1880.684731   12.141940   0.052830
1880.693935   12.119880   0.053300
1880.703424   12.054270   0.059590
1880.712965   12.069060   0.070680
1880.722745   11.977060   0.078000
1880.732752   12.047360   0.094170
1880.743114   12.136820   0.111890
1880.828480   12.115110   0.115210
1880.838943   12.350790   0.088510
1880.967707   12.134330   0.017380
1880.977730   12.118630   0.017320
1880.987626   12.110460   0.014780
1880.997175   12.114610   0.014670
1881.007352   12.092780   0.014490
1881.017262   12.110510   0.014900
1881.027023   12.110300   0.015240
1881.036583   12.113630   0.015190
1881.046307   12.104640   0.015940
1881.055914   12.113890   0.017670
1881.065565   12.116880   0.017040
1881.075352   12.130490   0.018420
1881.085120   12.134520   0.017330
1881.094964   12.116920   0.016740
1881.104801   12.112380   0.014610
1881.114937   12.136150   0.019870
1881.124474   12.110270   0.017840
1881.134326   12.092690   0.018710
1881.143810   12.107270   0.015070
1881.153419   12.131580   0.018610
1881.163015   12.115200   0.017380
1881.171357   12.108800   0.015360
1881.180981   12.102530   0.015880
1881.190627   12.115650   0.013910
1881.200550   12.101600   0.014840
1881.210473   12.111190   0.015880
1881.220305   12.118770   0.017090
1881.230199   12.108580   0.016920
1881.239668   12.116280   0.017490
1881.249328   12.111850   0.017500
1881.258917   12.104460   0.017210
1881.268352   12.106650   0.017730
1881.278189   12.120530   0.017610
1881.288137   12.118910   0.018020
1881.297680   12.109390   0.017960
1881.307337   12.106800   0.018530
1881.317394   12.116180   0.019400
1881.327336   12.117140   0.020210
1881.337373   12.122060   0.020090
1881.347129   12.136670   0.020730
1881.357110   12.137260   0.021020
1881.366722   12.126010   0.021360
1881.376276   12.133410   0.021650
1881.386104   12.130740   0.022350
1881.395996   12.118270   0.022230
1881.405772   12.102500   0.022750
1881.414838   12.128720   0.022870
1881.422098   12.134940   0.023560
1881.428287   12.108740   0.023330
1881.433496   12.128880   0.023730
1881.437835   12.111060   0.023730
1881.441542   12.117690   0.024430
1881.445078   12.117770   0.025000
1881.447777   12.115230   0.024650
1881.449541   12.111960   0.024600
1881.451276   12.125310   0.025410
1881.453055   12.111510   0.024480
1881.455245   12.118380   0.035320
1881.512259   12.141020   0.026100
1881.522032   12.116780   0.027600
1881.531584   12.133710   0.028060
1881.541053   12.135380   0.028810
1881.550943   12.148680   0.028700
1881.560601   12.124770   0.030150
1881.570473   12.111540   0.028930
1881.580253   12.099010   0.032570
1881.589860   12.123450   0.031480
1881.599577   12.139690   0.036900
1881.609472   12.129690   0.033800
1881.619114   12.127430   0.039320
1881.638590   12.146330   0.046850
1881.648351   12.126580   0.052500
1881.778022   12.005230   0.097110
1881.787777   12.183040   0.072200
1881.797497   12.089990   0.076410
1881.807277   12.052640   0.067010
1881.816745   12.171650   0.061260
1881.826319   12.029770   0.058100
1881.835921   12.095810   0.049030
1881.845731   12.075780   0.041070
1881.855252   12.098420   0.031930
1881.864967   12.120580   0.030020
1881.874874   12.108130   0.026210
1881.884546   12.112590   0.022350
1881.894462   12.106430   0.019690
1881.904494   12.124660   0.017840
1881.914271   12.117240   0.017500
1881.923884   12.116650   0.017260
1881.933466   12.118880   0.016400
1881.943231   12.118400   0.016630
1881.952875   12.121100   0.021310
1881.962633   12.118180   0.023100
1881.972149   12.136080   0.024140
1881.982098   12.114780   0.025640
1881.992169   12.141780   0.032110
1882.001889   12.124030   0.034710
1882.011594   12.139240   0.034370
1882.021627   12.109170   0.027310
1882.031644   12.153850   0.031430
1882.041324   12.114620   0.029580
1882.051198   12.106800   0.026740
1882.060871   12.145060   0.027430
1882.070527   12.110170   0.051810
1882.080330   12.110220   0.021650
1882.090096   12.138040   0.045900
1882.099569   12.226130   0.078270
1882.109365   12.143470   0.040320
1882.121972   12.124380   0.031010
1882.131558   12.098170   0.024900
1882.141120   12.112540   0.041520
1882.150540   12.092270   0.026630
1882.160119   12.104810   0.027080
1882.169652   12.119800   0.028010
1882.179008   12.109700   0.028530
1882.188466   12.099710   0.032390
1882.198063   12.130900   0.036180
1882.208031   12.135190   0.061920
1882.217722   12.098870   0.054350
1882.227231   12.093150   0.044990
1882.236839   12.085310   0.047480
1882.246327   12.099420   0.061500
1882.256107   12.085240   0.060780
1882.266006   12.090070   0.057590
1882.275585   12.076910   0.050330
1882.285301   12.110960   0.052850
1882.295361   12.073980   0.046110
1882.305067   12.068530   0.060010
1882.315073   12.132840   0.075100
1882.325032   12.098640   0.044870
1882.334886   12.126720   0.040600
1882.344919   12.140530   0.052970
1882.354771   12.118840   0.052430
1882.364587   12.103030   0.047120
1882.374737   12.065880   0.043600
1882.394964   12.106430   0.100320
1883.093660   12.111610   0.020690
1883.103366   12.105680   0.033520
1883.112818   12.135890   0.021640
1883.122237   12.112080   0.024800
1883.131900   12.095320   0.020730
1883.141295   12.105640   0.023050
1883.150882   12.117330   0.024710
1883.160374   12.113610   0.025870
1883.169871   12.117660   0.027980
1883.179271   12.109950   0.021770
1883.188727   12.112590   0.022290
1883.198404   12.107350   0.026620
1883.207904   12.110030   0.026970
1883.217549   12.119520   0.026850
1883.226897   12.118910   0.027540
1883.236210   12.125520   0.027480
1883.245790   12.094080   0.028010
1883.255334   12.107270   0.029230
1883.265175   12.111960   0.028880
1883.274780   12.106760   0.028460
1883.284849   12.141630   0.037750
1883.294394   12.104980   0.039530
1883.304305   12.114790   0.037150
1883.314080   12.144450   0.045800
1883.323720   12.116070   0.036840
1883.333437   12.124390   0.034180
1883.343435   12.124590   0.035460
1883.353548   12.138500   0.037920
1883.363493   12.131290   0.032860
1883.373027   12.150520   0.033780
1883.382657   12.122320   0.035280
1883.392439   12.115000   0.033620
1883.402040   12.110240   0.032510
1883.410061   12.115030   0.040360
1883.417485   12.106100   0.038860
1883.423677   12.110180   0.037070
1883.428949   12.101180   0.036440
1883.433300   12.115480   0.042400
1883.436812   12.119070   0.036680
1883.440325   12.125170   0.040880
1883.443180   12.103710   0.036170
1883.444926   12.113630   0.039360
1883.446707   12.118370   0.033760
1883.448508   12.144360   0.036440
1883.507335   12.096020   0.038920
1883.517022   12.088210   0.038390
1883.526655   12.106780   0.045910
1883.536232   12.116900   0.049370
1883.545818   12.115890   0.051040
1883.555341   12.118170   0.048870
1883.565051   12.133170   0.048020
1883.574608   12.066270   0.045850
1883.584302   12.129360   0.048170
1883.593915   12.078890   0.042270
1884.099534   12.117270   0.010860
1884.109140   12.115080   0.010740
1884.118686   12.121320   0.013050
1884.128292   12.080770   0.016570
1884.137551   12.113640   0.012130
1884.147279   12.110830   0.013740
1884.156774   12.114590   0.014260
1884.166197   12.104420   0.016280
1884.175960   12.121750   0.017330
1884.185414   12.100350   0.014960
1884.194977   12.109590   0.012470
1884.204574   12.110590   0.013510
1884.214174   12.116340   0.012650
1884.223839   12.111670   0.013570
1884.233272   12.117290   0.019130
1884.242628   12.122050   0.011550
1884.252195   12.124400   0.011320
1884.261682   12.122250   0.011550
1884.271201   12.120260   0.011550
1884.280876   12.124730   0.012470
1884.290846   12.127750   0.013400
1884.300573   12.120440   0.014490
1884.310420   12.118900   0.020340
1884.320206   12.130180   0.013910
1884.330156   12.137530   0.014200
1884.340081   12.131030   0.016510
1884.350052   12.129230   0.016510
1884.360119   12.116590   0.013920
1884.370060   12.112170   0.014140
1884.379738   12.102310   0.015010
1884.389528   12.124140   0.012360
1884.399065   12.113730   0.012870
1884.406881   12.117160   0.014380
1884.413865   12.104710   0.016740
1884.420368   12.100840   0.018370
1884.425635   12.119360   0.013220
1884.430150   12.108260   0.012070
1884.433678   12.106560   0.013510
1884.437202   12.113360   0.013280
1884.439908   12.100470   0.013920
1884.441669   12.099700   0.013860
1884.443407   12.114880   0.013340
1884.445186   12.108350   0.012880
1884.446926   12.110230   0.017220
1884.503638   12.117310   0.012180
1884.513187   12.102340   0.014180
1884.522993   12.112890   0.012180
1884.532900   12.116890   0.011260
1884.542819   12.120480   0.013400
1884.552706   12.095570   0.015160
1884.562458   12.112820   0.010510
1884.572213   12.106710   0.012690
1884.581820   12.124070   0.011030
1884.591479   12.100910   0.013570
1884.600983   12.096560   0.012240
1884.610820   12.126650   0.011780
1884.886961   12.088050   0.029930
1884.896459   12.121930   0.031460
1884.906042   12.103350   0.029510
1884.915643   12.087850   0.035060
1884.925737   12.101260   0.026280
1884.935570   12.112330   0.036790
1884.945448   12.127450   0.029870
1884.954875   12.098590   0.032060
1884.964329   12.111300   0.029920
1884.974229   12.155150   0.034910
1884.983546   12.116270   0.033090
1884.993441   12.140380   0.031870
1885.003341   12.097860   0.031200
1885.013229   12.105380   0.033840
1885.022911   12.111470   0.033840
1885.032502   12.134720   0.040650
1885.042137   12.120320   0.039160
1885.052183   12.097220   0.039920
1885.061957   12.098720   0.044480
1885.071678   12.138190   0.046220
1885.081285   12.129790   0.050130
1885.090973   12.180820   0.048390
1885.100847   12.116410   0.048680
1885.278794   12.116390   0.025650
1885.288696   12.095660   0.033420
1885.298475   12.106350   0.026470
1885.308250   12.085250   0.025700
1885.318087   12.096200   0.027030
1885.328301   12.102480   0.032970
1885.338173   12.138750   0.050400
1885.347960   12.121510   0.041590
1885.357853   12.118130   0.042840
1885.367578   12.125730   0.044560
1885.377344   12.114340   0.059300
1885.386938   12.067850   0.057170
1885.396599   12.079940   0.045390
1885.404395   12.088350   0.038500
1885.411445   12.089650   0.047090
1885.417511   12.090000   0.049450
1885.422892   12.099050   0.052510
1885.427461   12.096280   0.048000
1885.430989   12.092200   0.040190
1885.434637   12.121010   0.045670
1885.437356   12.111770   0.046890
1885.439093   12.117230   0.045500
1885.440855   12.121250   0.044910
1885.442624   12.096970   0.043400
1885.444416   12.120950   0.043210
1885.502228   12.145520   0.048930
1885.511985   12.201620   0.067240
1885.521821   12.109860   0.047650
1885.531512   12.099030   0.049390
1885.541243   12.114130   0.049570
1885.551133   12.098000   0.041860
1885.560860   12.109720   0.040360
1885.570601   12.111380   0.041070
1885.580236   12.134730   0.051340
1885.590133   12.116150   0.038450
1886.072366   12.109430   0.010340
1886.082057   12.107510   0.011080
1886.091456   12.113070   0.011490
1886.101064   12.115270   0.011950
1886.110701   12.117080   0.011840
1886.120214   12.108920   0.011840
1886.129544   12.124740   0.012470
1886.138882   12.116850   0.012700
1886.148233   12.115370   0.012640
1886.157943   12.124150   0.013280
1886.167550   12.114520   0.015030
1886.177101   12.111520   0.014720
1886.186997   12.113510   0.015360
1886.196609   12.117870   0.016050
1886.206153   12.127970   0.017900
1886.215757   12.117110   0.018940
1886.225422   12.105710   0.024880
1886.234829   12.137510   0.025580
1886.244630   12.106990   0.024650
1886.254426   12.134230   0.018130
1886.263771   12.117560   0.015070
1886.273578   12.103490   0.024370
1886.283270   12.107030   0.014660
1886.293134   12.118630   0.015360
1886.303115   12.115180   0.017500
1886.312914   12.116930   0.015940
1886.322818   12.111380   0.016460
1886.332859   12.117130   0.016460
1886.342543   12.115930   0.015820
1886.352534   12.114860   0.016110
1886.362281   12.105150   0.017210
1886.372003   12.102000   0.018070
1886.381496   12.103230   0.018470
1886.391198   12.098780   0.019810
1886.399994   12.111520   0.019800
1886.408171   12.103050   0.020260
1886.414363   12.089920   0.024950
1886.419581   12.103770   0.025230
1886.423873   12.132110   0.023100
1886.427459   12.101790   0.023160
1886.431086   12.103170   0.022290
1886.433748   12.115180   0.025500
1886.435540   12.126810   0.027910
1886.437293   12.114760   0.024140
1886.439058   12.101780   0.024220
1886.441348   12.101730   0.048030
