1863.169882   13.702820   0.060680
1863.179028   13.720710   0.070230
1863.188111   13.755070   0.076540
1863.197263   13.689770   0.069930
1863.206453   13.710050   0.066080
1863.215516   13.666810   0.081070
1863.224486   13.744200   0.077830
1863.233708   13.746260   0.081950
1863.243026   13.770390   0.089630
1863.252052   13.752020   0.077470
1863.260978   13.754640   0.070240
1863.270074   13.730240   0.078500
1863.279229   13.787710   0.078290
1863.288341   13.716060   0.072880
1863.297662   13.733830   0.066170
1863.306748   13.698270   0.072380
1863.315898   13.742140   0.081590
1863.325261   13.680560   0.075810
1863.334632   13.715480   0.077840
1863.344416   13.753850   0.074540
1863.353962   13.765920   0.073910
1863.363511   13.751140   0.065220
1863.372640   13.711390   0.062600
1863.381795   13.669670   0.061850
1863.391577   13.748740   0.067040
1863.400670   13.728800   0.071150
1863.410157   13.674450   0.071430
1863.419415   13.632590   0.072290
1863.428728   13.662430   0.078050
1863.438171   13.717660   0.082320
1863.447725   13.652960   0.082050
1863.457038   13.780310   0.101350
1863.464667   13.703220   0.112410
1863.471563   13.744680   0.118900
1863.477686   13.800950   0.117930
1863.482900   13.679800   0.112410
1863.487037   13.723850   0.117560
1863.490505   13.651580   0.113160
1863.494064   13.718420   0.113060
1863.496621   13.599980   0.112730
1863.498272   13.670820   0.117410
1863.500087   13.683800   0.119800
1863.501889   13.695060   0.121540
1863.503937   13.677900   0.170420
1864.122118   13.660780   0.048610
1864.131216   13.721650   0.064760
1864.140349   13.694120   0.060130
1864.149328   13.738450   0.060430
1864.158727   13.694750   0.053610
1864.168077   13.726730   0.069260
1864.177441   13.758520   0.067580
1864.186471   13.731190   0.050110
1864.195786   13.737350   0.064670
1864.204761   13.699460   0.055140
1864.213956   13.707040   0.054710
1864.223275   13.762710   0.052240
1864.232312   13.759090   0.064480
1864.241734   13.741850   0.061810
1864.250994   13.757510   0.053130
1864.260292   13.795620   0.061040
1864.269452   13.793230   0.057020
1864.278712   13.786790   0.063190
1864.288040   13.808150   0.067260
1864.297228   13.759210   0.067520
1864.306786   13.730030   0.073020
1864.315982   13.788430   0.071910
1864.325240   13.715090   0.065880
1864.334830   13.728250   0.068500
1864.344223   13.735840   0.095460
1864.353629   13.713030   0.088350
1864.362884   13.659010   0.096790
1864.372284   13.751270   0.110910
1864.381718   13.700380   0.102460
1864.391386   13.679390   0.087980
1864.401175   13.743910   0.104800
1864.410777   13.678530   0.094100
1864.420158   13.700210   0.097390
1864.429378   13.685110   0.100890
1864.438639   13.672970   0.119110
1864.448099   13.674110   0.101560
1864.465120   13.804930   0.082500
1865.081649   13.665900   0.077720
1865.090914   13.743450   0.082610
1865.103000   13.687030   0.072720
1865.112265   13.724450   0.073490
1865.121493   13.688630   0.089690
1865.180915   13.692690   0.050580
1865.189934   13.684820   0.039450
1865.199137   13.763480   0.053410
1865.208040   13.717930   0.038710
1865.217207   13.731670   0.062290
1865.226382   13.674140   0.057630
1865.235932   13.753730   0.066930
1865.245886   13.658400   0.066450
1865.255783   13.654400   0.065950
1865.265750   13.619940   0.082970
1865.275774   13.712730   0.074120
1865.285892   13.714020   0.066630
1865.295973   13.718350   0.075020
1865.306185   13.721810   0.071370
1865.316145   13.688970   0.067710
1865.326150   13.733630   0.075210
1865.336276   13.706180   0.087550
1865.346577   13.688980   0.078810
1865.356675   13.686190   0.075920
1865.366659   13.656970   0.083720
1865.376904   13.684250   0.081300
1865.387088   13.708830   0.085750
1865.397153   13.728310   0.088850
1865.407149   13.722010   0.083840
1865.417333   13.671440   0.079440
1865.427630   13.709190   0.086640
1865.437669   13.716430   0.084820
1865.448171   13.754800   0.101630
1865.457324   13.766650   0.103890
1865.465615   13.702050   0.108980
1865.482182   13.577680   0.066100
1865.489708   13.621480   0.097170
1865.492667   13.650630   0.120670
1865.494580   13.742170   0.069800
1865.496283   13.711370   0.116000
1865.498244   13.794290   0.071900
1866.165339   13.686650   0.045060
1866.174723   13.696010   0.043190
1866.184057   13.757590   0.041170
1866.193410   13.714430   0.044860
1866.202706   13.763660   0.045160
1866.212035   13.688370   0.048440
1866.221409   13.695710   0.044990
1866.230791   13.687740   0.047760
1866.240551   13.679900   0.047040
1866.250004   13.699220   0.045440
1866.259354   13.697470   0.046490
1867.193045   13.676480   0.031530
1867.202355   13.700000   0.031640
1867.211516   13.685540   0.032810
1867.220585   13.672450   0.034020
1867.230131   13.694750   0.036150
1867.239707   13.704100   0.036800
1867.249230   13.683100   0.034470
1867.258785   13.680330   0.036030
1867.268385   13.723640   0.037990
1867.277702   13.719100   0.037420
1867.287153   13.688050   0.038290
1867.296854   13.678110   0.039680
1867.306121   13.676600   0.040070
1867.315500   13.693340   0.041180
1867.325094   13.690940   0.040270
1867.334502   13.698290   0.043660
1867.344482   13.706130   0.046100
1867.354030   13.725740   0.046360
1867.363492   13.691130   0.051930
1867.372735   13.678500   0.046550
1867.382212   13.718350   0.048020
1867.391671   13.695250   0.052910
1867.401392   13.704830   0.049230
1867.410805   13.709630   0.048270
1867.420288   13.733260   0.062270
1867.429722   13.696990   0.065370
1867.439192   13.675760   0.061840
1867.448574   13.687070   0.068090
1867.456168   13.714800   0.059620
1867.463320   13.739670   0.062010
1867.469421   13.693850   0.061930
1867.473939   13.723640   0.051680
1867.478291   13.691960   0.046900
1867.481655   13.733210   0.046140
1867.484335   13.719940   0.052150
1867.486951   13.732330   0.050520
1867.488639   13.695390   0.051280
1867.490315   13.735670   0.057740
1867.492002   13.697020   0.052720
1867.493724   13.677530   0.052120
1868.197661   13.768100   0.057260
1868.207123   13.684130   0.061300
1868.225986   13.659240   0.074040
1868.235811   13.774530   0.086620
1868.245580   13.648900   0.079530
1868.264815   13.687700   0.084950
1868.274279   13.830110   0.093830
1868.283929   13.722600   0.079630
1868.293537   13.643870   0.116580
1868.303104   13.655080   0.097840
1868.312574   13.689210   0.123900
1868.322548   13.715080   0.100150
1868.332083   13.774520   0.091140
1868.341800   13.728130   0.099940
1868.351466   13.799120   0.122690
1868.360837   13.730970   0.120750
1868.370659   13.676590   0.112180
1868.380417   13.743470   0.112160
1868.390367   13.743450   0.107510
1868.399668   13.810920   0.117720
1868.409622   13.727590   0.120120
1868.419023   13.666650   0.111040
1868.428372   13.713490   0.109940
1868.437691   13.739990   0.119870
1868.446987   13.699880   0.114870
1868.454949   13.789060   0.122530
1868.461066   13.731830   0.116360
1868.467151   13.742590   0.124510
1868.471517   13.740640   0.105580
1868.486307   13.636670   0.073900
1870.219778   13.695990   0.039460
1870.229270   13.689800   0.039500
1870.238762   13.881930   0.049120
1870.248135   13.768040   0.041210
1870.257691   13.713220   0.052660
1870.267266   13.755990   0.048150
1870.276950   13.708900   0.049870
1870.286498   13.713760   0.045770
1870.295849   13.633530   0.041050
1870.305565   13.682750   0.048040
1870.315197   13.726700   0.049500
1870.325274   13.720430   0.058530
1870.335174   13.670610   0.053720
1870.344892   13.677600   0.057270
1870.354573   13.691570   0.065770
1870.364104   13.699840   0.085350
1870.373603   13.732540   0.079890
1870.383600   13.644760   0.096200
1870.393243   13.775800   0.114040
1870.412418   13.552610   0.066900
1870.421719   13.731620   0.084200
1870.440608   13.747140   0.126900
1870.448993   13.687870   0.114640
1870.461833   13.697020   0.111040
1870.470443   13.676720   0.073800
1871.136689   13.711150   0.051240
1871.146179   13.663860   0.046310
1871.155384   13.671440   0.044230
1871.164955   13.777960   0.049030
1871.174269   13.682600   0.050610
1871.183469   13.702740   0.053810
1871.192872   13.715890   0.049600
1871.202392   13.679050   0.051680
1871.211865   13.856070   0.064720
1871.221273   13.698190   0.063370
1871.230922   13.671940   0.055700
1871.240394   13.654330   0.052600
1871.250018   13.716270   0.057830
1871.259511   13.679160   0.056020
1871.269122   13.734010   0.055050
1871.278903   13.682510   0.055320
1871.288648   13.714100   0.059660
1871.298226   13.712200   0.059290
1871.307789   13.735730   0.062880
1871.317562   13.698960   0.063210
1871.327342   13.667940   0.064100
1871.337079   13.673070   0.069860
1871.346725   13.696880   0.074280
1871.356495   13.704160   0.071830
1871.366277   13.749850   0.077570
1871.375944   13.714380   0.081780
1871.385808   13.702600   0.089130
1871.395399   13.705250   0.092340
1871.404882   13.782850   0.104240
1871.414342   13.660150   0.097290
1871.423744   13.724600   0.098400
1871.433495   13.844980   0.099900
1871.442405   13.678740   0.091190
1871.449670   13.642640   0.084180
1871.455742   13.756040   0.100200
1871.461191   13.719770   0.106240
1871.465968   13.764220   0.098020
1871.469461   13.707270   0.101750
1871.472994   13.791640   0.101330
1871.476070   13.731130   0.101010
1871.477819   13.784670   0.095380
1871.479709   13.760960   0.091610
1871.481438   13.774060   0.087130
1871.550420   13.676010   0.109200
1871.559908   13.669330   0.107230
1871.569340   13.665410   0.114250
1872.324463   13.681750   0.055240
1872.334315   13.746380   0.056240
1872.344041   13.721800   0.058120
1872.353623   13.736700   0.058830
1872.363427   13.722720   0.053680
1872.373279   13.748820   0.050080
1872.383099   13.697570   0.050770
1872.392766   13.703300   0.054500
1872.402203   13.715870   0.057130
1872.412032   13.696720   0.060050
1872.421585   13.703480   0.059450
1872.431130   13.739090   0.064800
1872.439874   13.733780   0.066850
1872.447517   13.722500   0.065530
1872.454162   13.723420   0.065310
1872.459603   13.678930   0.071170
1872.463903   13.757350   0.072460
1872.467716   13.702690   0.068420
1872.470496   13.694840   0.076870
1872.473152   13.697660   0.077810
1872.474857   13.684200   0.076710
1872.476617   13.670690   0.071040
1872.478370   13.689240   0.078160
1872.480228   13.664140   0.074930
1872.541663   13.728700   0.097140
1872.550845   13.757530   0.098870
1872.560270   13.697330   0.102530
1872.569828   13.855350   0.108720
1873.229437   13.651900   0.064750
1873.238826   13.747250   0.065880
1873.248403   13.769930   0.057390
1873.276959   13.723790   0.064320
1873.286788   13.743010   0.066600
1873.296275   13.692450   0.069700
1873.315548   13.666860   0.074400
1873.325684   13.710480   0.080820
1873.335346   13.760500   0.084080
1873.364691   13.678110   0.085460
1873.374458   13.760320   0.084440
1873.383960   13.796390   0.076580
1873.393856   13.726960   0.079090
1873.403606   13.783020   0.076420
1873.413210   13.723340   0.089900
1873.422938   13.776280   0.096860
1873.432622   13.811110   0.084430
1873.441010   13.708080   0.076260
1873.447044   13.663480   0.080090
1873.453044   13.710220   0.076940
1873.457630   13.677500   0.076300
1873.462090   13.677000   0.079140
1873.465548   13.757920   0.077180
1873.468261   13.742200   0.080430
1873.470892   13.699360   0.086910
1873.472722   13.677800   0.086200
1873.474437   13.709730   0.080430
1873.476606   13.721060   0.126140
1874.032527   13.743600   0.037650
1874.041923   13.698670   0.040720
1874.051714   13.667400   0.042170
1874.061193   13.679810   0.042560
1874.070741   13.673750   0.040080
1874.089638   13.649020   0.044820
1874.098984   13.657870   0.045620
1874.127103   13.698360   0.048900
1874.136654   13.717090   0.050420
1874.145982   13.768260   0.054170
1874.155173   13.698790   0.051360
1874.164605   13.739750   0.056540
1874.174153   13.674900   0.066890
1874.193053   13.562060   0.101770
1874.202515   13.676520   0.117440
1874.212103   13.696770   0.099150
1874.222051   13.728530   0.114210
1877.012009   13.732490   0.050080
1877.021623   13.737420   0.048520
1877.050632   13.671420   0.046890
1877.060512   13.679900   0.047310
1877.080037   13.704300   0.047240
1877.089835   13.684410   0.048700
1877.109324   13.719940   0.058670
1877.119234   13.694790   0.058000
1877.128562   13.735770   0.055200
1877.157081   13.730370   0.059020
1877.166514   13.679920   0.055380
1877.175811   13.667970   0.052520
1877.185180   13.834410   0.060170
1877.194638   13.695190   0.055870
1877.204359   13.675770   0.055140
1877.213829   13.781230   0.054520
1877.223290   13.681930   0.053810
1877.232928   13.674690   0.052720
1877.242583   13.735490   0.061360
1877.252102   13.712480   0.059770
1877.261424   13.716640   0.058600
1877.271317   13.727140   0.055870
1877.280810   13.699420   0.051460
1877.290913   13.660040   0.055380
1877.300784   13.698130   0.062530
1877.310552   13.692700   0.056540
1877.320329   13.681720   0.061250
1877.330019   13.732620   0.056950
1877.339609   13.668870   0.049630
1877.349339   13.729850   0.058080
1877.359563   13.698550   0.048050
1877.369289   13.742930   0.059420
1877.379166   13.681610   0.054520
1877.389199   13.725460   0.062610
1877.398748   13.698070   0.067630
1877.408188   13.734430   0.069990
1877.417610   13.687740   0.064450
1877.426444   13.697850   0.059600
1877.433416   13.682580   0.064460
1877.439426   13.776320   0.071420
1877.444578   13.725450   0.072410
1877.449101   13.685230   0.060860
1877.452622   13.795120   0.074860
1877.456119   13.673580   0.061920
1877.458826   13.708360   0.061900
1877.460660   13.718330   0.066400
1877.462441   13.714080   0.063770
1877.464144   13.735150   0.066130
1877.465872   13.702040   0.067670
1877.528546   13.700440   0.084670
1877.538164   13.742880   0.073990
1877.547759   13.683090   0.085850
1877.557433   13.792570   0.098350
1877.956588   13.749270   0.072620
1877.966360   13.763320   0.067930
1877.975795   13.681200   0.051760
1877.985575   13.670590   0.043980
1877.995071   13.757590   0.039960
1878.004964   13.698370   0.040120
1878.023915   13.737310   0.033800
1878.033403   13.711080   0.039970
1878.052477   13.767870   0.045220
1878.062202   13.707530   0.046140
1878.072038   13.703170   0.046700
1878.081838   13.709610   0.048220
1878.091595   13.777040   0.049710
1878.101204   13.739210   0.042380
1878.111056   13.674690   0.046950
1878.120475   13.672400   0.043420
1878.139452   13.768610   0.061680
1878.148981   13.825000   0.105520
1878.158293   13.559430   0.080070
1878.167692   13.669160   0.050490
1878.177309   13.694510   0.051000
1878.196273   13.761100   0.060400
1878.206054   13.645080   0.076560
1878.215833   13.713230   0.086530
1878.225557   13.613170   0.085340
1878.235117   13.743440   0.065350
1878.244657   13.676330   0.072630
1878.254352   13.737510   0.078440
1878.263984   13.747040   0.077050
1878.273770   13.759450   0.084700
1878.283405   13.711920   0.088660
1878.293079   13.605410   0.084640
1878.302887   13.633910   0.103230
1878.312828   13.640780   0.110970
1878.322431   13.714420   0.108400
1878.332111   13.654800   0.110160
1878.342126   13.701590   0.082160
1878.351898   13.703600   0.089380
1878.361666   13.738200   0.089140
1878.371492   13.706650   0.089690
1878.381052   13.715580   0.097600
1878.390611   13.747370   0.076600
1878.400035   13.777440   0.090790
1878.409523   13.749410   0.088720
1878.419250   13.785330   0.102540
1878.427139   13.722460   0.096950
1878.434256   13.667090   0.079270
1878.444205   13.813340   0.085910
1878.454721   13.775970   0.100350
1878.460943   13.797770   0.105550
1878.463071   13.731970   0.137250
1878.523903   13.753540   0.103940
1878.533380   13.712660   0.101700
1878.542754   13.801050   0.103850
1878.561884   13.817580   0.104430
1878.885725   13.849310   0.071800
1878.896259   13.794370   0.108700
1878.907039   13.711990   0.100030
1878.917827   13.641940   0.096550
1878.928636   13.723610   0.099170
1878.939490   13.646670   0.087840
1878.950209   13.730290   0.076860
1878.960985   13.760570   0.069630
1878.971663   13.692120   0.060560
1878.982256   13.668690   0.062300
1878.992862   13.703950   0.060650
1879.003349   13.679910   0.066990
1879.014056   13.666080   0.067730
1879.024781   13.701000   0.062930
1879.035403   13.726310   0.078780
1879.046338   13.661680   0.078240
1879.056998   13.701120   0.085390
1879.067120   13.705590   0.078020
1879.077625   13.691900   0.079430
1879.087804   13.629940   0.077050
1879.097718   13.670810   0.091840
1879.108265   13.644920   0.099090
1879.118677   13.632980   0.102030
1879.128946   13.727600   0.090150
1879.138951   13.762240   0.101760
1879.148948   13.691690   0.109930
1879.158753   13.711930   0.118290
1879.168681   13.714650   0.110560
1879.178653   13.658080   0.113880
1879.188532   13.751690   0.123560
1879.198658   13.685700   0.096680
1879.208980   13.694860   0.120910
1879.219105   13.601690   0.123040
1879.229198   13.631920   0.117840
1879.239692   13.768030   0.126350
1879.249885   13.813570   0.130770
1879.259988   13.631680   0.114060
1879.270136   13.661580   0.116770
1879.279998   13.581630   0.090790
1879.290256   13.627680   0.112470
1879.300321   13.557630   0.109760
1879.310604   13.571370   0.110600
1879.321132   13.666440   0.114720
1879.331398   13.713580   0.119770
1879.341711   13.616490   0.111960
1879.352168   13.807540   0.122340
1879.362316   13.794280   0.102960
1879.372581   13.733140   0.124310
1879.383093   13.762900   0.071400
1879.393142   13.833580   0.106140
1879.403409   13.663110   0.101680
1879.413565   13.710270   0.069500
1879.445725   13.588910   0.075800
1879.454347   13.714400   0.077900
1879.895153   13.825350   0.053800
1879.904711   13.814470   0.096730
1879.914664   13.699790   0.080600
1879.924232   13.718470   0.070610
1879.933937   13.723580   0.062600
1879.943742   13.736800   0.052840
1879.953255   13.704700   0.045820
1879.962965   13.753340   0.044480
1879.972299   13.732060   0.042040
1879.982133   13.688040   0.044000
1879.991480   13.740820   0.047260
1880.001350   13.789000   0.045440
1880.010995   13.722150   0.053210
1880.020489   13.773580   0.054740
1880.030167   13.710030   0.055720
1880.040004   13.725690   0.055630
1880.050020   13.739310   0.055820
1880.098524   13.769520   0.058980
1880.108072   13.734880   0.063350
1880.200091   13.734180   0.066920
1880.209735   13.780080   0.071570
1880.219431   13.706530   0.070060
1880.229324   13.699980   0.058550
1880.238989   13.700110   0.059930
1880.267686   13.665730   0.063340
1880.277275   13.739350   0.066190
1880.286928   13.746830   0.074710
1880.306613   13.692820   0.069580
1880.369120   13.659250   0.060280
1880.967707   13.773540   0.070130
1880.977730   13.792280   0.068250
1880.987626   13.712420   0.059660
1880.997175   13.670810   0.055830
1881.007352   13.714270   0.058180
1881.017262   13.722600   0.053610
1881.027023   13.710570   0.060740
1881.036583   13.702370   0.058460
1881.046307   13.661220   0.058190
1881.055914   13.605470   0.060510
1881.065565   13.603230   0.059820
1881.075352   13.694040   0.065560
1881.085120   13.684100   0.063520
1881.094964   13.772690   0.064620
1881.114937   13.705620   0.041500
1881.124474   13.717830   0.067750
1881.134326   13.791110   0.071270
1881.143810   13.727220   0.059930
1881.153419   13.804010   0.072000
1881.163015   13.762320   0.066890
1881.171357   13.725170   0.061740
1881.180981   13.711440   0.062780
1881.190627   13.711060   0.051210
1881.200550   13.703620   0.054920
1881.210473   13.689600   0.060570
1881.220305   13.677180   0.065130
1881.230199   13.706460   0.067500
1881.239668   13.670990   0.067160
1881.249328   13.676660   0.066020
1881.258917   13.709150   0.066870
1881.268352   13.703680   0.070850
1881.278189   13.695460   0.069340
1881.288137   13.665120   0.069080
1881.297680   13.731010   0.071700
1881.307337   13.694920   0.071300
1881.317394   13.664110   0.074690
1881.327336   13.673100   0.075370
1881.337373   13.723010   0.078760
1881.347129   13.684480   0.078010
1881.357110   13.678340   0.078260
1881.366722   13.637770   0.079060
1881.376276   13.690310   0.081180
1881.386104   13.666620   0.085510
1881.395996   13.697150   0.085460
1881.405772   13.651480   0.085100
1881.414838   13.683660   0.086010
1881.422098   13.773040   0.094480
1881.428287   13.672930   0.089270
1881.433496   13.765800   0.092390
1881.437835   13.668400   0.089040
1881.441542   13.716260   0.093650
1881.445078   13.757000   0.098520
1881.447777   13.780470   0.093550
1881.449541   13.767990   0.092730
1881.451276   13.744690   0.094030
1881.453055   13.748030   0.097410
1881.455245   13.686420   0.132130
1881.512259   13.784200   0.094700
1881.522032   13.788250   0.109900
1881.541053   13.763800   0.111180
1881.589860   13.708490   0.122220
1881.855252   13.699790   0.107320
1881.864967   13.660140   0.102420
1881.874874   13.707980   0.100760
1881.884546   13.693420   0.086260
1881.894462   13.728720   0.077900
1881.904494   13.749830   0.072060
1881.914271   13.719570   0.064980
1881.923884   13.743060   0.068540
1881.933466   13.751330   0.062920
1881.943231   13.725170   0.065820
1881.952875   13.715730   0.081380
1881.962633   13.754890   0.087180
1881.972149   13.795560   0.090000
1881.982098   13.883640   0.103710
1881.992169   13.681160   0.109670
1882.011594   13.780680   0.095620
1882.021627   13.760970   0.101290
1882.031644   13.748020   0.106760
1882.041324   13.775150   0.108130
1882.051198   13.691340   0.097760
1882.060871   13.494170   0.088270
1882.080330   13.673110   0.081890
1882.150540   13.726890   0.097990
1882.160119   13.723520   0.097320
1882.169652   13.759890   0.107050
1882.179008   13.626110   0.093030
1882.188466   13.768390   0.107510
1882.198063   13.658990   0.110490
1883.093660   13.666340   0.078130
1883.103290   13.674290   0.075100
1883.122237   13.855360   0.100700
1883.131900   13.692760   0.077540
1883.141295   13.802310   0.092210
1883.150882   13.763140   0.090420
1883.160374   13.762990   0.097000
1883.169871   13.808070   0.103420
1883.179271   13.744330   0.083240
1883.188727   13.691090   0.084600
1883.198404   13.639540   0.091870
1883.207904   13.629160   0.094740
1883.217549   13.666400   0.095690
1883.226897   13.664860   0.099280
1883.236210   13.685800   0.099060
1883.245790   13.799110   0.102490
1883.255334   13.705620   0.098180
1883.265175   13.695080   0.098950
1883.274780   13.736260   0.104170
1883.323643   13.588140   0.090330
1883.333437   13.609640   0.104640
1883.343359   13.689400   0.087780
1883.363493   13.723280   0.108220
1883.373027   13.736170   0.113070
1883.382734   13.703850   0.091230
1883.392439   13.774830   0.111950
1883.402040   13.679260   0.108450
1883.410061   13.628500   0.106010
1883.417485   13.705600   0.114330
1883.423677   13.670930   0.109750
1883.429026   13.700750   0.089110
1883.433147   13.830590   0.066700
1883.436812   13.676420   0.088710
1883.440171   13.626000   0.058300
1883.443180   13.671560   0.105850
1883.444849   13.671860   0.089100
1883.446707   13.691240   0.113270
1883.448508   13.773020   0.118070
1884.099534   13.755520   0.042380
1884.109140   13.789300   0.042440
1884.118686   13.730240   0.053700
1884.137551   13.685640   0.044570
1884.147279   13.642880   0.054390
1884.156774   13.685060   0.057920
1884.166197   13.735580   0.060690
1884.175960   13.713860   0.068930
1884.185414   13.755740   0.059050
1884.194977   13.667770   0.048910
1884.204574   13.698210   0.054560
1884.214174   13.696590   0.048730
1884.223839   13.787170   0.053350
1884.233272   13.782360   0.078000
1884.242628   13.684570   0.044350
1884.252195   13.714230   0.043190
1884.261682   13.715290   0.045500
1884.271201   13.712270   0.044240
1884.280876   13.729670   0.049330
1884.290846   13.681810   0.051740
1884.300573   13.709120   0.057930
1884.310420   13.822610   0.082990
1884.320206   13.709160   0.055830
1884.330156   13.686420   0.055080
1884.340081   13.661960   0.064210
1884.350052   13.679040   0.063810
1884.360119   13.693810   0.054400
1884.370060   13.740670   0.057790
1884.379738   13.665410   0.059990
1884.389528   13.696030   0.048330
1884.399065   13.714580   0.049890
1884.406881   13.729540   0.058810
1884.413865   13.723620   0.068070
1884.420368   13.671710   0.064950
1884.425635   13.685920   0.052270
1884.430150   13.685750   0.047250
1884.433678   13.686010   0.053700
1884.437202   13.734990   0.053820
1884.439908   13.710320   0.056990
1884.441669   13.705050   0.055200
1884.443407   13.704580   0.055170
1884.445186   13.703500   0.051340
1884.446926   13.726550   0.063920
1884.503638   13.739610   0.049270
1884.513187   13.757090   0.057030
1884.552706   13.781700   0.058020
1884.886961   13.699550   0.105890
1884.896459   13.691250   0.102560
1884.906042   13.734070   0.099580
1884.915643   13.698600   0.095800
1884.925737   13.715210   0.095010
1884.945448   13.718320   0.097410
1884.954875   13.702240   0.098250
1884.964329   13.595870   0.093090
1884.974305   13.748490   0.088070
1884.983546   13.801860   0.111170
1884.993441   13.773180   0.110590
1885.003341   13.832830   0.114710
1885.013152   13.641620   0.090770
1885.032349   13.718030   0.071000
1885.278794   13.705260   0.088590
1885.288696   13.631890   0.054200
1885.298475   13.766090   0.096300
1885.308250   13.743640   0.092500
1885.318087   13.641840   0.092740
1885.328301   13.677330   0.102540
1886.072366   13.730130   0.037430
1886.082057   13.770910   0.042050
1886.110701   13.706970   0.044530
1886.120214   13.732170   0.042560
1886.138882   13.662730   0.048210
1886.148233   13.626440   0.046540
1886.157943   13.706810   0.049540
1886.167550   13.700860   0.058500
1886.177101   13.704820   0.058490
1886.186997   13.670870   0.058610
1886.196609   13.663290   0.060360
1886.206153   13.699320   0.068030
1886.215757   13.727560   0.074360
1886.225422   13.740620   0.096520
1886.234829   13.722110   0.093850
1886.244630   13.706250   0.092910
1886.254426   13.712970   0.068360
1886.263771   13.690740   0.056720
1886.273578   13.705120   0.094020
1886.283270   13.711280   0.056730
1886.293134   13.705380   0.058840
1886.303115   13.734780   0.067490
1886.312914   13.724260   0.062070
1886.322818   13.724540   0.063990
1886.332859   13.693460   0.063400
1886.342543   13.714100   0.061840
1886.352534   13.727270   0.061670
1886.362281   13.750520   0.067380
1886.372003   13.695340   0.070630
1886.381496   13.651490   0.068610
1886.391198   13.737300   0.076510
1886.399994   13.791730   0.076710
1886.408171   13.644910   0.078300
1886.414363   13.655470   0.092210
1886.419581   13.750480   0.094610
1886.423873   13.767530   0.086360
1886.427459   13.689830   0.087150
1886.431086   13.729360   0.086680
1886.433748   13.763130   0.094440
1886.435540   13.683190   0.098810
1886.437293   13.768820   0.092270
1886.439058   13.764090   0.095060
1886.440921   13.716690   0.106270
1886.441927   13.584810   0.066100
