1863.169882   13.276330   0.038900
1863.179028   13.266430   0.043840
1863.188111   13.264110   0.047310
1863.197263   13.246690   0.045970
1863.206453   13.245880   0.042440
1863.215516   13.223060   0.051960
1863.224486   13.200630   0.049350
1863.233708   13.252950   0.055600
1863.243026   13.226570   0.052750
1863.252052   13.233480   0.046320
1863.260978   13.272970   0.045690
1863.270074   13.233990   0.054680
1863.279229   13.234800   0.049410
1863.288341   13.274990   0.047820
1863.297662   13.260180   0.044000
1863.306748   13.247840   0.049000
1863.315898   13.268350   0.047010
1863.325261   13.253700   0.045910
1863.334632   13.267210   0.045670
1863.344416   13.262720   0.046490
1863.353962   13.271660   0.043830
1863.363511   13.267930   0.040490
1863.372640   13.250560   0.036720
1863.381795   13.252750   0.038710
1863.391577   13.257270   0.040130
1863.400670   13.225190   0.042110
1863.410157   13.234580   0.043720
1863.419415   13.230600   0.046780
1863.428728   13.207160   0.047760
1863.438171   13.231580   0.049920
1863.447725   13.256110   0.054490
1863.457038   13.247530   0.056440
1863.464667   13.240850   0.068950
1863.471563   13.330960   0.075390
1863.477686   13.230030   0.064670
1863.482900   13.264660   0.067650
1863.487037   13.250900   0.077340
1863.490505   13.276560   0.076300
1863.494064   13.227890   0.070510
1863.496621   13.261880   0.071690
1863.498272   13.313070   0.076900
1863.500087   13.256340   0.077500
1863.501889   13.266650   0.078430
1863.503937   13.290640   0.109200
1864.122118   13.275920   0.030780
1864.131216   13.262230   0.040420
1864.140349   13.264810   0.035340
1864.149328   13.248140   0.037370
1864.158727   13.284320   0.033720
1864.168077   13.257470   0.046190
1864.177441   13.257140   0.042460
1864.186471   13.236330   0.033220
1864.195786   13.222630   0.042790
1864.204761   13.240020   0.038780
1864.213956   13.246360   0.036570
1864.223275   13.212770   0.035330
1864.232312   13.227330   0.044070
1864.241734   13.267690   0.042970
1864.250994   13.255080   0.037040
1864.260292   13.230800   0.044280
1864.269452   13.280170   0.038680
1864.278712   13.249940   0.046590
1864.288040   13.280190   0.047520
1864.297228   13.263670   0.043250
1864.306786   13.268500   0.044890
1864.315982   13.267980   0.044410
1864.325240   13.241470   0.043430
1864.334830   13.249710   0.041240
1864.344223   13.291170   0.057660
1864.353629   13.236300   0.055730
1864.362884   13.291130   0.061160
1864.372284   13.277070   0.068800
1864.381718   13.256580   0.058210
1864.391386   13.245710   0.050760
1864.401175   13.242770   0.062600
1864.410777   13.238690   0.054980
1864.420158   13.220760   0.057340
1864.429378   13.271600   0.068800
1864.438639   13.205730   0.075560
1864.448098   13.244050   0.085470
1864.457409   13.255350   0.096940
1864.465120   13.266510   0.088090
1864.472313   13.251330   0.099560
1864.477494   13.314170   0.115080
1864.492140   13.281110   0.101620
1864.494700   13.271310   0.099540
1864.498212   13.210210   0.075900
1865.081649   13.247460   0.047680
1865.090914   13.279930   0.050420
1865.103000   13.271340   0.046060
1865.112265   13.277960   0.043790
1865.121493   13.271580   0.057230
1865.180915   13.253510   0.033780
1865.189934   13.236590   0.025930
1865.199137   13.231030   0.033310
1865.208040   13.224380   0.025650
1865.217207   13.227240   0.038180
1865.226382   13.201510   0.036790
1865.235932   13.205640   0.041060
1865.245886   13.202400   0.041580
1865.255783   13.202520   0.041130
1865.265750   13.217140   0.053000
1865.275774   13.240860   0.048170
1865.285892   13.276200   0.042900
1865.295973   13.281120   0.050010
1865.306185   13.275790   0.045910
1865.316145   13.261390   0.045400
1865.326150   13.266900   0.045500
1865.336276   13.269500   0.054330
1865.346577   13.265300   0.046040
1865.356675   13.268150   0.049520
1865.366659   13.239840   0.053740
1865.376904   13.278340   0.051480
1865.387088   13.296810   0.052440
1865.397153   13.249010   0.054610
1865.407149   13.290150   0.053890
1865.417333   13.242400   0.049720
1865.427630   13.247370   0.052520
1865.437669   13.246750   0.054140
1865.448171   13.245950   0.060680
1865.457324   13.240970   0.072670
1865.465615   13.218040   0.074470
1865.471988   13.271480   0.097660
1865.477591   13.250600   0.114360
1865.482335   13.247770   0.098610
1865.486159   13.261180   0.117060
1865.489785   13.248220   0.094080
1865.492667   13.277250   0.091570
1865.494427   13.240920   0.083730
1865.496283   13.338130   0.087520
1865.498551   13.223580   0.143260
1866.165339   13.274980   0.030260
1866.174723   13.295210   0.029630
1866.193410   13.248490   0.029970
1866.202706   13.229880   0.030270
1866.212035   13.281010   0.032460
1866.221409   13.211690   0.030840
1866.230791   13.226660   0.031470
1866.240551   13.234910   0.029560
1866.250004   13.243510   0.030550
1866.259354   13.235910   0.031250
1867.193045   13.257810   0.020440
1867.202355   13.219430   0.021360
1867.211516   13.224870   0.021310
1867.220585   13.223100   0.023100
1867.230131   13.230760   0.023330
1867.239707   13.231350   0.022930
1867.249230   13.236280   0.022750
1867.258785   13.248700   0.023850
1867.268385   13.269310   0.024590
1867.277702   13.256340   0.025170
1867.287153   13.268360   0.025700
1867.296854   13.278780   0.027150
1867.306121   13.266810   0.026110
1867.315500   13.264880   0.026330
1867.325094   13.263880   0.027480
1867.334502   13.248490   0.027630
1867.344482   13.249310   0.028310
1867.354030   13.254150   0.027780
1867.363492   13.290350   0.033690
1867.372735   13.252400   0.029690
1867.382212   13.272080   0.029450
1867.391671   13.251340   0.034480
1867.401392   13.240150   0.031240
1867.410805   13.246080   0.029730
1867.420288   13.250890   0.039300
1867.429722   13.247500   0.040780
1867.439192   13.233970   0.037190
1867.448574   13.259930   0.042040
1867.456168   13.257680   0.036050
1867.463320   13.259460   0.037660
1867.469421   13.275880   0.038860
1867.473939   13.258080   0.031060
1867.478291   13.267370   0.028930
1867.481655   13.263910   0.029510
1867.484335   13.249390   0.032800
1867.486951   13.286430   0.031300
1867.488639   13.271680   0.033050
1867.490315   13.273920   0.035800
1867.492002   13.267120   0.033280
1867.493724   13.254580   0.030950
1868.197661   13.246180   0.039550
1868.216495   13.173040   0.047410
1868.225986   13.196220   0.045740
1868.255259   13.231770   0.053760
1868.264815   13.243290   0.056070
1868.274279   13.233670   0.061330
1868.283929   13.269160   0.055270
1868.303104   13.259760   0.087370
1868.312574   13.199730   0.083400
1868.322548   13.236130   0.063880
1868.332083   13.253170   0.057400
1868.341800   13.260760   0.062150
1868.351466   13.243100   0.075640
1868.360837   13.305150   0.076350
1868.370659   13.233500   0.065600
1868.380417   13.302080   0.073630
1868.390367   13.271570   0.069510
1868.399668   13.241530   0.067320
1868.409622   13.292560   0.071480
1868.419023   13.264950   0.070360
1868.428372   13.271710   0.068100
1868.437691   13.238010   0.074660
1868.446987   13.300070   0.072320
1868.454949   13.293580   0.077500
1868.461066   13.156910   0.072060
1868.467151   13.252680   0.079510
1868.471440   13.222420   0.080570
1868.475710   13.246500   0.089090
1868.479187   13.203360   0.089250
1868.481793   13.226200   0.090150
1868.484421   13.286960   0.091340
1868.486154   13.259230   0.082500
1868.487874   13.312210   0.082400
1868.489584   13.261320   0.081690
1868.491280   13.298360   0.092890
1868.562396   13.296620   0.127150
1869.239644   13.231100   0.107620
1869.249027   13.254790   0.111200
1869.258677   13.231080   0.097580
1869.268307   13.244260   0.076700
1869.278391   13.283250   0.071700
1870.219778   13.274380   0.026560
1870.248135   13.265200   0.028130
1870.257691   13.272840   0.033320
1870.267266   13.296950   0.031930
1870.286498   13.273070   0.033490
1870.295849   13.295180   0.031130
1870.305565   13.284250   0.033320
1870.315197   13.255700   0.036090
1870.325274   13.265100   0.035970
1870.335174   13.259820   0.031770
1870.344892   13.250200   0.035860
1870.354573   13.235590   0.039000
1870.364104   13.257190   0.054490
1870.373603   13.248740   0.050420
1870.383600   13.257840   0.057910
1870.393243   13.199860   0.076970
1870.402820   13.257510   0.101010
1870.412418   13.242410   0.093250
1870.421719   13.153480   0.090140
1870.431056   13.336230   0.092940
1870.440608   13.275670   0.085410
1870.448993   13.215430   0.073400
1870.461756   13.250360   0.088520
1870.466593   13.230080   0.094990
1870.470290   13.202380   0.080960
1870.474034   13.170230   0.095500
1870.476825   13.261630   0.106360
1870.478569   13.277290   0.103680
1870.480341   13.265450   0.101340
1870.482097   13.224720   0.098620
1870.483838   13.223020   0.101000
1870.485602   13.320300   0.098390
1871.183469   13.222660   0.035740
1871.192872   13.238150   0.032910
1871.202392   13.197940   0.034010
1871.230922   13.203640   0.035620
1871.240394   13.229870   0.034640
1871.259511   13.236420   0.034880
1871.269122   13.314330   0.036380
1871.288648   13.339000   0.039440
1871.298226   13.267910   0.038180
1871.307789   13.268000   0.040880
1871.317562   13.261650   0.039850
1871.327342   13.237210   0.039540
1871.337079   13.257660   0.044350
1871.346725   13.273480   0.047750
1871.356495   13.279520   0.045190
1871.366277   13.275110   0.048850
1871.375944   13.264560   0.048780
1871.385808   13.236010   0.055150
1871.395399   13.226190   0.056820
1871.404882   13.200830   0.062020
1871.414342   13.228950   0.063160
1871.423744   13.287880   0.062310
1871.433495   13.239770   0.058420
1871.442405   13.238000   0.057530
1871.449670   13.245420   0.058020
1871.455742   13.257010   0.059460
1871.461191   13.249050   0.067090
1871.465968   13.218600   0.059430
1871.469461   13.278740   0.057510
1871.472994   13.204190   0.059240
1871.476070   13.298690   0.054160
1871.477819   13.280940   0.061320
1871.479709   13.273790   0.060850
1871.481438   13.286090   0.057310
1871.550420   13.270880   0.066120
1871.559908   13.263170   0.065550
1871.569340   13.222040   0.064780
1871.578835   13.232160   0.068890
1871.588334   13.217210   0.082090
1871.597765   13.213790   0.101920
1871.607264   13.319270   0.123060
1871.616972   13.277970   0.079100
1872.324463   13.304500   0.034490
1872.334315   13.296970   0.036840
1872.344041   13.264820   0.036150
1872.353623   13.270500   0.036660
1872.363427   13.258740   0.035350
1872.373279   13.262790   0.033800
1872.383099   13.304670   0.035220
1872.392766   13.244090   0.034070
1872.402203   13.256450   0.035530
1872.412032   13.259830   0.036540
1872.421585   13.263120   0.039380
1872.431130   13.241360   0.041450
1872.439874   13.286710   0.040950
1872.447517   13.244680   0.040480
1872.454162   13.276890   0.040440
1872.459603   13.269100   0.043610
1872.463903   13.261530   0.048220
1872.467716   13.239860   0.043660
1872.470496   13.266670   0.044070
1872.473152   13.264580   0.044050
1872.474857   13.252960   0.043610
1872.476617   13.256850   0.044290
1872.478370   13.265110   0.045180
1872.480228   13.261310   0.045120
1872.541663   13.302850   0.055550
1872.550845   13.218040   0.054990
1872.560270   13.242540   0.059260
1872.569828   13.256710   0.058840
1872.579400   13.209960   0.066670
1872.588943   13.232150   0.070910
1872.598488   13.234100   0.080400
1872.608116   13.276780   0.088260
1872.617527   13.313440   0.119200
1873.229437   13.274450   0.041460
1873.238826   13.258140   0.043820
1873.258009   13.260190   0.043260
1873.267456   13.290760   0.045440
1873.276959   13.263760   0.045410
1873.296275   13.247590   0.047050
1873.305896   13.289020   0.051400
1873.315548   13.249320   0.050660
1873.325684   13.274830   0.050490
1873.335346   13.272450   0.056840
1873.344943   13.284450   0.056930
1873.354842   13.290360   0.053120
1873.364691   13.286330   0.059240
1873.374458   13.231820   0.056030
1873.383960   13.249930   0.050540
1873.393856   13.255790   0.051910
1873.403606   13.260500   0.052780
1873.413210   13.243810   0.062910
1873.422938   13.274460   0.061720
1873.432622   13.250810   0.054880
1873.441010   13.253980   0.048850
1873.447044   13.264620   0.047110
1873.453044   13.236680   0.052170
1873.457630   13.266450   0.050050
1873.462090   13.243990   0.052140
1873.465548   13.221480   0.051440
1873.468261   13.288250   0.051240
1873.470892   13.246320   0.052630
1873.472722   13.247090   0.052160
1873.474437   13.289200   0.054590
1873.476606   13.243000   0.072000
1873.558313   13.264450   0.121240
1873.567696   13.293430   0.115910
1873.577026   13.175870   0.069900
1873.586745   13.137130   0.110430
1873.615168   13.217160   0.082600
1874.032527   13.260090   0.026270
1874.041923   13.261980   0.027560
1874.051714   13.266630   0.027140
1874.061193   13.248670   0.026910
1874.098984   13.254690   0.029280
1874.108441   13.245370   0.029570
1874.117749   13.244180   0.032500
1874.127103   13.292620   0.033330
1874.145982   13.295540   0.034590
1874.155173   13.249180   0.035570
1874.164605   13.221340   0.038280
1874.183645   13.261890   0.058840
1874.193053   13.187860   0.075350
1874.593715   13.322830   0.079900
1874.603390   13.242160   0.126210
1876.992585   13.258770   0.028880
1877.002277   13.262640   0.028650
1877.012009   13.249250   0.031770
1877.021623   13.246120   0.030720
1877.031340   13.241890   0.033370
1877.041017   13.282510   0.025740
1877.050632   13.218220   0.027310
1877.070280   13.246580   0.030200
1877.080037   13.258030   0.029280
1877.089835   13.276680   0.029220
1877.109324   13.318910   0.041730
1877.119234   13.268320   0.036830
1877.157081   13.337130   0.040200
1877.166514   13.191060   0.035220
1877.175811   13.232680   0.034710
1877.194638   13.204510   0.035810
1877.204359   13.208860   0.035620
1877.223290   13.218910   0.035570
1877.242583   13.219300   0.038480
1877.252102   13.272180   0.039680
1877.261424   13.252230   0.038820
1877.271317   13.308230   0.038010
1877.280810   13.245320   0.033850
1877.290913   13.296090   0.040310
1877.300784   13.316550   0.043720
1877.310552   13.269730   0.037430
1877.320329   13.304950   0.043010
1877.330019   13.279340   0.036820
1877.339609   13.241140   0.032380
1877.349339   13.259890   0.038410
1877.359563   13.242080   0.031920
1877.369289   13.258220   0.037590
1877.379166   13.268990   0.035170
1877.389199   13.234280   0.041860
1877.398748   13.255000   0.047210
1877.408188   13.239520   0.043900
1877.417610   13.226340   0.041480
1877.426444   13.240680   0.035010
1877.433416   13.251060   0.040240
1877.439426   13.240600   0.040310
1877.444578   13.240770   0.041020
1877.449101   13.259400   0.037430
1877.452622   13.260360   0.044610
1877.456119   13.218180   0.037410
1877.458826   13.273580   0.037540
1877.460660   13.249080   0.037930
1877.462441   13.266790   0.038520
1877.464144   13.252800   0.038340
1877.465872   13.253620   0.041190
1877.528546   13.207530   0.046480
1877.538164   13.232670   0.048100
1877.547759   13.240790   0.052680
1877.557433   13.225840   0.055140
1877.566991   13.246870   0.054010
1877.956588   13.247090   0.045650
1877.966360   13.241790   0.039150
1877.975795   13.268380   0.032700
1877.985575   13.269260   0.027140
1877.995071   13.250200   0.025350
1878.004964   13.251630   0.025060
1878.014335   13.271700   0.028410
1878.023915   13.254620   0.022290
1878.033403   13.276580   0.025820
1878.042881   13.267240   0.024940
1878.052477   13.261760   0.028420
1878.062202   13.264170   0.027600
1878.072038   13.254570   0.029010
1878.081838   13.287050   0.030950
1878.091595   13.266230   0.028700
1878.111056   13.264200   0.029510
1878.120475   13.264470   0.031710
1878.139452   13.254220   0.039490
1878.158293   13.258590   0.055510
1878.167692   13.246710   0.033890
1878.186872   13.211060   0.039560
1878.196273   13.233320   0.041810
1878.206054   13.203120   0.048060
1878.225557   13.241010   0.054890
1878.235117   13.264910   0.044920
1878.244657   13.255030   0.046490
1878.263984   13.239210   0.054050
1878.273770   13.277460   0.050690
1878.283405   13.251990   0.052160
1878.293079   13.237740   0.053040
1878.302887   13.242760   0.064540
1878.312828   13.297530   0.070860
1878.322431   13.259560   0.070330
1878.332111   13.300340   0.066470
1878.342126   13.253470   0.047310
1878.351898   13.239050   0.056910
1878.361666   13.279520   0.050980
1878.371492   13.231860   0.053520
1878.381052   13.243720   0.060650
1878.390611   13.282590   0.047100
1878.400035   13.235810   0.054660
1878.409523   13.262520   0.052900
1878.419250   13.329990   0.062770
1878.427139   13.267500   0.061370
1878.434256   13.237530   0.053320
1878.439734   13.237490   0.067990
1878.444205   13.218230   0.051690
1878.448555   13.275770   0.050600
1878.452064   13.210850   0.060820
1878.454721   13.244160   0.057840
1878.457364   13.223260   0.056290
1878.459093   13.236070   0.059170
1878.460943   13.221590   0.059350
1878.463071   13.248560   0.087830
1878.523903   13.290130   0.061730
1878.533380   13.262800   0.060370
1878.542754   13.266860   0.057070
1878.552323   13.233050   0.060570
1878.561961   13.222800   0.065540
1878.571685   13.297350   0.106010
1878.581234   13.278790   0.104140
1878.590773   13.236970   0.100080
1878.600314   13.254850   0.109040
1878.885725   13.212830   0.095520
1878.896259   13.230290   0.070820
1878.907039   13.236870   0.062630
1878.917827   13.251980   0.060860
1878.928636   13.238630   0.057760
1878.939490   13.240030   0.050990
1878.950209   13.254030   0.044540
1878.960985   13.269620   0.043650
1878.971663   13.256230   0.038310
1878.982256   13.277840   0.042370
1878.992862   13.286490   0.038840
1879.003349   13.269280   0.041530
1879.014056   13.283500   0.041280
1879.024781   13.253080   0.042970
1879.035403   13.310850   0.048830
1879.046338   13.265810   0.046190
1879.056998   13.284160   0.051060
1879.067120   13.276970   0.050120
1879.077625   13.262870   0.047480
1879.087804   13.274130   0.052490
1879.097718   13.299380   0.056050
1879.108265   13.256600   0.061960
1879.128946   13.278920   0.051510
1879.138951   13.272250   0.061960
1879.148948   13.186750   0.068270
1879.158753   13.225070   0.074620
1879.168681   13.224210   0.073360
1879.178653   13.269310   0.073470
1879.188532   13.210420   0.078250
1879.198658   13.215870   0.080820
1879.208980   13.195920   0.078320
1879.219105   13.209570   0.078050
1879.229198   13.226980   0.078070
1879.239692   13.266710   0.077930
1879.249885   13.219550   0.077360
1879.259988   13.300120   0.076500
1879.270136   13.281510   0.073680
1879.279998   13.276880   0.061430
1879.290256   13.267590   0.069260
1879.300321   13.226750   0.071500
1879.310604   13.238790   0.073910
1879.321132   13.215340   0.073720
1879.331398   13.269170   0.074030
1879.341711   13.248900   0.075710
1879.352168   13.260930   0.074730
1879.362239   13.225850   0.074450
1879.372581   13.242390   0.078180
1879.383093   13.293630   0.048100
1879.393142   13.264050   0.080050
1879.403333   13.217550   0.079970
1879.413718   13.233320   0.085060
1879.422210   13.267150   0.082920
1879.430290   13.298460   0.087430
1879.436891   13.279280   0.088310
1879.441492   13.258500   0.089790
1879.445571   13.271290   0.088520
1879.449457   13.248230   0.091200
1879.452342   13.372250   0.078100
1879.454194   13.239940   0.086890
1879.456055   13.305100   0.079470
1879.457932   13.334450   0.097330
1879.460282   13.252040   0.138830
1879.524043   13.296330   0.116580
1879.534146   13.386420   0.130550
1879.544253   13.299410   0.125880
1879.554321   13.186260   0.067100
1879.564509   13.281980   0.102600
1879.574600   13.281250   0.106650
1879.885631   13.334540   0.115270
1879.895153   13.224990   0.075380
1879.904711   13.316530   0.068180
1879.914664   13.221370   0.050540
1879.924232   13.239930   0.041570
1879.933937   13.211250   0.037830
1879.943742   13.224320   0.032180
1879.953255   13.244710   0.029220
1879.962965   13.250190   0.027370
1879.972299   13.255220   0.025750
1879.982133   13.232820   0.027150
1879.991480   13.260900   0.029230
1880.001350   13.260010   0.029910
1880.010995   13.251150   0.034540
1880.020489   13.258510   0.033740
1880.030167   13.241380   0.035880
1880.040004   13.233430   0.032120
1880.050020   13.240970   0.033870
1880.059700   13.258140   0.033950
1880.069635   13.254010   0.035710
1880.079469   13.282100   0.039150
1880.108072   13.318300   0.045850
1880.200091   13.239840   0.042100
1880.209735   13.227690   0.044870
1880.219431   13.257110   0.043050
1880.248836   13.256580   0.039390
1880.258298   13.252550   0.042320
1880.267686   13.227240   0.043830
1880.277275   13.259090   0.043060
1880.286928   13.222270   0.049830
1880.306613   13.272260   0.040320
1880.369120   13.243270   0.037950
1880.684731   13.129810   0.119180
1880.693935   13.285000   0.116810
1880.977730   13.390660   0.048790
1880.987626   13.240960   0.037150
1880.997175   13.232670   0.033910
1881.007352   13.250590   0.035440
1881.017262   13.214050   0.037330
1881.027023   13.219250   0.039620
1881.036583   13.249220   0.038450
1881.046307   13.255550   0.039110
1881.065565   13.218290   0.042350
1881.075352   13.245930   0.045900
1881.085120   13.244070   0.043330
1881.124474   13.261050   0.047540
1881.134326   13.220030   0.047020
1881.143810   13.254380   0.035980
1881.163015   13.228870   0.043590
1881.171357   13.207790   0.035580
1881.190627   13.233860   0.032740
1881.200550   13.228800   0.033290
1881.220305   13.255770   0.040940
1881.230199   13.283020   0.040490
1881.239668   13.265250   0.041930
1881.249328   13.307720   0.039910
1881.258917   13.248230   0.040790
1881.268352   13.261180   0.038740
1881.278189   13.272120   0.038570
1881.288137   13.269460   0.039840
1881.297680   13.277240   0.041170
1881.307337   13.269070   0.040710
1881.317394   13.277240   0.042670
1881.327336   13.271470   0.043760
1881.337373   13.237550   0.043590
1881.347129   13.234580   0.044020
1881.357110   13.240820   0.045380
1881.366722   13.297430   0.047130
1881.376276   13.244300   0.046380
1881.386104   13.250620   0.048910
1881.395996   13.222960   0.048800
1881.405772   13.207220   0.049830
1881.414838   13.236790   0.049950
1881.422098   13.254850   0.051980
1881.428287   13.229410   0.051970
1881.433496   13.242350   0.051560
1881.437835   13.249540   0.052610
1881.441542   13.211660   0.054010
1881.445078   13.216890   0.056380
1881.447777   13.244920   0.053130
1881.449541   13.253940   0.055150
1881.451276   13.210780   0.053930
1881.453055   13.274000   0.056310
1881.455245   13.273130   0.077800
1881.512259   13.225000   0.056830
1881.522032   13.260330   0.060870
1881.531584   13.215980   0.067260
1881.541053   13.250600   0.060390
1881.550943   13.247120   0.064680
1881.560601   13.278380   0.068020
1881.570473   13.246330   0.064780
1881.580253   13.256300   0.069060
1881.589860   13.269940   0.066800
1881.599577   13.264130   0.073330
1881.609472   13.257400   0.070270
1881.619114   13.271940   0.082680
1881.628942   13.295780   0.091720
1881.638590   13.261320   0.102940
1881.648351   13.262880   0.099710
1881.835921   13.255330   0.121700
1881.845731   13.285840   0.080170
1881.855252   13.241480   0.071980
1881.864967   13.276730   0.071230
1881.874874   13.282440   0.061050
1881.884546   13.201020   0.051450
1881.894462   13.248590   0.044800
1881.904494   13.280700   0.041240
1881.914271   13.265800   0.039380
1881.923884   13.270150   0.039670
1881.933466   13.250290   0.036260
1881.943231   13.293010   0.040450
1881.952875   13.261800   0.047580
1881.962633   13.266470   0.052700
1881.972149   13.261160   0.055060
1881.982098   13.289480   0.059760
1881.992169   13.300530   0.074710
1882.001889   13.361020   0.088830
1882.011594   13.212780   0.088620
1882.070527   13.129010   0.097040
1882.080330   13.259580   0.054570
1882.090096   13.275380   0.114950
1882.160119   13.222190   0.068990
1882.169652   13.197350   0.071770
1882.217722   13.284870   0.124180
1882.275585   13.151460   0.067700
1882.285301   13.248790   0.123520
1882.295361   13.220000   0.119910
1882.325032   13.213130   0.114720
1882.334886   13.198370   0.104180
1882.344919   13.332310   0.124620
1882.364587   13.305020   0.118670
1882.374737   13.313270   0.119430
1883.093660   13.286600   0.047790
1883.150882   13.261670   0.062530
1883.160374   13.243020   0.068810
1883.169871   13.232830   0.070770
1883.217549   13.255220   0.069070
1883.226897   13.258350   0.066380
1883.236210   13.256730   0.075630
1883.245790   13.271150   0.073610
1883.255334   13.293750   0.075240
1883.265175   13.240320   0.075800
1883.274780   13.296420   0.071040
1883.284849   13.348200   0.109010
1883.294394   13.312220   0.107400
1883.304305   13.259830   0.101530
1883.313927   13.156090   0.051100
1883.323720   13.309720   0.098380
1883.333437   13.240660   0.081330
1883.343435   13.240500   0.093550
1883.353548   13.215140   0.102980
1883.363493   13.217580   0.074100
1883.373027   13.256600   0.085080
1883.382657   13.263580   0.093670
1883.392439   13.204300   0.074880
1883.402040   13.237190   0.089570
1883.410061   13.226000   0.090600
1883.417485   13.242780   0.093880
1883.423677   13.267610   0.080400
1883.428949   13.237480   0.095760
1883.433300   13.276900   0.106410
1883.436812   13.229460   0.081360
1883.440325   13.259700   0.100730
1883.443180   13.197700   0.090400
1883.444926   13.253650   0.101830
1883.446707   13.260400   0.085500
1883.448508   13.268250   0.086020
1883.507335   13.274350   0.093850
1883.517022   13.241570   0.094210
1883.526655   13.279000   0.105870
1883.536232   13.267750   0.118200
1883.545818   13.258430   0.115490
1883.555341   13.220620   0.112260
1883.565051   13.292390   0.110990
1883.574608   13.362190   0.116170
1883.584302   13.287300   0.110720
1883.593915   13.259930   0.093550
1884.128292   13.147500   0.038630
1884.137551   13.289690   0.032320
1884.175960   13.244500   0.043310
1884.204574   13.215310   0.033610
1884.214174   13.260410   0.031790
1884.223839   13.288130   0.036440
1884.233272   13.203120   0.050730
1884.261682   13.257270   0.028760
1884.271201   13.257810   0.027250
1884.280876   13.251880   0.029690
1884.290846   13.276800   0.031240
1884.310420   13.265920   0.053700
1884.320206   13.259810   0.031640
1884.330156   13.263580   0.032270
1884.340081   13.222030   0.040130
1884.350052   13.233580   0.037360
1884.360119   13.222540   0.031360
1884.370060   13.260950   0.031930
1884.379738   13.241630   0.036450
1884.389528   13.251930   0.027430
1884.399065   13.251280   0.029330
1884.406881   13.254770   0.035810
1884.413865   13.255030   0.039560
1884.420368   13.267190   0.049780
1884.425635   13.264180   0.032650
1884.430150   13.261120   0.027490
1884.433678   13.234830   0.030440
1884.437202   13.267630   0.031710
1884.439908   13.267060   0.033140
1884.441669   13.255330   0.032450
1884.443407   13.271030   0.031730
1884.445186   13.263610   0.030660
1884.446926   13.260650   0.046160
1884.503638   13.241480   0.028750
1884.513187   13.231200   0.035230
1884.522993   13.232800   0.028810
1884.532900   13.252450   0.026050
1884.542819   13.274610   0.033970
1884.552706   13.261590   0.036340
1884.562458   13.247020   0.023380
1884.572213   13.266230   0.030530
1884.581820   13.263970   0.024600
1884.591479   13.243500   0.031290
1884.600983   13.267910   0.028000
1884.610820   13.286500   0.026900
1884.886961   13.190610   0.071360
1884.896459   13.245890   0.070230
1884.906042   13.282070   0.069820
1884.915643   13.233430   0.089930
1884.925737   13.245050   0.059540
1884.935570   13.229450   0.088060
1884.945448   13.272920   0.069240
1884.954875   13.306540   0.075770
1884.964329   13.301460   0.072650
1884.974229   13.285920   0.085040
1884.983546   13.341330   0.084680
1884.993441   13.229770   0.073010
1885.003341   13.266280   0.067920
1885.013229   13.161150   0.084730
1885.022911   13.230750   0.079470
1885.032502   13.194400   0.091470
1885.052183   13.299390   0.098180
1885.061957   13.309800   0.113070
1885.071678   13.283190   0.119630
1885.081209   13.250830   0.093710
1885.278794   13.289140   0.060030
1885.288696   13.280460   0.085640
1885.298475   13.295710   0.067220
1885.318087   13.210570   0.068040
1885.328301   13.218180   0.082580
1885.338326   13.281540   0.061300
1885.347960   13.231390   0.105560
1885.357853   13.270100   0.113310
1885.367578   13.303350   0.114210
1885.377191   13.251750   0.072500
1885.396599   13.184780   0.114460
1885.404395   13.234470   0.103700
1885.411368   13.306970   0.094150
1885.417511   13.267380   0.119450
1885.422739   13.202260   0.067000
1885.427308   13.418030   0.073500
1885.430989   13.276820   0.106060
1885.434637   13.183100   0.111450
1885.437432   13.229760   0.091710
1885.439093   13.232780   0.110180
1885.440855   13.298830   0.112280
1885.442624   13.281260   0.109440
1885.444416   13.260100   0.109240
1885.502152   13.170710   0.097470
1885.521821   13.207830   0.118840
1885.531512   13.274240   0.118820
1885.541166   13.369440   0.089730
1885.551133   13.226000   0.107910
1885.560860   13.269110   0.106400
1885.570601   13.304030   0.109210
1885.580389   13.227760   0.062300
1885.590133   13.283990   0.091350
1886.101064   13.284520   0.030030
1886.110701   13.293250   0.029860
1886.138882   13.236040   0.030860
1886.167550   13.227210   0.036490
1886.177101   13.245110   0.035470
1886.187151   13.208370   0.020800
1886.215757   13.240080   0.047980
1886.225422   13.239360   0.060050
1886.263771   13.245790   0.035780
1886.273578   13.229290   0.059090
1886.283270   13.234780   0.032910
1886.293134   13.265060   0.035340
1886.303115   13.265480   0.039960
1886.312914   13.276220   0.036660
1886.322818   13.273550   0.037780
1886.332859   13.280300   0.038420
1886.342543   13.249790   0.036590
1886.352534   13.253740   0.038060
1886.362281   13.257710   0.039900
1886.372003   13.254840   0.043240
1886.381496   13.222610   0.045320
1886.391198   13.267550   0.046790
1886.399994   13.234700   0.049890
1886.408171   13.247220   0.048760
1886.414363   13.265850   0.063310
1886.419581   13.266750   0.064010
1886.423873   13.208890   0.059000
1886.427459   13.280620   0.053880
1886.431086   13.234590   0.050100
1886.433748   13.214080   0.057450
1886.435540   13.211770   0.063710
1886.437293   13.233450   0.052440
1886.439058   13.229450   0.055490
1886.441348   13.368690   0.123230
