1863.169882   12.321490   0.018300
1863.179028   12.312320   0.019920
1863.188111   12.309210   0.022860
1863.197263   12.321480   0.021310
1863.206453   12.328700   0.020610
1863.215516   12.324660   0.024420
1863.224486   12.299740   0.023450
1863.233708   12.320060   0.025130
1863.243026   12.318960   0.024830
1863.252052   12.306650   0.022650
1863.260978   12.299640   0.021420
1863.270074   12.295490   0.024780
1863.279229   12.302640   0.022000
1863.288341   12.275660   0.020730
1863.297662   12.282230   0.019520
1863.306748   12.294500   0.022110
1863.315898   12.284660   0.022350
1863.325261   12.301650   0.022400
1863.334632   12.297730   0.022810
1863.344416   12.296860   0.022580
1863.353962   12.300850   0.022000
1863.363511   12.296760   0.019630
1863.372640   12.308270   0.018710
1863.381795   12.290790   0.018710
1863.391577   12.308120   0.019920
1863.400670   12.295470   0.020670
1863.410157   12.298200   0.020730
1863.419415   12.287350   0.021360
1863.428728   12.294870   0.022860
1863.438171   12.310610   0.023960
1863.447725   12.292130   0.025000
1863.457038   12.308780   0.028540
1863.464667   12.297690   0.032920
1863.471563   12.292690   0.034650
1863.477686   12.298190   0.031870
1863.482900   12.299760   0.032100
1863.487037   12.300840   0.034990
1863.490505   12.317540   0.034650
1863.494064   12.318620   0.033200
1863.496621   12.303790   0.034070
1863.498272   12.296640   0.033780
1863.500087   12.326090   0.035050
1863.501889   12.309930   0.036840
1863.503937   12.297610   0.051140
1864.122118   12.300090   0.015360
1864.131216   12.296470   0.019640
1864.140349   12.292850   0.017490
1864.149328   12.301400   0.017730
1864.158727   12.293150   0.016740
1864.168077   12.297790   0.021020
1864.177441   12.295320   0.019860
1864.186471   12.313650   0.016280
1864.195786   12.307950   0.020380
1864.204761   12.302260   0.018300
1864.213956   12.298010   0.017260
1864.223275   12.308830   0.016740
1864.232312   12.311980   0.019800
1864.241734   12.293280   0.019860
1864.250994   12.307150   0.017490
1864.260292   12.304060   0.020550
1864.269452   12.299320   0.017960
1864.278712   12.301200   0.021190
1864.288040   12.310060   0.021260
1864.297228   12.310310   0.020320
1864.306786   12.295200   0.020500
1864.315982   12.302970   0.021080
1864.325240   12.294600   0.020560
1864.334830   12.308160   0.020270
1864.344223   12.331870   0.027620
1864.362884   12.438660   0.030660
1864.372284   12.316590   0.033780
1864.381718   12.297100   0.028990
1864.391386   12.310730   0.025640
1864.401175   12.279600   0.032520
1864.410777   12.302820   0.028010
1864.420158   12.293870   0.028060
1864.429378   12.310050   0.030830
1864.438639   12.281170   0.035340
1864.448098   12.304670   0.039390
1864.457409   12.314220   0.042280
1864.465120   12.328900   0.039430
1864.472313   12.291070   0.046550
1864.477494   12.336190   0.050470
1864.482643   12.295810   0.069080
1864.486002   12.304620   0.092560
1864.489646   12.363150   0.076750
1864.492216   12.312720   0.062220
1864.494776   12.355350   0.057280
1864.496480   12.315320   0.064190
1864.498365   12.322410   0.063930
1864.500091   12.300210   0.061090
1864.501760   12.349350   0.064450
1865.081649   12.300890   0.022920
1865.090914   12.320860   0.023510
1865.103000   12.315360   0.023110
1865.112265   12.296280   0.021900
1865.121493   12.312900   0.026050
1865.180915   12.321060   0.015540
1865.189934   12.300510   0.012530
1865.199137   12.316820   0.015710
1865.208040   12.307220   0.012530
1865.217207   12.293770   0.018710
1865.226382   12.302680   0.017670
1865.235932   12.287380   0.019230
1865.245886   12.303420   0.019170
1865.255783   12.310540   0.019230
1865.265750   12.296500   0.025480
1865.275774   12.315000   0.021940
1865.285892   12.317510   0.019520
1865.295973   12.311120   0.021080
1865.306185   12.297480   0.020900
1865.316145   12.309190   0.020400
1865.326150   12.329830   0.021940
1865.336276   12.307260   0.025760
1865.346577   12.312430   0.022920
1865.356675   12.311910   0.022860
1865.366659   12.294330   0.025170
1865.376904   12.308220   0.025520
1865.387088   12.321890   0.025350
1865.397153   12.319670   0.026330
1865.407149   12.310360   0.025880
1865.417333   12.285840   0.024490
1865.427630   12.305980   0.025350
1865.437669   12.329500   0.025000
1865.448171   12.298870   0.031470
1865.457324   12.330390   0.033160
1865.465615   12.325910   0.035980
1865.471988   12.345670   0.044400
1865.477591   12.316770   0.051000
1865.482335   12.331780   0.042920
1865.486159   12.338310   0.050060
1865.489785   12.324610   0.043330
1865.492667   12.319530   0.041940
1865.494427   12.304400   0.039790
1865.496283   12.310860   0.036850
1865.498551   12.304600   0.065370
1866.165339   12.299210   0.013910
1866.174723   12.312980   0.014030
1866.184057   12.313660   0.014320
1866.193410   12.304790   0.014380
1866.202706   12.305490   0.015070
1866.212035   12.306480   0.015240
1866.221409   12.308040   0.015470
1866.230791   12.302200   0.015070
1866.240551   12.321310   0.015240
1866.250004   12.303810   0.015190
1866.259354   12.311020   0.015590
1867.193045   12.312920   0.010680
1867.202355   12.309480   0.011080
1867.211516   12.317990   0.011140
1867.220585   12.306780   0.011720
1867.230131   12.317870   0.012010
1867.239707   12.313560   0.011720
1867.249230   12.318610   0.011610
1867.258785   12.314880   0.011780
1867.268385   12.317330   0.012120
1867.277702   12.306840   0.012300
1867.287153   12.309000   0.012360
1867.296854   12.313730   0.012640
1867.306121   12.308070   0.012760
1867.315500   12.304050   0.012870
1867.325094   12.304240   0.013050
1867.334502   12.301530   0.013450
1867.344482   12.310350   0.014150
1867.354030   12.308650   0.013910
1867.363492   12.318400   0.015880
1867.372735   12.310860   0.014430
1867.382212   12.312270   0.014840
1867.391671   12.287500   0.016050
1867.401392   12.287690   0.015760
1867.410805   12.300270   0.015300
1867.420288   12.289660   0.018300
1867.429722   12.293250   0.019520
1867.439192   12.309830   0.018530
1867.448574   12.294560   0.020150
1867.456168   12.302510   0.018010
1867.463320   12.293830   0.018530
1867.469421   12.309640   0.018590
1867.473939   12.289230   0.015650
1867.478291   12.299590   0.014610
1867.481655   12.296920   0.014780
1867.484335   12.308970   0.015880
1867.486951   12.302470   0.015530
1867.488639   12.311530   0.015880
1867.490315   12.295600   0.016510
1867.492002   12.294940   0.015820
1867.493724   12.288730   0.015530
1868.197661   12.318460   0.018650
1868.207123   12.292460   0.019180
1868.216495   12.286600   0.024380
1868.225986   12.302420   0.022520
1868.235811   12.302190   0.025840
1868.245580   12.276840   0.024890
1868.255259   12.284010   0.025690
1868.264815   12.295000   0.025810
1868.274279   12.312600   0.027830
1868.283929   12.324000   0.025240
1868.293537   12.311090   0.036550
1868.303104   12.286050   0.040960
1868.312574   12.319960   0.040830
1868.322548   12.322110   0.028520
1868.332083   12.313580   0.027940
1868.341800   12.312610   0.029390
1868.351466   12.353180   0.035280
1868.360837   12.302700   0.036740
1868.370659   12.320430   0.033210
1868.380417   12.300410   0.034300
1868.390367   12.334500   0.033910
1868.399668   12.292450   0.032910
1868.409622   12.318110   0.035330
1868.419023   12.307800   0.034470
1868.428372   12.303500   0.033370
1868.437691   12.313720   0.035110
1868.446987   12.321360   0.035280
1868.454949   12.318940   0.036320
1868.461066   12.292920   0.035450
1868.467151   12.304650   0.036210
1868.471440   12.308020   0.038170
1868.475710   12.280940   0.043530
1868.479187   12.312600   0.042900
1868.481793   12.318160   0.043490
1868.484421   12.321460   0.041520
1868.486154   12.308110   0.040940
1868.487874   12.293380   0.041420
1868.489584   12.308320   0.041630
1868.491280   12.315860   0.044450
1868.552972   12.309860   0.073330
1868.562396   12.339840   0.060840
1868.581607   12.347610   0.114280
1868.591155   12.295280   0.105100
1868.600621   12.387790   0.074700
1869.239644   12.279050   0.051350
1869.249027   12.298370   0.053650
1869.258676   12.327030   0.059270
1869.268460   12.288980   0.071330
1869.278238   12.326070   0.078290
1869.287800   12.359520   0.077120
1869.297392   12.329000   0.081660
1869.307040   12.310120   0.087870
1869.316723   12.304130   0.111220
1869.326588   12.283530   0.111280
1869.336288   12.357660   0.120330
1869.346065   12.319570   0.099650
1870.219778   12.296350   0.012650
1870.229270   12.304330   0.012990
1870.238762   12.324960   0.014030
1870.248135   12.326030   0.013630
1870.257691   12.324410   0.015190
1870.267266   12.329520   0.014550
1870.276950   12.326840   0.014670
1870.286498   12.315850   0.014950
1870.295849   12.328710   0.014260
1870.305565   12.327700   0.014950
1870.315197   12.331880   0.016460
1870.325274   12.319890   0.016920
1870.335174   12.320190   0.015990
1870.344892   12.319680   0.016860
1870.354573   12.309330   0.019400
1870.364104   12.305580   0.024890
1870.373603   12.309690   0.023850
1870.383600   12.305820   0.027200
1870.393243   12.280300   0.034610
1870.402820   12.309690   0.044990
1870.412418   12.320620   0.042790
1870.421719   12.324020   0.040840
1870.431056   12.293350   0.043900
1870.440608   12.312710   0.034770
1870.448993   12.319030   0.031820
1870.456179   12.315220   0.031010
1870.461756   12.312420   0.037710
1870.466593   12.308340   0.044760
1870.470290   12.333770   0.038970
1870.474034   12.307200   0.043450
1870.476825   12.272690   0.050700
1870.478569   12.335200   0.047230
1870.480341   12.305220   0.044060
1870.482097   12.292380   0.044640
1870.483838   12.319960   0.047810
1870.485602   12.289970   0.044910
1871.136689   12.308860   0.014720
1871.146179   12.309230   0.014030
1871.155384   12.307790   0.014030
1871.164955   12.293040   0.015710
1871.174269   12.303340   0.015190
1871.183469   12.300180   0.016050
1871.192872   12.299370   0.015130
1871.202392   12.309000   0.016110
1871.211865   12.306750   0.018540
1871.221273   12.291230   0.018370
1871.230922   12.302610   0.016340
1871.240394   12.311140   0.016110
1871.250018   12.295410   0.016860
1871.259511   12.302300   0.016510
1871.269122   12.294270   0.016570
1871.278903   12.304600   0.016400
1871.288648   12.313380   0.017550
1871.298226   12.313460   0.016740
1871.307789   12.315610   0.018130
1871.317562   12.309630   0.018590
1871.327342   12.303430   0.019060
1871.337079   12.303990   0.020840
1871.346725   12.322860   0.021360
1871.356495   12.310450   0.020440
1871.366277   12.295190   0.022640
1871.375944   12.302310   0.022690
1871.385808   12.302850   0.024830
1871.395399   12.316520   0.027160
1871.404882   12.291730   0.030950
1871.414342   12.299920   0.029680
1871.423744   12.300050   0.029040
1871.433495   12.289370   0.029860
1871.442405   12.314060   0.027080
1871.449670   12.313040   0.027430
1871.455742   12.300820   0.028120
1871.461191   12.296250   0.030160
1871.465968   12.311590   0.028930
1871.469461   12.325490   0.029270
1871.472994   12.321390   0.029390
1871.476070   12.318460   0.028000
1871.477819   12.313720   0.028060
1871.479709   12.296840   0.027480
1871.481438   12.309760   0.027770
1871.550420   12.303700   0.030950
1871.559908   12.301580   0.031410
1871.569340   12.292310   0.032790
1871.578835   12.313830   0.035280
1871.588334   12.307330   0.038110
1871.597765   12.310310   0.045590
1871.607264   12.319220   0.051740
1871.616819   12.295620   0.062830
1871.626324   12.332790   0.074990
1872.324463   12.315530   0.016460
1872.334315   12.309980   0.017330
1872.344041   12.317040   0.016980
1872.353623   12.309890   0.017270
1872.363427   12.309380   0.016570
1872.373279   12.318950   0.016690
1872.383099   12.300870   0.016920
1872.392766   12.306490   0.016740
1872.402203   12.306570   0.017030
1872.412032   12.307400   0.017670
1872.421585   12.305100   0.018250
1872.431130   12.295220   0.019170
1872.439874   12.315940   0.019460
1872.447517   12.309790   0.019520
1872.454162   12.301870   0.019980
1872.459603   12.306620   0.021420
1872.463903   12.306850   0.021830
1872.467716   12.306100   0.021310
1872.470496   12.310640   0.021360
1872.473152   12.316610   0.021880
1872.474857   12.298720   0.021830
1872.476617   12.315250   0.022060
1872.478370   12.309380   0.022060
1872.480228   12.295680   0.022060
1872.541663   12.290310   0.027140
1872.550845   12.303950   0.028350
1872.560270   12.297770   0.029040
1872.569828   12.274930   0.030020
1872.579400   12.289330   0.032910
1872.588943   12.301300   0.036200
1872.598488   12.312300   0.040820
1872.608116   12.341900   0.048270
1872.617527   12.258460   0.053180
1872.627101   12.237910   0.061100
1872.636625   12.331140   0.084150
1872.646041   12.291370   0.099100
1873.229437   12.300280   0.018360
1873.238826   12.302770   0.019460
1873.248403   12.309230   0.019230
1873.258009   12.303840   0.019050
1873.267456   12.285510   0.020040
1873.276959   12.318010   0.020210
1873.286788   12.316250   0.020150
1873.296275   12.313430   0.021420
1873.305896   12.271110   0.022640
1873.315548   12.303360   0.022750
1873.325684   12.308200   0.022920
1873.335346   12.310920   0.025520
1873.344943   12.299440   0.026160
1873.354842   12.315700   0.024250
1873.364691   12.318790   0.027540
1873.374458   12.301850   0.025930
1873.383960   12.286820   0.023620
1873.393856   12.295100   0.024650
1873.403606   12.321890   0.024890
1873.413210   12.320620   0.028020
1873.422938   12.316500   0.028430
1873.432622   12.310810   0.025470
1873.441010   12.306610   0.023450
1873.447044   12.322100   0.023900
1873.453044   12.314610   0.023960
1873.457630   12.320450   0.024250
1873.462090   12.314110   0.024420
1873.465548   12.310350   0.024770
1873.468261   12.300590   0.025060
1873.470892   12.305380   0.026110
1873.472722   12.309190   0.025060
1873.474437   12.308110   0.024770
1873.476606   12.307180   0.035400
1873.539458   12.333230   0.098760
1873.548852   12.260710   0.071880
1873.558313   12.337030   0.059360
1873.567696   12.300570   0.058440
1873.577180   12.282730   0.063410
1873.586745   12.327660   0.052910
1873.596227   12.321770   0.067310
1873.605773   12.377050   0.066010
1873.615321   12.307870   0.061860
1873.624816   12.318160   0.066890
1874.032527   12.321450   0.013050
1874.041923   12.315520   0.013680
1874.051714   12.315370   0.013570
1874.061193   12.317100   0.013400
1874.070741   12.325800   0.014200
1874.080230   12.316800   0.014090
1874.089638   12.307840   0.013860
1874.098984   12.324690   0.014430
1874.108441   12.325720   0.014090
1874.117749   12.314240   0.014900
1874.127103   12.306140   0.014780
1874.136654   12.311180   0.014950
1874.145982   12.314380   0.015410
1874.155173   12.324730   0.016630
1874.164605   12.308150   0.018070
1874.174153   12.293010   0.020670
1874.183645   12.309920   0.027080
1874.193053   12.329490   0.035090
1874.202515   12.325030   0.035620
1874.212179   12.292500   0.037690
1874.222051   12.309120   0.033780
1874.593715   12.301900   0.066060
1874.603390   12.361840   0.062240
1874.613039   12.307840   0.071180
1876.992585   12.309030   0.013740
1877.002277   12.298830   0.013860
1877.012009   12.295710   0.015010
1877.021623   12.305270   0.014200
1877.031340   12.323330   0.015470
1877.041094   12.321270   0.015010
1877.050632   12.312040   0.013510
1877.060512   12.321900   0.014030
1877.070280   12.317840   0.014610
1877.080037   12.319260   0.014670
1877.089835   12.314640   0.014490
1877.099542   12.325040   0.015250
1877.109324   12.309740   0.018130
1877.119234   12.303070   0.017280
1877.128562   12.305820   0.016470
1877.137988   12.300180   0.016170
1877.147449   12.307660   0.019410
1877.157081   12.316910   0.017960
1877.166514   12.316640   0.017090
1877.175811   12.297470   0.016170
1877.185180   12.300720   0.017610
1877.194638   12.289530   0.016870
1877.204359   12.309300   0.016580
1877.213829   12.305930   0.015940
1877.223290   12.303520   0.016920
1877.232928   12.296720   0.016690
1877.242583   12.303200   0.017740
1877.252102   12.309050   0.018130
1877.261424   12.303490   0.018260
1877.271317   12.309710   0.016520
1877.280810   12.304810   0.015420
1877.290913   12.300600   0.017150
1877.300784   12.308820   0.019860
1877.310552   12.312980   0.016870
1877.320329   12.330350   0.019420
1877.330019   12.330050   0.017210
1877.339609   12.342950   0.015710
1877.349339   12.339820   0.017790
1877.359563   12.336250   0.015820
1877.369289   12.327130   0.017840
1877.379166   12.339090   0.017380
1877.389199   12.311880   0.019580
1877.398748   12.318300   0.021590
1877.408188   12.325690   0.020560
1877.417610   12.342030   0.019170
1877.426444   12.333110   0.017840
1877.433416   12.328570   0.019170
1877.439426   12.308950   0.020970
1877.444578   12.327620   0.020900
1877.449101   12.329590   0.018940
1877.452622   12.326150   0.021380
1877.456119   12.327230   0.019400
1877.458826   12.306080   0.018820
1877.460660   12.298860   0.019230
1877.462441   12.333390   0.019800
1877.464144   12.322000   0.019570
1877.465872   12.320020   0.020150
1877.528546   12.309700   0.023960
1877.538164   12.302300   0.024880
1877.547759   12.314090   0.026450
1877.557433   12.289840   0.026850
1877.566991   12.318690   0.027660
1877.956588   12.304710   0.022230
1877.966360   12.308780   0.019060
1877.975872   12.310600   0.012660
1877.985575   12.310520   0.014030
1877.995071   12.297600   0.013220
1878.004964   12.298390   0.013160
1878.014335   12.311150   0.014090
1878.023915   12.317500   0.011740
1878.033403   12.311230   0.013280
1878.042881   12.329250   0.013110
1878.052477   12.315570   0.014660
1878.062202   12.324060   0.014260
1878.072038   12.325360   0.014780
1878.081838   12.312550   0.015070
1878.091595   12.307810   0.014140
1878.101204   12.318410   0.014670
1878.111056   12.306100   0.014950
1878.120475   12.316630   0.015240
1878.129972   12.308530   0.016340
1878.139452   12.306410   0.018770
1878.148981   12.291110   0.029560
1878.158293   12.303800   0.026910
1878.167692   12.320580   0.016800
1878.177309   12.309290   0.016170
1878.186872   12.321600   0.020500
1878.196273   12.308130   0.020090
1878.206054   12.305140   0.022400
1878.215833   12.312390   0.024080
1878.225557   12.315280   0.024540
1878.235117   12.293370   0.020270
1878.244657   12.310110   0.020900
1878.254352   12.308170   0.022520
1878.263984   12.315950   0.024480
1878.273770   12.289060   0.024890
1878.283405   12.298160   0.025980
1878.293079   12.302890   0.025350
1878.302887   12.281150   0.031600
1878.312828   12.319760   0.032970
1878.322431   12.320220   0.031870
1878.332111   12.302620   0.034440
1878.342126   12.328520   0.023340
1878.351898   12.295070   0.026900
1878.361666   12.297140   0.025410
1878.371492   12.310570   0.026560
1878.381052   12.290820   0.030380
1878.390611   12.327310   0.021990
1878.400035   12.321400   0.026730
1878.409523   12.314520   0.025870
1878.419250   12.339770   0.028300
1878.427139   12.316150   0.030310
1878.434256   12.321810   0.023830
1878.439734   12.297950   0.031210
1878.444205   12.337470   0.023550
1878.448555   12.309960   0.023120
1878.452064   12.308900   0.028410
1878.454721   12.316410   0.028180
1878.457364   12.319260   0.028360
1878.459093   12.324620   0.029270
1878.460943   12.308500   0.028810
1878.463071   12.300110   0.040090
1878.523903   12.298730   0.031210
1878.533380   12.314080   0.030370
1878.542754   12.320670   0.029340
1878.552323   12.306630   0.030830
1878.561961   12.315450   0.036500
1878.571685   12.309940   0.047870
1878.581234   12.337250   0.046210
1878.590773   12.289820   0.046200
1878.600390   12.367470   0.059470
1878.885725   12.295710   0.039730
1878.896259   12.286950   0.032620
1878.907039   12.311460   0.030730
1878.917827   12.310440   0.029620
1878.928636   12.305750   0.029390
1878.939490   12.309290   0.025460
1878.950209   12.300840   0.021020
1878.960985   12.315690   0.020270
1878.971663   12.297840   0.019010
1878.982256   12.310950   0.019170
1878.992862   12.308020   0.018420
1879.003349   12.303150   0.019750
1879.014056   12.328770   0.020270
1879.024781   12.309550   0.020150
1879.035403   12.335340   0.022860
1879.046338   12.322200   0.022750
1879.056998   12.309460   0.023790
1879.067120   12.335630   0.024250
1879.077625   12.307610   0.023440
1879.087804   12.311550   0.024020
1879.097718   12.295280   0.027370
1879.108265   12.291650   0.028170
1879.118677   12.306890   0.029740
1879.128946   12.290680   0.024680
1879.138951   12.318760   0.028580
1879.148948   12.302090   0.032340
1879.158753   12.288390   0.032910
1879.168681   12.294170   0.033790
1879.178653   12.321180   0.035340
1879.188532   12.310280   0.036340
1879.198658   12.309330   0.035680
1879.208980   12.282560   0.037100
1879.219105   12.310250   0.035870
1879.229198   12.279630   0.035860
1879.239692   12.287660   0.036490
1879.249885   12.300730   0.037410
1879.259988   12.304430   0.034760
1879.270136   12.288880   0.034080
1879.279998   12.313110   0.026590
1879.290256   12.303450   0.034470
1879.300321   12.297640   0.033440
1879.310604   12.317330   0.033320
1879.321132   12.354980   0.033830
1879.331398   12.307330   0.033260
1879.341711   12.308790   0.034830
1879.352168   12.296370   0.035010
1879.362239   12.314980   0.034940
1879.372581   12.299150   0.035180
1879.383093   12.315920   0.022000
1879.393142   12.308210   0.038460
1879.403333   12.284000   0.038060
1879.413718   12.330580   0.039980
1879.422210   12.302210   0.039450
1879.430290   12.325000   0.039780
1879.436891   12.304960   0.042200
1879.441492   12.317380   0.041290
1879.445571   12.342610   0.043420
1879.449457   12.313630   0.043420
1879.452342   12.311160   0.035290
1879.454194   12.300850   0.042850
1879.456055   12.291840   0.036980
1879.457932   12.307580   0.045470
1879.460282   12.288040   0.064530
1879.524043   12.288750   0.054680
1879.534146   12.331690   0.056810
1879.544253   12.278190   0.060420
1879.554321   12.315240   0.035700
1879.564508   12.298360   0.062680
1879.574677   12.318250   0.065060
1879.584814   12.312020   0.066740
1879.594935   12.279710   0.069950
1879.605121   12.334030   0.076620
1879.615186   12.340190   0.079930
1879.625350   12.376350   0.086030
1879.885631   12.274650   0.044350
1879.895153   12.313300   0.037990
1879.904711   12.313970   0.030370
1879.914664   12.316500   0.024310
1879.924232   12.288620   0.019920
1879.933937   12.303900   0.017670
1879.943742   12.314770   0.015300
1879.953255   12.305020   0.014200
1879.962965   12.320840   0.013450
1879.972299   12.311970   0.013160
1879.982133   12.309910   0.013570
1879.991480   12.317930   0.014380
1880.001350   12.307630   0.014840
1880.010995   12.312380   0.016510
1880.020489   12.317880   0.016470
1880.030167   12.317020   0.016570
1880.040004   12.298430   0.015530
1880.050020   12.319610   0.015990
1880.059700   12.316960   0.016630
1880.069635   12.318680   0.016690
1880.079469   12.307740   0.017560
1880.089000   12.317420   0.017040
1880.098524   12.319500   0.018080
1880.108072   12.299140   0.018710
1880.117530   12.323180   0.016740
1880.127140   12.308790   0.017610
1880.200091   12.303440   0.019460
1880.209735   12.306300   0.021590
1880.219431   12.295080   0.020270
1880.229324   12.304570   0.018130
1880.238989   12.308640   0.018300
1880.248836   12.316480   0.017900
1880.258298   12.305960   0.018360
1880.267686   12.316390   0.019280
1880.277275   12.310830   0.019870
1880.286928   12.311630   0.022580
1880.306613   12.325710   0.019400
1880.369120   12.310110   0.018530
1880.684731   12.271330   0.050520
1880.693935   12.294320   0.052020
1880.703424   12.317750   0.062940
1880.712965   12.307350   0.071940
1880.722745   12.328500   0.083900
1880.732752   12.324100   0.114140
1880.839020   12.386600   0.063500
1880.967707   12.315130   0.019630
1880.977730   12.328540   0.019860
1880.987626   12.318200   0.016690
1880.997175   12.310830   0.016170
1881.007352   12.296100   0.016340
1881.017262   12.317770   0.017150
1881.027023   12.318220   0.017780
1881.036583   12.319940   0.017150
1881.046307   12.324420   0.018020
1881.055914   12.323860   0.020270
1881.065565   12.298490   0.019400
1881.075352   12.307360   0.021480
1881.085120   12.313120   0.019360
1881.094964   12.315830   0.018420
1881.104801   12.302780   0.016750
1881.114937   12.311980   0.023500
1881.124474   12.335880   0.019920
1881.134326   12.316380   0.021770
1881.143810   12.303400   0.016860
1881.153419   12.299330   0.021420
1881.163015   12.310440   0.019400
1881.171357   12.317450   0.017380
1881.180981   12.305120   0.018250
1881.190627   12.311050   0.015650
1881.200550   12.307140   0.016740
1881.210473   12.312460   0.018070
1881.220305   12.295250   0.018880
1881.230199   12.313760   0.018940
1881.239668   12.317300   0.019750
1881.249328   12.301000   0.019170
1881.258917   12.316520   0.019290
1881.268352   12.296220   0.019750
1881.278189   12.305850   0.019690
1881.288137   12.309510   0.019980
1881.297680   12.308040   0.020210
1881.307337   12.303500   0.020900
1881.317394   12.317060   0.021710
1881.327336   12.307270   0.022060
1881.337373   12.302480   0.022170
1881.347129   12.292280   0.022340
1881.357110   12.307240   0.022920
1881.366722   12.317330   0.023440
1881.376276   12.301530   0.023960
1881.386104   12.296970   0.024890
1881.395996   12.296320   0.024880
1881.405772   12.315530   0.025990
1881.414838   12.315070   0.025690
1881.422098   12.315110   0.026390
1881.428287   12.316870   0.026040
1881.433496   12.325810   0.026620
1881.437835   12.324250   0.026960
1881.441542   12.294390   0.027370
1881.445078   12.332040   0.028640
1881.447777   12.302090   0.027770
1881.449541   12.323370   0.028000
1881.451276   12.310110   0.027770
1881.453055   12.322480   0.028410
1881.455245   12.319870   0.040130
1881.512259   12.316510   0.029160
1881.522032   12.301420   0.030890
1881.531584   12.307520   0.031290
1881.541053   12.303930   0.031930
1881.550943   12.300590   0.031580
1881.560601   12.294200   0.033540
1881.570473   12.291050   0.032860
1881.580253   12.302760   0.036560
1881.589860   12.302350   0.034590
1881.599577   12.326610   0.038110
1881.609472   12.315030   0.036550
1881.619114   12.334890   0.040820
1881.628942   12.334230   0.046030
1881.638590   12.364710   0.048280
1881.648351   12.349190   0.052390
1881.778022   12.378650   0.104860
1881.787777   12.378390   0.095530
1881.797497   12.372980   0.088250
1881.807277   12.294720   0.088360
1881.816745   12.347070   0.063110
1881.826319   12.290140   0.054510
1881.835921   12.319090   0.049710
1881.845731   12.293120   0.041920
1881.855252   12.316000   0.036890
1881.864967   12.287400   0.032220
1881.874874   12.307990   0.029680
1881.884546   12.306200   0.025170
1881.894462   12.293070   0.022110
1881.904494   12.297910   0.019690
1881.914271   12.298120   0.019340
1881.923884   12.314190   0.019460
1881.933466   12.304420   0.018300
1881.943231   12.310460   0.018710
1881.952875   12.315070   0.023730
1881.962633   12.277790   0.025810
1881.972149   12.316240   0.027310
1881.982098   12.283690   0.029040
1881.992169   12.295400   0.037140
1882.001889   12.287290   0.037410
1882.011594   12.287130   0.039250
1882.021627   12.316570   0.030600
1882.031644   12.316850   0.034010
1882.041324   12.307080   0.034670
1882.051198   12.333670   0.030260
1882.060871   12.329360   0.031530
1882.070527   12.313330   0.059100
1882.080330   12.303000   0.024430
1882.090096   12.249040   0.052560
1882.099569   12.342330   0.084120
1882.109365   12.309660   0.043000
1882.121972   12.336570   0.033780
1882.131558   12.316910   0.027140
1882.141120   12.327770   0.043420
1882.150540   12.305790   0.028870
1882.160119   12.326380   0.030890
1882.169652   12.331140   0.032240
1882.179008   12.303680   0.031240
1882.188466   12.287320   0.036280
1882.198063   12.301120   0.040140
1882.208031   12.275620   0.073940
1882.217722   12.286470   0.058290
1882.227231   12.336160   0.050250
1882.236839   12.290880   0.049430
1882.246327   12.332710   0.076610
1882.256107   12.293820   0.071970
1882.266006   12.283760   0.063630
1882.275585   12.334450   0.057420
1882.285301   12.291650   0.059910
1882.295361   12.265670   0.056370
1882.305067   12.312200   0.072550
1882.315073   12.271380   0.091240
1882.325032   12.312920   0.054110
1882.334886   12.319950   0.046890
1882.344919   12.339120   0.058620
1882.354771   12.254490   0.066630
1882.364587   12.322280   0.056670
1882.374737   12.293770   0.054640
1882.394964   12.367760   0.113930
1883.093660   12.309250   0.023920
1883.103366   12.331520   0.037980
1883.112818   12.303290   0.024240
1883.122237   12.320410   0.028360
1883.131900   12.309110   0.023680
1883.141295   12.312740   0.025990
1883.150882   12.324450   0.027140
1883.160374   12.326740   0.029980
1883.169871   12.347660   0.032320
1883.179271   12.324400   0.024370
1883.188727   12.321770   0.024720
1883.198404   12.327070   0.029450
1883.207904   12.325800   0.028750
1883.217549   12.330510   0.030160
1883.226897   12.321510   0.032060
1883.236210   12.340400   0.030550
1883.245790   12.335190   0.031070
1883.255334   12.272290   0.032920
1883.265175   12.303140   0.033900
1883.274780   12.283210   0.033540
1883.284849   12.323050   0.045600
1883.294394   12.318500   0.046000
1883.304305   12.358030   0.042730
1883.314080   12.312190   0.054660
1883.323720   12.271300   0.045710
1883.333437   12.289500   0.039040
1883.343435   12.319240   0.040210
1883.353548   12.295330   0.046020
1883.363493   12.309040   0.035510
1883.373027   12.305330   0.039680
1883.382657   12.316100   0.041190
1883.392439   12.311470   0.037480
1883.402040   12.347300   0.037120
1883.410061   12.314560   0.042200
1883.417485   12.327940   0.041520
1883.423677   12.349190   0.039320
1883.428949   12.323520   0.040590
1883.433300   12.291140   0.046440
1883.436812   12.307110   0.038070
1883.440325   12.331530   0.042790
1883.443180   12.356590   0.039030
1883.444926   12.329810   0.042810
1883.446707   12.303930   0.037960
1883.448508   12.323810   0.037530
1883.507335   12.289530   0.041760
1883.517022   12.307560   0.040940
1883.526655   12.312820   0.045670
1883.536232   12.284930   0.051100
1883.545818   12.305780   0.049080
1883.555341   12.299890   0.047530
1883.565051   12.275950   0.050720
1883.574608   12.344560   0.048370
1883.584302   12.286940   0.049890
1883.593915   12.278550   0.040930
1884.099534   12.307310   0.012240
1884.109140   12.300320   0.012130
1884.118686   12.306100   0.014720
1884.128292   12.298670   0.018130
1884.137551   12.307770   0.013570
1884.147279   12.302350   0.015240
1884.156774   12.307800   0.016170
1884.166197   12.311860   0.018720
1884.175960   12.324820   0.019170
1884.185414   12.312010   0.016930
1884.194977   12.305390   0.013910
1884.204574   12.301770   0.015070
1884.214174   12.324720   0.014090
1884.223839   12.316770   0.015890
1884.233272   12.299280   0.022490
1884.242628   12.309650   0.012930
1884.252195   12.303770   0.012640
1884.261682   12.301790   0.012820
1884.271201   12.320320   0.012930
1884.280876   12.307550   0.013860
1884.290846   12.310610   0.015010
1884.300573   12.317960   0.016520
1884.310420   12.327470   0.024230
1884.320206   12.311010   0.015590
1884.330156   12.318270   0.016050
1884.340081   12.311700   0.018880
1884.350052   12.302530   0.018300
1884.360119   12.299640   0.015530
1884.370060   12.304860   0.015880
1884.379738   12.301940   0.016800
1884.389528   12.301250   0.013680
1884.399065   12.303420   0.014380
1884.406881   12.301410   0.016280
1884.413865   12.306430   0.019170
1884.420368   12.321100   0.020470
1884.425635   12.341160   0.015130
1884.430150   12.334820   0.013630
1884.433678   12.341870   0.015470
1884.437202   12.329050   0.015190
1884.439908   12.327290   0.015940
1884.441669   12.326230   0.015540
1884.443407   12.332760   0.015300
1884.445186   12.324530   0.014550
1884.446926   12.347780   0.019430
1884.503638   12.339290   0.013860
1884.513187   12.322030   0.015950
1884.522993   12.333590   0.013910
1884.532900   12.319590   0.012930
1884.542819   12.318920   0.015240
1884.552706   12.284520   0.017850
1884.562458   12.301730   0.011890
1884.572213   12.295650   0.014060
1884.581820   12.296440   0.012410
1884.591479   12.295590   0.015300
1884.600983   12.304870   0.014090
1884.610820   12.306300   0.013110
1884.886961   12.298300   0.032160
1884.896459   12.285620   0.034710
1884.906042   12.299510   0.031120
1884.915643   12.308200   0.040110
1884.925737   12.307500   0.028700
1884.935570   12.312490   0.041570
1884.945448   12.319030   0.031190
1884.954875   12.295690   0.034350
1884.964329   12.321570   0.032120
1884.974229   12.295740   0.038440
1884.983546   12.291280   0.039650
1884.993441   12.296960   0.035460
1885.003341   12.330680   0.033310
1885.013229   12.296180   0.038690
1885.022911   12.283780   0.037360
1885.032502   12.289930   0.043130
1885.042137   12.363330   0.043070
1885.052183   12.314270   0.043250
1885.061957   12.337140   0.051080
1885.071678   12.297100   0.051780
1885.081285   12.320650   0.062320
1885.090973   12.275540   0.053350
1885.100847   12.282390   0.049460
1885.278794   12.328570   0.028530
1885.288696   12.311770   0.039030
1885.298475   12.350620   0.032310
1885.308250   12.317450   0.029330
1885.318087   12.285760   0.031190
1885.328301   12.325030   0.036900
1885.338173   12.313540   0.054990
1885.347960   12.308860   0.045700
1885.357853   12.263610   0.050130
1885.367578   12.308690   0.051120
1885.377344   12.285880   0.059350
1885.386938   12.302950   0.065230
1885.396599   12.260840   0.052960
1885.404395   12.316210   0.046960
1885.411445   12.254760   0.053010
1885.417511   12.358640   0.054450
1885.422892   12.355780   0.063250
1885.427461   12.293740   0.054930
1885.430989   12.329610   0.042510
1885.434637   12.345710   0.048150
1885.437356   12.278600   0.050110
1885.439093   12.291030   0.049710
1885.440855   12.317610   0.047860
1885.442624   12.326920   0.045550
1885.444416   12.305060   0.046880
1885.502228   12.299820   0.051820
1885.511985   12.326370   0.070630
1885.521821   12.322140   0.050530
1885.531512   12.325220   0.053060
1885.541243   12.341450   0.056850
1885.551133   12.340220   0.044690
1885.560860   12.332660   0.043650
1885.570601   12.313120   0.044650
1885.580236   12.341600   0.058670
1885.590133   12.325990   0.037650
1886.072366   12.307380   0.011550
1886.082057   12.303200   0.012410
1886.091456   12.311240   0.012990
1886.101064   12.306380   0.013280
1886.110701   12.306710   0.012990
1886.120214   12.298130   0.013160
1886.129544   12.305040   0.013860
1886.138882   12.312870   0.014090
1886.148233   12.314660   0.014090
1886.157943   12.317910   0.014720
1886.167550   12.313970   0.016590
1886.177101   12.299450   0.016340
1886.186997   12.306260   0.017090
1886.196609   12.309310   0.018010
1886.206153   12.305050   0.019920
1886.215757   12.318730   0.021080
1886.225422   12.297110   0.027950
1886.234829   12.316160   0.028410
1886.244630   12.316210   0.027430
1886.254426   12.311730   0.020330
1886.263771   12.318150   0.016920
1886.273578   12.303390   0.027620
1886.283270   12.331950   0.016630
1886.293134   12.316450   0.017210
1886.303115   12.321630   0.019750
1886.312914   12.310240   0.017960
1886.322818   12.302060   0.018360
1886.332859   12.304770   0.018530
1886.342543   12.305330   0.017550
1886.352534   12.298530   0.017900
1886.362281   12.304980   0.019340
1886.372003   12.311180   0.020440
1886.381496   12.307470   0.021020
1886.391198   12.302620   0.022290
1886.399994   12.313280   0.022520
1886.408171   12.315650   0.023100
1886.414363   12.308320   0.028230
1886.419581   12.298180   0.028540
1886.423873   12.320220   0.026270
1886.427459   12.329350   0.025930
1886.431086   12.306510   0.025120
1886.433748   12.303950   0.028150
1886.435540   12.345900   0.030950
1886.437293   12.306110   0.026390
1886.439058   12.314820   0.026790
1886.441348   12.290620   0.055660
