1863.169882   12.671270   0.024660
1863.179028   12.669720   0.027200
1863.188111   12.685580   0.031120
1863.197263   12.658140   0.028520
1863.206453   12.673050   0.027660
1863.215516   12.679560   0.033320
1863.224486   12.687510   0.031180
1863.233708   12.664980   0.033520
1863.243026   12.659900   0.034160
1863.252052   12.682120   0.031030
1863.260978   12.669080   0.029440
1863.270074   12.658810   0.032970
1863.279229   12.668120   0.029220
1863.288341   12.652370   0.028660
1863.297662   12.690750   0.026860
1863.306748   12.663750   0.030260
1863.315898   12.665690   0.029850
1863.325261   12.641880   0.029740
1863.334632   12.684030   0.030720
1863.344416   12.671740   0.031550
1863.353962   12.668430   0.028990
1863.363511   12.652040   0.026390
1863.372640   12.672370   0.025000
1863.381795   12.651850   0.025120
1863.391577   12.676430   0.027260
1863.400670   12.667970   0.028080
1863.410157   12.670780   0.028230
1863.419415   12.651790   0.030770
1863.428728   12.680790   0.032740
1863.438171   12.678870   0.033320
1863.447725   12.666020   0.035570
1863.457038   12.679710   0.041240
1863.464667   12.701130   0.050240
1863.471563   12.679310   0.052590
1863.477686   12.665010   0.048500
1863.482900   12.664660   0.049040
1863.487037   12.637360   0.050810
1863.490505   12.668460   0.051390
1863.494064   12.692000   0.049250
1863.496621   12.658610   0.050880
1863.498272   12.696830   0.053130
1863.500087   12.669190   0.054330
1863.501889   12.706630   0.055200
1863.503937   12.704460   0.080000
1864.122118   12.673970   0.020210
1864.131216   12.670150   0.026450
1864.140349   12.673630   0.023730
1864.149328   12.676330   0.023620
1864.158727   12.677910   0.022230
1864.168077   12.664020   0.027710
1864.177441   12.665880   0.026450
1864.186471   12.674470   0.021540
1864.195786   12.678720   0.027490
1864.204761   12.679220   0.024600
1864.213956   12.669360   0.022930
1864.223275   12.670850   0.022120
1864.232312   12.675110   0.027200
1864.241734   12.670230   0.026330
1864.250994   12.681680   0.023560
1864.260292   12.670670   0.027720
1864.269452   12.672260   0.023900
1864.278712   12.652630   0.028640
1864.288040   12.676970   0.028420
1864.297228   12.662410   0.026620
1864.306786   12.667340   0.028240
1864.315982   12.670890   0.027770
1864.325240   12.681750   0.027550
1864.334830   12.662280   0.026740
1864.344223   12.672560   0.036170
1864.353629   12.686150   0.037200
1864.362884   12.675760   0.039560
1864.372284   12.661190   0.046070
1864.381718   12.660940   0.042640
1864.391386   12.636920   0.035630
1864.401175   12.673340   0.043980
1864.410777   12.699160   0.040230
1864.420158   12.655670   0.040770
1864.429378   12.661700   0.045510
1864.438639   12.667290   0.051300
1864.448098   12.685300   0.056730
1864.457409   12.670630   0.062280
1864.465120   12.689980   0.060070
1864.472313   12.665180   0.066220
1864.477494   12.703550   0.073480
1864.482720   12.745370   0.080760
1864.486002   12.733520   0.111280
1864.489646   12.668920   0.107860
1864.492216   12.713470   0.088710
1864.494776   12.631470   0.088380
1864.496480   12.617570   0.091000
1864.498365   12.704460   0.091050
1864.500091   12.563880   0.091280
1864.501760   12.636090   0.089320
1865.081649   12.660340   0.030930
1865.090914   12.667370   0.031650
1865.103000   12.664750   0.030580
1865.112265   12.682090   0.028940
1865.121493   12.669760   0.035060
1865.180915   12.662580   0.021080
1865.189934   12.673760   0.016690
1865.199137   12.686960   0.021480
1865.208040   12.678840   0.016570
1865.217207   12.667330   0.024370
1865.226382   12.669300   0.023790
1865.235932   12.680520   0.025170
1865.245886   12.663460   0.026800
1865.255783   12.669280   0.025810
1865.265750   12.664090   0.035990
1865.275774   12.688270   0.029510
1865.285892   12.645010   0.025580
1865.295973   12.664870   0.028580
1865.306185   12.667830   0.028370
1865.316145   12.666240   0.027480
1865.326150   12.701350   0.029390
1865.336276   12.649790   0.033840
1865.346577   12.663420   0.030720
1865.356675   12.648870   0.030670
1865.366659   12.657450   0.034510
1865.376904   12.668450   0.033640
1865.387088   12.660030   0.034780
1865.397153   12.655010   0.036320
1865.407149   12.640220   0.034480
1865.417333   12.651440   0.032390
1865.427630   12.669760   0.034470
1865.437669   12.651910   0.035470
1865.448171   12.668660   0.045380
1865.457324   12.669890   0.047300
1865.465615   12.691990   0.050730
1865.471988   12.664840   0.061870
1865.477591   12.700970   0.077050
1865.482335   12.687010   0.061910
1865.486159   12.714890   0.071580
1865.489785   12.679000   0.062820
1865.492667   12.678760   0.061390
1865.494427   12.652170   0.056770
1865.496283   12.651500   0.052560
1865.498551   12.679970   0.090480
1866.165339   12.677380   0.018420
1866.174647   12.663610   0.014990
1866.184057   12.668440   0.018710
1866.193410   12.682050   0.019230
1866.202706   12.668800   0.019920
1866.212035   12.660760   0.020030
1866.221409   12.666450   0.020500
1866.230791   12.664760   0.020030
1866.240551   12.674200   0.020090
1866.250004   12.671660   0.020090
1866.259354   12.675820   0.020610
1867.193045   12.674150   0.013860
1867.202355   12.678320   0.014490
1867.211516   12.667980   0.014550
1867.220585   12.670440   0.015300
1867.230131   12.673220   0.015530
1867.239707   12.672650   0.015420
1867.249230   12.665930   0.015130
1867.258785   12.663120   0.015410
1867.268385   12.685140   0.015880
1867.277702   12.674490   0.016220
1867.287153   12.674040   0.016280
1867.296854   12.673760   0.016630
1867.306121   12.676070   0.016630
1867.315500   12.685080   0.017030
1867.325094   12.677040   0.017440
1867.334502   12.671730   0.017960
1867.344482   12.665150   0.018480
1867.354030   12.662350   0.018650
1867.363492   12.664980   0.021130
1867.372735   12.670890   0.019110
1867.382212   12.680480   0.019570
1867.391671   12.657410   0.020730
1867.401392   12.667160   0.020910
1867.410805   12.684340   0.020520
1867.420288   12.658110   0.023800
1867.429722   12.653930   0.026390
1867.439192   12.676660   0.025190
1867.448574   12.666350   0.026620
1867.456168   12.689720   0.024260
1867.463320   12.663830   0.025180
1867.469421   12.653150   0.025410
1867.473939   12.676110   0.020670
1867.478291   12.666050   0.019050
1867.481655   12.663520   0.019580
1867.484335   12.683240   0.021720
1867.486951   12.675370   0.021190
1867.488639   12.660650   0.021590
1867.490315   12.677920   0.022980
1867.492002   12.676170   0.021710
1867.493724   12.668510   0.021360
1868.197661   12.671550   0.025120
1868.207123   12.652520   0.025250
1868.216495   12.683330   0.032020
1868.225986   12.683970   0.030960
1868.235811   12.677210   0.035290
1868.245580   12.687610   0.033690
1868.255259   12.679580   0.033950
1868.264815   12.669820   0.035560
1868.274279   12.692920   0.040020
1868.283929   12.683080   0.033840
1868.293537   12.643460   0.048680
1868.303104   12.667100   0.055500
1868.312574   12.660710   0.054070
1868.322548   12.662290   0.039510
1868.332083   12.654100   0.037560
1868.341800   12.649800   0.040420
1868.351466   12.689880   0.049540
1868.360837   12.675060   0.050880
1868.370659   12.635020   0.045250
1868.380417   12.666800   0.046890
1868.390367   12.666080   0.048110
1868.399668   12.659840   0.045410
1868.409622   12.700280   0.051610
1868.419023   12.658640   0.045080
1868.428372   12.675880   0.048640
1868.437691   12.659830   0.051450
1868.446987   12.661600   0.049200
1868.454949   12.704220   0.053100
1868.461066   12.663930   0.050530
1868.467151   12.737690   0.054100
1868.471440   12.683750   0.058070
1868.475710   12.698210   0.066300
1868.479187   12.683150   0.064900
1868.481793   12.688440   0.065120
1868.484421   12.684690   0.062080
1868.486154   12.682150   0.056540
1868.487874   12.695260   0.062550
1868.489584   12.676930   0.062660
1868.491280   12.678310   0.066750
1868.552972   12.626730   0.097570
1868.562396   12.706210   0.090070
1869.239644   12.710310   0.073440
1869.249027   12.664100   0.072420
1869.258676   12.635010   0.082840
1869.268460   12.598130   0.097170
1869.278238   12.661730   0.105070
1869.287800   12.659070   0.105800
1869.297392   12.703340   0.116200
1869.307040   12.737740   0.124560
1870.219778   12.665970   0.016690
1870.229270   12.664190   0.017030
1870.238762   12.669620   0.018540
1870.248135   12.667970   0.017840
1870.257691   12.691260   0.020440
1870.267266   12.670930   0.019340
1870.276950   12.672230   0.019520
1870.286498   12.671550   0.019920
1870.295849   12.671680   0.019050
1870.305565   12.665140   0.019800
1870.315197   12.664040   0.022350
1870.325274   12.666100   0.022810
1870.335174   12.658780   0.021370
1870.344892   12.670300   0.022520
1870.354573   12.673460   0.026450
1870.364104   12.705440   0.034120
1870.373603   12.669280   0.032600
1870.383600   12.704680   0.038870
1870.393243   12.635870   0.046070
1870.402820   12.661340   0.066800
1870.412418   12.615170   0.059950
1870.421719   12.661160   0.061520
1870.431056   12.674430   0.062820
1870.440608   12.632710   0.051060
1870.448993   12.647390   0.047170
1870.456179   12.660490   0.046190
1870.461756   12.633380   0.054830
1870.466593   12.635580   0.062210
1870.470290   12.677090   0.058140
1870.474034   12.659510   0.064260
1870.476825   12.672360   0.071970
1870.478569   12.701790   0.069720
1870.480341   12.708970   0.064070
1870.482097   12.675440   0.066930
1870.483838   12.657990   0.068980
1870.485602   12.616900   0.065250
1871.136689   12.658770   0.019870
1871.146179   12.685150   0.018710
1871.155384   12.661070   0.018650
1871.164955   12.657440   0.020560
1871.174269   12.657120   0.019920
1871.183469   12.667190   0.021480
1871.192872   12.664750   0.020210
1871.202392   12.660830   0.021020
1871.211865   12.682620   0.025480
1871.221273   12.668650   0.024940
1871.230922   12.671840   0.021770
1871.240394   12.651640   0.021550
1871.250018   12.656990   0.022980
1871.259511   12.670900   0.021480
1871.269122   12.673270   0.022300
1871.278903   12.665280   0.021940
1871.288648   12.668900   0.023330
1871.298226   12.663180   0.022690
1871.307789   12.672010   0.024900
1871.317562   12.675320   0.024950
1871.327342   12.664910   0.026160
1871.337079   12.653680   0.028530
1871.346725   12.657730   0.029570
1871.356495   12.663200   0.027440
1871.366277   12.673160   0.030790
1871.375944   12.675520   0.031640
1871.385808   12.661250   0.035390
1871.395399   12.652820   0.036930
1871.404882   12.670060   0.041190
1871.414342   12.661030   0.042330
1871.423744   12.670750   0.041290
1871.433495   12.645150   0.041810
1871.442405   12.673960   0.039040
1871.449670   12.649670   0.038130
1871.455742   12.657910   0.040730
1871.461191   12.664480   0.045190
1871.465968   12.678020   0.042870
1871.469461   12.646730   0.043190
1871.472994   12.644230   0.042270
1871.476070   12.674300   0.040420
1871.477819   12.679830   0.040770
1871.479709   12.680780   0.040530
1871.481438   12.679830   0.041180
1871.550420   12.664640   0.044300
1871.559908   12.685200   0.045260
1871.569340   12.671080   0.048170
1871.578835   12.687590   0.052800
1871.588334   12.642830   0.055040
1871.597765   12.674600   0.067060
1871.607264   12.730990   0.079870
1871.616819   12.668110   0.085940
1871.626324   12.634770   0.107330
1872.324463   12.652360   0.021770
1872.334315   12.663650   0.023100
1872.344041   12.673010   0.022810
1872.353623   12.640010   0.023160
1872.363427   12.665670   0.022410
1872.373279   12.674780   0.021940
1872.383099   12.667780   0.022810
1872.392766   12.673780   0.022520
1872.402203   12.656160   0.022520
1872.412032   12.666310   0.024720
1872.421585   12.672930   0.024420
1872.431130   12.650670   0.027540
1872.439874   12.671040   0.025810
1872.447517   12.670750   0.026050
1872.454162   12.655760   0.027660
1872.459603   12.682180   0.030210
1872.463903   12.674370   0.031090
1872.467716   12.672750   0.029240
1872.470496   12.677870   0.030890
1872.473152   12.673990   0.030540
1872.474857   12.699580   0.031410
1872.476617   12.677550   0.031300
1872.478370   12.664730   0.031120
1872.480228   12.677260   0.030840
1872.541663   12.696830   0.040310
1872.550845   12.669830   0.039920
1872.560270   12.670540   0.041050
1872.569828   12.694650   0.044990
1872.579400   12.725720   0.049800
1872.588943   12.715490   0.056690
1872.598488   12.664570   0.053960
1872.608116   12.634010   0.059190
1872.617527   12.662770   0.071870
1872.627101   12.708030   0.094540
1872.636625   12.708100   0.067000
1873.229437   12.675720   0.025120
1873.238826   12.681270   0.026860
1873.248403   12.680590   0.025230
1873.258009   12.684180   0.025640
1873.267456   12.682930   0.026790
1873.276959   12.678960   0.026390
1873.286788   12.667060   0.027260
1873.296275   12.680920   0.028580
1873.305896   12.686520   0.030440
1873.315548   12.704480   0.030270
1873.325684   12.670710   0.031530
1873.335346   12.683050   0.034350
1873.344943   12.662820   0.035020
1873.354842   12.643590   0.033440
1873.364691   12.673080   0.038010
1873.374458   12.650880   0.036030
1873.383960   12.674800   0.032820
1873.393856   12.669960   0.033170
1873.403606   12.668290   0.034710
1873.413210   12.661580   0.040450
1873.422938   12.656320   0.040900
1873.432622   12.651160   0.035680
1873.441010   12.659410   0.031950
1873.447044   12.662860   0.032560
1873.453044   12.682430   0.033610
1873.457630   12.672630   0.035230
1873.462090   12.669170   0.035010
1873.465548   12.677030   0.035520
1873.468261   12.664460   0.036510
1873.470892   12.658150   0.037540
1873.472722   12.654740   0.036260
1873.474437   12.676530   0.036610
1873.476606   12.680310   0.051130
1873.539305   12.706100   0.063100
1873.548852   12.568860   0.097500
1873.558313   12.613540   0.078510
1873.567696   12.683380   0.078680
1873.577180   12.715790   0.092770
1873.586745   12.659230   0.073700
1873.596227   12.638450   0.101850
1873.605773   12.637260   0.101380
1873.615321   12.708190   0.098710
1873.624816   12.691610   0.102210
1874.032527   12.661590   0.017030
1874.041923   12.662980   0.017730
1874.051714   12.666120   0.017900
1874.061193   12.671320   0.017610
1874.070741   12.666990   0.018590
1874.080230   12.682070   0.018770
1874.089638   12.660510   0.018010
1874.098984   12.674680   0.018880
1874.108441   12.681760   0.018650
1874.117749   12.676940   0.019630
1874.127103   12.661380   0.019460
1874.136654   12.675190   0.019810
1874.145982   12.692670   0.020730
1874.155173   12.680450   0.021770
1874.164605   12.675530   0.023730
1874.174153   12.656130   0.028120
1874.183645   12.709180   0.035810
1874.193053   12.683550   0.046930
1874.202515   12.675050   0.051390
1874.212179   12.674470   0.054920
1874.222051   12.651120   0.045280
1874.593715   12.572110   0.086000
1874.603390   12.595160   0.082340
1874.613039   12.701750   0.099580
1876.992585   12.667860   0.018190
1877.002277   12.679630   0.018590
1877.012009   12.687000   0.019340
1877.021623   12.692840   0.019060
1877.031340   12.671080   0.021710
1877.041094   12.656560   0.020320
1877.050632   12.679810   0.017670
1877.060512   12.670660   0.018590
1877.070280   12.682350   0.019520
1877.080037   12.696380   0.019580
1877.089835   12.679320   0.019340
1877.099542   12.680420   0.020680
1877.109324   12.691410   0.023750
1877.119234   12.675680   0.023370
1877.128562   12.681510   0.021710
1877.137988   12.688580   0.021830
1877.147449   12.723080   0.025470
1877.157081   12.655230   0.023270
1877.166514   12.672290   0.023060
1877.175811   12.684330   0.021310
1877.185180   12.672520   0.023450
1877.194638   12.690090   0.022530
1877.204359   12.667690   0.022630
1877.213829   12.680660   0.021130
1877.223290   12.666180   0.022520
1877.232928   12.681930   0.021420
1877.242583   12.675530   0.024100
1877.252102   12.659510   0.024540
1877.261424   12.667670   0.023730
1877.271317   12.677970   0.022000
1877.280810   12.662700   0.020320
1877.290913   12.670420   0.023390
1877.300784   12.674800   0.026970
1877.310552   12.684950   0.022650
1877.320329   12.676070   0.026790
1877.330019   12.682120   0.022530
1877.339609   12.677890   0.021200
1877.349339   12.670940   0.023330
1877.359563   12.667980   0.020960
1877.369289   12.662380   0.023680
1877.379166   12.657210   0.022580
1877.389199   12.674800   0.025590
1877.398748   12.707720   0.028700
1877.408188   12.675720   0.028020
1877.417610   12.677310   0.026640
1877.426444   12.663720   0.023560
1877.433416   12.673560   0.026790
1877.439426   12.657370   0.027440
1877.444578   12.660470   0.028710
1877.449101   12.686040   0.025180
1877.452622   12.677120   0.031140
1877.456119   12.682860   0.026890
1877.458826   12.671030   0.025810
1877.460660   12.689160   0.026860
1877.462441   12.683590   0.027030
1877.464144   12.679900   0.027940
1877.465872   12.670320   0.028750
1877.528546   12.661380   0.033610
1877.538164   12.698320   0.036320
1877.547759   12.683790   0.040010
1877.557433   12.653330   0.038630
1877.566991   12.683860   0.040660
1877.956588   12.667600   0.028830
1877.966360   12.669510   0.025470
1877.975795   12.674850   0.020900
1877.985575   12.673250   0.018650
1877.995071   12.661510   0.017550
1878.004964   12.667290   0.017260
1878.014335   12.669640   0.018820
1878.023915   12.681540   0.015490
1878.033403   12.665450   0.017320
1878.042881   12.656520   0.016920
1878.052477   12.677790   0.019400
1878.062202   12.653730   0.018470
1878.072038   12.682310   0.019400
1878.081838   12.658450   0.019570
1878.091595   12.672810   0.018760
1878.101204   12.664100   0.019110
1878.111056   12.672460   0.020040
1878.120475   12.675910   0.020090
1878.129972   12.652690   0.021710
1878.139452   12.659400   0.024650
1878.148981   12.649430   0.041460
1878.158293   12.692280   0.036560
1878.167692   12.669270   0.022230
1878.177309   12.687280   0.021540
1878.186872   12.687640   0.027310
1878.196273   12.674850   0.026900
1878.206054   12.657630   0.029730
1878.215833   12.656050   0.032630
1878.225557   12.650310   0.033460
1878.235117   12.654230   0.027540
1878.244657   12.651170   0.027770
1878.254352   12.666600   0.029790
1878.263984   12.683040   0.033910
1878.273770   12.647140   0.033830
1878.283405   12.654410   0.035250
1878.293079   12.677590   0.034890
1878.302887   12.680140   0.044590
1878.312828   12.684340   0.044430
1878.322431   12.641450   0.044950
1878.332111   12.669530   0.046790
1878.342126   12.624610   0.033110
1878.351898   12.656140   0.038450
1878.361666   12.660120   0.036840
1878.371492   12.655280   0.037790
1878.381052   12.656610   0.041580
1878.390611   12.686530   0.028640
1878.400035   12.659420   0.036870
1878.409523   12.671010   0.036040
1878.419250   12.671800   0.041690
1878.427139   12.661140   0.042810
1878.434256   12.675750   0.033380
1878.439734   12.652730   0.044460
1878.444205   12.648620   0.034790
1878.448555   12.634560   0.034580
1878.452064   12.648350   0.042050
1878.454721   12.678520   0.040670
1878.457364   12.673920   0.040890
1878.459093   12.658640   0.041510
1878.460943   12.669460   0.041110
1878.463071   12.660770   0.058510
1878.523903   12.666730   0.043440
1878.533380   12.699270   0.046540
1878.542754   12.679010   0.043830
1878.552323   12.690500   0.047450
1878.561961   12.659090   0.052100
1878.571685   12.644050   0.072180
1878.581234   12.705110   0.068960
1878.590773   12.664650   0.073470
1878.600390   12.622990   0.086000
1878.885725   12.699340   0.053590
1878.896259   12.651540   0.042900
1878.907039   12.666520   0.040760
1878.917827   12.695040   0.040820
1878.928636   12.686080   0.040070
1878.939490   12.662470   0.033950
1878.950209   12.664610   0.028640
1878.960985   12.671380   0.027380
1878.971663   12.662140   0.025640
1878.982256   12.666460   0.025580
1878.992862   12.673270   0.025290
1879.003349   12.661840   0.026500
1879.014056   12.650330   0.026850
1879.024781   12.665720   0.026850
1879.035403   12.666650   0.030320
1879.046338   12.686020   0.030550
1879.056998   12.685220   0.031930
1879.067120   12.665700   0.031810
1879.077625   12.683290   0.033040
1879.087804   12.645540   0.032340
1879.097718   12.645460   0.035450
1879.108265   12.678400   0.039340
1879.118677   12.658490   0.040370
1879.128946   12.656390   0.034520
1879.138951   12.676970   0.038540
1879.148948   12.627320   0.044170
1879.158753   12.658010   0.045970
1879.168681   12.684000   0.044640
1879.178653   12.679860   0.047210
1879.188532   12.690300   0.049200
1879.198658   12.683840   0.048210
1879.208980   12.667830   0.049510
1879.219105   12.650380   0.047120
1879.229198   12.672340   0.050850
1879.239692   12.638270   0.050180
1879.249885   12.679260   0.053070
1879.259988   12.636240   0.047980
1879.270136   12.680340   0.046030
1879.279998   12.664620   0.040160
1879.290256   12.665150   0.048920
1879.300321   12.679140   0.047500
1879.310604   12.692900   0.045110
1879.321132   12.664070   0.045670
1879.331398   12.694220   0.046700
1879.341711   12.661980   0.049140
1879.352168   12.664540   0.048020
1879.362239   12.657130   0.050820
1879.372581   12.670710   0.049350
1879.383093   12.708920   0.030600
1879.393142   12.697040   0.051060
1879.403333   12.680420   0.053890
1879.413718   12.667080   0.054450
1879.422210   12.678480   0.056990
1879.430290   12.673560   0.060690
1879.436891   12.639260   0.057860
1879.441492   12.691050   0.063050
1879.445571   12.691350   0.064290
1879.449457   12.675470   0.066820
1879.452342   12.697450   0.055310
1879.454194   12.670730   0.063630
1879.456055   12.735230   0.054820
1879.457932   12.667650   0.066980
1879.460282   12.682420   0.091600
1879.524043   12.613280   0.080680
1879.534146   12.623770   0.083210
1879.544253   12.682810   0.085640
1879.554321   12.751700   0.052600
1879.564508   12.655880   0.090140
1879.574677   12.626480   0.092730
1879.584814   12.667130   0.097340
1879.594935   12.664230   0.097310
1879.605121   12.662560   0.102910
1879.615186   12.678290   0.108770
1879.625350   12.702520   0.117560
1879.885631   12.649500   0.066820
1879.895153   12.669630   0.051280
1879.904711   12.674540   0.040300
1879.914664   12.660980   0.032740
1879.924232   12.668750   0.027200
1879.933937   12.683250   0.023730
1879.943742   12.661950   0.020670
1879.953255   12.678040   0.018940
1879.962965   12.690340   0.018010
1879.972299   12.670930   0.017490
1879.982133   12.674560   0.018130
1879.991480   12.670990   0.019110
1880.001350   12.682440   0.019800
1880.010995   12.679420   0.022400
1880.020489   12.665180   0.022110
1880.030167   12.668750   0.022580
1880.040004   12.671580   0.021420
1880.050020   12.662180   0.021830
1880.059700   12.666120   0.022460
1880.069635   12.674780   0.022820
1880.079469   12.664720   0.024250
1880.089000   12.651940   0.023520
1880.098524   12.665610   0.023960
1880.108072   12.649710   0.025640
1880.117530   12.670640   0.023280
1880.127140   12.669270   0.024320
1880.200091   12.677980   0.025520
1880.209735   12.688500   0.027220
1880.219431   12.691010   0.025710
1880.229324   12.676460   0.024020
1880.238989   12.682260   0.024250
1880.248836   12.648420   0.024080
1880.258298   12.663090   0.025590
1880.267686   12.658930   0.026390
1880.277275   12.683550   0.026400
1880.286928   12.669490   0.029970
1880.306613   12.668000   0.026810
1880.369120   12.685730   0.025520
1880.684731   12.661030   0.081200
1880.693935   12.704550   0.070620
1880.703424   12.604530   0.084030
1880.712965   12.609350   0.094350
1880.722745   12.612900   0.131730
1880.967707   12.683990   0.027660
1880.977730   12.694390   0.027950
1880.987626   12.680580   0.022580
1880.997175   12.653720   0.022060
1881.007352   12.677220   0.022920
1881.017262   12.678710   0.023680
1881.027023   12.661760   0.024600
1881.036583   12.657360   0.023630
1881.046307   12.663130   0.025240
1881.055914   12.690420   0.028240
1881.065565   12.681720   0.026100
1881.075352   12.682730   0.029280
1881.085120   12.698710   0.026910
1881.094964   12.679430   0.025580
1881.104801   12.673520   0.022600
1881.114937   12.678280   0.031120
1881.124474   12.682680   0.027660
1881.134326   12.674780   0.029680
1881.143810   12.682870   0.022630
1881.153419   12.684160   0.028900
1881.163015   12.692550   0.026330
1881.171357   12.685350   0.023270
1881.180981   12.675180   0.024200
1881.190627   12.677570   0.020670
1881.200550   12.669850   0.022350
1881.210473   12.660640   0.023850
1881.220305   12.645350   0.025000
1881.230199   12.665360   0.024940
1881.239668   12.666760   0.026210
1881.249328   12.657310   0.025810
1881.258917   12.662980   0.025700
1881.268352   12.660660   0.026970
1881.278189   12.653080   0.026040
1881.288137   12.670180   0.026900
1881.297680   12.677750   0.027200
1881.307337   12.663240   0.028060
1881.317394   12.660080   0.028640
1881.327336   12.669210   0.029850
1881.337373   12.665470   0.029850
1881.347129   12.671180   0.029910
1881.357110   12.682630   0.030710
1881.366722   12.650400   0.031710
1881.376276   12.677160   0.032270
1881.386104   12.659990   0.033790
1881.395996   12.660840   0.032910
1881.405772   12.697650   0.034870
1881.414838   12.664970   0.033950
1881.422098   12.675640   0.036730
1881.428287   12.642350   0.034720
1881.433496   12.669880   0.036050
1881.437835   12.665630   0.035460
1881.441542   12.646770   0.039340
1881.445078   12.675260   0.040420
1881.447777   12.669690   0.039360
1881.449541   12.690490   0.040240
1881.451276   12.670550   0.040430
1881.453055   12.668410   0.038700
1881.455245   12.672820   0.056210
1881.512259   12.685400   0.042090
1881.522032   12.658870   0.045740
1881.531584   12.710280   0.048910
1881.541053   12.668910   0.048190
1881.550943   12.674210   0.045500
1881.560601   12.660330   0.049200
1881.570473   12.668550   0.047290
1881.580253   12.686210   0.055600
1881.589860   12.654560   0.050110
1881.599577   12.673560   0.057680
1881.609472   12.681420   0.054440
1881.619114   12.699470   0.060540
1881.628942   12.704820   0.061480
1881.638590   12.703970   0.063640
1881.648351   12.638310   0.076130
1881.807277   12.634500   0.119690
1881.816745   12.721640   0.118990
1881.826319   12.699500   0.083370
1881.835921   12.671070   0.063520
1881.845731   12.677560   0.057080
1881.855252   12.687420   0.049190
1881.864967   12.650010   0.044060
1881.874874   12.688660   0.040880
1881.884546   12.700690   0.034640
1881.894462   12.692310   0.030200
1881.904494   12.669440   0.026390
1881.914271   12.697720   0.026500
1881.923884   12.668320   0.025980
1881.933466   12.668740   0.024370
1881.943231   12.668860   0.024480
1881.952875   12.656490   0.031640
1881.962633   12.670400   0.034410
1881.972149   12.663210   0.036270
1881.982098   12.666440   0.037930
1881.992169   12.686100   0.048060
1882.001889   12.646150   0.049810
1882.011594   12.681460   0.054690
1882.021627   12.653300   0.043340
1882.031644   12.667590   0.048700
1882.041324   12.649040   0.047060
1882.051198   12.686550   0.040190
1882.060871   12.648610   0.041770
1882.070527   12.711050   0.082920
1882.080330   12.681230   0.032740
1882.090096   12.673190   0.073950
1882.099569   12.684240   0.118270
1882.109365   12.643750   0.059630
1882.121972   12.699130   0.053020
1882.131558   12.699820   0.037100
1882.141120   12.655290   0.060280
1882.150540   12.665180   0.040460
1882.160119   12.683210   0.041800
1882.169652   12.706850   0.043600
1882.179008   12.663850   0.041170
1882.188466   12.662930   0.048040
1882.198063   12.638970   0.057350
1882.208031   12.613020   0.103760
1882.217722   12.686450   0.082630
1882.227231   12.640710   0.071230
1882.236839   12.660040   0.071800
1882.246327   12.654030   0.099880
1882.256107   12.670050   0.097770
1882.266006   12.702030   0.100980
1882.275585   12.697620   0.080510
1882.285301   12.698090   0.082190
1882.295361   12.632390   0.065910
1882.305067   12.736430   0.108240
1882.315073   12.700950   0.125650
1882.325032   12.629090   0.076440
1882.334886   12.695880   0.066990
1882.344919   12.693700   0.079650
1882.354771   12.667530   0.086640
1882.364587   12.796460   0.073860
1882.374737   12.648540   0.071190
1883.093660   12.642430   0.031410
1883.103366   12.701460   0.054130
1883.112818   12.682970   0.034550
1883.122237   12.651800   0.040440
1883.131900   12.652100   0.031250
1883.141295   12.685650   0.034760
1883.150882   12.667730   0.036860
1883.160374   12.666550   0.041480
1883.169871   12.674630   0.043870
1883.179271   12.645320   0.032910
1883.188727   12.666020   0.033200
1883.198404   12.650670   0.039630
1883.207904   12.697660   0.039440
1883.217549   12.654050   0.042120
1883.226897   12.693990   0.043500
1883.236210   12.675090   0.043780
1883.245790   12.662610   0.043250
1883.255334   12.666500   0.043540
1883.265175   12.638560   0.042450
1883.274780   12.703230   0.044930
1883.284849   12.635820   0.063060
1883.294394   12.683180   0.065770
1883.304305   12.645070   0.059270
1883.314080   12.650430   0.071380
1883.323720   12.704110   0.061400
1883.333437   12.673980   0.050550
1883.343435   12.629640   0.055870
1883.353548   12.655560   0.060290
1883.363493   12.672500   0.048050
1883.373027   12.653570   0.051030
1883.382657   12.685570   0.058280
1883.392439   12.711470   0.053640
1883.402040   12.657140   0.050520
1883.410061   12.670460   0.058720
1883.417485   12.679330   0.063080
1883.423677   12.661870   0.057960
1883.428949   12.684100   0.058230
1883.433300   12.644110   0.064930
1883.436812   12.656160   0.060290
1883.440325   12.673620   0.064620
1883.443180   12.643430   0.058530
1883.444926   12.653700   0.061230
1883.446707   12.682270   0.056060
1883.448508   12.660840   0.057510
1883.507335   12.630900   0.059250
1883.517022   12.685820   0.061920
1883.526655   12.675140   0.071420
1883.536232   12.690780   0.076500
1883.545818   12.692670   0.075580
1883.555341   12.673090   0.072910
1883.565051   12.662550   0.072200
1883.574608   12.681370   0.075700
1883.584302   12.681290   0.074800
1883.593915   12.708540   0.065250
1884.099534   12.684970   0.016400
1884.109140   12.666020   0.016110
1884.118686   12.661010   0.020390
1884.128292   12.689280   0.024210
1884.137551   12.659140   0.018080
1884.147279   12.669700   0.020840
1884.156774   12.657430   0.021770
1884.166197   12.659290   0.025520
1884.175960   12.650260   0.025300
1884.185414   12.636450   0.022240
1884.194977   12.655400   0.019060
1884.204574   12.664730   0.020440
1884.214174   12.678940   0.018940
1884.223839   12.665180   0.021030
1884.233272   12.667620   0.030090
1884.242628   12.665750   0.017320
1884.252195   12.650250   0.016740
1884.261682   12.676540   0.017380
1884.271201   12.666030   0.017150
1884.280876   12.672010   0.018650
1884.290846   12.680990   0.020320
1884.300573   12.653680   0.022070
1884.310420   12.694530   0.032160
1884.320206   12.679840   0.021130
1884.330156   12.672230   0.021590
1884.340081   12.673010   0.025060
1884.350052   12.675090   0.024940
1884.360119   12.674320   0.020840
1884.370060   12.668730   0.021190
1884.379738   12.670750   0.023100
1884.389528   12.678850   0.018360
1884.399065   12.682930   0.019460
1884.406881   12.654260   0.021590
1884.413865   12.664640   0.025290
1884.420368   12.663370   0.028760
1884.425635   12.668510   0.020330
1884.430150   12.668200   0.018190
1884.433678   12.659440   0.020440
1884.437202   12.691350   0.020320
1884.439908   12.671360   0.021420
1884.441669   12.673590   0.021070
1884.443407   12.677570   0.020270
1884.445186   12.673410   0.019400
1884.446926   12.676980   0.026070
1884.503638   12.670810   0.018240
1884.513187   12.663780   0.022290
1884.522993   12.661800   0.018360
1884.532900   12.655690   0.016980
1884.542819   12.669480   0.020910
1884.552706   12.658380   0.024060
1884.562458   12.674340   0.015760
1884.572213   12.671190   0.019200
1884.581820   12.655960   0.016400
1884.591479   12.677600   0.020960
1884.600983   12.668300   0.018650
1884.610820   12.661160   0.017440
1884.886961   12.667680   0.043070
1884.896459   12.679190   0.043620
1884.906042   12.657990   0.040590
1884.915643   12.646620   0.052710
1884.925737   12.642380   0.038750
1884.935570   12.681900   0.054350
1884.945448   12.637890   0.040650
1884.954875   12.614540   0.047700
1884.964329   12.655330   0.045480
1884.974229   12.637690   0.051730
1884.983546   12.671560   0.053940
1884.993441   12.670440   0.045890
1885.003341   12.638270   0.044510
1885.013229   12.695740   0.056060
1885.022911   12.652300   0.053680
1885.032502   12.618510   0.058110
1885.042137   12.645980   0.056350
1885.052183   12.688070   0.063440
1885.061957   12.668280   0.067570
1885.071678   12.682340   0.070590
1885.081285   12.677780   0.080570
1885.090973   12.623820   0.076910
1885.100847   12.684230   0.075450
1885.278794   12.663280   0.038520
1885.288696   12.666820   0.053370
1885.298475   12.656600   0.043640
1885.308250   12.641510   0.040360
1885.318087   12.669240   0.042260
1885.328301   12.641840   0.051780
1885.338173   12.643750   0.080390
1885.347960   12.673230   0.068430
1885.357853   12.668050   0.071080
1885.367578   12.704530   0.075520
1885.377344   12.703730   0.092150
1885.386938   12.599190   0.088490
1885.396599   12.730770   0.077880
1885.404395   12.693810   0.070420
1885.411445   12.669120   0.075520
1885.417511   12.613620   0.078660
1885.422892   12.708300   0.090120
1885.427461   12.632600   0.076930
1885.430989   12.703500   0.063890
1885.434637   12.725710   0.075300
1885.437356   12.648960   0.072320
1885.439093   12.653020   0.074020
1885.440855   12.691810   0.074060
1885.442624   12.680310   0.063360
1885.444416   12.662920   0.071250
1885.502228   12.698230   0.079350
1885.511985   12.689660   0.099530
1885.521821   12.686400   0.077900
1885.531512   12.646210   0.076420
1885.541243   12.637690   0.081960
1885.551133   12.585370   0.065220
1885.560860   12.627800   0.068110
1885.570601   12.672110   0.066490
1885.580236   12.609480   0.079100
1885.590133   12.696360   0.058370
1886.072366   12.660490   0.015250
1886.082057   12.662980   0.016400
1886.091456   12.666490   0.017150
1886.101064   12.672820   0.017670
1886.110701   12.668920   0.017380
1886.120214   12.668710   0.017490
1886.129544   12.663620   0.018480
1886.138882   12.678600   0.018940
1886.148233   12.679250   0.018820
1886.157943   12.665200   0.019460
1886.167550   12.666560   0.022650
1886.177101   12.687830   0.022000
1886.186997   12.678560   0.023040
1886.196609   12.684290   0.024370
1886.206153   12.687520   0.027080
1886.215757   12.678430   0.028640
1886.225422   12.673060   0.038050
1886.234829   12.667790   0.037780
1886.244630   12.662780   0.037950
1886.254426   12.665400   0.028050
1886.263771   12.661220   0.022400
1886.273578   12.662340   0.036380
1886.283270   12.674640   0.022400
1886.293134   12.668260   0.022930
1886.303115   12.680950   0.026500
1886.312914   12.655390   0.024020
1886.322818   12.657360   0.024190
1886.332859   12.654660   0.024780
1886.342543   12.673050   0.023670
1886.352534   12.671780   0.024310
1886.362281   12.664300   0.025870
1886.372003   12.684590   0.027370
1886.381496   12.668470   0.028000
1886.391198   12.655710   0.029850
1886.399994   12.675690   0.030790
1886.408171   12.667600   0.031600
1886.414363   12.669650   0.037120
1886.419581   12.682220   0.039340
1886.423873   12.672360   0.038640
1886.427459   12.674460   0.036210
1886.431086   12.644600   0.035750
1886.433748   12.673520   0.040770
1886.435540   12.697320   0.044920
1886.437293   12.678920   0.038420
1886.439058   12.671740   0.037940
1886.441348   12.676560   0.077460
