1863.169882   13.563050   0.045270
1863.179028   13.583330   0.052330
1863.188111   13.612640   0.059710
1863.197263   13.604380   0.055650
1863.206453   13.569320   0.053640
1863.215516   13.586630   0.062950
1863.224486   13.554250   0.065470
1863.233708   13.554980   0.070620
1863.243026   13.579090   0.071860
1863.252052   13.561380   0.059120
1863.260978   13.566500   0.056550
1863.270074   13.610230   0.066530
1863.279229   13.591560   0.059050
1863.288341   13.596290   0.056110
1863.297662   13.567060   0.051510
1863.306748   13.546230   0.057330
1863.315898   13.559300   0.060510
1863.325261   13.465500   0.053370
1863.334632   13.611180   0.062780
1863.344416   13.560180   0.058450
1863.353962   13.572100   0.057520
1863.363511   13.549990   0.052670
1863.372640   13.575260   0.050300
1863.381795   13.585920   0.048330
1863.391577   13.576420   0.053360
1863.400670   13.538650   0.053090
1863.410157   13.573790   0.056700
1863.419415   13.619400   0.058750
1863.428728   13.585390   0.065560
1863.438171   13.560440   0.060930
1863.447725   13.580890   0.068850
1863.457038   13.554430   0.075570
1863.464667   13.488970   0.093500
1863.471563   13.570110   0.097920
1863.477686   13.580000   0.095630
1863.482900   13.599300   0.101420
1863.487037   13.523760   0.100750
1863.490505   13.620100   0.105200
1863.494064   13.548420   0.096100
1863.496621   13.597660   0.104450
1863.498272   13.566960   0.099710
1863.500087   13.596050   0.102940
1863.501889   13.587590   0.106280
1863.503937   13.615190   0.152300
1864.122118   13.560510   0.038700
1864.131216   13.577510   0.052980
1864.140349   13.546300   0.046480
1864.149328   13.619130   0.048520
1864.158727   13.526300   0.044010
1864.168077   13.552090   0.056880
1864.177441   13.589380   0.054030
1864.186471   13.592810   0.041920
1864.195786   13.603050   0.055250
1864.204761   13.597800   0.048220
1864.213956   13.602470   0.047770
1864.223275   13.604690   0.043960
1864.232312   13.573780   0.053670
1864.241734   13.599770   0.050190
1864.250994   13.596100   0.043940
1864.260292   13.585750   0.054070
1864.269452   13.562620   0.046930
1864.278712   13.559190   0.057870
1864.288040   13.548110   0.060420
1864.297228   13.547760   0.052730
1864.306786   13.563150   0.054420
1864.315982   13.548170   0.056590
1864.325240   13.543280   0.057300
1864.334830   13.565670   0.053450
1864.344223   13.623910   0.073650
1864.353629   13.577070   0.072480
1864.362884   13.572960   0.078460
1864.372284   13.514750   0.095160
1864.381718   13.590540   0.079620
1864.391386   13.530820   0.066350
1864.401175   13.606270   0.086710
1864.410777   13.646520   0.077200
1864.420158   13.602340   0.075270
1864.429378   13.627820   0.087750
1864.438639   13.622100   0.103610
1864.448098   13.572520   0.108520
1864.457409   13.581790   0.119590
1864.465120   13.571390   0.114110
1864.472390   13.555580   0.097790
1865.081649   13.675330   0.063790
1865.090914   13.642910   0.063140
1865.103000   13.619370   0.060670
1865.112265   13.601640   0.062360
1865.121493   13.579140   0.072310
1865.180915   13.574140   0.043490
1865.189934   13.542630   0.032280
1865.199137   13.582790   0.040130
1865.208040   13.595310   0.032620
1865.217207   13.623860   0.049930
1865.226382   13.583620   0.047480
1865.235932   13.598680   0.053450
1865.245886   13.546620   0.053540
1865.255783   13.589740   0.053420
1865.265750   13.616690   0.071830
1865.275774   13.572910   0.060060
1865.285892   13.551150   0.052710
1865.295973   13.591890   0.056650
1865.306185   13.607530   0.060900
1865.316145   13.531860   0.056420
1865.326150   13.567930   0.057810
1865.336276   13.538900   0.074400
1865.346577   13.576310   0.066180
1865.356675   13.529460   0.061210
1865.366659   13.614110   0.076130
1865.376904   13.570130   0.071100
1865.387088   13.560250   0.071250
1865.397153   13.633700   0.074430
1865.407149   13.611590   0.073570
1865.417333   13.611950   0.069810
1865.427630   13.564310   0.071190
1865.437669   13.533060   0.068670
1865.448171   13.533920   0.085570
1865.457324   13.586540   0.093690
1865.465615   13.661120   0.103430
1865.471988   13.579920   0.120120
1865.482335   13.443730   0.115660
1865.486159   13.491880   0.067700
1865.489785   13.604200   0.117160
1865.492667   13.616120   0.114000
1865.494427   13.662990   0.115920
1865.496283   13.550980   0.107180
1865.498459   13.564770   0.163150
1866.165339   13.580910   0.035860
1866.174723   13.580300   0.034590
1866.184057   13.586510   0.037590
1866.193410   13.581890   0.037010
1866.202706   13.557470   0.037550
1866.212035   13.574810   0.037470
1866.221409   13.599860   0.039970
1866.230791   13.587400   0.038960
1866.240551   13.575930   0.037640
1866.250004   13.578630   0.038410
1866.259354   13.590960   0.038680
1867.193045   13.577520   0.027080
1867.202355   13.581990   0.028350
1867.211516   13.577460   0.027250
1867.220585   13.584730   0.029570
1867.230131   13.567480   0.031040
1867.239707   13.604850   0.030550
1867.249230   13.566040   0.028640
1867.258785   13.609250   0.029630
1867.268385   13.591700   0.032040
1867.277702   13.599760   0.031370
1867.287153   13.558150   0.030830
1867.296854   13.572850   0.032000
1867.306121   13.590030   0.032380
1867.315500   13.582600   0.032580
1867.325094   13.580590   0.034600
1867.334502   13.587530   0.033780
1867.344482   13.614620   0.037880
1867.354030   13.586700   0.037840
1867.363492   13.600920   0.043720
1867.372735   13.579120   0.038710
1867.382212   13.589110   0.037780
1867.391671   13.574190   0.043780
1867.401392   13.593450   0.042090
1867.410805   13.596340   0.038810
1867.420288   13.594370   0.049920
1867.429722   13.544210   0.051880
1867.439192   13.552900   0.048390
1867.448574   13.580750   0.054800
1867.456168   13.575610   0.049510
1867.463320   13.581150   0.050490
1867.469421   13.585690   0.050230
1867.473939   13.566480   0.039500
1867.478291   13.574630   0.036500
1867.481655   13.572550   0.039380
1867.484335   13.567590   0.041700
1867.486951   13.572380   0.042670
1867.488639   13.587630   0.041880
1867.490315   13.598150   0.045010
1867.492002   13.585210   0.043260
1867.493724   13.602160   0.042500
1868.197661   13.573180   0.049890
1868.207123   13.522990   0.047630
1868.216495   13.605580   0.067930
1868.225986   13.560690   0.064640
1868.235811   13.493580   0.069300
1868.245580   13.559100   0.068360
1868.255259   13.520760   0.068870
1868.264815   13.534380   0.068820
1868.274279   13.534980   0.078190
1868.283929   13.579380   0.071870
1868.293537   13.592030   0.104780
1868.303104   13.533730   0.110390
1868.312574   13.594330   0.108370
1868.322548   13.532410   0.084630
1868.332083   13.569470   0.081240
1868.341800   13.577810   0.083170
1868.351466   13.509530   0.101570
1868.360837   13.585750   0.102560
1868.370659   13.523740   0.093250
1868.380417   13.597900   0.101860
1868.390367   13.614420   0.092380
1868.399668   13.580000   0.091830
1868.409622   13.569510   0.099910
1868.419023   13.611140   0.099110
1868.428372   13.627170   0.096200
1868.437691   13.593630   0.096090
1868.446987   13.578930   0.094150
1868.454949   13.610230   0.103660
1868.461066   13.630810   0.098250
1868.467151   13.629340   0.108200
1868.471440   13.629900   0.110600
1868.475710   13.640170   0.126610
1868.479187   13.613970   0.130560
1868.481793   13.624290   0.126950
1868.484421   13.558150   0.118060
1868.486154   13.581270   0.117110
1868.487874   13.601490   0.115760
1868.489584   13.562040   0.119680
1868.491280   13.518530   0.120320
1869.248874   13.516380   0.077700
1870.219778   13.567640   0.031870
1870.229270   13.570800   0.034930
1870.238762   13.559600   0.035290
1870.248135   13.560980   0.033720
1870.257691   13.583290   0.041640
1870.267266   13.619630   0.038890
1870.276950   13.581650   0.036920
1870.286498   13.574670   0.041610
1870.295849   13.547410   0.036780
1870.305565   13.583150   0.040130
1870.315197   13.547410   0.044260
1870.325274   13.579070   0.043270
1870.335174   13.605270   0.042130
1870.344892   13.600370   0.046580
1870.354573   13.577180   0.049880
1870.364104   13.578000   0.063930
1870.373603   13.610290   0.063760
1870.383600   13.607380   0.078710
1870.393243   13.553360   0.090990
1870.402820   13.804030   0.074700
1870.412418   13.644760   0.120690
1870.421719   13.577040   0.113070
1870.431056   13.645490   0.123540
1870.440608   13.575640   0.107690
1870.448993   13.659310   0.089660
1870.456179   13.545620   0.090550
1870.461756   13.540080   0.106210
1870.466440   13.555010   0.078000
1870.470290   13.615110   0.109150
1870.474034   13.551570   0.122690
1870.476901   13.558510   0.102230
1870.478569   13.534850   0.126350
1870.480341   13.568750   0.119130
1870.482097   13.552380   0.120110
1870.483838   13.571410   0.125000
1870.485449   13.355790   0.065700
1871.136689   13.589260   0.040190
1871.146179   13.589550   0.035510
1871.155384   13.580240   0.035340
1871.164955   13.583430   0.041130
1871.174269   13.575460   0.040840
1871.183469   13.583980   0.043420
1871.192872   13.571460   0.040480
1871.202392   13.611760   0.043890
1871.211865   13.624190   0.052950
1871.221273   13.560060   0.049310
1871.230922   13.614160   0.043490
1871.240394   13.603320   0.043140
1871.250018   13.577700   0.045660
1871.259511   13.558870   0.046140
1871.269122   13.543630   0.044720
1871.278903   13.597560   0.042220
1871.288648   13.561270   0.048270
1871.298226   13.610270   0.045520
1871.307789   13.603510   0.049700
1871.317562   13.596160   0.049600
1871.327342   13.565490   0.050320
1871.337079   13.577290   0.054750
1871.346725   13.581850   0.059640
1871.356495   13.528230   0.055590
1871.366277   13.539140   0.065040
1871.375944   13.534440   0.060280
1871.385808   13.582990   0.069360
1871.395399   13.568950   0.076500
1871.404882   13.530630   0.083800
1871.414342   13.599310   0.082820
1871.423744   13.575590   0.076740
1871.433495   13.564730   0.079940
1871.442405   13.621520   0.077610
1871.449670   13.601680   0.074050
1871.455742   13.535500   0.080720
1871.461191   13.571440   0.089120
1871.465968   13.631310   0.079450
1871.469461   13.627920   0.082860
1871.472994   13.585990   0.078820
1871.476070   13.583800   0.076420
1871.477819   13.568770   0.075550
1871.479709   13.571200   0.076600
1871.481438   13.604790   0.077480
1871.550420   13.555160   0.087820
1871.559908   13.548910   0.087770
1871.569340   13.631080   0.099960
1871.578835   13.582470   0.099960
1871.588334   13.603380   0.114780
1871.597689   13.500980   0.104890
1872.324463   13.566500   0.044580
1872.334315   13.595950   0.045930
1872.344041   13.552650   0.046020
1872.353623   13.588420   0.046850
1872.363427   13.579360   0.044840
1872.373279   13.580960   0.045010
1872.383099   13.601120   0.044120
1872.392766   13.601460   0.044880
1872.402203   13.576410   0.044300
1872.412032   13.602040   0.052100
1872.421585   13.564230   0.050170
1872.431130   13.569230   0.052260
1872.439874   13.573290   0.056180
1872.447517   13.585110   0.051920
1872.454162   13.550910   0.051870
1872.459603   13.562570   0.059160
1872.463903   13.591650   0.061610
1872.467716   13.555550   0.059580
1872.470496   13.597500   0.063280
1872.473152   13.536480   0.059220
1872.474857   13.583610   0.059790
1872.476617   13.562340   0.059600
1872.478370   13.527170   0.059260
1872.480228   13.611110   0.063600
1872.541663   13.607190   0.075300
1872.550845   13.643080   0.080280
1872.560270   13.573760   0.080240
1872.569828   13.620880   0.080470
1872.579400   13.575910   0.082980
1872.588943   13.623310   0.100960
1872.598488   13.527760   0.110390
1872.607962   13.578820   0.073900
1873.229437   13.608040   0.049390
1873.238826   13.597540   0.050780
1873.248403   13.584880   0.050140
1873.258009   13.557440   0.054450
1873.267456   13.559930   0.053660
1873.276959   13.567410   0.056430
1873.286788   13.561720   0.053500
1873.296275   13.541660   0.058920
1873.305896   13.564510   0.065360
1873.315548   13.611690   0.068370
1873.325684   13.546430   0.067160
1873.335346   13.505350   0.069760
1873.344943   13.631220   0.074090
1873.354842   13.544970   0.066340
1873.364691   13.556170   0.072920
1873.374458   13.624720   0.073240
1873.383960   13.560670   0.058970
1873.393856   13.606670   0.066990
1873.403606   13.599530   0.071430
1873.413210   13.585700   0.081790
1873.422938   13.655310   0.081820
1873.432622   13.512510   0.069140
1873.441010   13.586260   0.063860
1873.447044   13.608070   0.065200
1873.453044   13.594380   0.068130
1873.457630   13.560370   0.065100
1873.462090   13.621970   0.068310
1873.465548   13.564730   0.068200
1873.468261   13.562460   0.068650
1873.470892   13.609830   0.068420
1873.472722   13.581810   0.074390
1873.474437   13.546430   0.068080
1873.476606   13.575150   0.099710
1874.032527   13.567890   0.034760
1874.041923   13.590340   0.037300
1874.051714   13.566810   0.034580
1874.061193   13.594740   0.035690
1874.070741   13.573290   0.037120
1874.080230   13.568990   0.038070
1874.089638   13.572080   0.035060
1874.098984   13.570480   0.038470
1874.108441   13.584990   0.037150
1874.117749   13.552450   0.039210
1874.127103   13.603370   0.039000
1874.136654   13.563930   0.038870
1874.145982   13.599490   0.040650
1874.155173   13.575760   0.044280
1874.164605   13.551960   0.049100
1874.174153   13.595780   0.052770
1874.183645   13.599180   0.077260
1874.193053   13.651390   0.102050
1874.202515   13.653210   0.104210
1874.212179   13.654200   0.115660
1874.222051   13.573010   0.096560
1876.992585   13.572940   0.037410
1877.002277   13.563910   0.038230
1877.012009   13.583800   0.041420
1877.021623   13.557220   0.040080
1877.031340   13.552110   0.042100
1877.041094   13.551480   0.042040
1877.050632   13.553380   0.034740
1877.060512   13.559540   0.038460
1877.070280   13.585820   0.039620
1877.080037   13.584200   0.040360
1877.089835   13.572200   0.037760
1877.099542   13.586900   0.040310
1877.109324   13.571050   0.049560
1877.119234   13.539300   0.047700
1877.128562   13.594500   0.046430
1877.137988   13.586710   0.041880
1877.147449   13.600770   0.053270
1877.157081   13.567980   0.049150
1877.166514   13.625850   0.047280
1877.175811   13.592690   0.042910
1877.185180   13.643150   0.049040
1877.194638   13.565030   0.045770
1877.204359   13.600410   0.043490
1877.213829   13.574360   0.041820
1877.223290   13.601250   0.044630
1877.232928   13.607780   0.044850
1877.242583   13.579040   0.048910
1877.252102   13.579870   0.051690
1877.261424   13.613530   0.051970
1877.271317   13.607750   0.046800
1877.280810   13.587590   0.040200
1877.290913   13.583720   0.048280
1877.300784   13.590400   0.056930
1877.310552   13.607540   0.046510
1877.320329   13.573350   0.054040
1877.330019   13.603430   0.048260
1877.339609   13.554420   0.042780
1877.349339   13.562800   0.047460
1877.359563   13.573500   0.044430
1877.369289   13.574530   0.048490
1877.379166   13.573540   0.047700
1877.389199   13.596620   0.052390
1877.398748   13.583650   0.060930
1877.408188   13.560300   0.055900
1877.417610   13.627270   0.053730
1877.426444   13.553880   0.048700
1877.433416   13.600140   0.051970
1877.439426   13.558960   0.059740
1877.444578   13.625520   0.059400
1877.449101   13.547430   0.050570
1877.452622   13.564210   0.060360
1877.456119   13.600610   0.053820
1877.458826   13.556390   0.051210
1877.460660   13.572110   0.052080
1877.462441   13.557660   0.056010
1877.464144   13.589520   0.051320
1877.465872   13.586800   0.056060
1877.528546   13.553330   0.067100
1877.538164   13.578970   0.068350
1877.547759   13.583140   0.070990
1877.557433   13.582960   0.078390
1877.566991   13.577260   0.078010
1877.956588   13.532690   0.063980
1877.966360   13.603700   0.055150
1877.975795   13.574060   0.040900
1877.985575   13.570720   0.035280
1877.995071   13.575160   0.034560
1878.004964   13.580030   0.032740
1878.014335   13.553350   0.035510
1878.023915   13.557010   0.030150
1878.033403   13.558300   0.032520
1878.042881   13.555610   0.032180
1878.052477   13.559060   0.037310
1878.062202   13.599390   0.037130
1878.072038   13.556530   0.037430
1878.081838   13.575870   0.039870
1878.091595   13.552810   0.034640
1878.101204   13.564100   0.037780
1878.111056   13.556490   0.039700
1878.120475   13.553860   0.039860
1878.129972   13.571440   0.042630
1878.139452   13.599230   0.048610
1878.148981   13.558800   0.078820
1878.158293   13.616420   0.071000
1878.167692   13.569140   0.042730
1878.177309   13.564660   0.040490
1878.186872   13.577390   0.053860
1878.196273   13.576470   0.053020
1878.206054   13.544500   0.059250
1878.215833   13.606630   0.065290
1878.225557   13.544680   0.070960
1878.235117   13.600730   0.056830
1878.244657   13.596830   0.057540
1878.254352   13.597580   0.060720
1878.263984   13.612050   0.066660
1878.273770   13.580120   0.068750
1878.283405   13.648120   0.075890
1878.293079   13.646240   0.067880
1878.302887   13.514580   0.087640
1878.312828   13.588950   0.092160
1878.322431   13.548910   0.089470
1878.332111   13.597150   0.095960
1878.342126   13.561360   0.065860
1878.351898   13.618530   0.077380
1878.361666   13.554550   0.066970
1878.371492   13.549880   0.075090
1878.381052   13.590170   0.084880
1878.390611   13.552370   0.062870
1878.400035   13.522590   0.071830
1878.409523   13.553720   0.071600
1878.419250   13.571270   0.083440
1878.427139   13.621840   0.088280
1878.434256   13.723200   0.073930
1878.439734   13.559190   0.084950
1878.444205   13.596890   0.066220
1878.448555   13.578350   0.063540
1878.452064   13.518860   0.081620
1878.454721   13.563870   0.076840
1878.457364   13.560330   0.075510
1878.459093   13.516290   0.079640
1878.460943   13.589770   0.084020
1878.463071   13.607340   0.115390
1878.523903   13.565090   0.084190
1878.533380   13.629400   0.088320
1878.542754   13.570530   0.085130
1878.552323   13.609560   0.094480
1878.561961   13.578660   0.104140
1878.571686   13.559070   0.108480
1878.581158   13.690320   0.106560
1878.590774   13.555700   0.105150
1878.885725   13.523480   0.122410
1878.896259   13.635290   0.099450
1878.907039   13.486560   0.082220
1878.917827   13.630650   0.092500
1878.928636   13.607550   0.085660
1878.939490   13.572400   0.069870
1878.950209   13.599670   0.062850
1878.960985   13.579600   0.060640
1878.971663   13.582800   0.050800
1878.982256   13.554260   0.051870
1878.992862   13.593820   0.049840
1879.003349   13.604780   0.054700
1879.014056   13.560020   0.050280
1879.024781   13.583390   0.054250
1879.035403   13.553320   0.064940
1879.046338   13.562180   0.061200
1879.056998   13.583200   0.062470
1879.067120   13.562480   0.065380
1879.077625   13.546140   0.064340
1879.087804   13.545410   0.065670
1879.097718   13.582420   0.073940
1879.108265   13.566290   0.081390
1879.118677   13.597340   0.077520
1879.128946   13.628290   0.069780
1879.138951   13.607780   0.082220
1879.148948   13.595680   0.088860
1879.158753   13.582650   0.094700
1879.168681   13.572480   0.089610
1879.178653   13.637160   0.097130
1879.188532   13.614820   0.102330
1879.198658   13.623980   0.099610
1879.208980   13.585530   0.102370
1879.219105   13.565450   0.100590
1879.229198   13.599320   0.105110
1879.239692   13.600150   0.104180
1879.249885   13.549070   0.101070
1879.259988   13.609000   0.100960
1879.270136   13.585570   0.097160
1879.279998   13.597600   0.080060
1879.290256   13.504690   0.096250
1879.300321   13.587200   0.095050
1879.310604   13.576940   0.096070
1879.321132   13.526150   0.090100
1879.331398   13.580090   0.095460
1879.341711   13.503330   0.093890
1879.352168   13.532990   0.099640
1879.362239   13.495950   0.096400
1879.372581   13.626030   0.096160
1879.383093   13.636860   0.060000
1879.393142   13.542440   0.098810
1879.403333   13.548640   0.104640
1879.413718   13.524500   0.112110
1879.422210   13.570180   0.113030
1879.430290   13.515390   0.112370
1879.436891   13.422150   0.111080
1879.441492   13.593220   0.119300
1879.445571   13.577830   0.117830
1879.449457   13.560150   0.119190
1879.452342   13.703720   0.105290
1879.454194   13.640720   0.127590
1879.456055   13.607530   0.101370
1879.457932   13.642150   0.125600
1879.460282   13.578930   0.177330
1879.904711   13.694330   0.099360
1879.914664   13.554540   0.069360
1879.924232   13.594430   0.057850
1879.933937   13.600850   0.049550
1879.943742   13.586170   0.042850
1879.953255   13.591450   0.039450
1879.962965   13.600850   0.037930
1879.972299   13.588640   0.036030
1879.982133   13.570740   0.035700
1879.991480   13.619740   0.040080
1880.001350   13.551420   0.041760
1880.010995   13.566930   0.047240
1880.020489   13.588380   0.045780
1880.030167   13.592510   0.047900
1880.040004   13.591130   0.044320
1880.050020   13.596040   0.044890
1880.059700   13.571300   0.046020
1880.069635   13.573530   0.048430
1880.079469   13.588680   0.049610
1880.089000   13.533110   0.045800
1880.098524   13.596600   0.048980
1880.108072   13.568340   0.053940
1880.117530   13.595260   0.046310
1880.127140   13.564800   0.049620
1880.200091   13.561330   0.056380
1880.209735   13.569080   0.060610
1880.219431   13.607050   0.058230
1880.229324   13.566060   0.052020
1880.238989   13.613010   0.052550
1880.248836   13.578370   0.049200
1880.258298   13.589530   0.051940
1880.267686   13.550400   0.055200
1880.277275   13.554540   0.055860
1880.286928   13.535140   0.064440
1880.306613   13.572290   0.056750
1880.369120   13.601430   0.052760
1880.967707   13.568900   0.058800
1880.977730   13.620190   0.059830
1880.987626   13.567070   0.048740
1880.997175   13.595720   0.044820
1881.007352   13.551270   0.045340
1881.017262   13.559530   0.048820
1881.027023   13.543540   0.051170
1881.036583   13.577090   0.048810
1881.046307   13.600670   0.048510
1881.055914   13.534510   0.057510
1881.065565   13.554270   0.054850
1881.075352   13.536380   0.059410
1881.085120   13.554500   0.056590
1881.094964   13.580820   0.054980
1881.104801   13.589490   0.045760
1881.114937   13.611960   0.066180
1881.124474   13.581830   0.057800
1881.134326   13.556520   0.061780
1881.143810   13.545590   0.044670
1881.153419   13.565290   0.060640
1881.163015   13.613250   0.056070
1881.171357   13.600420   0.048570
1881.180981   13.589690   0.049220
1881.190627   13.568760   0.041400
1881.200550   13.586220   0.042970
1881.210473   13.593620   0.047950
1881.220305   13.583860   0.051130
1881.230199   13.581250   0.052400
1881.239668   13.608030   0.055500
1881.249328   13.612580   0.049660
1881.258917   13.595540   0.051190
1881.268352   13.592740   0.055700
1881.278189   13.541240   0.051650
1881.288137   13.588810   0.055840
1881.297680   13.560380   0.055340
1881.307337   13.604230   0.057120
1881.317394   13.579720   0.054750
1881.327336   13.593170   0.061300
1881.337373   13.565350   0.056250
1881.347129   13.578150   0.060490
1881.357110   13.558380   0.064130
1881.366722   13.598710   0.059080
1881.376276   13.615310   0.065400
1881.386104   13.603050   0.071870
1881.395996   13.569600   0.070490
1881.405772   13.596380   0.065660
1881.414838   13.572800   0.068580
1881.422098   13.581630   0.069470
1881.428287   13.552510   0.067060
1881.433496   13.571430   0.073740
1881.437835   13.628650   0.072970
1881.441542   13.601610   0.077380
1881.445078   13.603640   0.082640
1881.447777   13.561040   0.077480
1881.449541   13.597360   0.078720
1881.451276   13.604030   0.073570
1881.453055   13.589720   0.079080
1881.455245   13.637080   0.116630
1881.512259   13.571580   0.078000
1881.522032   13.615850   0.088830
1881.531584   13.578920   0.086650
1881.541053   13.649500   0.097230
1881.550943   13.574950   0.087380
1881.560601   13.589600   0.088370
1881.570473   13.485120   0.089030
1881.580253   13.537840   0.097340
1881.589860   13.484840   0.092470
1881.599577   13.538860   0.103940
1881.609472   13.589040   0.092340
1881.619114   13.572670   0.116110
1881.628942   13.638600   0.126820
1881.638590   13.584060   0.079000
1881.845731   13.514710   0.129840
1881.855252   13.566570   0.117210
1881.864967   13.519060   0.098520
1881.874874   13.534070   0.083380
1881.884546   13.594640   0.070670
1881.894462   13.640690   0.061590
1881.904494   13.582310   0.051580
1881.914271   13.605780   0.051410
1881.923884   13.582050   0.050520
1881.933466   13.556930   0.049520
1881.943231   13.569910   0.049730
1881.952875   13.601160   0.063770
1881.962633   13.544560   0.071280
1881.972149   13.514630   0.078160
1881.982098   13.549800   0.082810
1881.992169   13.590340   0.106000
1882.001889   13.613170   0.111030
1882.011594   13.641280   0.117260
1882.021627   13.577460   0.083380
1882.031644   13.606540   0.099260
1882.041324   13.587130   0.098220
1882.051198   13.556380   0.085160
1882.060871   13.613090   0.095980
1882.080330   13.579480   0.070130
1882.109365   13.625740   0.120380
1882.121972   13.573970   0.105980
1882.131558   13.572140   0.077660
1882.141044   13.671100   0.104180
1882.150540   13.576710   0.086520
1882.160119   13.561070   0.083440
1882.169652   13.591500   0.089620
1882.179008   13.515110   0.091220
1882.188466   13.588430   0.103190
1882.198063   13.594270   0.119530
1883.093660   13.546300   0.070440
1883.103366   13.728630   0.061500
1883.112818   13.539870   0.073330
1883.122237   13.510590   0.080770
1883.131900   13.617510   0.071730
1883.141295   13.537500   0.072970
1883.150882   13.570070   0.081780
1883.160374   13.624300   0.088500
1883.169871   13.521990   0.091590
1883.179271   13.512050   0.067150
1883.188727   13.624400   0.073510
1883.198404   13.567690   0.088650
1883.207904   13.584580   0.082100
1883.217549   13.602520   0.086860
1883.226897   13.524880   0.085640
1883.236210   13.659410   0.096370
1883.245790   13.632540   0.092850
1883.255334   13.644840   0.099830
1883.265175   13.554190   0.091840
1883.274780   13.512700   0.095800
1883.294470   13.522250   0.094900
1883.304304   13.531650   0.098080
1883.323566   13.524490   0.068100
1883.333437   13.512910   0.106120
1883.343435   13.616230   0.112670
1883.353625   13.602500   0.093910
1883.363493   13.562820   0.104920
1883.373027   13.606460   0.111820
1883.382657   13.599090   0.113470
1883.392439   13.534340   0.110350
1883.402040   13.546270   0.105700
1883.410061   13.584440   0.125310
1883.417485   13.691560   0.125420
1883.423677   13.586060   0.113910
1883.428949   13.517210   0.115170
1883.436812   13.600160   0.112960
1883.440171   13.643520   0.066900
1883.443180   13.633120   0.119180
1883.444926   13.529450   0.117840
1883.446707   13.642840   0.116860
1883.448508   13.506450   0.108950
1883.507335   13.676000   0.126510
1883.517022   13.569650   0.120160
1883.526808   13.525020   0.075200
1883.574455   13.544570   0.075700
1883.584302   13.631060   0.076100
1883.593915   13.608580   0.128820
1884.099534   13.556550   0.033800
1884.109140   13.585700   0.031180
1884.118686   13.609950   0.038800
1884.128292   13.544780   0.052660
1884.137551   13.562060   0.037840
1884.147279   13.569310   0.042510
1884.156774   13.569170   0.043740
1884.166197   13.579690   0.052510
1884.175960   13.547930   0.055360
1884.185414   13.624370   0.050380
1884.194977   13.585540   0.038370
1884.204574   13.573110   0.043900
1884.214174   13.574350   0.036720
1884.223839   13.580280   0.044500
1884.233272   13.542760   0.062430
1884.242628   13.561900   0.032910
1884.252195   13.579060   0.032560
1884.261682   13.575950   0.034310
1884.271201   13.571410   0.034760
1884.280876   13.597480   0.036710
1884.290846   13.586140   0.042670
1884.300573   13.585240   0.042880
1884.310420   13.633190   0.072180
1884.320206   13.587450   0.041700
1884.330156   13.584920   0.045480
1884.340081   13.565670   0.056360
1884.350052   13.590200   0.048500
1884.360119   13.567640   0.041530
1884.370060   13.622960   0.047540
1884.379738   13.573780   0.046090
1884.389528   13.569830   0.036510
1884.399065   13.559620   0.038520
1884.406881   13.574240   0.045700
1884.413865   13.601970   0.052950
1884.420368   13.589850   0.060350
1884.425635   13.569140   0.040130
1884.430150   13.578270   0.035350
1884.433678   13.574650   0.039550
1884.437202   13.575350   0.039200
1884.439908   13.608290   0.043820
1884.441669   13.599520   0.041530
1884.443407   13.565150   0.041830
1884.445186   13.586120   0.037940
1884.446926   13.622260   0.057090
1884.503638   13.556060   0.035740
1884.513187   13.577480   0.046320
1884.522993   13.580220   0.037620
1884.532900   13.572710   0.033730
1884.542819   13.566830   0.043130
1884.552706   13.592800   0.054070
1884.562458   13.551880   0.031370
1884.572213   13.587730   0.037570
1884.581820   13.571880   0.031640
1884.591479   13.592600   0.041600
1884.600983   13.580540   0.036730
1884.610820   13.581200   0.034590
1884.886961   13.649070   0.086800
1884.896459   13.614330   0.100000
1884.906042   13.634970   0.091870
1884.915643   13.555770   0.103750
1884.925737   13.610560   0.083040
1884.935570   13.551440   0.103930
1884.945448   13.643570   0.094600
1884.954875   13.574050   0.099040
1884.964329   13.557680   0.094490
1884.974229   13.585280   0.108500
1884.983546   13.659760   0.116880
1884.993441   13.558440   0.100850
1885.003341   13.630890   0.092460
1885.013229   13.544010   0.111120
1885.022911   13.606630   0.107730
1885.032502   13.592780   0.122540
1885.042137   13.591460   0.119830
1885.052183   13.522370   0.114940
1885.061957   13.304320   0.069000
1885.278794   13.589180   0.085360
1885.288696   13.597460   0.098520
1885.298475   13.682430   0.097150
1885.308250   13.572560   0.088760
1885.318087   13.566720   0.090530
1885.328301   13.642580   0.108900
1885.347960   13.473700   0.066400
1885.404548   13.595480   0.064700
1885.590133   13.587720   0.109420
1886.072366   13.628300   0.029040
1886.082057   13.623750   0.032100
1886.091456   13.571630   0.034220
1886.101064   13.601630   0.037380
1886.110701   13.562220   0.034670
1886.120214   13.567140   0.033550
1886.129544   13.572160   0.036480
1886.138882   13.572740   0.037910
1886.148233   13.580530   0.036150
1886.157943   13.571600   0.040020
1886.167550   13.587500   0.043260
1886.177101   13.568540   0.044750
1886.186997   13.559190   0.044180
1886.196609   13.564590   0.048190
1886.206153   13.575960   0.054060
1886.215757   13.523490   0.058290
1886.225422   13.550130   0.078400
1886.234829   13.592450   0.083660
1886.244630   13.604000   0.080190
1886.254426   13.549210   0.053750
1886.263771   13.587390   0.046100
1886.273578   13.581260   0.082170
1886.283270   13.551020   0.044560
1886.293134   13.557120   0.044470
1886.303115   13.567370   0.053360
1886.312914   13.608650   0.050520
1886.322818   13.575900   0.052610
1886.332859   13.580020   0.052420
1886.342543   13.545810   0.049720
1886.352534   13.582000   0.050260
1886.362281   13.595080   0.056490
1886.372003   13.550890   0.059580
1886.381496   13.544210   0.057370
1886.391198   13.541220   0.060970
1886.399994   13.582990   0.065940
1886.408171   13.581170   0.065840
1886.414363   13.565850   0.081360
1886.419581   13.583340   0.082060
1886.423873   13.559370   0.073640
1886.427459   13.561140   0.074630
1886.431086   13.563900   0.076950
1886.433748   13.589910   0.083240
1886.435540   13.630960   0.094380
1886.437293   13.537930   0.074780
1886.439058   13.592300   0.073510
1886.441348   13.561980   0.159800
