1863.169882   11.351020   0.009870
1863.179028   11.357010   0.010740
1863.188111   11.348460   0.012120
1863.197263   11.354790   0.011370
1863.206453   11.349520   0.010970
1863.215516   11.349470   0.012760
1863.224486   11.352440   0.012240
1863.233708   11.357620   0.013160
1863.243026   11.356070   0.013110
1863.252052   11.359450   0.011960
1863.260978   11.351400   0.011430
1863.270074   11.356870   0.013050
1863.279229   11.356050   0.011610
1863.288341   11.346500   0.011140
1863.297662   11.355380   0.010510
1863.306748   11.350330   0.011780
1863.315898   11.361400   0.011950
1863.325261   11.355830   0.011890
1863.334632   11.354230   0.012120
1863.344416   11.358740   0.012010
1863.353962   11.352990   0.011720
1863.363511   11.355090   0.010620
1863.372640   11.343490   0.009990
1863.381795   11.349440   0.010050
1863.391577   11.362430   0.010570
1863.400670   11.356440   0.011030
1863.410157   11.350200   0.010970
1863.419415   11.346380   0.011260
1863.428728   11.355740   0.012070
1863.438171   11.349610   0.012410
1863.447725   11.351490   0.012700
1863.457038   11.363590   0.014550
1863.464667   11.346330   0.016400
1863.471563   11.357140   0.017490
1863.477686   11.364080   0.016460
1863.482900   11.362620   0.016570
1863.487037   11.356860   0.017260
1863.490505   11.360810   0.017150
1863.494064   11.338930   0.016220
1863.496621   11.349360   0.017210
1863.498272   11.340820   0.017090
1863.500087   11.348620   0.017670
1863.501889   11.345610   0.018300
1863.503937   11.348440   0.025600
1864.122118   11.354640   0.008310
1864.131216   11.363370   0.010570
1864.140349   11.357230   0.009530
1864.149328   11.362340   0.009410
1864.158727   11.360140   0.009120
1864.168077   11.355460   0.011150
1864.177441   11.354970   0.010390
1864.186471   11.347610   0.008780
1864.195786   11.349210   0.010680
1864.204761   11.347560   0.009760
1864.213956   11.347790   0.009350
1864.223275   11.348020   0.009070
1864.232312   11.352700   0.010510
1864.241734   11.353540   0.010740
1864.250994   11.357140   0.009470
1864.260292   11.359390   0.011030
1864.269452   11.353040   0.009760
1864.278712   11.364710   0.011200
1864.288040   11.355340   0.011140
1864.297228   11.352850   0.010800
1864.306786   11.348330   0.011030
1864.315982   11.351060   0.011200
1864.325240   11.356470   0.010970
1864.334830   11.357530   0.010850
1864.344223   11.352850   0.014090
1864.353629   11.353780   0.013680
1864.362884   11.344880   0.014670
1864.372284   11.351760   0.017380
1864.381718   11.344210   0.015240
1864.391386   11.356060   0.013400
1864.401175   11.359890   0.016170
1864.410777   11.348520   0.014610
1864.420158   11.351750   0.014660
1864.429378   11.349820   0.015650
1864.438639   11.364420   0.017960
1864.448098   11.351350   0.019860
1864.457409   11.358760   0.020840
1864.465120   11.358320   0.020150
1864.472313   11.347260   0.022110
1864.477494   11.336030   0.026060
1864.482643   11.362370   0.033840
1864.486002   11.324770   0.046540
1864.489646   11.371080   0.039010
1864.492216   11.379280   0.030720
1864.494776   11.362590   0.030090
1864.496480   11.331620   0.032920
1864.498365   11.345280   0.033840
1864.500091   11.351110   0.033400
1864.501760   11.345790   0.030900
1865.081649   11.368360   0.011320
1865.090914   11.367520   0.012010
1865.103000   11.363210   0.011490
1865.112265   11.362690   0.011140
1865.121493   11.365280   0.013110
1865.180915   11.351080   0.008260
1865.189934   11.344250   0.006870
1865.199137   11.356510   0.008490
1865.208040   11.354690   0.006930
1865.217207   11.350220   0.009820
1865.226382   11.356590   0.009470
1865.235932   11.360980   0.010100
1865.245886   11.353200   0.010280
1865.255783   11.357200   0.010050
1865.265750   11.351080   0.012760
1865.275774   11.351890   0.011320
1865.285892   11.356110   0.009930
1865.295973   11.356070   0.011080
1865.306185   11.354630   0.010970
1865.316145   11.362350   0.010630
1865.326150   11.364100   0.011550
1865.336200   11.359770   0.010820
1865.346577   11.360490   0.011890
1865.356675   11.349300   0.011720
1865.366659   11.354180   0.012990
1865.376904   11.350990   0.012760
1865.387088   11.360840   0.013160
1865.397153   11.351360   0.013220
1865.407149   11.355730   0.012820
1865.417333   11.352200   0.012530
1865.427630   11.350050   0.013050
1865.437669   11.352730   0.012870
1865.448171   11.353590   0.015590
1865.457324   11.358210   0.016110
1865.465615   11.363960   0.017490
1865.471988   11.347760   0.022090
1865.477591   11.333880   0.026630
1865.482335   11.347580   0.021480
1865.486159   11.344000   0.024800
1865.489785   11.348040   0.021320
1865.492667   11.371530   0.020560
1865.494427   11.366210   0.019980
1865.496283   11.346820   0.018590
1865.498551   11.341750   0.032310
1866.165339   11.362270   0.007790
1866.174723   11.356400   0.007790
1866.184057   11.351480   0.007790
1866.193410   11.354280   0.007970
1866.202706   11.360510   0.008260
1866.212035   11.357880   0.008370
1866.221409   11.357820   0.008550
1866.230791   11.351580   0.008370
1866.240551   11.358600   0.008310
1866.250004   11.355700   0.008310
1866.259354   11.353870   0.008490
1867.193045   11.360580   0.006060
1867.202355   11.353400   0.006240
1867.211516   11.355700   0.006240
1867.220585   11.349680   0.006470
1867.230131   11.355980   0.006580
1867.239707   11.353770   0.006580
1867.249230   11.358620   0.006580
1867.258785   11.355980   0.006580
1867.268385   11.355260   0.006640
1867.277702   11.356100   0.006750
1867.287153   11.358510   0.006810
1867.296854   11.360730   0.006990
1867.306121   11.355140   0.007040
1867.315500   11.363140   0.007100
1867.325094   11.356930   0.007220
1867.334502   11.358280   0.007390
1867.344482   11.349760   0.007510
1867.354030   11.360580   0.007560
1867.363492   11.357270   0.008260
1867.372735   11.349560   0.007790
1867.382212   11.352200   0.008030
1867.391671   11.348960   0.008370
1867.401392   11.348200   0.008310
1867.410805   11.351910   0.008260
1867.420288   11.344200   0.009180
1867.429722   11.353770   0.010100
1867.439192   11.351300   0.009580
1867.448574   11.352010   0.010570
1867.456168   11.344310   0.009530
1867.463320   11.346620   0.009760
1867.469421   11.347990   0.009700
1867.473939   11.356640   0.008370
1867.478291   11.347390   0.007850
1867.481655   11.348450   0.007790
1867.484335   11.355520   0.008310
1867.486951   11.352450   0.008200
1867.488639   11.354400   0.008310
1867.490315   11.349290   0.008550
1867.492002   11.352610   0.008310
1867.493724   11.349040   0.008260
1868.197661   11.368740   0.009930
1868.207123   11.373950   0.010100
1868.216495   11.374200   0.012040
1868.225986   11.368320   0.011490
1868.235811   11.366230   0.012600
1868.245580   11.353790   0.012410
1868.255259   11.349790   0.012640
1868.264815   11.346650   0.013570
1868.274279   11.353890   0.014840
1868.283929   11.354110   0.013400
1868.293537   11.358370   0.018480
1868.303104   11.365410   0.020090
1868.312574   11.376670   0.020090
1868.322548   11.349340   0.014950
1868.332083   11.352020   0.014720
1868.341800   11.354570   0.015470
1868.351466   11.356090   0.018130
1868.360837   11.349440   0.017670
1868.370659   11.371800   0.017490
1868.380417   11.357140   0.017670
1868.390367   11.362000   0.017260
1868.399668   11.333510   0.016860
1868.409622   11.337310   0.018360
1868.419023   11.358470   0.017550
1868.428372   11.352660   0.017610
1868.437691   11.350440   0.018190
1868.446987   11.350910   0.018130
1868.454949   11.350500   0.018760
1868.461066   11.365420   0.018820
1868.467151   11.352910   0.019340
1868.471440   11.365180   0.020150
1868.475710   11.360130   0.022110
1868.479187   11.361730   0.022690
1868.481793   11.362860   0.022290
1868.484421   11.359490   0.021600
1868.486154   11.357730   0.020790
1868.487874   11.391040   0.021830
1868.489584   11.377150   0.021530
1868.491280   11.372820   0.022340
1868.552972   11.384090   0.032630
1868.562396   11.382940   0.030720
1868.572038   11.318240   0.041200
1868.581607   11.366940   0.051870
1868.591155   11.369850   0.050350
1868.600621   11.370110   0.064650
1868.610180   11.259340   0.087610
1869.239644   11.329800   0.025060
1869.249027   11.321780   0.026450
1869.258676   11.339990   0.028870
1869.268460   11.341890   0.034420
1869.278238   11.323930   0.037210
1869.287800   11.338490   0.037550
1869.297392   11.332220   0.037370
1869.307040   11.289600   0.041050
1869.316723   11.360070   0.062000
1869.326588   11.281730   0.051960
1869.336288   11.303450   0.060670
1869.345989   11.323370   0.067460
1869.356015   11.342510   0.064290
1869.365922   11.320830   0.076340
1869.375609   11.347610   0.089840
1869.384959   11.330160   0.106450
1869.394424   11.326640   0.099540
1869.403953   11.441540   0.068700
1869.413491   11.398600   0.105780
1869.422888   11.380140   0.088750
1869.432156   11.413680   0.095550
1869.441547   11.476070   0.099560
1869.456537   11.425920   0.074300
1869.472681   11.359470   0.125220
1869.476343   11.399550   0.106220
1869.483271   11.310860   0.077800
1869.485003   11.353340   0.076300
1870.219778   11.336190   0.007040
1870.229270   11.340210   0.007280
1870.238762   11.340390   0.007620
1870.248135   11.345010   0.007450
1870.257691   11.349140   0.008310
1870.267266   11.353580   0.007970
1870.276950   11.355690   0.008080
1870.286498   11.350930   0.008140
1870.295849   11.357120   0.007790
1870.305565   11.356220   0.008140
1870.315197   11.357840   0.008950
1870.325274   11.351290   0.009120
1870.335174   11.355230   0.008720
1870.344892   11.354140   0.009120
1870.354573   11.346950   0.010340
1870.364104   11.353170   0.013160
1870.373603   11.357600   0.012640
1870.383600   11.354940   0.014200
1870.393243   11.346410   0.016690
1870.402820   11.348490   0.022460
1870.412418   11.359480   0.021020
1870.421719   11.344690   0.020790
1870.431056   11.357080   0.021710
1870.440608   11.354010   0.018190
1870.448993   11.346990   0.016170
1870.456179   11.352260   0.016170
1870.461756   11.351400   0.019350
1870.466593   11.365120   0.021420
1870.470290   11.358870   0.019230
1870.474034   11.356780   0.021710
1870.476825   11.359040   0.023560
1870.478569   11.352010   0.022750
1870.480341   11.351300   0.021710
1870.482097   11.352790   0.022290
1870.483838   11.365190   0.023440
1870.485602   11.359380   0.022920
1871.136689   11.349110   0.007910
1871.146179   11.352010   0.007680
1871.155384   11.351000   0.007680
1871.164955   11.341440   0.008310
1871.174269   11.345180   0.008200
1871.183469   11.353200   0.008550
1871.192872   11.350870   0.008200
1871.202392   11.345070   0.008550
1871.211865   11.354540   0.009530
1871.221273   11.339840   0.009530
1871.230922   11.344920   0.008890
1871.240394   11.353650   0.008780
1871.250018   11.350090   0.009010
1871.259511   11.336330   0.008780
1871.269122   11.351890   0.009010
1871.278903   11.342530   0.008890
1871.288648   11.348750   0.009350
1871.298226   11.348080   0.009120
1871.307789   11.353280   0.009640
1871.317562   11.351990   0.009870
1871.327342   11.349310   0.010220
1871.337079   11.347710   0.010970
1871.346725   11.346020   0.011320
1871.356495   11.355450   0.011030
1871.366277   11.341820   0.012070
1871.375944   11.350930   0.012300
1871.385808   11.349920   0.013220
1871.395399   11.343190   0.014030
1871.404882   11.355260   0.015940
1871.414342   11.360050   0.015240
1871.423744   11.352390   0.015070
1871.433495   11.337950   0.014780
1871.442405   11.342600   0.014090
1871.449670   11.373340   0.014490
1871.455742   11.342480   0.014610
1871.461191   11.350280   0.015710
1871.465968   11.353880   0.015010
1871.469461   11.355500   0.015130
1871.472994   11.345750   0.015070
1871.476070   11.353600   0.014610
1871.477819   11.353990   0.014490
1871.479709   11.352890   0.014490
1871.481438   11.346790   0.014490
1871.550420   11.346950   0.015700
1871.559908   11.346460   0.016110
1871.569340   11.353580   0.016860
1871.578835   11.357890   0.017840
1871.588334   11.354130   0.019000
1871.597765   11.352200   0.022340
1871.607264   11.354370   0.025520
1871.616819   11.403070   0.030260
1871.626324   11.423690   0.036660
1872.324463   11.345560   0.008890
1872.334315   11.353290   0.009180
1872.344041   11.343490   0.009070
1872.353623   11.333330   0.009120
1872.363427   11.349100   0.009010
1872.373279   11.353270   0.008950
1872.383099   11.340590   0.009120
1872.392766   11.350010   0.009070
1872.402203   11.351120   0.009240
1872.412032   11.362390   0.009640
1872.421585   11.357890   0.009820
1872.431130   11.348690   0.010220
1872.439874   11.349040   0.010220
1872.447517   11.356700   0.010340
1872.454162   11.349920   0.010510
1872.459603   11.351930   0.011200
1872.463903   11.344740   0.011320
1872.467716   11.354590   0.011140
1872.470496   11.353850   0.011200
1872.473152   11.356120   0.011320
1872.474857   11.352480   0.011320
1872.476617   11.354690   0.011370
1872.478370   11.361060   0.011550
1872.480228   11.358730   0.011490
1872.541663   11.354630   0.013970
1872.550845   11.353910   0.014380
1872.560270   11.353230   0.014720
1872.569828   11.350030   0.015650
1872.579400   11.353010   0.016690
1872.588943   11.336020   0.018070
1872.598488   11.327960   0.020150
1872.608116   11.334350   0.023560
1872.617527   11.342260   0.027600
1872.627101   11.359220   0.032390
1872.636625   11.332070   0.039960
1872.646041   11.356740   0.051040
1873.229437   11.353580   0.009990
1873.238826   11.362580   0.010390
1873.248403   11.350080   0.010100
1873.258009   11.352750   0.010220
1873.267456   11.356890   0.010510
1873.276959   11.369070   0.010570
1873.286788   11.339160   0.010510
1873.296275   11.360730   0.010860
1873.305896   11.366570   0.011610
1873.315548   11.360370   0.011610
1873.325684   11.368780   0.011950
1873.335346   11.351840   0.012820
1873.344943   11.376720   0.012530
1873.354842   11.359890   0.012180
1873.364691   11.378090   0.013400
1873.374458   11.343190   0.012760
1873.383960   11.358540   0.011840
1873.393856   11.369370   0.012360
1873.403606   11.371550   0.012820
1873.413210   11.373930   0.014090
1873.422938   11.358580   0.013860
1873.432622   11.344260   0.012930
1873.441010   11.358580   0.012410
1873.447044   11.358280   0.012360
1873.453044   11.354800   0.012410
1873.457630   11.347390   0.012640
1873.462090   11.343420   0.012760
1873.465548   11.341560   0.012820
1873.468261   11.340810   0.012930
1873.470892   11.360250   0.013450
1873.472722   11.360680   0.013160
1873.474437   11.363340   0.013050
1873.476606   11.354200   0.018450
1873.539458   11.376020   0.047540
1873.548852   11.389720   0.036630
1873.558313   11.352960   0.028370
1873.567696   11.370930   0.026280
1873.577180   11.381620   0.030090
1873.586745   11.363760   0.024710
1873.596227   11.388940   0.035060
1873.605773   11.384710   0.033600
1873.615397   11.375360   0.024750
1873.624816   11.345320   0.032800
1874.032527   11.349820   0.007160
1874.041923   11.347390   0.007510
1874.051714   11.358980   0.007510
1874.061193   11.353840   0.007280
1874.070741   11.353810   0.007620
1874.080230   11.350790   0.007620
1874.089638   11.353170   0.007560
1874.098984   11.355880   0.007790
1874.108441   11.357480   0.007680
1874.117749   11.352780   0.007910
1874.127103   11.358210   0.007970
1874.136654   11.355260   0.008080
1874.145982   11.362300   0.008370
1874.155173   11.347950   0.008950
1874.164605   11.344460   0.009410
1874.174153   11.357490   0.010910
1874.183645   11.370490   0.013680
1874.193053   11.354250   0.017550
1874.202515   11.336470   0.018190
1874.212179   11.348890   0.019460
1874.222051   11.347870   0.017380
1874.593715   11.343880   0.030550
1874.603390   11.369390   0.028810
1874.613039   11.353500   0.034030
1876.992585   11.351370   0.007330
1877.002277   11.363740   0.007450
1877.012009   11.351900   0.007740
1877.021623   11.346470   0.007510
1877.031340   11.351560   0.008080
1877.041094   11.357450   0.007850
1877.050632   11.360280   0.007450
1877.060512   11.348190   0.007560
1877.070280   11.351420   0.007740
1877.080037   11.355080   0.007850
1877.089835   11.356220   0.007790
1877.099542   11.341850   0.008030
1877.109324   11.362100   0.009010
1877.119234   11.363660   0.009070
1877.128562   11.351270   0.008490
1877.137988   11.343570   0.008310
1877.147449   11.359020   0.009470
1877.157081   11.360770   0.009010
1877.166514   11.353560   0.008720
1877.175811   11.348830   0.008490
1877.185180   11.352430   0.008950
1877.194638   11.351260   0.008720
1877.204359   11.355830   0.008600
1877.213829   11.346770   0.008430
1877.223290   11.348970   0.008660
1877.232928   11.360020   0.008660
1877.242583   11.359420   0.009120
1877.252102   11.354830   0.009180
1877.261424   11.345010   0.009180
1877.271317   11.350950   0.008780
1877.280810   11.351760   0.008370
1877.290913   11.341860   0.008950
1877.300784   11.360780   0.009760
1877.310552   11.355750   0.008840
1877.320329   11.356020   0.009640
1877.330019   11.361760   0.009010
1877.339609   11.359730   0.008490
1877.349339   11.358040   0.009120
1877.359563   11.355010   0.008600
1877.369289   11.358120   0.009120
1877.379166   11.350670   0.009010
1877.389199   11.355870   0.009820
1877.398748   11.353010   0.010570
1877.408188   11.364570   0.010340
1877.417610   11.355400   0.009990
1877.426444   11.367760   0.009580
1877.433416   11.346970   0.009930
1877.439426   11.364490   0.010740
1877.444578   11.349090   0.010510
1877.449101   11.354380   0.009990
1877.452622   11.350990   0.010970
1877.456119   11.351310   0.010160
1877.458826   11.362740   0.010160
1877.460660   11.349970   0.010280
1877.462441   11.355180   0.010280
1877.464144   11.343940   0.010220
1877.465872   11.350180   0.010620
1877.528546   11.340680   0.012240
1877.538164   11.359830   0.012820
1877.547759   11.355230   0.013400
1877.557433   11.351850   0.013800
1877.566991   11.354220   0.013970
1877.956588   11.336150   0.010740
1877.966360   11.355490   0.009930
1877.975795   11.354340   0.008370
1877.985575   11.347610   0.007680
1877.995071   11.359770   0.007330
1878.004964   11.356610   0.007280
1878.014335   11.362220   0.007790
1878.023915   11.355480   0.006290
1878.033403   11.353870   0.007280
1878.042881   11.358670   0.007280
1878.052477   11.360900   0.008080
1878.062202   11.350310   0.007790
1878.072038   11.360300   0.008080
1878.081838   11.353900   0.008140
1878.091595   11.344570   0.007850
1878.101204   11.356380   0.008140
1878.111056   11.348360   0.008200
1878.120475   11.356910   0.008310
1878.129972   11.352200   0.008950
1878.139452   11.355700   0.010100
1878.148981   11.351870   0.015760
1878.158293   11.349480   0.014150
1878.167692   11.354580   0.009180
1878.177309   11.358130   0.008950
1878.186872   11.353010   0.010970
1878.196273   11.344850   0.010800
1878.206054   11.349410   0.012070
1878.215833   11.355780   0.012760
1878.225557   11.348330   0.012870
1878.235117   11.347480   0.010970
1878.244657   11.357380   0.011260
1878.254352   11.353870   0.011950
1878.263984   11.344310   0.012820
1878.273770   11.342220   0.013050
1878.283405   11.354990   0.013800
1878.293079   11.346080   0.013510
1878.302887   11.362320   0.016570
1878.312828   11.351490   0.016920
1878.322431   11.352050   0.016690
1878.332111   11.350560   0.017440
1878.342126   11.350710   0.012380
1878.351898   11.347650   0.014090
1878.361666   11.357330   0.013630
1878.371492   11.352360   0.014030
1878.381052   11.351970   0.015190
1878.390611   11.355040   0.011380
1878.400035   11.348880   0.014150
1878.409523   11.346410   0.013400
1878.419250   11.343250   0.014670
1878.427139   11.354690   0.015190
1878.434256   11.345720   0.012440
1878.439734   11.346060   0.015300
1878.444205   11.333050   0.012090
1878.448555   11.347460   0.011880
1878.452064   11.340150   0.014490
1878.454721   11.323630   0.014490
1878.457364   11.351670   0.014490
1878.459093   11.360330   0.014660
1878.460943   11.358830   0.014670
1878.463071   11.340800   0.020620
1878.523903   11.355360   0.014950
1878.533380   11.367800   0.015470
1878.542754   11.364130   0.014950
1878.552323   11.373840   0.015990
1878.561961   11.366960   0.018300
1878.571685   11.355570   0.024770
1878.581234   11.375570   0.022800
1878.590773   11.380490   0.024190
1878.600390   11.352840   0.030260
1878.885725   11.361550   0.020160
1878.896259   11.363760   0.016400
1878.907039   11.371150   0.015190
1878.917827   11.350150   0.014490
1878.928636   11.358350   0.014430
1878.939490   11.360600   0.012820
1878.950209   11.360220   0.010850
1878.960985   11.351440   0.010510
1878.971663   11.344440   0.009930
1878.982256   11.358980   0.010220
1878.992862   11.353030   0.009990
1879.003349   11.349260   0.010680
1879.014056   11.355730   0.010800
1879.024781   11.355090   0.010800
1879.035403   11.358640   0.011890
1879.046338   11.353770   0.011950
1879.056998   11.361140   0.012470
1879.067120   11.366370   0.012760
1879.077625   11.355970   0.012640
1879.087804   11.360820   0.013050
1879.097718   11.369210   0.014200
1879.108265   11.355840   0.014950
1879.118677   11.351550   0.015590
1879.128946   11.343910   0.012870
1879.138951   11.359680   0.014840
1879.148948   11.346800   0.016800
1879.158753   11.363400   0.017380
1879.168681   11.353210   0.017320
1879.178653   11.351420   0.017780
1879.188532   11.360800   0.018250
1879.198658   11.360540   0.018360
1879.208980   11.360940   0.018590
1879.219105   11.359300   0.018770
1879.229198   11.363950   0.018940
1879.239692   11.347970   0.018710
1879.249885   11.349820   0.018250
1879.259988   11.362270   0.017840
1879.270136   11.337630   0.017440
1879.279998   11.359990   0.014280
1879.290256   11.364720   0.017610
1879.300321   11.337140   0.017380
1879.310604   11.350040   0.017550
1879.321132   11.353450   0.017610
1879.331398   11.354620   0.017840
1879.341711   11.352810   0.017900
1879.352168   11.345780   0.018010
1879.362239   11.347020   0.018240
1879.372581   11.351430   0.018360
1879.383093   11.363560   0.010800
1879.393142   11.351700   0.018940
1879.403333   11.363250   0.019690
1879.413718   11.355510   0.019920
1879.422210   11.342950   0.020320
1879.430290   11.356720   0.020840
1879.436891   11.373820   0.021540
1879.441492   11.359840   0.021820
1879.445571   11.363280   0.022110
1879.449457   11.354920   0.022350
1879.452342   11.358840   0.018530
1879.454194   11.366470   0.022750
1879.456055   11.362850   0.018670
1879.457932   11.355140   0.022920
1879.460282   11.350370   0.032380
1879.524043   11.359350   0.028410
1879.534146   11.346250   0.029450
1879.544253   11.361100   0.030200
1879.554321   11.367960   0.017800
1879.564508   11.329990   0.031010
1879.574677   11.336040   0.031580
1879.584814   11.359850   0.033140
1879.594935   11.349240   0.033780
1879.605121   11.338630   0.035510
1879.615186   11.353010   0.037480
1879.625350   11.347080   0.040830
1879.885631   11.357020   0.022170
1879.895153   11.339510   0.019350
1879.904711   11.359180   0.015070
1879.914664   11.351110   0.011720
1879.924232   11.358140   0.009760
1879.933937   11.360490   0.008660
1879.943742   11.374490   0.007910
1879.953255   11.358180   0.007450
1879.962965   11.359830   0.007100
1879.972299   11.356790   0.007100
1879.982133   11.362330   0.007280
1879.991480   11.354140   0.007510
1880.001350   11.363450   0.007790
1880.010995   11.345800   0.008200
1880.020489   11.359670   0.008260
1880.030167   11.358810   0.008550
1880.040004   11.363670   0.008200
1880.050020   11.354730   0.008260
1880.059700   11.358300   0.008430
1880.069635   11.354270   0.008490
1880.079469   11.357420   0.008950
1880.089000   11.354950   0.008660
1880.098524   11.346200   0.008890
1880.108072   11.349590   0.009580
1880.117530   11.360130   0.008720
1880.127140   11.361420   0.009010
1880.200091   11.360450   0.009820
1880.209735   11.367220   0.010390
1880.219431   11.348190   0.010110
1880.229324   11.342000   0.009300
1880.238989   11.346700   0.009300
1880.248836   11.352450   0.009300
1880.258298   11.361880   0.009580
1880.267686   11.358400   0.009870
1880.277275   11.352450   0.009930
1880.286928   11.333680   0.011140
1880.306613   11.354030   0.009990
1880.369120   11.341040   0.009640
1880.684731   11.305560   0.027840
1880.693935   11.304490   0.025870
1880.703424   11.412690   0.031810
1880.712965   11.354020   0.035390
1880.722745   11.332490   0.044060
1880.732752   11.349550   0.049600
1880.743114   11.356180   0.062100
1880.753480   11.375330   0.079300
1880.828480   11.389730   0.071360
1880.839020   11.314470   0.061240
1880.967707   11.347100   0.009870
1880.977730   11.348510   0.010160
1880.987626   11.360200   0.008600
1880.997175   11.362730   0.008310
1881.007352   11.361480   0.008430
1881.017262   11.358610   0.008670
1881.027023   11.365030   0.009120
1881.036583   11.358330   0.008950
1881.046307   11.361860   0.009240
1881.055914   11.364390   0.010100
1881.065565   11.359390   0.009930
1881.075352   11.357250   0.010680
1881.085120   11.351360   0.009730
1881.094964   11.344150   0.009590
1881.104801   11.347130   0.008550
1881.114937   11.336510   0.011320
1881.124474   11.338720   0.010400
1881.134326   11.344500   0.010910
1881.143810   11.346420   0.008830
1881.153419   11.345470   0.010740
1881.163015   11.356760   0.010160
1881.171357   11.350890   0.009010
1881.180981   11.351760   0.009350
1881.190627   11.351550   0.008310
1881.200550   11.360810   0.008830
1881.210473   11.357850   0.009300
1881.220305   11.353830   0.009820
1881.230199   11.359520   0.009700
1881.239668   11.354180   0.010050
1881.249328   11.357820   0.009990
1881.258917   11.358030   0.009870
1881.268352   11.354290   0.010220
1881.278189   11.348810   0.010100
1881.288137   11.358750   0.010340
1881.297680   11.353010   0.010390
1881.307337   11.354340   0.010740
1881.317394   11.357640   0.010970
1881.327336   11.360440   0.011320
1881.337373   11.359420   0.011430
1881.347129   11.361640   0.011550
1881.357110   11.344230   0.011660
1881.366722   11.361000   0.012010
1881.376276   11.348530   0.012120
1881.386104   11.341710   0.012530
1881.395996   11.364980   0.012700
1881.405772   11.356930   0.013050
1881.414838   11.358450   0.012990
1881.422098   11.372960   0.013400
1881.428287   11.364930   0.013400
1881.433420   11.359290   0.010890
1881.437835   11.358530   0.013510
1881.441542   11.363020   0.014030
1881.445078   11.361950   0.014140
1881.447777   11.350340   0.014030
1881.449541   11.361330   0.014090
1881.451276   11.362300   0.014200
1881.453055   11.356570   0.014140
1881.455245   11.363100   0.020050
1881.512259   11.350710   0.014950
1881.522032   11.358320   0.015880
1881.531584   11.354220   0.016170
1881.541053   11.351360   0.016280
1881.550943   11.362070   0.016400
1881.560601   11.347920   0.016980
1881.570473   11.354640   0.016920
1881.580253   11.353850   0.018240
1881.589860   11.346330   0.017840
1881.599577   11.337110   0.019230
1881.609472   11.346180   0.018420
1881.619114   11.350150   0.020380
1881.628942   11.360380   0.022230
1881.638590   11.357440   0.023560
1881.648351   11.370890   0.026390
1881.778022   11.295120   0.049100
1881.787777   11.372090   0.046770
1881.797497   11.331100   0.049400
1881.807277   11.280730   0.042960
1881.816745   11.369580   0.035290
1881.826319   11.366490   0.029790
1881.835921   11.356750   0.024140
1881.845731   11.353990   0.021020
1881.855252   11.364580   0.018600
1881.864967   11.345110   0.016170
1881.874874   11.350580   0.014380
1881.884546   11.342350   0.012300
1881.894462   11.350960   0.010970
1881.904494   11.342130   0.009870
1881.914271   11.356660   0.009820
1881.923884   11.361450   0.009930
1881.933466   11.358020   0.009530
1881.943231   11.354790   0.009640
1881.952875   11.356480   0.011950
1881.962633   11.366830   0.013220
1881.972149   11.357530   0.013680
1881.982098   11.354160   0.014320
1881.992169   11.362340   0.017730
1882.001889   11.368700   0.020150
1882.011594   11.344740   0.019860
1882.021627   11.359080   0.015590
1882.031644   11.350230   0.016920
1882.041324   11.353570   0.016280
1882.051198   11.354190   0.015190
1882.060871   11.341920   0.015590
1882.070527   11.378570   0.029340
1882.080330   11.354950   0.012410
1882.090096   11.386650   0.026110
1882.099569   11.369990   0.042520
1882.109365   11.353930   0.021250
1882.121972   11.350560   0.017610
1882.131558   11.343050   0.013570
1882.141120   11.349800   0.022230
1882.150540   11.364350   0.014780
1882.160119   11.350130   0.015070
1882.169652   11.350550   0.015880
1882.179008   11.356680   0.015420
1882.188466   11.331400   0.017380
1882.198063   11.361210   0.019980
1882.208031   11.342940   0.035190
1882.217722   11.373890   0.029110
1882.227231   11.346330   0.024080
1882.236839   11.334450   0.025240
1882.246327   11.340360   0.035800
1882.256107   11.338060   0.033320
1882.266006   11.352940   0.033150
1882.275585   11.355910   0.028590
1882.285301   11.354280   0.029330
1882.295361   11.377650   0.026300
1882.305067   11.358770   0.034880
1882.315073   11.333300   0.044930
1882.325032   11.343420   0.027500
1882.334886   11.357400   0.023900
1882.344919   11.336360   0.027830
1882.354771   11.333740   0.030180
1882.364587   11.354140   0.025690
1882.374737   11.335770   0.025590
1882.384757   11.388260   0.100780
1882.394964   11.321140   0.056250
1883.093660   11.340170   0.011670
1883.103366   11.360650   0.018160
1883.112818   11.326730   0.012260
1883.122237   11.330570   0.013700
1883.131900   11.347410   0.011550
1883.141295   11.335920   0.012820
1883.150882   11.347690   0.013800
1883.160374   11.335630   0.015020
1883.169871   11.366900   0.015770
1883.179271   11.344640   0.012180
1883.188727   11.351030   0.012590
1883.198404   11.350300   0.014840
1883.207904   11.357380   0.014670
1883.217549   11.374550   0.015200
1883.226897   11.358110   0.015190
1883.236210   11.378570   0.015770
1883.245790   11.361900   0.015470
1883.255334   11.356410   0.016340
1883.265175   11.372810   0.015880
1883.274780   11.367590   0.016340
1883.284849   11.386800   0.022000
1883.294394   11.362700   0.022580
1883.304305   11.376680   0.021500
1883.314080   11.368680   0.025900
1883.323720   11.355410   0.021840
1883.333437   11.359890   0.018710
1883.343435   11.368330   0.020100
1883.353548   11.342080   0.021530
1883.363493   11.354850   0.017730
1883.373027   11.366960   0.018650
1883.382657   11.344130   0.020440
1883.392439   11.367070   0.018830
1883.402040   11.365500   0.018600
1883.410061   11.345790   0.021070
1883.417485   11.361030   0.021190
1883.423677   11.356920   0.019810
1883.428949   11.351860   0.020210
1883.433300   11.348870   0.023190
1883.436812   11.337990   0.019760
1883.440325   11.357430   0.021540
1883.443180   11.343910   0.020280
1883.444926   11.352490   0.021550
1883.446707   11.352760   0.019110
1883.448508   11.349950   0.018940
1883.507335   11.350010   0.020440
1883.517022   11.353620   0.020440
1883.526655   11.372250   0.023210
1883.536232   11.352560   0.024660
1883.545818   11.352150   0.025170
1883.555341   11.366170   0.023730
1883.565051   11.361510   0.024370
1883.574608   11.360640   0.023680
1883.584302   11.326150   0.023950
1883.593915   11.335680   0.020960
1884.099534   11.354910   0.006470
1884.109140   11.348890   0.006350
1884.118686   11.354610   0.007560
1884.128292   11.358580   0.008720
1884.137551   11.356740   0.007100
1884.147279   11.350280   0.007910
1884.156774   11.350040   0.008260
1884.166197   11.346430   0.009270
1884.175960   11.354240   0.009700
1884.185414   11.348940   0.008260
1884.194977   11.345040   0.007280
1884.204574   11.355970   0.007910
1884.214174   11.351020   0.007280
1884.223839   11.360730   0.007850
1884.233272   11.342740   0.010810
1884.242628   11.343060   0.006810
1884.252195   11.345380   0.006640
1884.261682   11.353400   0.006750
1884.271201   11.352750   0.006810
1884.280876   11.353100   0.007280
1884.290846   11.357330   0.007790
1884.300573   11.347520   0.008370
1884.310420   11.354130   0.011740
1884.320206   11.355540   0.007970
1884.330156   11.351490   0.008140
1884.340081   11.365450   0.009530
1884.350052   11.355760   0.009300
1884.360119   11.350840   0.007970
1884.370060   11.353480   0.008140
1884.379738   11.360390   0.008840
1884.389528   11.351380   0.007100
1884.399065   11.349950   0.007450
1884.406881   11.350660   0.008260
1884.413865   11.360560   0.009640
1884.420368   11.354040   0.010120
1884.425635   11.358940   0.007680
1884.430150   11.355390   0.007100
1884.433678   11.356820   0.007850
1884.437202   11.355810   0.007790
1884.439908   11.347870   0.008030
1884.441669   11.349720   0.007910
1884.443407   11.350880   0.007800
1884.445186   11.355210   0.007560
1884.446926   11.348370   0.009360
1884.503638   11.352010   0.007160
1884.513187   11.354720   0.008150
1884.522993   11.354740   0.007160
1884.532900   11.361080   0.006750
1884.542819   11.351790   0.007560
1884.552706   11.349470   0.008320
1884.562458   11.354310   0.006240
1884.572213   11.349820   0.007170
1884.581820   11.357230   0.006530
1884.591479   11.347650   0.007910
1884.600983   11.355780   0.007220
1884.610820   11.349310   0.006810
1884.886961   11.363860   0.016290
1884.896459   11.354040   0.016740
1884.906042   11.370990   0.015660
1884.915643   11.360600   0.019410
1884.925737   11.371970   0.014490
1884.935570   11.359320   0.019290
1884.945448   11.372930   0.015530
1884.954875   11.370100   0.017380
1884.964329   11.360740   0.016810
1884.974229   11.341930   0.019020
1884.983546   11.354800   0.019170
1884.993441   11.362510   0.017670
1885.003341   11.364890   0.016920
1885.013229   11.360830   0.019570
1885.022911   11.359800   0.019410
1885.032502   11.342760   0.022460
1885.042137   11.333160   0.021770
1885.052183   11.378560   0.022350
1885.061957   11.335750   0.024250
1885.071678   11.355990   0.026280
1885.081285   11.333920   0.030630
1885.090973   11.341110   0.025690
1885.100847   11.362080   0.026270
1885.278794   11.350390   0.014150
1885.288696   11.349500   0.018530
1885.298475   11.352320   0.015130
1885.308250   11.352920   0.015070
1885.318087   11.366270   0.015880
1885.328301   11.355460   0.018780
1885.338173   11.348130   0.027090
1885.347960   11.370070   0.023560
1885.357853   11.362960   0.025240
1885.367578   11.349020   0.024740
1885.377344   11.352280   0.030790
1885.386938   11.344380   0.030140
1885.396599   11.364650   0.025240
1885.404395   11.355460   0.022590
1885.411445   11.360100   0.026340
1885.417511   11.348190   0.026680
1885.422892   11.352910   0.028130
1885.427461   11.355010   0.026280
1885.430989   11.365350   0.021310
1885.434637   11.363010   0.024830
1885.437356   11.333710   0.025460
1885.439093   11.356370   0.025520
1885.440855   11.344340   0.024940
1885.442624   11.343910   0.022640
1885.444416   11.356740   0.023460
1885.502228   11.351090   0.025820
1885.511985   11.339800   0.034090
1885.521821   11.327840   0.025350
1885.531512   11.324410   0.024690
1885.541243   11.339430   0.026910
1885.551133   11.352160   0.022230
1885.560860   11.355580   0.022240
1885.570601   11.334350   0.021490
1885.580236   11.332930   0.026740
1885.590133   11.354000   0.018480
1886.072366   11.359660   0.006290
1886.082057   11.353890   0.006580
1886.091456   11.356940   0.006870
1886.101064   11.353950   0.007040
1886.110701   11.362120   0.007040
1886.120214   11.357370   0.007100
1886.129544   11.358800   0.007390
1886.138882   11.363090   0.007560
1886.148233   11.353780   0.007620
1886.157943   11.342580   0.007790
1886.167550   11.355890   0.008670
1886.177101   11.360410   0.008720
1886.186997   11.358690   0.009070
1886.196609   11.361650   0.009530
1886.206153   11.355590   0.010340
1886.215757   11.353070   0.010910
1886.225422   11.367660   0.014320
1886.234829   11.357700   0.014260
1886.244630   11.353440   0.013970
1886.254426   11.353700   0.010450
1886.263771   11.358830   0.008890
1886.273578   11.352530   0.013980
1886.283270   11.353420   0.008600
1886.293134   11.353290   0.008950
1886.303115   11.350420   0.010100
1886.312914   11.353120   0.009300
1886.322818   11.357020   0.009530
1886.332859   11.356920   0.009580
1886.342543   11.357910   0.009180
1886.352534   11.359060   0.009350
1886.362281   11.354000   0.009930
1886.372003   11.345540   0.010280
1886.381496   11.360510   0.010620
1886.391198   11.348570   0.011370
1886.399994   11.353810   0.011370
1886.408171   11.356190   0.011720
1886.414363   11.348910   0.014150
1886.419581   11.356720   0.014030
1886.423873   11.351300   0.013110
1886.427459   11.351220   0.012820
1886.431086   11.349860   0.012590
1886.433748   11.372560   0.014330
1886.435540   11.334660   0.014840
1886.437293   11.342520   0.013280
1886.439058   11.362710   0.013510
1886.441348   11.366050   0.027300
