1863.169882   13.034670   0.030890
1863.179028   13.012110   0.032970
1863.188111   13.029250   0.039330
1863.197263   12.994020   0.035630
1863.206453   13.000770   0.034130
1863.215516   13.007600   0.039390
1863.224486   12.992790   0.041830
1863.233708   13.009130   0.041340
1863.243026   13.036440   0.040880
1863.252052   12.997720   0.037740
1863.260978   13.016170   0.036670
1863.270074   12.987340   0.040270
1863.279229   12.999360   0.036260
1863.288341   13.006640   0.035570
1863.297662   13.004360   0.032630
1863.306748   13.025820   0.037010
1863.315898   13.003420   0.037530
1863.325261   13.022530   0.036900
1863.334632   13.002300   0.037650
1863.344416   13.002820   0.036660
1863.353962   13.014050   0.036320
1863.363511   12.997200   0.032160
1863.372640   13.013360   0.030890
1863.381795   13.009200   0.030900
1863.391577   13.009980   0.033090
1863.400670   12.985110   0.034370
1863.410157   13.012930   0.034700
1863.419415   13.016960   0.037880
1863.428728   12.989360   0.039670
1863.438171   13.012800   0.038460
1863.447725   13.021720   0.042740
1863.457038   13.033520   0.047670
1863.464667   13.004930   0.056790
1863.471563   12.951520   0.062330
1863.477686   13.043760   0.063020
1863.482900   13.060370   0.061140
1863.487037   13.064970   0.063130
1863.490505   13.040760   0.062570
1863.494064   13.021290   0.060400
1863.496621   13.027440   0.065120
1863.498272   13.036700   0.062840
1863.500087   13.027660   0.065530
1863.501889   13.006390   0.066630
1863.503937   12.991710   0.095930
1864.122118   13.030650   0.025180
1864.131216   13.040530   0.033590
1864.140349   13.021410   0.029040
1864.149328   13.010710   0.030810
1864.158727   13.024580   0.027310
1864.168077   13.034320   0.035180
1864.177441   12.992220   0.032920
1864.186471   13.020000   0.026730
1864.195786   13.014670   0.033950
1864.204761   12.994980   0.029620
1864.213956   13.027130   0.028990
1864.223275   13.010180   0.027840
1864.232312   13.001730   0.033620
1864.241734   13.020720   0.033200
1864.250994   13.012170   0.029040
1864.260292   12.998240   0.035000
1864.269452   13.020580   0.029680
1864.278712   12.990780   0.035220
1864.288040   13.016530   0.036210
1864.297228   13.032200   0.033670
1864.306786   13.023480   0.034580
1864.315982   12.999070   0.035840
1864.325240   13.040920   0.034530
1864.334830   13.016700   0.032910
1864.344223   13.019720   0.048240
1864.353629   13.000180   0.044940
1864.362884   12.997680   0.048380
1864.372284   12.965760   0.056790
1864.381718   13.022420   0.049140
1864.391386   13.027040   0.042970
1864.401175   13.011150   0.055620
1864.410777   13.008090   0.046480
1864.420158   13.044090   0.047020
1864.429378   13.023610   0.056240
1864.438639   12.992140   0.064050
1864.448098   13.016100   0.072600
1864.457409   13.058120   0.078420
1864.465120   13.046710   0.072440
1864.472313   13.003080   0.083420
1864.477494   12.945170   0.093290
1864.482643   13.006850   0.117120
1864.492216   13.027750   0.110320
1864.494776   13.014480   0.109150
1864.496480   13.012630   0.109500
1864.498365   13.010880   0.109860
1864.500091   13.021010   0.113080
1864.501760   12.953810   0.110950
1865.081649   13.011850   0.040510
1865.090914   13.002900   0.040160
1865.103000   13.008370   0.039330
1865.112265   12.998640   0.037020
1865.121493   12.973830   0.047290
1865.180915   13.020630   0.026210
1865.189934   13.012090   0.021210
1865.199137   13.029060   0.027080
1865.208040   13.027770   0.021200
1865.217207   13.005550   0.032290
1865.226382   13.002170   0.029720
1865.235932   13.023860   0.032460
1865.245886   13.020930   0.033730
1865.255783   13.002400   0.034090
1865.265750   13.001540   0.044440
1865.275774   13.002050   0.037630
1865.285892   13.013660   0.032980
1865.295973   12.997350   0.037960
1865.306185   13.036480   0.036490
1865.316145   13.022970   0.035050
1865.326150   12.997650   0.037540
1865.336276   12.989220   0.043100
1865.346577   12.987540   0.038590
1865.356675   13.011060   0.038000
1865.366659   12.993060   0.043600
1865.376904   12.984830   0.043830
1865.387088   13.028400   0.043850
1865.397153   12.989380   0.046190
1865.407149   12.989160   0.044520
1865.417333   13.010550   0.042730
1865.427630   12.967150   0.043030
1865.437669   12.977430   0.042100
1865.448171   13.064280   0.051670
1865.457324   13.001410   0.058110
1865.465615   13.010540   0.059800
1865.471988   13.047950   0.078290
1865.477591   13.025830   0.087450
1865.482335   13.025830   0.079120
1865.486159   12.941820   0.091230
1865.489785   13.031650   0.073850
1865.492667   13.028210   0.075380
1865.494427   13.072590   0.072340
1865.496283   13.067200   0.065650
1865.498551   13.012890   0.115940
1866.165339   13.011340   0.022520
1866.174723   13.007920   0.023160
1866.184057   12.988830   0.022990
1866.193410   13.003280   0.023670
1866.202706   13.011360   0.024190
1866.212035   13.028460   0.025060
1866.221409   12.989450   0.024890
1866.230791   13.008290   0.024600
1866.240551   13.007780   0.024600
1866.250004   13.021000   0.025000
1866.259354   13.001190   0.025400
1867.193045   13.010350   0.017030
1867.202355   13.032230   0.017900
1867.211516   13.024600   0.017960
1867.220585   13.026340   0.019400
1867.230131   13.028880   0.019810
1867.239707   13.027150   0.019230
1867.249230   13.007410   0.018830
1867.258785   13.021350   0.018940
1867.268385   13.024230   0.019640
1867.277702   13.012010   0.019980
1867.287153   13.027920   0.020560
1867.296854   13.002720   0.020380
1867.306121   13.023390   0.020840
1867.315500   13.012740   0.021020
1867.325094   13.016200   0.021540
1867.334502   13.004720   0.022110
1867.344482   13.024180   0.023630
1867.354030   13.007020   0.023510
1867.363492   13.012850   0.026220
1867.372735   12.998000   0.023970
1867.382212   13.017040   0.024940
1867.391671   12.997990   0.026100
1867.401392   13.006980   0.026390
1867.410805   13.012020   0.024890
1867.420288   12.991080   0.029880
1867.429722   13.002590   0.033440
1867.439192   12.996930   0.030030
1867.448574   13.015080   0.033720
1867.456168   13.011840   0.029850
1867.463320   13.011320   0.030730
1867.469421   12.986560   0.031530
1867.473939   13.037560   0.025870
1867.478291   13.017190   0.023790
1867.481655   13.008180   0.024200
1867.484335   12.995790   0.025930
1867.486951   13.005480   0.025060
1867.488639   12.994530   0.026800
1867.490315   13.020730   0.028410
1867.492002   13.019220   0.027720
1867.493724   13.003480   0.026230
1868.197661   13.002530   0.032340
1868.207123   13.018170   0.031970
1868.216495   12.994600   0.042340
1868.225986   13.017670   0.038050
1868.235811   12.984670   0.045090
1868.245580   12.986760   0.042120
1868.255259   12.997460   0.044100
1868.264815   13.012970   0.044500
1868.274279   13.015140   0.047010
1868.283929   13.013600   0.042050
1868.293537   13.002190   0.063230
1868.303104   12.969040   0.070790
1868.312574   12.998370   0.066730
1868.322548   13.002380   0.048180
1868.332083   13.001180   0.044690
1868.341800   13.044060   0.048270
1868.351466   12.972590   0.064020
1868.360837   12.995460   0.061900
1868.370659   12.984080   0.058700
1868.380417   13.011330   0.059670
1868.390367   13.066210   0.055740
1868.399668   13.049680   0.056200
1868.409622   13.033370   0.057680
1868.419023   13.036880   0.056100
1868.428372   13.028350   0.054110
1868.437691   13.025820   0.058780
1868.446987   13.024790   0.058740
1868.454949   13.037950   0.062950
1868.461066   13.052760   0.057510
1868.467151   13.047490   0.061440
1868.471440   13.046620   0.071060
1868.475710   12.996560   0.071340
1868.479187   13.080100   0.080080
1868.481793   13.000520   0.070800
1868.484421   12.998160   0.069230
1868.486154   13.036220   0.067560
1868.487874   13.017640   0.073120
1868.489584   13.043350   0.071500
1868.491280   12.995750   0.074780
1868.552972   13.035260   0.120690
1868.562396   12.987210   0.109420
1869.239644   12.962470   0.090300
1869.249027   13.006520   0.093420
1869.258676   13.010530   0.103930
1869.268460   12.961050   0.116530
1869.278238   13.080430   0.128810
1869.287877   13.067520   0.103380
1869.297392   12.994970   0.074500
1869.307040   12.997350   0.073900
1870.219778   12.999850   0.020670
1870.229270   13.007430   0.021710
1870.238762   13.004950   0.023330
1870.248135   13.012670   0.022290
1870.257691   13.012770   0.024940
1870.267266   13.019930   0.023900
1870.276950   13.016840   0.024130
1870.286498   13.013070   0.024540
1870.295849   13.036760   0.023440
1870.305565   13.010970   0.024710
1870.315197   13.008190   0.027320
1870.325274   13.020820   0.028990
1870.335174   12.995180   0.026620
1870.344892   12.991830   0.028660
1870.354573   13.011350   0.031880
1870.364104   12.987490   0.040080
1870.373603   13.008870   0.039630
1870.383600   13.002370   0.045700
1870.393243   13.077140   0.064370
1870.402820   13.070190   0.076630
1870.412418   13.037270   0.074920
1870.421719   13.010780   0.072080
1870.431056   12.988910   0.075400
1870.440608   13.000120   0.063300
1870.448993   13.020970   0.058040
1870.456179   13.003280   0.056340
1870.461756   13.032100   0.071490
1870.466593   13.029890   0.082700
1870.470290   13.023020   0.070090
1870.474034   13.015370   0.079190
1870.476825   13.069360   0.089080
1870.478569   12.995560   0.083000
1870.480341   13.000400   0.076980
1870.482097   12.986130   0.077940
1870.483838   13.004430   0.085060
1870.485602   13.001510   0.083740
1871.136689   13.025150   0.025760
1871.146179   13.018820   0.023450
1871.155384   13.023880   0.024090
1871.164955   13.013530   0.025930
1871.174269   13.014910   0.025820
1871.183469   13.020170   0.026210
1871.192872   13.018520   0.025170
1871.202392   13.004280   0.027160
1871.211865   13.046020   0.032180
1871.221273   13.039760   0.031430
1871.230922   13.008360   0.027500
1871.240394   13.009110   0.027600
1871.250018   13.017320   0.028610
1871.259511   13.018420   0.028130
1871.269122   12.999330   0.027440
1871.278903   13.008260   0.027380
1871.288648   13.029240   0.029680
1871.298226   13.040620   0.028700
1871.307789   13.004500   0.031870
1871.317562   13.011410   0.031010
1871.327342   13.015610   0.032180
1871.337079   12.992890   0.036510
1871.346725   13.029140   0.036220
1871.356495   13.007400   0.034420
1871.366277   13.000620   0.037450
1871.375944   13.015840   0.038530
1871.385808   13.025860   0.041130
1871.395399   12.998960   0.046630
1871.404882   13.006830   0.052380
1871.414342   13.013030   0.050040
1871.423744   13.016420   0.046250
1871.433495   12.998790   0.049770
1871.442405   13.020330   0.046020
1871.449670   13.016450   0.046370
1871.455742   13.010580   0.047210
1871.461191   13.009040   0.054500
1871.465968   13.001490   0.049200
1871.469461   13.010310   0.052670
1871.472994   13.006900   0.052310
1871.476070   12.976640   0.050190
1871.477819   13.015110   0.050020
1871.479709   12.992160   0.050020
1871.481438   12.992830   0.048490
1871.550420   12.957930   0.056940
1871.559908   13.020250   0.058630
1871.569340   13.041860   0.058450
1871.578835   12.981900   0.063880
1871.588334   13.023580   0.070720
1871.597765   13.002330   0.087290
1871.607264   13.026190   0.086190
1871.616819   12.911160   0.108110
1871.626247   12.902940   0.104740
1872.324463   13.020400   0.028550
1872.334315   13.016760   0.029000
1872.344041   13.009630   0.029410
1872.353623   12.988740   0.030050
1872.363427   13.016170   0.028250
1872.373279   13.024370   0.027830
1872.383099   13.026620   0.028300
1872.392766   13.012140   0.027900
1872.402203   13.016750   0.028240
1872.412032   13.033810   0.029390
1872.421585   13.010790   0.030310
1872.431130   13.028800   0.033550
1872.439874   13.032470   0.031640
1872.447517   13.015320   0.032110
1872.454162   13.032670   0.033550
1872.459603   13.019290   0.036510
1872.463903   13.025750   0.037610
1872.467716   13.010390   0.037150
1872.470496   13.013670   0.037080
1872.473152   12.999120   0.036730
1872.474857   13.012660   0.036960
1872.476617   13.016520   0.036850
1872.478370   13.042870   0.038600
1872.480228   13.036430   0.036780
1872.541663   12.996540   0.049530
1872.550845   13.021840   0.049180
1872.560270   13.024680   0.049140
1872.569828   12.997060   0.053930
1872.579400   13.002200   0.056260
1872.588943   13.028480   0.066400
1872.598488   13.017860   0.067090
1872.608116   13.014760   0.072350
1872.617527   13.067750   0.092700
1872.627101   13.067230   0.119490
1873.229437   13.011370   0.030960
1873.238826   13.009510   0.031990
1873.248403   13.012870   0.031940
1873.258009   13.007360   0.031640
1873.267456   13.005420   0.035160
1873.276959   13.028260   0.033430
1873.286788   12.985940   0.035980
1873.296275   13.039930   0.036200
1873.305896   12.995450   0.039260
1873.315548   13.026250   0.039840
1873.325684   13.033150   0.042670
1873.335346   12.992580   0.044870
1873.344943   12.990230   0.045380
1873.354842   12.954210   0.041400
1873.364691   12.990790   0.047980
1873.374458   13.032050   0.045070
1873.383960   13.054940   0.040630
1873.393856   13.016920   0.042340
1873.403606   13.073780   0.043290
1873.413210   13.064420   0.049950
1873.422938   13.032390   0.048920
1873.432622   13.001490   0.043760
1873.441010   13.037680   0.040960
1873.447044   13.048710   0.039970
1873.453044   13.001450   0.038990
1873.457630   13.010300   0.040900
1873.462090   13.030560   0.042440
1873.465548   13.006560   0.042380
1873.468261   12.996750   0.043180
1873.470892   12.982900   0.046330
1873.472722   13.018690   0.043540
1873.474437   13.032020   0.041630
1873.476606   13.007990   0.061310
1873.548852   13.036190   0.117520
1873.558313   13.022680   0.102100
1873.567696   13.007850   0.099160
1873.577180   13.013400   0.108850
1873.586745   13.030570   0.096220
1873.596227   12.997880   0.123050
1873.605773   13.049360   0.129880
1873.615321   13.048490   0.112780
1873.624816   13.061090   0.126160
1874.032527   13.026070   0.021590
1874.041923   13.016450   0.022110
1874.051714   13.011280   0.022000
1874.061193   13.008960   0.021940
1874.070741   13.014480   0.022980
1874.080230   13.008130   0.023150
1874.089638   13.014320   0.023330
1874.098984   12.997460   0.023270
1874.108441   13.017910   0.023500
1874.117749   13.008960   0.024890
1874.127103   13.017530   0.025240
1874.136654   13.015030   0.024420
1874.145982   13.018520   0.026070
1874.155173   12.993830   0.026970
1874.164605   13.013580   0.029100
1874.174153   13.001550   0.035810
1874.183645   13.003680   0.044260
1874.193053   13.040710   0.061400
1874.202515   12.975150   0.065570
1874.212179   12.994610   0.064550
1874.222051   13.001600   0.056750
1874.593715   12.992980   0.111270
1874.603390   12.975350   0.101320
1874.613039   13.078290   0.127770
1876.992585   13.027580   0.022690
1877.002277   13.012660   0.023390
1877.012009   13.018280   0.025290
1877.021623   13.026670   0.024380
1877.031340   13.011290   0.025930
1877.041094   13.011150   0.026500
1877.050632   13.000420   0.022350
1877.060512   12.998460   0.024110
1877.070280   13.014150   0.024770
1877.080037   13.012180   0.024540
1877.089835   13.010470   0.023960
1877.099542   13.017490   0.026920
1877.109324   13.019990   0.030990
1877.119234   13.004800   0.030310
1877.128562   13.038280   0.028470
1877.137988   13.012710   0.027540
1877.147449   13.025570   0.033970
1877.157081   13.013740   0.030950
1877.166514   12.997830   0.029650
1877.175811   13.018590   0.027630
1877.185180   13.023370   0.030890
1877.194638   13.012000   0.028200
1877.204359   13.032670   0.028540
1877.213829   13.001880   0.025810
1877.223290   13.022570   0.028000
1877.232928   13.024460   0.027310
1877.242583   13.016750   0.030960
1877.252102   13.012840   0.030600
1877.261424   13.027750   0.031590
1877.271317   13.028230   0.028430
1877.280810   13.025570   0.025810
1877.290913   13.023200   0.029650
1877.300784   13.007990   0.034650
1877.310552   13.031210   0.028660
1877.320329   12.980400   0.035050
1877.330019   12.996970   0.029620
1877.339609   13.011240   0.026340
1877.349339   13.010670   0.029750
1877.359563   13.033980   0.026270
1877.369289   13.012760   0.031070
1877.379166   13.014700   0.028940
1877.389199   13.026210   0.032550
1877.398748   13.019870   0.036100
1877.408188   13.007900   0.035570
1877.417610   13.000030   0.033570
1877.426444   13.018630   0.029330
1877.433416   13.009740   0.032740
1877.439426   13.009900   0.034260
1877.444578   13.027270   0.036120
1877.449101   13.023500   0.031070
1877.452622   13.040640   0.039620
1877.456119   13.022270   0.032860
1877.458826   13.009640   0.030950
1877.460660   13.019970   0.032390
1877.462441   13.021640   0.032800
1877.464144   13.028580   0.033560
1877.465872   13.007300   0.034530
1877.528546   13.019800   0.041870
1877.538164   12.999640   0.043540
1877.547759   13.004430   0.046050
1877.557433   13.004220   0.048670
1877.566991   12.982380   0.046360
1877.956588   13.024710   0.037380
1877.966360   13.013890   0.033240
1877.975795   13.002750   0.025520
1877.985575   13.012990   0.023100
1877.995071   13.018360   0.021940
1878.004964   13.021600   0.021770
1878.014335   13.018310   0.023150
1878.023915   13.022500   0.019020
1878.033403   13.021730   0.021480
1878.042881   13.005670   0.020840
1878.052477   13.008670   0.023790
1878.062202   13.008830   0.022860
1878.072038   13.019540   0.023960
1878.081838   13.003430   0.024420
1878.091595   13.010370   0.022810
1878.101204   13.005290   0.023390
1878.111056   13.001300   0.024130
1878.120475   13.020840   0.024940
1878.129972   13.005710   0.026730
1878.139452   12.990670   0.029740
1878.148981   13.031950   0.048910
1878.158293   13.032920   0.044810
1878.167692   12.996010   0.026900
1878.177309   13.012550   0.026560
1878.186872   13.015860   0.033440
1878.196273   13.012870   0.033430
1878.206054   13.013050   0.036900
1878.215833   12.946860   0.038360
1878.225557   13.017870   0.042310
1878.235117   13.020740   0.034250
1878.244657   13.035740   0.034930
1878.254352   12.994140   0.037760
1878.263984   12.998090   0.040470
1878.273770   12.992080   0.042300
1878.283405   13.003960   0.042550
1878.293079   13.013000   0.043600
1878.302887   12.991600   0.051340
1878.312828   13.000440   0.054440
1878.322431   13.022340   0.051560
1878.332111   12.973660   0.055550
1878.342126   12.999030   0.037620
1878.351898   12.992640   0.044730
1878.361666   13.007620   0.043150
1878.371492   13.017300   0.045420
1878.381052   12.997390   0.050880
1878.390611   13.022520   0.036140
1878.400035   12.985990   0.045960
1878.409523   13.036250   0.042090
1878.419250   13.013470   0.051110
1878.427139   13.012920   0.053030
1878.434256   13.019360   0.045900
1878.439734   12.993310   0.053960
1878.444205   13.012320   0.042440
1878.448555   13.022700   0.043280
1878.452064   12.987670   0.053120
1878.454721   13.049510   0.048110
1878.457364   13.006160   0.053690
1878.459093   13.010760   0.052610
1878.460943   13.022230   0.050990
1878.463071   13.040650   0.069510
1878.523903   12.992230   0.056190
1878.533380   13.004110   0.054400
1878.542754   12.963620   0.052840
1878.552323   13.035660   0.054740
1878.561961   13.075300   0.065770
1878.571685   12.948700   0.088830
1878.581234   13.063790   0.083910
1878.590773   12.986000   0.084940
1878.600390   13.028170   0.112010
1878.885725   13.029310   0.068960
1878.896259   13.031070   0.055660
1878.907039   12.975830   0.050110
1878.917827   12.968610   0.049030
1878.928636   13.026080   0.050170
1878.939490   13.023870   0.043190
1878.950209   12.989490   0.036500
1878.960985   13.023070   0.033840
1878.971663   13.007740   0.032060
1878.982256   13.014960   0.031700
1878.992862   13.036400   0.031530
1879.003349   13.023450   0.033900
1879.014056   13.011460   0.033200
1879.024781   13.001830   0.033610
1879.035403   13.007600   0.037420
1879.046338   13.010050   0.037070
1879.056998   13.000340   0.037940
1879.067120   13.023980   0.039610
1879.077625   13.006560   0.039610
1879.087804   13.023470   0.039890
1879.097718   13.031630   0.044930
1879.108265   13.066510   0.048790
1879.118677   13.013420   0.049210
1879.128946   13.040200   0.042900
1879.138951   12.995150   0.045450
1879.148948   13.034020   0.055480
1879.158753   13.035770   0.055320
1879.168681   13.038100   0.055490
1879.178653   13.021170   0.056590
1879.188532   13.022150   0.060410
1879.198658   13.002220   0.064090
1879.208980   13.011450   0.063920
1879.219105   13.034520   0.059790
1879.229198   12.971490   0.057310
1879.239692   12.978510   0.063530
1879.249885   13.048840   0.064550
1879.259988   13.034600   0.061560
1879.270136   13.030520   0.058020
1879.279998   13.048350   0.043980
1879.290256   13.027590   0.059040
1879.300321   12.991310   0.055310
1879.310604   13.016020   0.056590
1879.321132   13.015460   0.056420
1879.331398   13.007060   0.059950
1879.341711   13.025330   0.057810
1879.352168   13.038260   0.060870
1879.362239   13.005520   0.059300
1879.372581   13.036010   0.061050
1879.383093   13.035770   0.033000
1879.393142   13.020640   0.061340
1879.403333   12.977710   0.068080
1879.413718   12.993130   0.064810
1879.422210   12.986730   0.070950
1879.430290   13.058650   0.074080
1879.436891   13.003860   0.072050
1879.441492   13.003120   0.075760
1879.445571   12.992130   0.078710
1879.449457   13.007740   0.076210
1879.452342   12.997260   0.067780
1879.454194   12.984880   0.078700
1879.456055   12.960190   0.065160
1879.457932   12.988720   0.079470
1879.460282   13.036560   0.114440
1879.524043   13.004530   0.099480
1879.534146   13.009310   0.100600
1879.544253   13.057840   0.105480
1879.554321   12.975720   0.059400
1879.564508   13.044300   0.111450
1879.574677   12.971180   0.107170
1879.584814   13.005810   0.110760
1879.594935   13.060160   0.116330
1879.605121   13.124230   0.128080
1879.615033   13.020390   0.076200
1879.885631   13.002630   0.090320
1879.895153   13.030440   0.074910
1879.904711   13.038670   0.049770
1879.914664   13.007250   0.040360
1879.924232   13.012270   0.034190
1879.933937   13.012440   0.029970
1879.943742   13.021840   0.025640
1879.953255   13.017750   0.023960
1879.962965   13.004500   0.021880
1879.972299   13.005130   0.021770
1879.982133   13.012950   0.022860
1879.991480   13.016910   0.024020
1880.001350   13.001500   0.025080
1880.010995   12.995820   0.027140
1880.020489   13.003890   0.028350
1880.030167   13.007900   0.028060
1880.040004   12.993010   0.026850
1880.050020   13.017610   0.027370
1880.059700   13.016880   0.028180
1880.069635   12.997690   0.029160
1880.079469   13.013880   0.030210
1880.089000   12.990170   0.029060
1880.098524   12.977890   0.030730
1880.108072   12.999530   0.033430
1880.117530   13.011520   0.028710
1880.127140   13.013780   0.029160
1880.200091   13.019120   0.033340
1880.209735   13.026110   0.037320
1880.219431   13.004430   0.033960
1880.229324   13.026520   0.031540
1880.238989   13.013980   0.030140
1880.248836   13.018680   0.029910
1880.258298   13.011220   0.030950
1880.267686   13.046050   0.032450
1880.277275   12.999960   0.033510
1880.286928   13.013100   0.040380
1880.306613   13.003220   0.033090
1880.369120   13.008720   0.030890
1880.684731   13.091110   0.109270
1880.693935   12.919170   0.087300
1880.703424   12.992020   0.116990
1880.967707   13.021790   0.033660
1880.977730   13.033980   0.035050
1880.987626   13.024680   0.028410
1880.997175   13.016960   0.026850
1881.007352   13.009090   0.027890
1881.017262   13.008170   0.028830
1881.027023   13.003270   0.030540
1881.036583   12.997160   0.030280
1881.046307   13.005190   0.031660
1881.055914   13.018780   0.036570
1881.065565   13.006340   0.033630
1881.075352   12.999250   0.038170
1881.085120   13.012910   0.034470
1881.094964   13.023660   0.032760
1881.104801   13.002540   0.028450
1881.114937   13.025520   0.041710
1881.124474   13.013530   0.034770
1881.134326   13.015050   0.038230
1881.143810   13.017460   0.027950
1881.153419   13.032000   0.036330
1881.163015   13.039020   0.032750
1881.171357   13.016900   0.028700
1881.180981   13.012030   0.030200
1881.190627   13.018120   0.025700
1881.200550   13.013810   0.027430
1881.210473   13.022500   0.030020
1881.220305   13.016420   0.031700
1881.230199   13.022300   0.031240
1881.239668   13.009900   0.032620
1881.249328   13.020240   0.032160
1881.258917   13.015970   0.031870
1881.268352   13.020080   0.033260
1881.278189   13.012550   0.032910
1881.288137   13.023260   0.033490
1881.297680   13.018730   0.034300
1881.307337   13.020060   0.034990
1881.317394   13.005450   0.036090
1881.327336   13.008430   0.037010
1881.337373   13.004250   0.036900
1881.347129   13.007660   0.037880
1881.357110   13.031310   0.038290
1881.366722   13.008060   0.038390
1881.376276   13.003270   0.038980
1881.386104   13.014660   0.040820
1881.395996   13.030510   0.041680
1881.405772   13.004210   0.042260
1881.414838   13.003940   0.042670
1881.422098   13.019110   0.043490
1881.428287   13.004280   0.043240
1881.433496   12.993480   0.043720
1881.437835   13.020810   0.045050
1881.441542   13.054250   0.046880
1881.445078   13.020650   0.046220
1881.447777   13.029450   0.046500
1881.449541   13.034980   0.047470
1881.451276   13.008140   0.045620
1881.453055   13.019170   0.047360
1881.455245   13.023820   0.065770
1881.512259   12.977490   0.048160
1881.522032   13.028520   0.055090
1881.531584   13.007850   0.056980
1881.541053   13.017150   0.056110
1881.550943   13.051240   0.056610
1881.560601   13.011790   0.060910
1881.570473   13.011520   0.058270
1881.580253   12.988350   0.064940
1881.589860   13.026360   0.061000
1881.599577   13.015310   0.068840
1881.609472   13.021010   0.066950
1881.619114   13.020450   0.072530
1881.628942   12.975990   0.082460
1881.638590   12.970010   0.076600
1881.648351   12.998590   0.083440
1881.826319   12.969060   0.121770
1881.835921   13.025400   0.092650
1881.845731   13.027760   0.069070
1881.855252   13.091560   0.063990
1881.864967   13.023130   0.053820
1881.874874   13.008570   0.049020
1881.884546   13.013100   0.043190
1881.894462   13.002570   0.037880
1881.904494   13.010720   0.033150
1881.914271   13.020470   0.033080
1881.923884   13.008040   0.032740
1881.933466   13.026700   0.030720
1881.943231   12.997020   0.030830
1881.952875   13.011670   0.039840
1881.962633   13.018460   0.043260
1881.972149   13.026120   0.044340
1881.982098   13.000640   0.047230
1881.992169   13.024790   0.058340
1882.001889   13.040140   0.062970
1882.011594   13.044840   0.065630
1882.021627   12.995310   0.049880
1882.031644   12.990030   0.059240
1882.041324   13.052390   0.060210
1882.051198   13.008330   0.050310
1882.060871   13.032820   0.053470
1882.070527   13.057100   0.105140
1882.080330   12.997360   0.039660
1882.090096   12.968540   0.079610
1882.099416   12.958810   0.070100
1882.109365   13.035130   0.072650
1882.121972   12.989810   0.059560
1882.131558   13.029310   0.049230
1882.141120   12.975850   0.068880
1882.150540   12.993190   0.047640
1882.160119   13.023560   0.050540
1882.169652   12.991380   0.051520
1882.179008   13.030730   0.052690
1882.188466   12.987420   0.056330
1882.198063   12.986660   0.071240
1882.207954   13.068010   0.106410
1882.217722   12.978140   0.103700
1882.227231   13.036430   0.090650
1882.236839   13.040060   0.091300
1882.246251   12.904950   0.098230
1882.256107   13.105300   0.128660
1882.266006   13.057570   0.121370
1882.275585   12.999550   0.101510
1882.285301   12.991930   0.100300
1882.295361   13.001670   0.098420
1882.305067   13.033540   0.124420
1882.325032   12.992280   0.099180
1882.334886   12.984770   0.084960
1882.344919   12.986450   0.094770
1882.354771   13.073960   0.116800
1882.364587   12.902870   0.091760
1882.374737   13.022910   0.088660
1883.093660   12.995830   0.037990
1883.103366   13.110010   0.068230
1883.112818   12.995040   0.041510
1883.122237   13.071720   0.049850
1883.131900   13.025110   0.039270
1883.141295   13.037050   0.044320
1883.150882   13.016820   0.047200
1883.160374   13.031330   0.051090
1883.169871   13.006120   0.057120
1883.179271   12.989630   0.041820
1883.188727   13.019350   0.041740
1883.198404   13.059400   0.051860
1883.207904   13.014740   0.049360
1883.217549   13.014000   0.050850
1883.226897   13.028860   0.052190
1883.236210   12.994420   0.056160
1883.245790   13.022000   0.050370
1883.255334   13.063840   0.056530
1883.265175   12.997550   0.051280
1883.274780   13.037380   0.055580
1883.284849   13.032060   0.079240
1883.294394   13.015070   0.079240
1883.304305   13.061160   0.075800
1883.314080   12.974880   0.093850
1883.323720   13.023130   0.078070
1883.333437   12.998950   0.063320
1883.343435   13.055290   0.068050
1883.353548   13.129590   0.077800
1883.363493   13.061530   0.059990
1883.373027   13.027830   0.061490
1883.382657   13.015850   0.071320
1883.392439   13.046760   0.059660
1883.402040   13.045130   0.064420
1883.410061   13.058350   0.067110
1883.417485   13.003980   0.075060
1883.423677   13.039180   0.065670
1883.428949   13.034630   0.069130
1883.433300   13.012930   0.083120
1883.436812   13.003170   0.064700
1883.440325   12.980540   0.079820
1883.443180   13.024900   0.068750
1883.444926   13.031740   0.078360
1883.446707   12.995930   0.067450
1883.448508   13.040180   0.068860
1883.507335   12.970080   0.074760
1883.517022   12.970760   0.071070
1883.526655   13.084380   0.084850
1883.536232   13.036470   0.089290
1883.545818   12.921050   0.088010
1883.555341   12.960490   0.089530
1883.565051   13.029300   0.089620
1883.574608   13.005330   0.085870
1883.584302   13.015690   0.087740
1883.593915   12.992410   0.081890
1884.099534   13.002330   0.020740
1884.109140   13.008470   0.020260
1884.118686   13.001550   0.025350
1884.128292   12.980030   0.031630
1884.137551   13.014570   0.022870
1884.147279   12.993310   0.025980
1884.156774   13.007700   0.027430
1884.166197   12.987800   0.032850
1884.175960   12.989480   0.032470
1884.185414   13.003730   0.028510
1884.194977   13.017020   0.024420
1884.204574   13.017810   0.025750
1884.214174   13.026010   0.023790
1884.223839   13.024400   0.027550
1884.233272   13.013240   0.036220
1884.242628   13.009650   0.021590
1884.252195   13.009140   0.020960
1884.261682   13.012660   0.021540
1884.271201   13.018760   0.021430
1884.280876   13.002780   0.023100
1884.290846   13.011210   0.025400
1884.300573   13.026430   0.027950
1884.310420   13.017250   0.043310
1884.320206   13.017870   0.026620
1884.330156   12.993840   0.026670
1884.340081   13.007490   0.031410
1884.350052   13.015080   0.031180
1884.360119   13.027610   0.026270
1884.370060   13.021650   0.027370
1884.379738   13.019880   0.028930
1884.389528   13.006670   0.022930
1884.399065   13.014850   0.024250
1884.406881   13.019380   0.027600
1884.413865   12.990290   0.032100
1884.420368   13.023820   0.036830
1884.425635   13.007070   0.025530
1884.430150   13.007750   0.022810
1884.433678   13.011390   0.025690
1884.437202   13.024960   0.025580
1884.439908   13.025820   0.027020
1884.441669   13.018940   0.026160
1884.443407   13.004600   0.025230
1884.445186   13.002600   0.024370
1884.446926   12.988680   0.034990
1884.503638   13.017050   0.023620
1884.513187   13.026020   0.028940
1884.522993   13.019610   0.023740
1884.532900   13.021610   0.021420
1884.542819   13.018420   0.027320
1884.552706   12.996300   0.032620
1884.562458   13.020270   0.019630
1884.572213   12.995260   0.024950
1884.581820   13.007960   0.020500
1884.591479   13.007220   0.026560
1884.600983   13.006920   0.023210
1884.610820   13.001890   0.021770
1884.886961   13.025790   0.054980
1884.896459   13.003490   0.060740
1884.906042   12.994310   0.052960
1884.915643   13.015300   0.070370
1884.925737   13.004680   0.048330
1884.935570   12.984510   0.070280
1884.945448   13.038360   0.054470
1884.954875   13.019810   0.060120
1884.964329   13.022920   0.057220
1884.974229   13.011670   0.074840
1884.983546   12.959490   0.065830
1884.993441   12.999850   0.057240
1885.003341   12.999210   0.054790
1885.013229   13.030560   0.062620
1885.022911   13.005410   0.061670
1885.032502   13.039790   0.078270
1885.042137   13.015880   0.068130
1885.052183   12.985120   0.071200
1885.061957   13.026950   0.086360
1885.071678   13.015490   0.087000
1885.081285   13.021840   0.105730
1885.090973   13.007340   0.094410
1885.100847   13.006980   0.083910
1885.278794   12.982960   0.048270
1885.288696   13.010380   0.070730
1885.298475   12.964820   0.050660
1885.308250   12.971910   0.052050
1885.318087   12.983690   0.051810
1885.328301   12.999060   0.065340
1885.338173   12.968040   0.099180
1885.347960   13.035180   0.085430
1885.357853   13.034420   0.095130
1885.367578   13.001580   0.098410
1885.377344   13.069510   0.122230
1885.386938   12.983950   0.121240
1885.396599   12.948270   0.095760
1885.404395   12.959890   0.081250
1885.411445   13.015380   0.103260
1885.417511   13.013180   0.107870
1885.422892   13.006800   0.104840
1885.427461   12.989950   0.104460
1885.430989   13.018740   0.080550
1885.434637   13.001130   0.093170
1885.437356   12.969860   0.095090
1885.439093   13.005320   0.095270
1885.440855   13.007000   0.095870
1885.442624   12.981730   0.084520
1885.444416   12.976450   0.084760
1885.502228   12.966840   0.093950
1885.511985   12.994620   0.098080
1885.521821   13.046160   0.098830
1885.531512   13.044150   0.098180
1885.541243   13.085400   0.103140
1885.551133   13.080540   0.086050
1885.560860   13.016310   0.087850
1885.570601   12.995630   0.082420
1885.580236   13.009990   0.103090
1885.590133   13.005680   0.069150
1886.072366   13.014650   0.019000
1886.082057   13.016640   0.020970
1886.091456   13.035290   0.021590
1886.101064   13.026370   0.022520
1886.110701   13.021020   0.022120
1886.120214   13.013430   0.021770
1886.129544   13.029510   0.023450
1886.138882   13.005360   0.023850
1886.148233   13.011630   0.023150
1886.157943   13.013660   0.024420
1886.167550   12.985490   0.028760
1886.177101   13.006280   0.027200
1886.186997   13.027720   0.029050
1886.196609   13.033960   0.030720
1886.206153   13.010540   0.033560
1886.215757   13.014940   0.035630
1886.225422   13.008740   0.046540
1886.234829   13.038600   0.047760
1886.244630   13.006310   0.046070
1886.254426   13.004800   0.034130
1886.263771   13.017820   0.028360
1886.273578   12.981710   0.046730
1886.283270   12.981900   0.027080
1886.293134   13.001010   0.028640
1886.303115   12.975310   0.032920
1886.312914   13.010630   0.029960
1886.322818   12.995480   0.031130
1886.332859   13.001620   0.031240
1886.342543   13.002730   0.029330
1886.352534   13.023730   0.030950
1886.362281   13.015050   0.032850
1886.372003   12.992170   0.033780
1886.381496   12.986870   0.034590
1886.391198   12.995930   0.037300
1886.399994   13.047820   0.038570
1886.408171   13.045820   0.039380
1886.414363   13.004940   0.046550
1886.419581   13.012870   0.048170
1886.423873   12.979670   0.045510
1886.427459   13.008360   0.043190
1886.431086   13.032620   0.041810
1886.433748   13.023680   0.049150
1886.435540   13.054530   0.052630
1886.437293   12.993750   0.046130
1886.439058   12.992230   0.045870
1886.441348   13.022780   0.092060
