1863.169882   9.888030   0.003980
1863.179028   9.879370   0.004330
1863.188111   9.883380   0.004680
1863.197263   9.889690   0.004500
1863.206453   9.883960   0.004330
1863.215516   9.889070   0.005020
1863.224486   9.887510   0.004790
1863.233708   9.885680   0.005080
1863.243026   9.885880   0.005020
1863.252052   9.884090   0.004560
1863.260978   9.890860   0.004500
1863.270074   9.879700   0.004970
1863.279229   9.885430   0.004500
1863.288341   9.890560   0.004330
1863.297662   9.889450   0.004160
1863.306748   9.894230   0.004680
1863.315898   9.889000   0.004680
1863.325261   9.887800   0.004680
1863.334632   9.886780   0.004680
1863.344416   9.883810   0.004680
1863.353962   9.887120   0.004620
1863.363511   9.889680   0.004330
1863.372640   9.883540   0.004040
1863.381795   9.885890   0.004160
1863.391577   9.886310   0.004160
1863.400670   9.882460   0.004330
1863.410157   9.885360   0.004330
1863.419415   9.883880   0.004390
1863.428728   9.885440   0.004560
1863.438171   9.886720   0.004680
1863.447725   9.887060   0.004680
1863.457038   9.888830   0.005200
1863.464667   9.889420   0.005830
1863.471563   9.895620   0.006000
1863.477686   9.892930   0.005720
1863.482900   9.887470   0.005720
1863.487037   9.888780   0.005890
1863.490505   9.885820   0.005890
1863.494064   9.886990   0.005720
1863.496621   9.887550   0.005890
1863.498272   9.885820   0.005890
1863.500087   9.887850   0.006060
1863.501889   9.887070   0.006240
1863.503937   9.883750   0.008740
1864.122118   9.883640   0.003460
1864.131216   9.883320   0.004160
1864.140349   9.884050   0.003810
1864.149328   9.883600   0.003810
1864.158727   9.886500   0.003810
1864.168077   9.883710   0.004330
1864.177441   9.884290   0.004160
1864.186471   9.889990   0.003640
1864.195786   9.884230   0.004270
1864.204761   9.890520   0.003980
1864.213956   9.885370   0.003810
1864.223275   9.881800   0.003810
1864.232312   9.881830   0.004160
1864.241734   9.884660   0.004330
1864.250994   9.878570   0.003930
1864.260292   9.880650   0.004390
1864.269452   9.878440   0.003980
1864.278712   9.885500   0.004500
1864.288040   9.880870   0.004330
1864.297228   9.877680   0.004330
1864.306786   9.882860   0.004330
1864.315982   9.883420   0.004500
1864.325240   9.879940   0.004330
1864.334830   9.876710   0.004330
1864.344223   9.875170   0.005370
1864.353629   9.883260   0.005260
1864.362884   9.882850   0.005540
1864.372284   9.880520   0.006240
1864.381718   9.880480   0.005720
1864.391386   9.884310   0.005020
1864.401175   9.881300   0.005830
1864.410777   9.889170   0.005430
1864.420158   9.882640   0.005370
1864.429378   9.885680   0.005720
1864.438639   9.883040   0.006240
1864.448098   9.888610   0.006930
1864.457409   9.886460   0.007160
1864.465120   9.880750   0.006700
1864.472313   9.884300   0.007450
1864.477494   9.882960   0.008260
1864.482643   9.872980   0.010510
1864.486002   9.876490   0.013450
1864.489646   9.876950   0.012010
1864.492216   9.879550   0.009700
1864.494776   9.875520   0.009820
1864.496480   9.870660   0.010100
1864.498365   9.873100   0.010100
1864.500091   9.878710   0.010510
1864.501760   9.885640   0.010100
1865.081649   9.877670   0.004330
1865.090914   9.879060   0.004680
1865.103000   9.878590   0.004560
1865.112265   9.885310   0.004500
1865.121493   9.892130   0.005020
1865.180915   9.919410   0.003410
1865.189934   9.920780   0.002940
1865.199137   9.920060   0.003520
1865.208040   9.920040   0.002940
1865.217207   9.919620   0.003930
1865.226382   9.925670   0.003870
1865.235932   9.918190   0.003980
1865.245886   9.913200   0.004160
1865.255783   9.911820   0.003980
1865.265750   9.888470   0.004910
1865.275774   9.881090   0.004500
1865.285892   9.883280   0.003980
1865.295973   9.887490   0.004330
1865.306185   9.885910   0.004330
1865.316145   9.877580   0.004210
1865.326150   9.882950   0.004500
1865.336276   9.890480   0.004970
1865.346577   9.883760   0.004500
1865.356675   9.885570   0.004620
1865.366659   9.882570   0.004910
1865.376904   9.887760   0.004970
1865.387088   9.887270   0.005020
1865.397153   9.881030   0.005020
1865.407149   9.878780   0.004850
1865.417333   9.886530   0.004850
1865.427630   9.887300   0.005020
1865.437669   9.884540   0.004970
1865.448171   9.884090   0.005830
1865.457324   9.887180   0.005890
1865.465615   9.885950   0.006180
1865.471988   9.887280   0.007160
1865.477591   9.886390   0.008260
1865.482335   9.880530   0.007100
1865.486159   9.884850   0.008090
1865.489785   9.882940   0.007280
1865.492667   9.877080   0.007040
1865.494427   9.881800   0.006870
1865.496283   9.883100   0.006580
1865.498551   9.885690   0.010560
1866.165339   9.882100   0.003290
1866.174723   9.877320   0.003290
1866.184057   9.878440   0.003290
1866.193410   9.878560   0.003350
1866.202706   9.876460   0.003460
1866.212035   9.883320   0.003580
1866.221409   9.873730   0.003640
1866.230791   9.878070   0.003640
1866.240551   9.879110   0.003640
1866.250004   9.888220   0.003580
1866.259354   9.881140   0.003640
1867.193045   9.891310   0.002770
1867.202355   9.883730   0.002770
1867.211516   9.892270   0.002770
1867.220585   9.888020   0.002830
1867.230131   9.884990   0.002940
1867.239707   9.887430   0.002940
1867.249230   9.889490   0.002940
1867.258785   9.882310   0.002940
1867.268385   9.888840   0.002940
1867.277702   9.886980   0.002940
1867.287153   9.891080   0.002940
1867.296854   9.893980   0.003000
1867.306121   9.895880   0.003120
1867.315500   9.892590   0.003120
1867.325094   9.892710   0.003120
1867.334502   9.887680   0.003120
1867.344482   9.886240   0.003180
1867.354030   9.887920   0.003290
1867.363492   9.881730   0.003350
1867.372735   9.886020   0.003290
1867.382212   9.891230   0.003410
1867.391671   9.884570   0.003460
1867.401392   9.886620   0.003460
1867.410805   9.889000   0.003460
1867.420288   9.890650   0.003810
1867.429722   9.897900   0.003980
1867.439192   9.897920   0.003810
1867.448574   9.894390   0.004160
1867.456168   9.893010   0.003810
1867.463320   9.893390   0.003980
1867.469421   9.895440   0.003930
1867.473939   9.898420   0.003460
1867.478291   9.900550   0.003290
1867.481655   9.895250   0.003290
1867.484335   9.891020   0.003410
1867.486951   9.889990   0.003290
1867.488639   9.891780   0.003350
1867.490315   9.889800   0.003460
1867.492002   9.895320   0.003410
1867.493724   9.891850   0.003290
1868.197661   9.890080   0.004040
1868.207123   9.892350   0.004160
1868.216495   9.888440   0.004570
1868.225986   9.888170   0.004500
1868.235811   9.886200   0.004850
1868.245580   9.887980   0.004850
1868.255259   9.889410   0.005020
1868.264815   9.881480   0.005370
1868.274279   9.886640   0.005770
1868.283929   9.888990   0.005310
1868.293537   9.882550   0.006810
1868.303104   9.893870   0.007280
1868.312574   9.886740   0.007330
1868.322548   9.888310   0.005720
1868.332083   9.883020   0.005720
1868.341800   9.889310   0.005890
1868.351466   9.883330   0.006530
1868.360837   9.883280   0.006470
1868.370659   9.895190   0.006470
1868.380417   9.887480   0.006580
1868.390367   9.883700   0.006410
1868.399668   9.886640   0.006470
1868.409622   9.875470   0.006700
1868.419023   9.882290   0.006580
1868.428372   9.887240   0.006640
1868.437691   9.884140   0.006810
1868.446987   9.884270   0.006810
1868.454949   9.885740   0.006930
1868.461066   9.890800   0.006930
1868.467151   9.893240   0.007160
1868.471440   9.890420   0.007330
1868.475710   9.880150   0.007910
1868.479187   9.877020   0.008140
1868.481793   9.887550   0.007970
1868.484421   9.883440   0.007790
1868.486154   9.877630   0.007450
1868.487874   9.883500   0.007680
1868.489584   9.882760   0.007740
1868.491280   9.884230   0.007910
1868.552972   9.886050   0.010970
1868.562396   9.874930   0.009870
1868.572038   9.858500   0.020160
1868.581607   9.864050   0.015710
1868.591155   9.873050   0.015300
1868.600621   9.877550   0.019170
1868.610180   9.840110   0.026040
1868.619726   9.842370   0.037930
1868.629292   9.876770   0.028800
1869.239644   9.881990   0.009120
1869.249027   9.876040   0.009470
1869.258676   9.877840   0.010340
1869.268460   9.882180   0.011610
1869.278238   9.886790   0.012470
1869.287800   9.886770   0.012590
1869.297392   9.883190   0.013110
1869.307040   9.875070   0.014030
1869.316724   9.886630   0.015420
1869.326588   9.875460   0.017210
1869.336211   9.883730   0.015560
1869.345989   9.883600   0.020930
1869.356015   9.899790   0.025730
1869.365922   9.883950   0.023280
1869.375609   9.914990   0.027280
1869.384959   9.882680   0.034050
1869.394424   9.896280   0.031480
1869.403952   9.912610   0.025980
1869.413491   9.891310   0.032160
1869.422812   9.885870   0.028640
1869.432155   9.886050   0.034830
1869.441546   9.900910   0.037420
1869.449371   9.936530   0.086790
1869.456537   9.903410   0.041020
1869.462798   9.890720   0.045990
1869.468109   9.883860   0.047940
1869.472681   9.888100   0.038340
1869.476266   9.892170   0.039670
1869.478887   9.891200   0.040600
1869.481532   9.907170   0.042840
1869.483271   9.878400   0.041120
1869.485003   9.871490   0.040830
1869.486718   9.877350   0.040880
1869.488400   9.885160   0.045270
1869.544878   9.855730   0.049310
1869.554590   9.892780   0.055610
1869.564283   9.898010   0.052540
1870.219778   9.881780   0.003000
1870.229270   9.889050   0.003120
1870.238762   9.888230   0.003290
1870.248135   9.888650   0.003180
1870.257691   9.894120   0.003460
1870.267266   9.889610   0.003290
1870.276950   9.887020   0.003410
1870.286498   9.889920   0.003460
1870.295849   9.892610   0.003290
1870.305565   9.887690   0.003460
1870.315197   9.889580   0.003640
1870.325274   9.886950   0.003810
1870.335174   9.888090   0.003640
1870.344892   9.891760   0.003810
1870.354573   9.893230   0.004160
1870.364104   9.891640   0.005020
1870.373603   9.888910   0.004850
1870.383600   9.888650   0.005370
1870.393243   9.891260   0.006120
1870.402820   9.887980   0.007970
1870.412418   9.887320   0.007510
1870.421719   9.886910   0.007510
1870.431056   9.886330   0.007740
1870.440608   9.881030   0.006530
1870.448993   9.880180   0.005890
1870.456179   9.882990   0.005890
1870.461756   9.881680   0.006810
1870.466593   9.880620   0.007390
1870.470290   9.879160   0.006750
1870.474034   9.880230   0.007510
1870.476825   9.873730   0.008080
1870.478569   9.878910   0.007910
1870.480341   9.890480   0.007620
1870.482097   9.878510   0.007620
1870.483838   9.881230   0.008080
1870.485602   9.882060   0.007790
1871.136689   9.883300   0.003290
1871.146179   9.894730   0.003290
1871.155384   9.887700   0.003290
1871.164955   9.883810   0.003460
1871.174269   9.885190   0.003460
1871.183469   9.889860   0.003460
1871.192872   9.886500   0.003460
1871.202392   9.886240   0.003460
1871.211865   9.884880   0.003810
1871.221273   9.886920   0.003810
1871.230922   9.891540   0.003640
1871.240394   9.885850   0.003640
1871.250018   9.886400   0.003640
1871.259511   9.888520   0.003640
1871.269122   9.891200   0.003700
1871.278903   9.882150   0.003810
1871.288648   9.888520   0.003810
1871.298226   9.894270   0.003810
1871.307789   9.884680   0.003870
1871.317562   9.886590   0.003980
1871.327342   9.886200   0.004160
1871.337079   9.891420   0.004330
1871.346725   9.875890   0.004500
1871.356495   9.891340   0.004330
1871.366277   9.884930   0.004730
1871.375944   9.886680   0.004850
1871.385808   9.888790   0.005200
1871.395399   9.881570   0.005370
1871.404882   9.889210   0.005950
1871.414342   9.883270   0.005720
1871.423744   9.879730   0.005600
1871.433495   9.890010   0.005540
1871.442405   9.891350   0.005310
1871.449670   9.894860   0.005370
1871.455742   9.893130   0.005430
1871.461191   9.886490   0.005600
1871.465968   9.888070   0.005540
1871.469461   9.894910   0.005540
1871.472994   9.895510   0.005490
1871.476070   9.894480   0.005370
1871.477819   9.893900   0.005370
1871.479709   9.884030   0.005260
1871.481438   9.890220   0.005260
1871.550420   9.887570   0.005540
1871.559908   9.888850   0.005540
1871.569340   9.881290   0.005720
1871.578835   9.878240   0.005950
1871.588334   9.880430   0.006410
1871.597765   9.871270   0.007280
1871.607264   9.885950   0.008140
1871.616819   9.881500   0.009530
1871.626324   9.882070   0.011030
1872.324463   9.885850   0.003640
1872.334315   9.883460   0.003750
1872.344041   9.883270   0.003750
1872.353623   9.886300   0.003810
1872.363427   9.886500   0.003750
1872.373279   9.880360   0.003700
1872.383099   9.881200   0.003810
1872.392766   9.885920   0.003810
1872.402203   9.880240   0.003810
1872.412032   9.888060   0.003870
1872.421585   9.887420   0.003980
1872.431130   9.885820   0.004160
1872.439874   9.882920   0.004100
1872.447517   9.882310   0.004160
1872.454162   9.885260   0.004160
1872.459603   9.889830   0.004330
1872.463903   9.884730   0.004330
1872.467716   9.886700   0.004270
1872.470496   9.884430   0.004330
1872.473152   9.888710   0.004330
1872.474857   9.888210   0.004330
1872.476617   9.889080   0.004330
1872.478370   9.890460   0.004330
1872.480228   9.886960   0.004330
1872.541663   9.883590   0.005020
1872.550845   9.886280   0.005020
1872.560270   9.878240   0.005200
1872.569828   9.876280   0.005370
1872.579400   9.884470   0.005660
1872.588943   9.880580   0.006000
1872.598488   9.877550   0.006580
1872.608116   9.888900   0.007450
1872.617527   9.892110   0.008550
1872.627101   9.903930   0.010220
1872.636625   9.892410   0.012700
1872.646041   9.867360   0.016050
1873.229437   9.882960   0.003980
1873.238826   9.878170   0.004160
1873.248403   9.870610   0.004160
1873.258009   9.879750   0.004160
1873.267456   9.881050   0.004160
1873.276959   9.873040   0.004210
1873.286788   9.881730   0.004330
1873.296275   9.881310   0.004330
1873.305896   9.884130   0.004500
1873.315548   9.884240   0.004560
1873.325684   9.877640   0.004680
1873.335346   9.872180   0.004730
1873.344943   9.882090   0.004850
1873.354842   9.887730   0.004680
1873.364691   9.883350   0.004970
1873.374458   9.884030   0.004850
1873.383960   9.883660   0.004680
1873.393856   9.884610   0.004850
1873.403606   9.878770   0.004850
1873.413210   9.886880   0.005200
1873.422938   9.885740   0.005200
1873.432622   9.879040   0.005020
1873.441010   9.885290   0.004850
1873.447044   9.881160   0.004850
1873.453044   9.886470   0.004850
1873.457630   9.885650   0.004850
1873.462090   9.881250   0.004850
1873.465548   9.882080   0.004910
1873.468261   9.881050   0.005020
1873.470892   9.884300   0.005020
1873.472722   9.887390   0.005020
1873.474437   9.883520   0.005020
1873.476606   9.887630   0.007100
1873.539458   9.882880   0.014150
1873.548852   9.878350   0.011320
1873.558313   9.880280   0.009180
1873.567696   9.878250   0.008840
1873.577180   9.874970   0.009820
1873.586745   9.888740   0.008310
1873.596227   9.882660   0.010970
1873.605773   9.873370   0.010860
1873.615321   9.886810   0.009930
1873.624816   9.884470   0.010340
1874.032527   9.877840   0.003120
1874.041923   9.881900   0.003290
1874.051714   9.886740   0.003180
1874.061193   9.884130   0.003120
1874.070741   9.880170   0.003230
1874.080230   9.882500   0.003290
1874.089638   9.879700   0.003290
1874.098984   9.883210   0.003290
1874.108441   9.876530   0.003290
1874.117749   9.884250   0.003350
1874.127103   9.877510   0.003290
1874.136654   9.880320   0.003460
1874.145982   9.883180   0.003580
1874.155173   9.885830   0.003810
1874.164605   9.886460   0.003870
1874.174153   9.882080   0.004330
1874.183645   9.889040   0.005200
1874.193053   9.890740   0.006580
1874.202515   9.882540   0.006870
1874.212179   9.886840   0.007100
1874.222051   9.890500   0.006530
1874.593715   9.872110   0.010220
1874.603390   9.877150   0.009410
1874.613039   9.880930   0.010860
1876.992585   9.889410   0.003120
1877.002277   9.889160   0.003120
1877.012009   9.890520   0.003180
1877.021623   9.883580   0.003120
1877.031340   9.890910   0.003290
1877.041094   9.891410   0.003290
1877.050632   9.886780   0.003120
1877.060512   9.888420   0.003290
1877.070280   9.892990   0.003290
1877.080037   9.886740   0.003290
1877.089835   9.897950   0.003290
1877.099542   9.896740   0.003410
1877.109324   9.890800   0.003580
1877.119234   9.893740   0.003580
1877.128562   9.888000   0.003460
1877.137988   9.895680   0.003460
1877.147449   9.894570   0.003750
1877.157081   9.886570   0.003640
1877.166514   9.882990   0.003520
1877.175811   9.888160   0.003460
1877.185180   9.881350   0.003640
1877.194638   9.880030   0.003580
1877.204359   9.883360   0.003520
1877.213829   9.891680   0.003520
1877.223290   9.883800   0.003640
1877.232928   9.882110   0.003640
1877.242583   9.883070   0.003700
1877.252102   9.884540   0.003640
1877.261424   9.883860   0.003700
1877.271317   9.885350   0.003640
1877.280810   9.888580   0.003520
1877.290913   9.886450   0.003640
1877.300784   9.882860   0.003810
1877.310552   9.886770   0.003640
1877.320329   9.887900   0.003810
1877.330019   9.885380   0.003700
1877.339609   9.885430   0.003640
1877.349339   9.883270   0.003750
1877.359563   9.886070   0.003640
1877.369289   9.884490   0.003810
1877.379166   9.885870   0.003750
1877.389199   9.890190   0.003980
1877.398748   9.881350   0.004160
1877.408188   9.887150   0.004040
1877.417610   9.885820   0.003980
1877.426444   9.888620   0.003980
1877.433416   9.884560   0.004040
1877.439426   9.886730   0.004270
1877.444578   9.887180   0.004270
1877.449101   9.891630   0.004100
1877.452622   9.880180   0.004270
1877.456119   9.886880   0.004160
1877.458826   9.887500   0.004160
1877.460660   9.887070   0.004160
1877.462441   9.888270   0.004160
1877.464144   9.882460   0.004160
1877.465872   9.884040   0.004160
1877.528546   9.891210   0.004680
1877.538164   9.891510   0.004850
1877.547759   9.881080   0.004910
1877.557433   9.882060   0.005020
1877.566991   9.892250   0.005200
1877.956588   9.889560   0.004160
1877.966360   9.887240   0.003930
1877.975795   9.889950   0.003460
1877.985575   9.879860   0.003290
1877.995071   9.881480   0.003180
1878.004964   9.878740   0.003120
1878.014335   9.880230   0.003290
1878.023915   9.881770   0.002760
1878.033403   9.879950   0.003120
1878.042881   9.882730   0.003120
1878.052477   9.883790   0.003460
1878.062202   9.879820   0.003460
1878.072038   9.883840   0.003460
1878.081838   9.884610   0.003460
1878.091595   9.880400   0.003460
1878.101204   9.883640   0.003460
1878.111056   9.887720   0.003580
1878.120475   9.892030   0.003640
1878.129972   9.892370   0.003810
1878.139452   9.880590   0.004210
1878.148981   9.883790   0.006180
1878.158293   9.885900   0.005600
1878.167692   9.885320   0.003980
1878.177309   9.887870   0.003810
1878.186872   9.885630   0.004500
1878.196273   9.888220   0.004500
1878.206054   9.879670   0.004850
1878.215833   9.887030   0.005080
1878.225557   9.889780   0.005200
1878.235117   9.884040   0.004500
1878.244657   9.884290   0.004500
1878.254352   9.876560   0.004790
1878.263984   9.888010   0.005080
1878.273770   9.882390   0.005200
1878.283405   9.885730   0.005370
1878.293079   9.884180   0.005370
1878.302887   9.887810   0.006240
1878.312828   9.880000   0.006410
1878.322431   9.883460   0.006350
1878.332111   9.879520   0.006580
1878.342126   9.883910   0.004810
1878.351898   9.885450   0.005540
1878.361666   9.880540   0.005370
1878.371492   9.882300   0.005430
1878.381052   9.880970   0.005770
1878.390611   9.883230   0.004380
1878.400035   9.886560   0.005490
1878.409523   9.890780   0.005200
1878.419250   9.886170   0.005540
1878.427139   9.886820   0.005720
1878.434256   9.895640   0.004810
1878.439734   9.892700   0.005830
1878.444205   9.880850   0.004670
1878.448555   9.892940   0.004530
1878.452064   9.892920   0.005540
1878.454721   9.889380   0.005490
1878.457364   9.894250   0.005540
1878.459093   9.892220   0.005540
1878.460943   9.884190   0.005540
1878.463071   9.885630   0.007840
1878.523903   9.891090   0.005540
1878.533380   9.887430   0.005540
1878.542754   9.878680   0.005490
1878.552323   9.884910   0.005770
1878.561961   9.882650   0.006410
1878.571685   9.887020   0.008490
1878.581234   9.880700   0.007790
1878.590773   9.880580   0.008140
1878.600390   9.874050   0.010160
1878.885725   9.890400   0.005830
1878.896259   9.882420   0.005020
1878.907039   9.880800   0.004730
1878.917827   9.881640   0.004850
1878.928636   9.883780   0.004910
1878.939490   9.885470   0.004500
1878.950209   9.883830   0.004160
1878.960985   9.876290   0.004100
1878.971663   9.882060   0.003980
1878.982256   9.876770   0.004160
1878.992862   9.875690   0.004160
1879.003349   9.870660   0.004330
1879.014056   9.884010   0.004330
1879.024781   9.879570   0.004330
1879.035403   9.881170   0.004680
1879.046338   9.884340   0.004680
1879.056998   9.877860   0.004850
1879.067120   9.879980   0.005020
1879.077625   9.879510   0.005020
1879.087804   9.881280   0.005200
1879.097718   9.877540   0.005370
1879.108265   9.885640   0.005600
1879.118677   9.887720   0.005770
1879.128946   9.902940   0.004810
1879.138951   9.899870   0.005720
1879.148948   9.912610   0.006180
1879.158753   9.909960   0.006240
1879.168681   9.912950   0.006240
1879.178653   9.917230   0.006410
1879.188532   9.916720   0.006580
1879.198658   9.919950   0.006580
1879.208980   9.912430   0.006580
1879.219105   9.914830   0.006750
1879.229198   9.908110   0.006750
1879.239692   9.907240   0.006750
1879.249885   9.904700   0.006640
1879.259988   9.885890   0.006580
1879.270136   9.881030   0.006580
1879.279998   9.871980   0.005300
1879.290256   9.872660   0.006580
1879.300321   9.875900   0.006580
1879.310604   9.879200   0.006580
1879.321132   9.873120   0.006580
1879.331398   9.875440   0.006700
1879.341711   9.871700   0.006750
1879.352168   9.871790   0.006750
1879.362239   9.871390   0.006750
1879.372581   9.876140   0.006870
1879.383093   9.873790   0.004000
1879.393142   9.878870   0.007040
1879.403333   9.880200   0.007100
1879.413718   9.870490   0.007280
1879.422210   9.875680   0.007450
1879.430290   9.875750   0.007620
1879.436891   9.869350   0.007620
1879.441492   9.879850   0.007740
1879.445571   9.872320   0.007790
1879.449457   9.877490   0.007910
1879.452342   9.873050   0.006510
1879.454194   9.882850   0.007970
1879.456055   9.879300   0.006510
1879.457932   9.876480   0.007970
1879.460282   9.885220   0.011510
1879.524043   9.878280   0.009530
1879.534146   9.884150   0.009820
1879.544253   9.891940   0.010050
1879.554321   9.890350   0.005900
1879.564508   9.888080   0.010450
1879.574677   9.895970   0.010680
1879.584814   9.889700   0.010910
1879.594935   9.887540   0.011030
1879.605121   9.887110   0.011610
1879.615186   9.880860   0.012240
1879.625350   9.877990   0.013450
1879.885631   9.887960   0.006290
1879.895153   9.896040   0.005490
1879.904711   9.888840   0.004500
1879.914664   9.892280   0.003870
1879.924232   9.878230   0.003460
1879.933937   9.885830   0.003290
1879.943742   9.882090   0.003120
1879.953255   9.881240   0.003120
1879.962965   9.881210   0.002940
1879.972299   9.880130   0.002940
1879.982133   9.884360   0.003120
1879.991480   9.881690   0.003120
1880.001350   9.886880   0.003290
1880.010995   9.887540   0.003350
1880.020489   9.883220   0.003350
1880.030167   9.882900   0.003410
1880.040004   9.890300   0.003290
1880.050020   9.892850   0.003350
1880.059700   9.892820   0.003410
1880.069635   9.895740   0.003460
1880.079469   9.891240   0.003460
1880.089000   9.893850   0.003460
1880.098524   9.885080   0.003580
1880.108072   9.886230   0.003640
1880.117530   9.893380   0.003460
1880.127140   9.890110   0.003640
1880.200091   9.889730   0.003750
1880.209735   9.886650   0.003810
1880.219431   9.879380   0.003810
1880.229324   9.882150   0.003700
1880.238989   9.880760   0.003700
1880.248836   9.886930   0.003640
1880.258298   9.883750   0.003810
1880.267686   9.872910   0.003810
1880.277275   9.871740   0.003870
1880.286928   9.869630   0.004160
1880.306613   9.878940   0.003980
1880.369120   9.882100   0.003870
1880.684731   9.889640   0.008080
1880.693935   9.880880   0.008200
1880.703424   9.888120   0.009470
1880.712965   9.872120   0.010910
1880.722745   9.886190   0.013280
1880.732752   9.879350   0.015820
1880.743114   9.902900   0.019050
1880.753480   9.845510   0.024210
1880.828480   9.889690   0.020440
1880.839020   9.906410   0.017730
1880.967707   9.897430   0.003580
1880.977730   9.892010   0.003640
1880.987626   9.900030   0.003410
1880.997175   9.895640   0.003290
1881.007352   9.893550   0.003460
1881.017262   9.890070   0.003460
1881.027023   9.889360   0.003520
1881.036583   9.878320   0.003460
1881.046307   9.877380   0.003580
1881.055914   9.876320   0.003810
1881.065565   9.876100   0.003640
1881.075352   9.878640   0.003810
1881.085120   9.881520   0.003700
1881.094964   9.887260   0.003640
1881.104801   9.887900   0.003460
1881.114937   9.891550   0.003980
1881.124474   9.884500   0.003810
1881.134326   9.880240   0.003980
1881.143810   9.885810   0.003520
1881.153419   9.881860   0.003980
1881.163015   9.885880   0.003810
1881.171357   9.890690   0.003640
1881.180981   9.883500   0.003700
1881.190627   9.879810   0.003460
1881.200550   9.888160   0.003640
1881.210473   9.884020   0.003810
1881.220305   9.883820   0.003810
1881.230199   9.894590   0.003810
1881.239668   9.891600   0.003980
1881.249328   9.897500   0.003980
1881.258917   9.893700   0.003870
1881.268352   9.889060   0.003980
1881.278189   9.888240   0.003980
1881.288137   9.889770   0.003980
1881.297680   9.888300   0.003980
1881.307337   9.890450   0.004160
1881.317394   9.885210   0.004160
1881.327336   9.890550   0.004330
1881.337373   9.891190   0.004330
1881.347129   9.886640   0.004330
1881.357110   9.881400   0.004390
1881.366722   9.891050   0.004500
1881.376276   9.883130   0.004500
1881.386104   9.882170   0.004680
1881.395996   9.882870   0.004730
1881.405772   9.881020   0.004850
1881.414838   9.888390   0.004850
1881.422098   9.889250   0.004970
1881.428287   9.884810   0.004850
1881.433496   9.887390   0.005020
1881.437835   9.884540   0.005020
1881.441542   9.882350   0.005200
1881.445078   9.888220   0.005200
1881.447777   9.886980   0.005200
1881.449541   9.891640   0.005200
1881.451276   9.888560   0.005200
1881.453055   9.884020   0.005200
1881.455245   9.889610   0.007350
1881.512259   9.886220   0.005370
1881.522032   9.889750   0.005720
1881.531584   9.883260   0.005830
1881.541053   9.883850   0.005890
1881.550943   9.888960   0.005890
1881.560601   9.884530   0.006060
1881.570473   9.881970   0.006000
1881.580253   9.893520   0.006410
1881.589860   9.885590   0.006240
1881.599577   9.891120   0.006750
1881.609472   9.885560   0.006580
1881.619114   9.881690   0.007040
1881.628942   9.887830   0.007620
1881.638590   9.887410   0.007910
1881.648351   9.885850   0.008600
1881.778022   9.859070   0.013220
1881.787777   9.866990   0.012700
1881.797497   9.876660   0.012360
1881.807277   9.883950   0.011200
1881.816745   9.908450   0.009930
1881.826319   9.898670   0.008370
1881.835921   9.893470   0.007160
1881.845731   9.881850   0.006120
1881.855252   9.879090   0.005370
1881.864967   9.879480   0.005020
1881.874874   9.887300   0.004680
1881.884546   9.881470   0.004160
1881.894462   9.884670   0.003980
1881.904494   9.887700   0.003640
1881.914271   9.877490   0.003640
1881.923884   9.885690   0.003750
1881.933466   9.883690   0.003640
1881.943231   9.876060   0.003640
1881.952875   9.881290   0.004330
1881.962633   9.879620   0.004730
1881.972149   9.883180   0.004910
1881.982098   9.883200   0.005200
1881.992169   9.888780   0.006180
1882.001889   9.882580   0.006640
1882.011594   9.887200   0.006640
1882.021627   9.878560   0.005540
1882.031644   9.883650   0.005950
1882.041324   9.887070   0.005830
1882.051198   9.888940   0.005430
1882.060871   9.886210   0.005490
1882.070527   9.886350   0.008950
1882.080330   9.885630   0.004560
1882.090096   9.893650   0.008080
1882.099569   9.894890   0.012150
1882.109365   9.905130   0.006930
1882.121972   9.884900   0.005830
1882.131558   9.900700   0.004910
1882.141120   9.904470   0.007100
1882.150540   9.886290   0.005200
1882.160119   9.880260   0.005200
1882.169652   9.881990   0.005490
1882.179008   9.878910   0.005370
1882.188466   9.888720   0.005830
1882.198063   9.892900   0.006580
1882.208031   9.900460   0.010630
1882.217722   9.892080   0.008720
1882.227231   9.882300   0.007790
1882.236839   9.884070   0.007910
1882.246327   9.885400   0.010510
1882.256107   9.869510   0.009870
1882.266006   9.889060   0.009700
1882.275585   9.870130   0.008780
1882.285301   9.881890   0.008890
1882.295361   9.880250   0.008310
1882.305067   9.884630   0.010630
1882.315073   9.879750   0.012640
1882.325032   9.882860   0.008430
1882.334886   9.889420   0.007510
1882.344919   9.892430   0.008660
1882.354771   9.884440   0.009240
1882.364587   9.894980   0.007970
1882.374737   9.897170   0.007970
1882.384757   9.869180   0.041170
1882.394964   9.873600   0.016630
1882.405045   9.837670   0.057000
1883.093660   9.881690   0.004100
1883.103366   9.881330   0.005540
1883.112818   9.895320   0.004270
1883.122237   9.882750   0.004570
1883.131900   9.884420   0.004160
1883.141295   9.895390   0.004500
1883.150882   9.884620   0.004730
1883.160374   9.885970   0.004970
1883.169871   9.887630   0.005200
1883.179271   9.893720   0.004500
1883.188727   9.886510   0.004500
1883.198404   9.899620   0.005140
1883.207904   9.885420   0.005020
1883.217549   9.891000   0.005080
1883.226897   9.892750   0.005200
1883.236210   9.892110   0.005260
1883.245790   9.884150   0.005200
1883.255334   9.887080   0.005370
1883.265175   9.876820   0.005370
1883.274780   9.880630   0.005540
1883.284849   9.896740   0.006640
1883.294394   9.886590   0.007050
1883.304305   9.883890   0.006810
1883.314080   9.890510   0.007570
1883.323720   9.878540   0.006820
1883.333437   9.879300   0.006240
1883.343435   9.880030   0.006350
1883.353548   9.887280   0.006760
1883.363493   9.884880   0.005950
1883.373027   9.883350   0.006240
1883.382657   9.882570   0.006470
1883.392439   9.886090   0.006180
1883.402040   9.882950   0.006240
1883.410061   9.879150   0.006640
1883.417485   9.877700   0.006810
1883.423677   9.884820   0.006410
1883.428949   9.891240   0.006580
1883.433300   9.886170   0.007050
1883.436812   9.889540   0.006290
1883.440325   9.890890   0.006700
1883.443180   9.892770   0.006350
1883.444926   9.887540   0.006580
1883.446707   9.894860   0.006240
1883.448508   9.883730   0.006240
1883.507335   9.890560   0.006700
1883.517022   9.893880   0.006750
1883.526655   9.892410   0.007510
1883.536232   9.879550   0.007910
1883.545818   9.889130   0.007970
1883.555341   9.884710   0.007740
1883.565051   9.887560   0.007850
1883.574608   9.888640   0.007680
1883.584302   9.882150   0.007740
1883.593915   9.874930   0.006870
1884.099534   9.884710   0.002600
1884.109140   9.887900   0.002600
1884.118686   9.889220   0.002940
1884.128292   9.887500   0.003120
1884.137551   9.883840   0.002770
1884.147279   9.877810   0.002940
1884.156774   9.892700   0.003120
1884.166197   9.884300   0.003180
1884.175960   9.883510   0.003470
1884.185414   9.882370   0.003120
1884.194977   9.882850   0.002770
1884.204574   9.880350   0.002940
1884.214174   9.887330   0.002830
1884.223839   9.884350   0.002940
1884.233272   9.884800   0.003750
1884.242628   9.882290   0.002770
1884.252195   9.882300   0.002600
1884.261682   9.881600   0.002770
1884.271201   9.886940   0.002660
1884.280876   9.882260   0.002770
1884.290846   9.885210   0.002940
1884.300573   9.886090   0.003120
1884.310420   9.893030   0.003870
1884.320206   9.882680   0.002940
1884.330156   9.887090   0.003120
1884.340081   9.886910   0.003410
1884.350052   9.892330   0.003350
1884.360119   9.886600   0.002940
1884.370060   9.885580   0.003120
1884.379738   9.890160   0.003290
1884.389528   9.881210   0.002770
1884.399065   9.884980   0.002940
1884.406881   9.884520   0.003120
1884.413865   9.888510   0.003460
1884.420368   9.888530   0.003410
1884.425635   9.880120   0.002940
1884.430150   9.882880   0.002770
1884.433678   9.883190   0.002940
1884.437202   9.881510   0.002940
1884.439908   9.886170   0.003120
1884.441669   9.885210   0.002940
1884.443407   9.882250   0.002940
1884.445186   9.887440   0.002890
1884.446926   9.885190   0.003290
1884.503638   9.890820   0.002770
1884.513187   9.881750   0.003000
1884.522993   9.881600   0.002770
1884.532900   9.878390   0.002600
1884.542819   9.879520   0.002830
1884.552706   9.877760   0.002800
1884.562458   9.882620   0.002600
1884.572213   9.882850   0.002830
1884.581820   9.883230   0.002600
1884.591479   9.877660   0.002940
1884.600983   9.891590   0.002830
1884.610820   9.883040   0.002770
1884.886961   9.886120   0.005370
1884.896459   9.883990   0.005490
1884.906042   9.883490   0.005260
1884.915643   9.888890   0.006000
1884.925737   9.883930   0.005140
1884.935570   9.888400   0.006000
1884.945448   9.885180   0.005370
1884.954875   9.882250   0.005660
1884.964329   9.885020   0.005540
1884.974229   9.880520   0.006300
1884.983546   9.887570   0.006410
1884.993441   9.882890   0.006000
1885.003341   9.887020   0.006000
1885.013229   9.885530   0.006640
1885.022911   9.876430   0.006580
1885.032502   9.880510   0.007330
1885.042137   9.877830   0.007220
1885.052183   9.876940   0.007330
1885.061957   9.880790   0.007850
1885.071678   9.883450   0.008260
1885.081285   9.887530   0.009010
1885.090973   9.883110   0.008430
1885.100847   9.899640   0.008550
1885.278794   9.878200   0.004850
1885.288696   9.890280   0.005660
1885.298475   9.889300   0.005080
1885.308250   9.888030   0.005020
1885.318087   9.882470   0.005260
1885.328301   9.883780   0.005770
1885.338173   9.879840   0.007850
1885.347960   9.882750   0.007040
1885.357853   9.886660   0.007450
1885.367578   9.872620   0.007620
1885.377344   9.892560   0.009120
1885.386938   9.889500   0.009300
1885.396599   9.890220   0.007740
1885.404395   9.881650   0.006990
1885.411445   9.886750   0.007850
1885.417511   9.885130   0.008200
1885.422892   9.880980   0.008500
1885.427461   9.903350   0.007970
1885.430989   9.888380   0.006700
1885.434637   9.888450   0.007510
1885.437356   9.889550   0.007450
1885.439093   9.886060   0.007450
1885.440855   9.892560   0.007390
1885.442624   9.889620   0.007040
1885.444416   9.890310   0.007100
1885.502228   9.891720   0.007740
1885.511985   9.893450   0.009820
1885.521821   9.883000   0.007970
1885.531512   9.882030   0.007560
1885.541243   9.887200   0.007850
1885.551133   9.895870   0.007040
1885.560860   9.881500   0.006870
1885.570601   9.888750   0.006870
1885.580236   9.891430   0.007910
1885.590133   9.880450   0.006000
1886.072366   9.881940   0.002600
1886.082057   9.881020   0.002770
1886.091456   9.883220   0.002770
1886.101064   9.873190   0.002940
1886.110701   9.874990   0.002940
1886.120214   9.880790   0.002940
1886.129544   9.895020   0.002940
1886.138882   9.897910   0.003060
1886.148233   9.897720   0.003120
1886.157943   9.901880   0.003120
1886.167550   9.901730   0.003350
1886.177101   9.900760   0.003460
1886.186997   9.902090   0.003460
1886.196609   9.904930   0.003640
1886.206153   9.904670   0.003980
1886.215757   9.902600   0.004160
1886.225422   9.907390   0.005020
1886.234829   9.905540   0.005080
1886.244630   9.910400   0.005020
1886.254426   9.893280   0.003930
1886.263771   9.874800   0.003460
1886.273578   9.873410   0.004850
1886.283270   9.872660   0.003410
1886.293134   9.870930   0.003460
1886.303115   9.873350   0.003810
1886.312914   9.872050   0.003580
1886.322818   9.873100   0.003640
1886.332859   9.881160   0.003640
1886.342543   9.880790   0.003460
1886.352534   9.872560   0.003640
1886.362281   9.878110   0.003810
1886.372003   9.876680   0.003810
1886.381496   9.879750   0.003980
1886.391198   9.875460   0.004160
1886.399994   9.871900   0.004160
1886.408171   9.876950   0.004210
1886.414363   9.886690   0.004910
1886.419581   9.882760   0.004970
1886.423873   9.883430   0.004680
1886.427459   9.878530   0.004500
1886.431086   9.882930   0.004500
1886.433748   9.880300   0.004970
1886.435540   9.871570   0.005080
1886.437293   9.874440   0.004680
1886.439058   9.881250   0.004730
1886.441348   9.881350   0.008800
