1863.169882   12.177230   0.016920
1863.179028   12.182120   0.018420
1863.188111   12.187030   0.021070
1863.197263   12.176260   0.019520
1863.206453   12.166940   0.018820
1863.215516   12.174000   0.022230
1863.224486   12.167740   0.021540
1863.233708   12.188430   0.022750
1863.243026   12.176130   0.022920
1863.252052   12.171810   0.020800
1863.260978   12.169200   0.019750
1863.270074   12.172480   0.022940
1863.279229   12.153860   0.019980
1863.288341   12.165980   0.019170
1863.297662   12.173690   0.017960
1863.306748   12.163700   0.020210
1863.315898   12.178040   0.020670
1863.325261   12.164670   0.020320
1863.334632   12.187380   0.021190
1863.344416   12.180500   0.020730
1863.353962   12.182030   0.020210
1863.363511   12.182200   0.018130
1863.372640   12.169560   0.017030
1863.381795   12.162380   0.017030
1863.391577   12.173640   0.018130
1863.400670   12.166520   0.018820
1863.410157   12.178760   0.018940
1863.419415   12.185140   0.019810
1863.428728   12.168040   0.020730
1863.438171   12.171130   0.021420
1863.447725   12.159800   0.023560
1863.457038   12.148970   0.026210
1863.464667   12.173850   0.030310
1863.471563   12.168070   0.031820
1863.477686   12.191350   0.030840
1863.482900   12.198210   0.029850
1863.487037   12.190130   0.032680
1863.490505   12.202710   0.032980
1863.494064   12.193250   0.030430
1863.496621   12.202550   0.031080
1863.498272   12.171920   0.032090
1863.500087   12.217500   0.033440
1863.501889   12.180410   0.033370
1863.503937   12.216280   0.046110
1864.122118   12.168090   0.014090
1864.131216   12.176690   0.017960
1864.140349   12.174760   0.016230
1864.149328   12.171510   0.016170
1864.158727   12.170710   0.015420
1864.168077   12.166960   0.019170
1864.177441   12.176830   0.018020
1864.186471   12.181990   0.014900
1864.195786   12.178400   0.018360
1864.204761   12.169360   0.016740
1864.213956   12.178460   0.015940
1864.223275   12.179150   0.015360
1864.232312   12.173670   0.018190
1864.241734   12.192460   0.018530
1864.250994   12.177510   0.016050
1864.260292   12.187070   0.019060
1864.269452   12.178930   0.016630
1864.278712   12.180980   0.019050
1864.288040   12.180380   0.019170
1864.297228   12.166850   0.018190
1864.306786   12.176110   0.018820
1864.315982   12.175620   0.019350
1864.325240   12.171970   0.019050
1864.334830   12.184940   0.018480
1864.344223   12.162680   0.024370
1864.353629   12.186760   0.023790
1864.362884   12.174860   0.026100
1864.372284   12.194430   0.031080
1864.381718   12.174850   0.026850
1864.391386   12.178150   0.023090
1864.401175   12.189630   0.028690
1864.410777   12.160730   0.025930
1864.420158   12.196750   0.025980
1864.429378   12.188630   0.028820
1864.438639   12.206600   0.032110
1864.448098   12.180150   0.035810
1864.457409   12.177950   0.042030
1864.465120   12.145300   0.037260
1864.472313   12.144520   0.042900
1864.477494   12.161020   0.050500
1864.482643   12.180440   0.066510
1864.486002   12.103090   0.083600
1864.489646   12.145480   0.073170
1864.492216   12.175770   0.057100
1864.494776   12.152060   0.059760
1864.496480   12.152660   0.060340
1864.498365   12.180450   0.063120
1864.500091   12.153720   0.064290
1864.501760   12.200000   0.058990
1865.081649   12.171420   0.021460
1865.090914   12.174420   0.021480
1865.103000   12.188340   0.020440
1865.112265   12.164780   0.019870
1865.121493   12.186080   0.024730
1865.180915   12.168900   0.014320
1865.189934   12.174390   0.011660
1865.199137   12.175590   0.014490
1865.208040   12.178060   0.011610
1865.217207   12.178510   0.017210
1865.226382   12.174480   0.016230
1865.235932   12.165580   0.017670
1865.245886   12.172530   0.017900
1865.255783   12.166560   0.017960
1865.265750   12.164940   0.023110
1865.275774   12.189460   0.020730
1865.285892   12.189510   0.017670
1865.295973   12.167480   0.019460
1865.306185   12.182260   0.019050
1865.316145   12.174470   0.018830
1865.326150   12.170320   0.020150
1865.336276   12.174560   0.023680
1865.346577   12.165550   0.021880
1865.356675   12.184560   0.021480
1865.366659   12.184660   0.023560
1865.376904   12.176660   0.022460
1865.387088   12.173330   0.022750
1865.397153   12.166430   0.024390
1865.407149   12.196040   0.023220
1865.417333   12.172070   0.022810
1865.427630   12.172900   0.022630
1865.437669   12.185840   0.023850
1865.448171   12.164820   0.029680
1865.457324   12.191340   0.032800
1865.465615   12.166750   0.034310
1865.471988   12.170760   0.039840
1865.477591   12.193900   0.049510
1865.482335   12.163490   0.041120
1865.486159   12.164150   0.047890
1865.489785   12.197700   0.042040
1865.492667   12.157350   0.040130
1865.494427   12.184360   0.037200
1865.496283   12.177960   0.035450
1865.498551   12.176650   0.060380
1866.165339   12.165780   0.012820
1866.174723   12.164680   0.012880
1866.184057   12.167570   0.013110
1866.193410   12.168350   0.013220
1866.202706   12.162490   0.013740
1866.212035   12.163780   0.013920
1866.221409   12.168560   0.014260
1866.230791   12.172280   0.014090
1866.240551   12.165530   0.013860
1866.250004   12.167320   0.013970
1866.259354   12.167920   0.014320
1867.193045   12.164340   0.009760
1867.202355   12.163720   0.010160
1867.211516   12.171110   0.010220
1867.220585   12.168510   0.010800
1867.230131   12.166210   0.010910
1867.239707   12.187520   0.010800
1867.249230   12.211210   0.010740
1867.258785   12.222830   0.010910
1867.268385   12.209540   0.011150
1867.277702   12.216450   0.011320
1867.287153   12.220240   0.011370
1867.296854   12.203960   0.011720
1867.306121   12.207370   0.011660
1867.315500   12.185370   0.011890
1867.325094   12.171720   0.012180
1867.334502   12.175800   0.012530
1867.344482   12.163080   0.013170
1867.354030   12.174600   0.013110
1867.363492   12.175780   0.014900
1867.372735   12.170060   0.013450
1867.382212   12.176880   0.013860
1867.391671   12.178190   0.015190
1867.401392   12.179490   0.014320
1867.410805   12.187140   0.014140
1867.420288   12.180960   0.017100
1867.429722   12.185930   0.018300
1867.439192   12.183760   0.017030
1867.448574   12.180410   0.018590
1867.456168   12.177900   0.016460
1867.463320   12.178500   0.017210
1867.469421   12.159080   0.017210
1867.473939   12.172230   0.014260
1867.478291   12.181510   0.013340
1867.481655   12.181740   0.013510
1867.484335   12.184650   0.014430
1867.486951   12.174670   0.014260
1867.488639   12.185480   0.014550
1867.490315   12.181900   0.015190
1867.492002   12.173620   0.014840
1867.493724   12.180180   0.014380
1868.197661   12.181010   0.017210
1868.207123   12.173840   0.017320
1868.216495   12.175820   0.022950
1868.225986   12.178710   0.020560
1868.235811   12.176200   0.023750
1868.245580   12.163090   0.021590
1868.255259   12.182340   0.022580
1868.264815   12.166290   0.023620
1868.274279   12.173330   0.025690
1868.283929   12.172980   0.023040
1868.293537   12.190410   0.033380
1868.303104   12.173820   0.037130
1868.312574   12.169350   0.035450
1868.322548   12.164950   0.027430
1868.332083   12.170240   0.025640
1868.341800   12.162750   0.026790
1868.351466   12.164060   0.032580
1868.360837   12.171880   0.033610
1868.370659   12.163530   0.031080
1868.380417   12.180830   0.031180
1868.390367   12.183240   0.030550
1868.399668   12.182520   0.030440
1868.409622   12.162470   0.031580
1868.419023   12.160370   0.030250
1868.428372   12.163010   0.030660
1868.437691   12.164350   0.031640
1868.446987   12.173110   0.031710
1868.454949   12.171290   0.033660
1868.461066   12.161330   0.032630
1868.467151   12.170110   0.035220
1868.471440   12.169470   0.036150
1868.475710   12.180550   0.040380
1868.479187   12.164890   0.041720
1868.481793   12.172540   0.038580
1868.484421   12.147210   0.037700
1868.486154   12.140410   0.035220
1868.487874   12.159870   0.038520
1868.489584   12.183170   0.037820
1868.491280   12.165840   0.039410
1868.552972   12.182580   0.064480
1868.562396   12.169170   0.059380
1868.581607   12.083670   0.096090
1868.591155   12.159950   0.097860
1868.600621   12.249110   0.121920
1869.239644   12.188750   0.049810
1869.249027   12.142470   0.048060
1869.258676   12.207670   0.051050
1869.268460   12.206150   0.068610
1869.278238   12.241890   0.077060
1869.287800   12.157190   0.070990
1869.297392   12.230270   0.075890
1869.307040   12.211170   0.080060
1869.316800   12.181590   0.085080
1869.326588   12.153450   0.099440
1869.336288   12.168580   0.108220
1869.345989   12.204380   0.120510
1869.365922   12.171800   0.125540
1870.219778   12.166840   0.011720
1870.229270   12.172940   0.012120
1870.238762   12.177830   0.013170
1870.248135   12.178580   0.012640
1870.257691   12.170520   0.013970
1870.267266   12.182080   0.013510
1870.276950   12.175040   0.013680
1870.286498   12.175980   0.013970
1870.295849   12.171560   0.013160
1870.305565   12.170900   0.013740
1870.315197   12.173130   0.015240
1870.325274   12.175740   0.015760
1870.335174   12.176460   0.014840
1870.344892   12.182560   0.015820
1870.354573   12.187780   0.018070
1870.364104   12.166970   0.022690
1870.373603   12.189810   0.022240
1870.383600   12.175410   0.025120
1870.393243   12.177020   0.032810
1870.402820   12.200720   0.043880
1870.412418   12.180280   0.039990
1870.421719   12.203660   0.038640
1870.431056   12.175800   0.039830
1870.440608   12.171450   0.035610
1870.448993   12.171660   0.029620
1870.456179   12.134970   0.029280
1870.461756   12.177660   0.036380
1870.466593   12.194470   0.041670
1870.470290   12.177630   0.036740
1870.474034   12.198780   0.041350
1870.476825   12.168840   0.044680
1870.478569   12.138490   0.044110
1870.480341   12.155820   0.041200
1870.482097   12.158220   0.041350
1870.483838   12.152880   0.044660
1870.485602   12.187820   0.043370
1871.136689   12.178780   0.013740
1871.146179   12.174880   0.013220
1871.155384   12.178850   0.013400
1871.164955   12.165540   0.014610
1871.174269   12.170410   0.014550
1871.183469   12.167040   0.015480
1871.192872   12.169690   0.014550
1871.202392   12.164190   0.015190
1871.211865   12.180450   0.018080
1871.221273   12.156090   0.017730
1871.230922   12.167830   0.015710
1871.240394   12.165510   0.015190
1871.250018   12.176080   0.015940
1871.259511   12.181390   0.015420
1871.269122   12.176740   0.015530
1871.278903   12.175550   0.015190
1871.288648   12.179380   0.016340
1871.298226   12.175800   0.015650
1871.307789   12.177280   0.017210
1871.317562   12.192120   0.017270
1871.327342   12.177990   0.017900
1871.337079   12.165230   0.019630
1871.346725   12.182070   0.020280
1871.356495   12.171780   0.019400
1871.366277   12.157700   0.021080
1871.375944   12.181750   0.021020
1871.385808   12.181090   0.022860
1871.395399   12.195860   0.024720
1871.404882   12.195140   0.028480
1871.414342   12.186500   0.026960
1871.423744   12.180430   0.026270
1871.433495   12.188710   0.026620
1871.442405   12.160710   0.024600
1871.449670   12.153680   0.025760
1871.455742   12.184330   0.026100
1871.461191   12.156310   0.028540
1871.465968   12.153860   0.026500
1871.469461   12.161980   0.026440
1871.472994   12.160250   0.026440
1871.476070   12.169220   0.025460
1871.477819   12.164650   0.025460
1871.479709   12.167550   0.025170
1871.481438   12.146470   0.025470
1871.550420   12.155520   0.027960
1871.559908   12.149590   0.027940
1871.569340   12.146350   0.029390
1871.578835   12.177040   0.031700
1871.588334   12.162960   0.034620
1871.597765   12.163430   0.043310
1871.607264   12.166220   0.050940
1871.616819   12.174880   0.063100
1871.626324   12.231370   0.070460
1872.324463   12.201050   0.015130
1872.334315   12.193860   0.016220
1872.344041   12.175940   0.015590
1872.353623   12.185400   0.016230
1872.363427   12.173530   0.015300
1872.373279   12.169100   0.015190
1872.383099   12.175530   0.015300
1872.392766   12.185800   0.015300
1872.402203   12.191300   0.015760
1872.412032   12.187810   0.016400
1872.421585   12.173840   0.016630
1872.431130   12.191230   0.018130
1872.439874   12.192270   0.017900
1872.447517   12.182020   0.017730
1872.454162   12.191380   0.018360
1872.459603   12.187300   0.019750
1872.463903   12.173100   0.019690
1872.467716   12.189910   0.019230
1872.470496   12.171440   0.019230
1872.473152   12.180220   0.019750
1872.474857   12.177100   0.019750
1872.476617   12.167520   0.019630
1872.478370   12.184520   0.019920
1872.480228   12.184710   0.020090
1872.541663   12.157360   0.024250
1872.550845   12.178820   0.025460
1872.560270   12.157460   0.026040
1872.569828   12.177700   0.028290
1872.579400   12.164470   0.029100
1872.588943   12.166680   0.032220
1872.598488   12.168110   0.038050
1872.608116   12.171390   0.043600
1872.617527   12.176940   0.049380
1872.627101   12.158400   0.063520
1872.636625   12.140870   0.072300
1872.646041   12.243630   0.103040
1873.229437   12.175210   0.017030
1873.238826   12.179490   0.017960
1873.248403   12.178400   0.017730
1873.258009   12.180280   0.017730
1873.267456   12.183320   0.018130
1873.276959   12.160280   0.018250
1873.286788   12.159100   0.018530
1873.296275   12.185310   0.019690
1873.305896   12.164190   0.021890
1873.315548   12.180160   0.021830
1873.325684   12.156580   0.023150
1873.335346   12.145650   0.024200
1873.344943   12.145920   0.025110
1873.354842   12.169610   0.023100
1873.364691   12.142330   0.026100
1873.374458   12.158850   0.024250
1873.383960   12.156270   0.022010
1873.393856   12.165310   0.023090
1873.403606   12.185260   0.023270
1873.413210   12.193520   0.027490
1873.422938   12.151090   0.026800
1873.432622   12.181110   0.023440
1873.441010   12.183710   0.022110
1873.447044   12.163950   0.021540
1873.453044   12.178280   0.021650
1873.457630   12.184580   0.022000
1873.462090   12.182440   0.022230
1873.465548   12.190960   0.022520
1873.468261   12.178430   0.022580
1873.470892   12.189760   0.023850
1873.472722   12.178080   0.023050
1873.474437   12.175660   0.022860
1873.476606   12.173930   0.032690
1873.539458   12.201470   0.094100
1873.548852   12.211960   0.069420
1873.558313   12.233970   0.057980
1873.567696   12.190130   0.054820
1873.577180   12.225840   0.057460
1873.586745   12.209130   0.045380
1873.596227   12.224390   0.069570
1873.605773   12.184700   0.068570
1873.615321   12.197360   0.062800
1873.624816   12.178350   0.063810
1874.032527   12.172130   0.011950
1874.041923   12.167420   0.012530
1874.051714   12.189010   0.012530
1874.061193   12.169760   0.012180
1874.070741   12.170220   0.013050
1874.080230   12.152680   0.012820
1874.089638   12.169150   0.012820
1874.098984   12.172940   0.013340
1874.108441   12.179490   0.012990
1874.117749   12.169700   0.013630
1874.127103   12.173610   0.013510
1874.136654   12.171310   0.013800
1874.145982   12.189590   0.014260
1874.155173   12.183950   0.015190
1874.164605   12.196300   0.016170
1874.174153   12.183460   0.019000
1874.183645   12.190490   0.024610
1874.193053   12.195450   0.032330
1874.202515   12.169080   0.033660
1874.212179   12.187340   0.036550
1874.222051   12.182480   0.032620
1874.593715   12.188900   0.063940
1874.603390   12.129190   0.054910
1874.613039   12.160290   0.065540
1876.992585   12.166990   0.012760
1877.002277   12.173200   0.013110
1877.012009   12.177080   0.013630
1877.021623   12.163550   0.013400
1877.031340   12.163240   0.014840
1877.041094   12.174930   0.014260
1877.050632   12.175260   0.012410
1877.060512   12.172640   0.013340
1877.070280   12.166360   0.013970
1877.080037   12.162240   0.013690
1877.089835   12.167920   0.013400
1877.099542   12.181760   0.014260
1877.109324   12.169290   0.017030
1877.119234   12.150800   0.016480
1877.128562   12.169540   0.015260
1877.137988   12.176320   0.015240
1877.147449   12.170680   0.018300
1877.157081   12.154830   0.016860
1877.166514   12.174000   0.016000
1877.175811   12.173450   0.015360
1877.185180   12.174830   0.016510
1877.194638   12.167670   0.015680
1877.204359   12.185500   0.015420
1877.213829   12.176510   0.014430
1877.223290   12.171680   0.015360
1877.232928   12.181700   0.015360
1877.242583   12.177780   0.016810
1877.252102   12.168640   0.016980
1877.261424   12.174360   0.017090
1877.271317   12.191520   0.015770
1877.280810   12.216480   0.014320
1877.290913   12.212710   0.016520
1877.300784   12.218610   0.018820
1877.310552   12.212820   0.016170
1877.320329   12.200430   0.018420
1877.330019   12.204480   0.016230
1877.339609   12.210420   0.014790
1877.349339   12.194820   0.016630
1877.359563   12.166610   0.014960
1877.369289   12.167690   0.016920
1877.379166   12.154120   0.016050
1877.389199   12.178380   0.018590
1877.398748   12.164020   0.020500
1877.408188   12.154090   0.019470
1877.417610   12.156770   0.018540
1877.426444   12.155290   0.016110
1877.433416   12.161420   0.017780
1877.439426   12.179140   0.019750
1877.444578   12.155870   0.019760
1877.449101   12.164720   0.016920
1877.452622   12.176720   0.020300
1877.456119   12.171390   0.017850
1877.458826   12.159640   0.016970
1877.460660   12.168070   0.017550
1877.462441   12.173370   0.017670
1877.464144   12.173350   0.017670
1877.465872   12.171450   0.018360
1877.528546   12.165860   0.021250
1877.538164   12.171890   0.022290
1877.547759   12.154330   0.023210
1877.557433   12.170580   0.024540
1877.566991   12.168460   0.024250
1877.956588   12.190840   0.020790
1877.966360   12.177520   0.017910
1877.975795   12.170930   0.014140
1877.985575   12.172680   0.012820
1877.995071   12.169810   0.012300
1878.004964   12.170880   0.012120
1878.014335   12.172150   0.012990
1878.023915   12.172370   0.010610
1878.033403   12.162900   0.012070
1878.042881   12.173840   0.011950
1878.052477   12.176660   0.013570
1878.062202   12.171490   0.012990
1878.072038   12.156040   0.013280
1878.081838   12.191510   0.013970
1878.091595   12.163910   0.012990
1878.101204   12.172790   0.013340
1878.111056   12.172210   0.013680
1878.120475   12.170630   0.013860
1878.129972   12.183890   0.015240
1878.139452   12.177560   0.017090
1878.148981   12.181150   0.027370
1878.158293   12.179550   0.024600
1878.167692   12.177430   0.015530
1878.177309   12.161210   0.014900
1878.186872   12.163190   0.018470
1878.196273   12.171590   0.018530
1878.206054   12.178410   0.020840
1878.215833   12.156700   0.022060
1878.225557   12.189600   0.022690
1878.235117   12.174800   0.018940
1878.244657   12.173110   0.019230
1878.254352   12.167460   0.020380
1878.263984   12.184940   0.022460
1878.273770   12.168730   0.022630
1878.283405   12.178020   0.023850
1878.293079   12.173380   0.023610
1878.302887   12.159500   0.028820
1878.312828   12.171730   0.029960
1878.322431   12.178950   0.029100
1878.332111   12.199790   0.030840
1878.342126   12.166630   0.021210
1878.351898   12.149800   0.024890
1878.361666   12.187180   0.023610
1878.371492   12.176240   0.024250
1878.381052   12.177940   0.026390
1878.390611   12.176050   0.020800
1878.400035   12.179980   0.024780
1878.409523   12.173900   0.023680
1878.419250   12.165540   0.027830
1878.427139   12.177980   0.028750
1878.434256   12.151810   0.023900
1878.439734   12.154620   0.029440
1878.444205   12.180780   0.021780
1878.448555   12.170690   0.022910
1878.452064   12.151660   0.027620
1878.454721   12.171750   0.025640
1878.457364   12.158060   0.027060
1878.459093   12.177030   0.026510
1878.460943   12.170170   0.026350
1878.463071   12.167880   0.038360
1878.523903   12.175850   0.028170
1878.533380   12.193080   0.028700
1878.542754   12.216500   0.026440
1878.552323   12.229700   0.028240
1878.561961   12.224300   0.032220
1878.571685   12.216150   0.043480
1878.581234   12.204500   0.042440
1878.590773   12.205460   0.045570
1878.600390   12.198650   0.059130
1878.885725   12.179570   0.035630
1878.896259   12.176030   0.030660
1878.907039   12.197270   0.027430
1878.917827   12.186280   0.027090
1878.928636   12.165020   0.026290
1878.939490   12.182230   0.023210
1878.950209   12.178100   0.019290
1878.960985   12.177680   0.018530
1878.971663   12.182140   0.017260
1878.982256   12.178340   0.017610
1878.992862   12.178440   0.017090
1879.003349   12.178750   0.018300
1879.014056   12.168750   0.018420
1879.024781   12.162080   0.018360
1879.035403   12.178210   0.020790
1879.046338   12.159100   0.020440
1879.056998   12.180780   0.021530
1879.067120   12.168170   0.021770
1879.077625   12.178900   0.021770
1879.087804   12.164870   0.022170
1879.097718   12.175820   0.024420
1879.108265   12.170760   0.025640
1879.118677   12.165010   0.027140
1879.128946   12.170930   0.022560
1879.138951   12.156610   0.025410
1879.148948   12.163770   0.029620
1879.158753   12.166200   0.030550
1879.168681   12.174670   0.030200
1879.178653   12.173450   0.031940
1879.188532   12.144710   0.031820
1879.198658   12.157590   0.032160
1879.208980   12.158560   0.032920
1879.219105   12.184330   0.033520
1879.229198   12.181270   0.033430
1879.239692   12.165160   0.032910
1879.249885   12.165530   0.033100
1879.259988   12.164780   0.030430
1879.270136   12.177230   0.030610
1879.279998   12.192340   0.024890
1879.290256   12.170080   0.030490
1879.300321   12.174920   0.030660
1879.310604   12.169280   0.030020
1879.321132   12.182020   0.030600
1879.331398   12.187130   0.030950
1879.341711   12.208980   0.032240
1879.352168   12.170950   0.031470
1879.362239   12.190010   0.031700
1879.372581   12.164960   0.032040
1879.383093   12.163450   0.018400
1879.393142   12.170450   0.033030
1879.403333   12.181770   0.034470
1879.413718   12.148700   0.035640
1879.422210   12.170180   0.035390
1879.430290   12.176010   0.037430
1879.436891   12.210130   0.037130
1879.441492   12.170070   0.037710
1879.445571   12.148270   0.038180
1879.449457   12.173220   0.039380
1879.452342   12.140670   0.033720
1879.454194   12.163280   0.040310
1879.456055   12.165700   0.033170
1879.457932   12.172940   0.039790
1879.460282   12.160240   0.057470
1879.524043   12.180980   0.050530
1879.534146   12.152680   0.056330
1879.544253   12.173250   0.056060
1879.554321   12.202560   0.032600
1879.564508   12.186130   0.060560
1879.574677   12.152730   0.061660
1879.584814   12.171610   0.057760
1879.594935   12.163970   0.062860
1879.605121   12.211320   0.070880
1879.615186   12.199580   0.067900
1879.625350   12.213550   0.078950
1879.885631   12.188680   0.046950
1879.895153   12.183100   0.038860
1879.904711   12.182960   0.028760
1879.914664   12.183580   0.022700
1879.924232   12.165950   0.018880
1879.933937   12.176370   0.016220
1879.943742   12.179250   0.014150
1879.953255   12.180320   0.012930
1879.962965   12.179170   0.012180
1879.972299   12.181840   0.012010
1879.982133   12.188750   0.012410
1879.991480   12.192730   0.013110
1880.001350   12.179840   0.013680
1880.010995   12.182040   0.015360
1880.020489   12.165960   0.015360
1880.030167   12.191110   0.015650
1880.040004   12.179310   0.014790
1880.050020   12.179510   0.015300
1880.059700   12.163860   0.015530
1880.069635   12.177230   0.016060
1880.079469   12.154110   0.017030
1880.089000   12.182070   0.016050
1880.098524   12.181170   0.016860
1880.108072   12.186190   0.018530
1880.117530   12.180320   0.015480
1880.127140   12.177480   0.017150
1880.200091   12.173410   0.018300
1880.209735   12.179130   0.020330
1880.219431   12.177930   0.018950
1880.229324   12.187310   0.016990
1880.238989   12.174760   0.016750
1880.248836   12.163310   0.016220
1880.258298   12.176840   0.016980
1880.267686   12.169970   0.017840
1880.277275   12.179920   0.018420
1880.286928   12.180090   0.021540
1880.306613   12.161600   0.018070
1880.369120   12.167640   0.016920
1880.684731   12.168470   0.050870
1880.693935   12.166970   0.052200
1880.703424   12.154990   0.059460
1880.712965   12.152580   0.067330
1880.722668   12.199840   0.071980
1880.732752   12.107350   0.094680
1880.743114   12.232390   0.102500
1880.828557   12.114140   0.088960
1880.839020   12.181920   0.097580
1880.967707   12.157270   0.019520
1880.977730   12.176310   0.019860
1880.987626   12.156010   0.015880
1880.997175   12.176790   0.014780
1881.007352   12.170720   0.015590
1881.017262   12.180880   0.016350
1881.027023   12.172810   0.016920
1881.036583   12.188810   0.016400
1881.046307   12.212430   0.017440
1881.055914   12.194560   0.019750
1881.065565   12.214350   0.018940
1881.075352   12.191940   0.020040
1881.085120   12.206330   0.018550
1881.094964   12.211020   0.017960
1881.104801   12.204460   0.015500
1881.114937   12.164190   0.022110
1881.124474   12.164450   0.019750
1881.134326   12.152240   0.020670
1881.143810   12.174080   0.015190
1881.153419   12.152220   0.020680
1881.163015   12.167710   0.018420
1881.171357   12.181600   0.015590
1881.180981   12.168030   0.016520
1881.190627   12.168580   0.014030
1881.200550   12.162160   0.014840
1881.210473   12.184650   0.016460
1881.220305   12.183990   0.017150
1881.230199   12.186940   0.016860
1881.239668   12.184180   0.017500
1881.249328   12.184370   0.017210
1881.258917   12.189760   0.017090
1881.268352   12.178990   0.018020
1881.278189   12.182500   0.017730
1881.288137   12.178470   0.017960
1881.297680   12.183700   0.017900
1881.307337   12.184250   0.018480
1881.317394   12.176220   0.019170
1881.327336   12.179300   0.019750
1881.337373   12.177900   0.019860
1881.347129   12.181060   0.020030
1881.357110   12.185530   0.020380
1881.366722   12.168110   0.020670
1881.376276   12.200500   0.021420
1881.386104   12.181280   0.022230
1881.395996   12.165200   0.021880
1881.405772   12.196350   0.023440
1881.414838   12.174200   0.022630
1881.422098   12.176820   0.024130
1881.428287   12.180090   0.023740
1881.433496   12.173630   0.023800
1881.437835   12.171890   0.023900
1881.441542   12.167950   0.025060
1881.445078   12.171550   0.025470
1881.447777   12.180250   0.025170
1881.449541   12.178170   0.024880
1881.451276   12.175010   0.024600
1881.453055   12.151220   0.025350
1881.455245   12.163900   0.034990
1881.512259   12.172550   0.025810
1881.522032   12.177860   0.027770
1881.531584   12.176830   0.028180
1881.541053   12.159430   0.028520
1881.550943   12.174860   0.028520
1881.560601   12.155700   0.029330
1881.570473   12.169040   0.029220
1881.580253   12.171830   0.032160
1881.589860   12.171260   0.031060
1881.599577   12.192710   0.035050
1881.609472   12.167310   0.032560
1881.619114   12.178490   0.036970
1881.628942   12.181200   0.041460
1881.638590   12.188080   0.042910
1881.648351   12.180420   0.046090
1881.778022   12.132790   0.085680
1881.787777   12.214090   0.087040
1881.797497   12.147190   0.084350
1881.807277   12.123470   0.078790
1881.816745   12.132230   0.066950
1881.826319   12.185640   0.056730
1881.835921   12.140860   0.049210
1881.845731   12.177050   0.042330
1881.855252   12.212160   0.035160
1881.864967   12.181390   0.030440
1881.874874   12.139640   0.028010
1881.884546   12.176160   0.023500
1881.894462   12.177670   0.019800
1881.904494   12.186090   0.017730
1881.914271   12.169980   0.017150
1881.923884   12.177370   0.017550
1881.933466   12.175650   0.016570
1881.943231   12.174970   0.017040
1881.952875   12.171140   0.022920
1881.962633   12.167270   0.024140
1881.972149   12.185950   0.025230
1881.982098   12.189600   0.026220
1881.992169   12.183390   0.033270
1882.001889   12.172960   0.036430
1882.011594   12.142930   0.037090
1882.021627   12.171380   0.028990
1882.031644   12.194720   0.033140
1882.041324   12.163690   0.031830
1882.051198   12.173080   0.029040
1882.060871   12.184780   0.029820
1882.070527   12.217030   0.056230
1882.080330   12.162250   0.022990
1882.090096   12.170680   0.049480
1882.099569   12.196080   0.076340
1882.109365   12.165880   0.040830
1882.121972   12.168590   0.032260
1882.131558   12.185480   0.025590
1882.141120   12.153120   0.042380
1882.150540   12.157380   0.027890
1882.160119   12.163890   0.029160
1882.169652   12.154850   0.029860
1882.179008   12.174570   0.030140
1882.188466   12.171260   0.033210
1882.198063   12.171920   0.038240
1882.208031   12.165410   0.065670
1882.217722   12.179890   0.054690
1882.227231   12.169410   0.046410
1882.236839   12.176600   0.047190
1882.246327   12.164780   0.067330
1882.256107   12.196760   0.063060
1882.266006   12.188630   0.058250
1882.275585   12.232070   0.056370
1882.285301   12.173410   0.051040
1882.295361   12.208200   0.051080
1882.305067   12.227630   0.065040
1882.315073   12.205070   0.081800
1882.325032   12.225850   0.052310
1882.334886   12.242840   0.045160
1882.344919   12.221500   0.053950
1882.354771   12.231850   0.059080
1882.364587   12.219600   0.049900
1882.374737   12.183710   0.049620
1882.394964   12.221150   0.103830
1883.093660   12.180610   0.022480
1883.103366   12.159890   0.036410
1883.112818   12.159280   0.024360
1883.122237   12.168840   0.027380
1883.131900   12.158030   0.022920
1883.141295   12.130190   0.025180
1883.150882   12.177470   0.026850
1883.160374   12.170040   0.028460
1883.169871   12.166980   0.030790
1883.179271   12.158660   0.022990
1883.188727   12.175130   0.023220
1883.198404   12.161170   0.028530
1883.207904   12.149910   0.027250
1883.217549   12.197890   0.029690
1883.226897   12.175750   0.029450
1883.236210   12.183620   0.030950
1883.245790   12.162890   0.030140
1883.255334   12.186940   0.030950
1883.265175   12.180420   0.030490
1883.274780   12.168010   0.031430
1883.284849   12.175830   0.042960
1883.294394   12.140250   0.045070
1883.304305   12.144910   0.041580
1883.314080   12.159230   0.050070
1883.323720   12.177350   0.042390
1883.333437   12.205730   0.037250
1883.343435   12.149390   0.039760
1883.353548   12.173360   0.041470
1883.363493   12.176970   0.034160
1883.373027   12.167580   0.036270
1883.382657   12.165010   0.039040
1883.392439   12.159300   0.034960
1883.402040   12.170570   0.035050
1883.410061   12.139920   0.040430
1883.417485   12.155840   0.040540
1883.423677   12.175040   0.038990
1883.428949   12.176880   0.039040
1883.433300   12.155760   0.045190
1883.436812   12.149890   0.038290
1883.440325   12.171570   0.043530
1883.443180   12.148120   0.038010
1883.444926   12.149160   0.039120
1883.446707   12.172160   0.037410
1883.448508   12.164880   0.037420
1883.507335   12.131120   0.039680
1883.517022   12.141460   0.038400
1883.526655   12.161440   0.045340
1883.536232   12.134370   0.048970
1883.545818   12.130950   0.047820
1883.555341   12.234130   0.045800
1883.565051   12.177810   0.044650
1883.574608   12.198220   0.047390
1883.584302   12.232200   0.047490
1883.593915   12.218270   0.039330
1884.099534   12.167660   0.011430
1884.109140   12.173360   0.011260
1884.118686   12.163350   0.013740
1884.128292   12.187160   0.017100
1884.137551   12.185750   0.012760
1884.147279   12.183620   0.014090
1884.156774   12.189350   0.015240
1884.166197   12.183280   0.018130
1884.175960   12.181170   0.017850
1884.185414   12.172780   0.015880
1884.194977   12.185050   0.013050
1884.204574   12.175060   0.014150
1884.214174   12.187560   0.012760
1884.223839   12.182060   0.015190
1884.233272   12.186120   0.020560
1884.242628   12.176560   0.011840
1884.252195   12.173450   0.011490
1884.261682   12.179000   0.011720
1884.271201   12.171350   0.011780
1884.280876   12.168410   0.012880
1884.290846   12.177970   0.013920
1884.300573   12.171280   0.015010
1884.310420   12.192620   0.023870
1884.320206   12.178390   0.014440
1884.330156   12.177130   0.014610
1884.340081   12.175440   0.017900
1884.350052   12.176250   0.017150
1884.360119   12.180460   0.014610
1884.370060   12.186280   0.014260
1884.379738   12.176470   0.015480
1884.389528   12.178310   0.012410
1884.399065   12.172050   0.013160
1884.406881   12.174220   0.015530
1884.413865   12.167080   0.017440
1884.420368   12.154120   0.020000
1884.425635   12.170320   0.014090
1884.430150   12.176380   0.012360
1884.433678   12.177650   0.013680
1884.437202   12.184900   0.013750
1884.439908   12.182900   0.014430
1884.441669   12.174060   0.014560
1884.443407   12.172400   0.013740
1884.445186   12.173750   0.012990
1884.446926   12.166260   0.018520
1884.503638   12.178540   0.012530
1884.513187   12.167120   0.015040
1884.522993   12.174830   0.012590
1884.532900   12.169190   0.011430
1884.542819   12.173960   0.014380
1884.552706   12.168750   0.014990
1884.562458   12.170410   0.010680
1884.572213   12.179800   0.013380
1884.581820   12.176270   0.011080
1884.591479   12.179900   0.013920
1884.600983   12.174020   0.012530
1884.610820   12.181630   0.011780
1884.886961   12.188210   0.029740
1884.896459   12.181060   0.032000
1884.906042   12.192550   0.029470
1884.915643   12.177190   0.037660
1884.925737   12.179150   0.025870
1884.935570   12.159380   0.038400
1884.945448   12.168230   0.030170
1884.954875   12.204820   0.033320
1884.964329   12.181680   0.031720
1884.974229   12.197610   0.037940
1884.983546   12.187770   0.034890
1884.993441   12.159130   0.032060
1885.003341   12.186590   0.030020
1885.013229   12.207580   0.034550
1885.022911   12.174430   0.034620
1885.032502   12.166950   0.039840
1885.042137   12.177250   0.038730
1885.052183   12.194060   0.040370
1885.061957   12.167770   0.047930
1885.071678   12.187720   0.049310
1885.081285   12.148970   0.055520
1885.090973   12.166690   0.047000
1885.100847   12.182530   0.047810
1885.278794   12.180500   0.028180
1885.288696   12.160260   0.037130
1885.298475   12.192230   0.030630
1885.308250   12.183140   0.029910
1885.318087   12.165020   0.031710
1885.328301   12.152820   0.037010
1885.338173   12.162340   0.052770
1885.347960   12.164210   0.045850
1885.357853   12.177160   0.049790
1885.367578   12.185760   0.049270
1885.377344   12.155480   0.058780
1885.386938   12.156420   0.060980
1885.396599   12.170790   0.051970
1885.404395   12.181600   0.044820
1885.411445   12.179380   0.052020
1885.417511   12.199810   0.055840
1885.422892   12.170030   0.058200
1885.427461   12.145980   0.052550
1885.430989   12.183110   0.043520
1885.434637   12.174670   0.051270
1885.437356   12.161860   0.051860
1885.439093   12.174750   0.050530
1885.440855   12.183410   0.049110
1885.442624   12.168880   0.045480
1885.444416   12.193360   0.048060
1885.502228   12.180070   0.051800
1885.511985   12.157890   0.063220
1885.521821   12.169670   0.051240
1885.531512   12.191370   0.048970
1885.541243   12.141540   0.053370
1885.551133   12.170390   0.045510
1885.560860   12.133070   0.045940
1885.570601   12.153890   0.043550
1885.580236   12.178640   0.053470
1885.590133   12.165370   0.037970
1886.072366   12.212320   0.010510
1886.082057   12.214280   0.011370
1886.091456   12.204500   0.011660
1886.101064   12.207730   0.012130
1886.110701   12.211380   0.011890
1886.120214   12.199100   0.011950
1886.129544   12.192180   0.012650
1886.138882   12.172450   0.012870
1886.148233   12.174290   0.012820
1886.157943   12.167560   0.013280
1886.167550   12.166060   0.014960
1886.177101   12.167590   0.014900
1886.186997   12.164900   0.015410
1886.196609   12.165290   0.016280
1886.206153   12.162170   0.017960
1886.215757   12.161610   0.019240
1886.225422   12.177920   0.025060
1886.234829   12.163410   0.025290
1886.244630   12.163910   0.024310
1886.254426   12.164710   0.018600
1886.263771   12.166970   0.015540
1886.273578   12.187410   0.025820
1886.283270   12.176820   0.015010
1886.293134   12.168560   0.015770
1886.303115   12.175440   0.018360
1886.312914   12.186490   0.016740
1886.322818   12.194790   0.017680
1886.332859   12.183630   0.017610
1886.342543   12.177090   0.016230
1886.352534   12.195110   0.016690
1886.362281   12.183470   0.017900
1886.372003   12.186980   0.018940
1886.381496   12.175920   0.019400
1886.391198   12.178580   0.021090
1886.399994   12.178150   0.021540
1886.408171   12.182930   0.022110
1886.414363   12.176910   0.027030
1886.419581   12.168180   0.026960
1886.423873   12.175340   0.025520
1886.427459   12.172300   0.024020
1886.431086   12.180390   0.023960
1886.433748   12.179610   0.027910
1886.435540   12.180320   0.029580
1886.437293   12.175880   0.024830
1886.439058   12.182370   0.024370
1886.441348   12.175230   0.051570
