1863.169882   14.139470   0.065190
1863.179028   14.078980   0.071970
1863.188111   14.059830   0.088870
1863.197263   14.126010   0.077960
1863.206453   14.083830   0.079050
1863.215516   14.130680   0.092800
1863.224486   14.104960   0.095250
1863.233708   14.146640   0.095740
1863.243026   14.141380   0.099290
1863.252052   14.024150   0.087350
1863.260978   14.099550   0.077400
1863.270074   14.159710   0.094490
1863.279229   14.062750   0.086380
1863.288341   14.131270   0.079370
1863.297662   13.984310   0.062910
1864.122118   14.115940   0.055170
1864.131216   14.117390   0.075400
1864.140349   14.072160   0.071070
1864.149328   14.096540   0.069930
1864.158727   14.129840   0.063590
1864.168077   14.103840   0.085850
1864.177441   14.059510   0.078880
1864.186471   14.174610   0.061740
1864.195786   14.154210   0.078590
1864.204761   14.082330   0.067550
1864.213956   14.125290   0.066020
1864.223275   14.087420   0.067780
1864.232312   14.145230   0.074360
1864.241734   14.059860   0.075130
1864.250994   14.124320   0.068030
1864.260292   14.128920   0.077010
1864.269452   14.137650   0.063950
1864.278712   14.047190   0.083120
1864.288040   14.023590   0.076040
1865.081649   14.159540   0.093980
1865.090914   14.052620   0.095960
1865.103000   14.104560   0.093410
1865.112265   14.090960   0.088980
1865.121493   14.111120   0.107720
1865.180915   14.123970   0.060170
1865.189934   14.120320   0.047810
1865.199137   14.094950   0.059740
1865.208040   14.105380   0.049360
1865.217207   14.127080   0.076080
1865.226382   14.135430   0.071640
1865.235932   14.124170   0.080420
1865.245886   14.117650   0.081000
1865.255783   14.066230   0.075870
1865.265750   14.138260   0.102050
1865.275774   14.094700   0.091740
1865.285892   14.171280   0.083100
1865.295973   14.052790   0.083960
1865.306185   14.098100   0.085020
1865.316145   14.118410   0.081680
1865.326150   14.056790   0.091870
1865.336276   14.115900   0.104620
1865.346577   14.061290   0.086710
1866.165339   14.109560   0.051570
1866.174723   14.124000   0.051930
1866.184057   14.139020   0.055640
1866.193410   14.095910   0.055370
1866.202706   14.137280   0.051980
1866.212035   14.129090   0.057480
1866.221409   14.110250   0.057870
1866.230791   14.109280   0.053460
1866.240551   14.118520   0.054570
1866.250004   14.096370   0.053620
1866.259354   14.120590   0.059360
1867.193045   14.082020   0.035850
1867.202355   14.084950   0.039560
1867.211516   14.102190   0.039390
1867.220585   14.100510   0.044570
1867.230131   14.101390   0.044010
1867.239707   14.082110   0.043650
1867.249230   14.062780   0.041000
1867.258785   14.101920   0.042030
1867.268385   14.099090   0.044160
1867.277702   14.086480   0.046250
1867.287153   14.090870   0.045990
1867.296854   14.098310   0.048970
1867.306121   14.122920   0.047260
1867.315500   14.096380   0.047090
1867.325094   14.123380   0.047170
1867.334502   14.106450   0.051170
1867.344482   14.066960   0.056930
1867.354030   14.122370   0.053780
1867.363492   14.212840   0.062230
1867.372735   14.093620   0.054790
1867.382212   14.102790   0.054800
1867.391671   14.126870   0.059610
1868.197661   14.099080   0.075990
1868.207123   14.128970   0.074400
1868.216495   14.018460   0.092790
1868.225986   14.042880   0.090130
1868.235811   14.119070   0.102470
1868.245580   14.131450   0.097360
1868.255259   14.039320   0.095840
1868.264815   14.186200   0.106610
1868.274279   14.007020   0.106760
1868.283929   14.051150   0.099570
1868.322548   14.152240   0.114620
1868.332083   14.214790   0.115320
1868.341800   14.031800   0.111440
1868.351620   14.076130   0.077400
1868.360990   14.130460   0.079900
1868.370659   14.114570   0.123020
1870.219778   14.095990   0.046150
1870.229270   14.131390   0.045680
1870.238762   14.062730   0.055930
1870.248135   14.120930   0.052490
1870.257691   14.094050   0.055510
1870.267266   14.075320   0.056470
1870.276950   14.112510   0.054840
1870.286498   14.105800   0.061000
1870.295849   14.117250   0.052780
1870.315197   14.079630   0.065430
1870.325274   14.070410   0.069380
1870.335174   14.112730   0.064610
1870.456179   14.154850   0.132340
1871.136689   14.114340   0.060120
1871.146179   14.084010   0.056560
1871.155384   14.069800   0.054340
1871.164955   14.084870   0.064090
1871.174269   14.096390   0.060570
1871.183469   14.050530   0.066060
1871.192872   14.101590   0.063440
1871.202392   14.103390   0.067500
1871.211865   14.110730   0.077690
1871.221273   14.107430   0.078180
1871.230922   14.152310   0.065990
1871.240394   14.126820   0.061420
1871.250018   14.070450   0.066610
1871.259511   14.071920   0.068420
1871.269122   14.047270   0.066810
1871.278903   14.061500   0.065590
1871.288648   14.096110   0.072750
1871.298226   14.102410   0.068140
1871.317716   14.139780   0.037400
1871.327342   14.090620   0.076960
1871.337079   14.079980   0.081730
1871.346725   14.145650   0.089750
1871.395399   14.227170   0.108610
1871.455742   14.172720   0.115380
1871.477819   14.110740   0.106870
1872.324463   14.096510   0.063750
1872.344041   14.120900   0.067020
1872.353623   14.082980   0.070910
1872.363427   14.086450   0.060360
1873.238826   14.080210   0.075070
1873.248403   14.136660   0.072450
1873.258009   14.129700   0.076110
1873.276959   14.102400   0.079950
1873.286788   14.089030   0.078310
1873.296275   14.049850   0.079120
1873.305896   14.118880   0.092820
1873.325837   14.283940   0.038400
1873.344943   14.078730   0.096750
1873.413210   14.114160   0.109290
1874.032527   14.102010   0.046310
1874.041923   14.119470   0.048930
1874.061193   14.110440   0.051040
1874.070741   14.047120   0.056010
1874.080230   14.100330   0.052100
1874.089638   14.107040   0.054490
1874.098984   14.112890   0.058190
1874.108441   14.100720   0.051260
1874.117749   14.112470   0.059240
1874.127103   14.085220   0.056700
1874.136654   14.082920   0.059010
1874.145982   14.122970   0.061870
1874.155173   14.061650   0.063350
1874.164605   14.158990   0.071880
1874.174153   14.092500   0.081010
1874.193053   13.997140   0.106900
1874.212179   13.935240   0.077600
1874.222051   14.108320   0.131890
1876.992585   14.082660   0.054440
1877.002277   14.101790   0.057240
1877.031340   14.040390   0.063580
1877.041094   14.079260   0.061710
1877.060512   14.105050   0.056400
1877.070280   14.049040   0.058330
1877.080037   14.088040   0.057490
1877.089835   14.058570   0.054710
1877.099542   14.165100   0.058870
1877.109324   14.067300   0.071910
1877.128562   14.048760   0.062820
1877.137988   14.143540   0.065820
1877.147449   14.146040   0.080650
1877.166514   14.133740   0.069610
1877.175811   14.058410   0.064930
1877.185180   14.113830   0.072080
1877.194638   14.119520   0.067980
1877.204359   14.156150   0.063200
1877.213829   14.111450   0.062590
1877.223290   14.092650   0.067690
1877.232928   14.096600   0.062230
1877.242583   14.143880   0.071150
1877.252102   14.135570   0.076900
1877.261424   14.095230   0.076160
1877.271317   14.118540   0.068420
1877.280810   14.138000   0.059720
1877.290913   14.136190   0.071090
1877.300784   14.046930   0.080840
1877.310552   14.105170   0.068590
1877.320329   14.082930   0.080430
1877.330019   14.070330   0.068550
1877.339609   14.131160   0.063380
1877.369289   14.096150   0.073700
1877.379166   14.086740   0.070090
1877.444578   14.076910   0.086150
1877.956588   14.126040   0.093770
1877.995071   14.099440   0.051270
1878.004964   14.096570   0.044920
1878.023915   14.146400   0.040940
1878.033403   14.113280   0.049960
1878.052477   14.111060   0.054370
1878.062202   14.101890   0.053640
1878.072038   14.126480   0.055950
1878.081838   14.116800   0.059510
1878.091595   14.098660   0.050600
1878.101204   14.103550   0.053480
1878.111056   14.082060   0.053090
1878.120475   14.048560   0.054840
1878.129972   14.141940   0.059820
1878.139452   14.100910   0.067110
1878.148981   14.040500   0.118540
1878.158293   14.117770   0.098540
1878.167692   14.088330   0.060210
1878.177309   14.116800   0.061640
1878.186872   14.121270   0.078610
1878.196273   14.075290   0.079110
1878.206054   14.130650   0.090260
1878.215833   14.039500   0.096960
1878.225557   14.082450   0.100000
1878.235117   14.153230   0.081280
1878.244657   14.134670   0.080530
1878.254352   14.070380   0.092230
1878.263984   14.125170   0.093100
1878.273770   14.087880   0.097820
1878.283405   14.038890   0.094100
1878.293079   14.125190   0.096930
1878.302887   14.137120   0.126760
1878.312828   14.117080   0.127060
1878.322431   14.180240   0.130080
1878.332111   14.041170   0.127100
1878.434256   14.145540   0.101540
1878.439734   14.066740   0.117650
1878.448555   14.066620   0.094280
1878.452064   14.055440   0.112470
1878.457364   14.044890   0.112570
1878.459093   14.142680   0.115880
1879.003349   14.112260   0.078480
1879.014056   14.077900   0.080800
1879.024781   14.071870   0.079350
1879.035403   14.011380   0.084900
1879.046338   14.164650   0.089040
1879.056998   14.145040   0.091050
1879.067120   14.135560   0.088750
1879.077625   14.093340   0.092990
1879.087804   14.135820   0.097410
1879.097718   14.151330   0.100970
1879.108265   14.197590   0.116110
1879.118677   14.090660   0.108760
1879.128946   14.129480   0.096720
1879.138951   14.095010   0.107630
1879.148948   14.063990   0.123660
1879.158753   14.162490   0.123780
1879.168681   14.129510   0.128950
1879.178653   14.061840   0.132590
1879.188455   14.070410   0.103060
1879.198735   14.037380   0.103680
1879.208980   14.062910   0.127420
1879.219105   14.080920   0.111350
1879.229199   14.027780   0.105020
1879.239539   14.077990   0.075100
1879.249885   14.109650   0.132870
1879.259988   14.135640   0.130440
1879.270136   14.110410   0.123480
1879.279998   14.181080   0.101420
1879.290256   14.114680   0.123610
1879.300321   14.189560   0.129560
1879.310604   14.074770   0.121520
1879.321132   14.056040   0.124520
1879.331398   14.166940   0.135170
1879.341711   14.113420   0.125130
1879.352091   14.035720   0.103890
1879.991480   14.109240   0.049190
1880.010995   14.117730   0.066440
1880.020489   14.105410   0.066960
1880.030167   14.095090   0.069120
1880.040004   14.063570   0.064150
1880.050020   14.113810   0.067450
1880.059700   14.101950   0.069150
1880.069635   14.115970   0.070430
1880.079469   14.175020   0.074910
1880.089000   14.096890   0.069730
1880.098524   14.133180   0.075380
1880.108072   14.129160   0.077670
1880.117530   14.110760   0.070540
1880.127140   14.067780   0.073330
1880.200091   14.043770   0.077220
1880.209735   14.046410   0.086240
1880.219431   14.151060   0.083290
1880.229324   14.096660   0.076110
1880.238989   14.135250   0.078060
1880.248836   14.088280   0.070870
1880.258298   14.097430   0.076160
1880.267686   14.103980   0.080170
1880.277275   14.085270   0.074080
1880.286928   14.163570   0.091400
1880.306613   14.105590   0.076240
1880.369120   14.147450   0.073160
1880.967707   14.179650   0.085070
1880.997175   14.172640   0.066200
1881.007352   14.071810   0.066490
1881.017262   14.098170   0.071630
1881.027023   13.997230   0.072920
1881.036583   14.058540   0.071260
1881.046307   14.114720   0.074970
1881.055914   13.999650   0.082460
1881.065565   14.111000   0.082670
1881.075352   14.077310   0.088120
1881.085120   14.138640   0.079950
1881.094964   14.112280   0.079310
1881.104801   14.081780   0.068010
1881.114937   14.080570   0.093770
1881.134326   14.073280   0.088870
1881.143810   14.146680   0.066770
1881.153419   14.144920   0.091930
1881.163015   14.094950   0.081580
1881.171357   14.137960   0.064100
1881.180981   14.120630   0.076300
1881.190627   14.124780   0.062530
1881.200550   14.077920   0.065820
1881.210473   14.099240   0.072860
1881.220305   14.100140   0.073720
1881.230199   14.141160   0.068710
1881.239668   14.123500   0.080610
1881.249328   14.101720   0.072400
1881.258917   14.089290   0.069570
1881.268352   14.101790   0.076860
1881.278189   14.079810   0.070580
1881.288137   14.074040   0.078650
1881.297680   14.131420   0.078080
1881.307337   14.102490   0.079200
1881.317394   14.095990   0.088090
1881.376276   14.121300   0.088350
1881.422098   14.080700   0.100020
1881.433496   14.118520   0.102690
1881.550866   14.157990   0.096090
1881.972149   14.080040   0.109670
1882.021627   14.032770   0.118010
1882.031721   14.020080   0.096620
1882.041324   14.098510   0.129760
1882.051198   14.056720   0.116060
1882.060794   14.028430   0.097310
1882.080330   14.072460   0.092380
1882.131558   14.072750   0.108150
1882.150540   14.042440   0.113530
1882.179008   14.202260   0.127730
1882.188619   13.974660   0.072400
1883.093660   14.169520   0.101650
1883.112818   14.173990   0.101350
1883.122314   14.035100   0.087060
1883.131900   14.112150   0.102010
1883.141295   14.111940   0.108840
1883.179271   14.176510   0.108160
1883.188727   14.069590   0.105080
1883.198404   14.099630   0.117000
1883.207904   14.048520   0.120940
1883.245867   14.151420   0.102760
1883.255411   14.068080   0.102700
1883.265099   14.155600   0.105290
1883.274857   14.065250   0.094810
1884.099534   14.133700   0.047200
1884.109140   14.087230   0.045230
1884.118686   14.116190   0.060590
1884.128292   14.103760   0.082550
1884.147279   14.116170   0.062790
1884.156774   14.020430   0.062870
1884.166197   14.151510   0.081470
1884.185414   14.177680   0.073140
1884.194977   14.110880   0.056520
1884.204574   14.096000   0.060380
1884.233272   14.116150   0.089200
1884.242628   14.123440   0.049500
1884.252195   14.062170   0.047810
1884.261682   14.106060   0.051720
1884.280876   14.069800   0.053740
1884.290846   14.102950   0.059530
1884.300573   14.106500   0.071440
1884.320206   14.102610   0.061430
1884.330156   14.037620   0.055820
1884.360119   14.089010   0.065660
1884.370060   14.103090   0.063100
1884.406881   14.031950   0.063850
1885.003341   14.117770   0.130540
1885.022911   14.036700   0.078400
1885.278794   14.096610   0.116010
1885.298321   14.127690   0.068200
1885.308250   14.143690   0.119300
1886.072366   14.084210   0.041220
1886.082057   14.106500   0.046800
1886.091456   14.101360   0.049850
1886.101064   14.084960   0.054590
1886.110701   14.018890   0.044470
1886.120214   14.060140   0.048360
1886.129544   14.063040   0.052000
1886.138882   14.104940   0.054290
1886.148233   14.071450   0.056090
1886.157943   14.127710   0.053650
1886.167550   14.117050   0.063710
1886.177101   14.129960   0.066360
1886.186997   14.135070   0.066920
1886.196609   14.105680   0.070360
1886.206153   14.169410   0.085790
1886.225422   14.177000   0.114030
1886.234829   14.132470   0.114500
1886.244630   14.076310   0.116930
1886.254426   14.044690   0.076450
1886.263771   14.100680   0.063800
1886.293134   14.150670   0.068180
1886.303115   14.102620   0.081880
1886.391198   14.027280   0.081810
1886.399994   14.241630   0.099540
1886.423873   14.097810   0.108560
