1863.169882   13.896820   0.058790
1863.179028   13.926820   0.069960
1863.188111   13.903410   0.071260
1863.197263   13.901340   0.071950
1863.206453   13.898880   0.065670
1863.215516   13.926160   0.084260
1863.224486   13.964390   0.079450
1863.233708   13.842780   0.081610
1863.243026   13.870700   0.087790
1863.252052   13.877270   0.074830
1863.260978   13.898760   0.074160
1863.270074   13.913860   0.090730
1863.279229   13.847770   0.074970
1863.288341   13.866820   0.071650
1863.297662   13.879450   0.065130
1863.306748   13.915950   0.076160
1863.315898   13.869390   0.081670
1863.325261   13.902920   0.074850
1863.334632   13.919230   0.079590
1863.344416   13.992550   0.081670
1863.353962   13.908230   0.073410
1863.363511   13.883190   0.065250
1863.372640   13.907710   0.063970
1863.381795   13.922870   0.061050
1863.391577   13.910400   0.063990
1863.400670   13.883610   0.068100
1863.410157   13.907110   0.072150
1863.419415   13.858260   0.076700
1863.428728   13.948570   0.080900
1863.438171   13.929420   0.085140
1863.447725   13.896790   0.090940
1863.457038   13.909930   0.099900
1863.464667   13.962800   0.123020
1863.471563   13.905840   0.126950
1863.477686   14.007200   0.124480
1863.482900   13.909400   0.117630
1863.487037   13.921400   0.128930
1863.490505   13.888140   0.122130
1863.494064   13.963350   0.121470
1863.496621   13.879800   0.125240
1863.498272   13.857400   0.121540
1863.500087   13.896010   0.128110
1863.501889   13.921840   0.106280
1863.504049   13.889900   0.165870
1864.122118   13.866230   0.047000
1864.131216   13.890700   0.068190
1864.140349   13.852800   0.058000
1864.149328   13.887710   0.060560
1864.158727   13.895150   0.053770
1864.168077   13.926640   0.066750
1864.177441   13.899140   0.069840
1864.186471   13.860410   0.051440
1864.195786   13.902400   0.069100
1864.204761   13.899510   0.059090
1864.213956   13.847720   0.060600
1864.223275   13.894650   0.055500
1864.232312   13.903950   0.069260
1864.241734   13.903110   0.068850
1864.250994   13.887740   0.056810
1864.260292   13.847570   0.068470
1864.269452   13.834480   0.060300
1864.278712   13.847350   0.074530
1864.288040   13.905190   0.070430
1864.297228   13.874060   0.069440
1864.306786   13.808540   0.075910
1864.315982   13.824000   0.073310
1864.325240   13.886820   0.072480
1864.334830   13.936360   0.071140
1864.344223   13.911450   0.091860
1864.353629   13.898670   0.092110
1864.362884   13.924140   0.104740
1864.372284   13.990970   0.127560
1864.381718   13.890080   0.097870
1864.391386   13.883610   0.086920
1864.401175   13.906850   0.109500
1864.410777   13.899380   0.100960
1864.420158   13.840800   0.096240
1864.429378   13.814130   0.105510
1864.438639   14.058800   0.134790
1864.448098   13.882310   0.078000
1865.081649   13.897610   0.083430
1865.090914   13.920840   0.084630
1865.103000   13.909650   0.080550
1865.112265   13.898390   0.075410
1865.121493   13.905700   0.094270
1865.180915   13.875330   0.053000
1865.189934   13.898870   0.041340
1865.199137   13.896890   0.052890
1865.208040   13.900340   0.041230
1865.217207   13.907130   0.064990
1865.226382   13.913360   0.063860
1865.235932   13.919100   0.064300
1865.245886   13.915480   0.068960
1865.255783   13.906150   0.067560
1865.265750   13.957570   0.094450
1865.275774   13.901920   0.081010
1865.285892   13.879750   0.066460
1865.295973   13.880890   0.077150
1865.306185   13.895030   0.073670
1865.316145   13.821110   0.071350
1865.326150   13.882160   0.075120
1865.336276   13.794870   0.091250
1865.346577   13.862340   0.082980
1865.356675   13.879280   0.077890
1865.366659   13.907280   0.091340
1865.376904   13.965290   0.091370
1865.387088   13.861360   0.087370
1865.397153   13.890700   0.098920
1865.407149   13.927650   0.090710
1865.417333   13.959670   0.088260
1865.427630   13.903810   0.088000
1865.437669   13.940650   0.086030
1865.448171   13.862790   0.110210
1865.457324   13.821670   0.115040
1865.465615   13.901560   0.122360
1865.496283   13.814890   0.069200
1866.165339   13.917220   0.044580
1866.174723   13.893000   0.046150
1866.184057   13.896690   0.044830
1866.193410   13.925900   0.048000
1866.202706   13.901410   0.047580
1866.212035   13.908240   0.047810
1866.221409   13.910070   0.048720
1866.230791   13.843690   0.049270
1866.240551   13.880180   0.046420
1866.250004   13.887690   0.047000
1866.259354   13.927060   0.051100
1867.193045   13.886980   0.033200
1867.202355   13.883240   0.033660
1867.211516   13.926180   0.034240
1867.220585   13.897990   0.035920
1867.230131   13.911760   0.037710
1867.239707   13.893760   0.038860
1867.249230   13.890090   0.035620
1867.258785   13.899120   0.037080
1867.268385   13.900740   0.038700
1867.277702   13.892510   0.040310
1867.287153   13.883720   0.038940
1867.296854   13.861320   0.040850
1867.306121   13.910820   0.040720
1867.315500   13.907200   0.040430
1867.325094   13.908810   0.043370
1867.334502   13.911340   0.044530
1867.344482   13.902850   0.046910
1867.354030   13.904340   0.048740
1867.363492   13.957460   0.054790
1867.372735   13.899770   0.048990
1867.382212   13.935130   0.050240
1867.391671   13.932850   0.057220
1867.401392   13.905610   0.054340
1867.410805   13.921520   0.051810
1867.420288   13.944260   0.062950
1867.429722   13.922570   0.073020
1867.439192   13.903260   0.061460
1867.448574   13.908880   0.071770
1867.456168   13.900380   0.059570
1867.463320   13.895990   0.064200
1867.469421   13.914060   0.067400
1867.473939   13.898920   0.050720
1867.478291   13.910560   0.046990
1867.481655   13.873510   0.049060
1867.484335   13.894950   0.055170
1867.486951   13.883170   0.055890
1867.488639   13.868630   0.053730
1867.490315   13.874730   0.055960
1867.492002   13.868410   0.056610
1867.493724   13.882060   0.051560
1868.197661   13.878890   0.062390
1868.207123   13.949910   0.059960
1868.216495   13.983680   0.084880
1868.225986   13.909690   0.079730
1868.235811   13.860090   0.088270
1868.245580   13.895010   0.076000
1868.255259   13.898530   0.090050
1868.264815   13.878120   0.083140
1868.274279   13.893460   0.096090
1868.283929   13.936980   0.089670
1868.293537   13.942100   0.125370
1868.312574   13.860350   0.074900
1868.322548   13.886470   0.101030
1868.332083   13.873270   0.094050
1868.341800   13.863540   0.097930
1868.351466   13.894190   0.120900
1868.360837   13.944580   0.121740
1868.370659   13.888960   0.120000
1868.380417   13.915110   0.119340
1868.390367   13.980760   0.123170
1868.399668   13.927940   0.116250
1868.409622   13.945310   0.123220
1868.419023   13.845220   0.116750
1868.428372   13.910730   0.114990
1868.437691   13.965730   0.122910
1868.446987   13.912110   0.120430
1868.454949   13.921960   0.122690
1868.461066   13.891290   0.126090
1868.467151   13.871100   0.127500
1868.471440   13.886890   0.129980
1868.479187   13.759210   0.078100
1868.481640   13.868960   0.081300
1868.486000   13.943670   0.077600
1868.487874   13.898190   0.080700
1868.489430   13.837370   0.079100
1870.219778   13.933660   0.040460
1870.229270   13.882340   0.039900
1870.238762   13.961520   0.044480
1870.248135   13.918790   0.043810
1870.257691   13.896100   0.050580
1870.267266   13.911230   0.051340
1870.276950   13.901310   0.046780
1870.286498   13.914600   0.047330
1870.295849   13.890830   0.045890
1870.305565   13.898830   0.051840
1870.315197   13.934570   0.056590
1870.325274   13.907980   0.056790
1870.335174   13.885470   0.050660
1870.344892   13.888660   0.053660
1870.354573   13.873750   0.063270
1870.364104   13.865920   0.089050
1870.373603   13.923820   0.087000
1870.383600   13.891470   0.092630
1870.393243   14.025810   0.122980
1870.412571   13.805180   0.077700
1870.440608   13.877870   0.125010
1870.448993   13.932300   0.115460
1870.456179   13.907860   0.111000
1870.461910   13.915560   0.076900
1870.470443   13.831420   0.075400
1871.136689   13.914990   0.050120
1871.146179   13.889250   0.044600
1871.155384   13.878720   0.045570
1871.164955   13.914390   0.052760
1871.174269   13.930800   0.049140
1871.183469   13.918660   0.056650
1871.192872   13.930510   0.052360
1871.202392   13.895430   0.054000
1871.211865   13.921150   0.066660
1871.221273   13.915900   0.059460
1871.230922   13.897960   0.057220
1871.240394   13.911600   0.052930
1871.250018   13.873300   0.056030
1871.259511   13.866980   0.056290
1871.269122   13.889690   0.057060
1871.278903   13.871150   0.053070
1871.288648   13.932060   0.058400
1871.298226   13.889890   0.054590
1871.307789   13.904260   0.065270
1871.317562   13.857670   0.056560
1871.327342   13.937380   0.060860
1871.337079   13.914160   0.070940
1871.346725   13.943170   0.077830
1871.356495   13.942130   0.071350
1871.366277   13.929710   0.079080
1871.375944   13.905110   0.074250
1871.385808   13.877900   0.085300
1871.395399   13.917360   0.094780
1871.404882   13.902180   0.109070
1871.414342   13.851740   0.103530
1871.423744   13.943540   0.103840
1871.433495   13.891540   0.101390
1871.442405   13.911220   0.098960
1871.449670   13.900420   0.097140
1871.455742   13.933870   0.095940
1871.461191   13.913470   0.113740
1871.465968   13.918930   0.103480
1871.469461   13.888870   0.105080
1871.472994   13.938210   0.101730
1871.476070   13.919120   0.092440
1871.477819   13.912810   0.103190
1871.479709   13.856000   0.092280
1871.481438   13.953540   0.103580
1871.550420   13.912510   0.113630
1871.559908   13.880170   0.109120
1871.569340   13.881930   0.114830
1871.578835   13.977650   0.126820
1871.588180   13.941180   0.077500
1872.324463   13.922850   0.053940
1872.334315   13.922150   0.058860
1872.344041   13.925390   0.057240
1872.353623   13.948360   0.058620
1872.363427   13.911240   0.054250
1872.373279   13.881750   0.054540
1872.383099   13.880340   0.053700
1872.392766   13.850130   0.053600
1872.402203   13.876670   0.056590
1872.412032   13.890330   0.059400
1872.421585   13.932440   0.061730
1872.431130   13.866430   0.064060
1872.439874   13.929680   0.062330
1872.447517   13.902550   0.062120
1872.454162   13.889310   0.062130
1872.459603   13.962090   0.080100
1872.463903   13.859510   0.074100
1872.467716   13.929480   0.073500
1872.470496   13.880910   0.069610
1872.473152   13.901160   0.075390
1872.474857   13.914420   0.069950
1872.476617   13.945780   0.075600
1872.478370   13.909310   0.071850
1872.480228   13.919110   0.073450
1872.541663   13.862230   0.094630
1872.550845   13.901850   0.089760
1872.560270   13.950200   0.096980
1872.569828   13.858090   0.099210
1872.579400   13.931650   0.117460
1872.588943   13.969060   0.127420
1873.229437   13.911770   0.063910
1873.238826   13.869270   0.069980
1873.248403   13.915280   0.064820
1873.258009   13.890940   0.064360
1873.267456   13.883390   0.069290
1873.276959   13.892430   0.070390
1873.286788   13.800760   0.069480
1873.296275   13.861810   0.074310
1873.305896   13.849560   0.081850
1873.315548   13.894790   0.082350
1873.325684   13.787650   0.079210
1873.335346   13.761610   0.085290
1873.344943   13.867610   0.089410
1873.354842   13.872800   0.085340
1873.364691   14.014210   0.099710
1873.374458   13.859920   0.088960
1873.383960   13.836970   0.080030
1873.393856   13.924740   0.086820
1873.403606   13.921310   0.091290
1873.413210   13.856620   0.096000
1873.422938   13.975160   0.100530
1873.432622   13.959440   0.091050
1873.441010   13.902450   0.080830
1873.447044   13.901910   0.076040
1873.453044   13.880660   0.081460
1873.457630   13.844600   0.081430
1873.462090   13.906850   0.088380
1873.465548   13.931320   0.090000
1873.468261   13.925960   0.091980
1873.470892   13.922600   0.091110
1873.472722   13.868150   0.086690
1873.474437   13.905510   0.088510
1873.476606   13.937430   0.124770
1874.032527   13.912980   0.041520
1874.041923   13.897540   0.043780
1874.051714   13.901000   0.045110
1874.061193   13.899420   0.042980
1874.070741   13.916510   0.044810
1874.080230   13.905660   0.045400
1874.089638   13.887580   0.045550
1874.098984   13.891380   0.047300
1874.108441   13.912280   0.047390
1874.117749   13.928960   0.048650
1874.127103   13.907120   0.048320
1874.136654   13.883630   0.049200
1874.145982   13.900630   0.050170
1874.155173   13.891990   0.056020
1874.164605   13.896930   0.060350
1874.174153   13.863120   0.075390
1874.183645   13.900040   0.094800
1874.193053   13.914080   0.129140
1874.202515   13.896030   0.125110
1874.212103   13.897550   0.104510
1874.222051   13.898730   0.117650
1876.992585   13.888660   0.048720
1877.002277   13.871350   0.046210
1877.012009   13.912990   0.053000
1877.021623   13.858740   0.047810
1877.031340   13.909160   0.056010
1877.041094   13.979050   0.053180
1877.050632   13.900810   0.042900
1877.060512   13.891400   0.045570
1877.070280   13.869780   0.050250
1877.080037   13.873820   0.048000
1877.089835   13.917200   0.048420
1877.099542   13.908730   0.053570
1877.109324   13.897980   0.062300
1877.119234   13.863110   0.061460
1877.128562   13.895810   0.058460
1877.137988   13.915860   0.055720
1877.147449   13.929730   0.066830
1877.157081   13.902840   0.063440
1877.166514   13.907120   0.058140
1877.175811   13.948710   0.054540
1877.185180   13.948800   0.062960
1877.194638   13.881820   0.058070
1877.204359   13.904210   0.056150
1877.213829   13.892330   0.053370
1877.223290   13.905180   0.057910
1877.232928   13.909440   0.052160
1877.242583   13.902620   0.063620
1877.252102   13.914490   0.061660
1877.261424   13.929550   0.063750
1877.271317   13.949530   0.058420
1877.280810   13.924540   0.050260
1877.290913   13.924700   0.057150
1877.300784   13.960180   0.069450
1877.310552   13.910860   0.057100
1877.320329   13.958240   0.071490
1877.330019   13.877970   0.058030
1877.339609   13.947520   0.051740
1877.349339   13.918890   0.062620
1877.359563   13.903280   0.051670
1877.369289   13.882010   0.061460
1877.379166   13.879920   0.059530
1877.389199   13.956680   0.070880
1877.398748   13.937700   0.077620
1877.408188   13.862570   0.070970
1877.417610   13.889140   0.069410
1877.426444   13.909480   0.055430
1877.433416   13.905190   0.064950
1877.439426   13.921050   0.073900
1877.444578   13.874680   0.075750
1877.449101   13.863860   0.058960
1877.452622   13.883560   0.077770
1877.456119   13.900780   0.065000
1877.458826   13.913600   0.063760
1877.460660   13.894170   0.068760
1877.462441   13.944450   0.065430
1877.464144   13.952360   0.063110
1877.465872   13.916990   0.068800
1877.528546   13.924300   0.077910
1877.538164   13.936860   0.092010
1877.547759   13.879240   0.085820
1877.557433   13.936270   0.091370
1877.566991   13.834450   0.092300
1877.956588   13.905160   0.078460
1877.966360   13.886440   0.070090
1877.975795   13.908870   0.050190
1877.985575   13.896990   0.042900
1877.995071   13.916390   0.041800
1878.004964   13.884120   0.041480
1878.014335   13.910690   0.046020
1878.023915   13.917020   0.036490
1878.033403   13.879630   0.041760
1878.042881   13.898040   0.040090
1878.052477   13.913070   0.044990
1878.062202   13.967760   0.044000
1878.072038   13.913700   0.045440
1878.081838   13.938350   0.048310
1878.091595   13.892690   0.044630
1878.101204   13.928910   0.045340
1878.111056   13.890890   0.047180
1878.120475   13.907260   0.050810
1878.129972   13.896620   0.054910
1878.139452   13.905290   0.058130
1878.148981   13.868630   0.104250
1878.158293   13.859980   0.090490
1878.167692   13.877260   0.051050
1878.177309   13.898170   0.049540
1878.186872   13.863630   0.064800
1878.196273   13.907020   0.069820
1878.206054   13.890650   0.074340
1878.215833   13.933850   0.082560
1878.225557   13.861600   0.089240
1878.235117   13.905670   0.072080
1878.244657   13.893360   0.071430
1878.254352   13.928650   0.077110
1878.263984   13.850480   0.078930
1878.273770   13.871160   0.082670
1878.283405   13.892950   0.092120
1878.293079   13.891720   0.083710
1878.302887   13.900090   0.102090
1878.312828   13.895330   0.116440
1878.322431   13.897000   0.114870
1878.332111   13.970460   0.125340
1878.342126   13.947060   0.089490
1878.351898   13.978380   0.094770
1878.361666   13.882170   0.091430
1878.371492   13.941190   0.096710
1878.381052   13.819410   0.096270
1878.390611   13.890090   0.079350
1878.400035   13.913370   0.096200
1878.409523   13.939150   0.092790
1878.419250   13.840330   0.103280
1878.427139   13.911740   0.109360
1878.434256   13.898310   0.091860
1878.439734   13.901440   0.106330
1878.444205   13.855550   0.083760
1878.448555   13.955460   0.088210
1878.452064   13.939380   0.106860
1878.454721   13.821310   0.101820
1878.457364   13.955600   0.107380
1878.459093   13.902760   0.103010
1878.460943   13.919770   0.105380
1878.463071   13.895920   0.149620
1878.523903   13.965680   0.110640
1878.533380   13.821290   0.105930
1878.542754   13.939930   0.107480
1878.552323   13.856660   0.102820
1878.561961   13.857580   0.122700
1878.896259   13.984140   0.117850
1878.907039   13.952850   0.109680
1878.917827   13.892260   0.105040
1878.928636   13.909530   0.104790
1878.939490   13.957360   0.089350
1878.950209   13.893690   0.068330
1878.960985   13.935890   0.064820
1878.971663   13.886510   0.065560
1878.982256   13.927790   0.063490
1878.992862   13.919350   0.058600
1879.003349   13.881450   0.066580
1879.014056   13.926190   0.068730
1879.024781   13.924150   0.063560
1879.035403   13.930100   0.079080
1879.046338   13.894110   0.072490
1879.056998   13.892070   0.079740
1879.067120   13.878910   0.074800
1879.077625   13.903090   0.080070
1879.087804   13.875990   0.081450
1879.097718   13.898200   0.093910
1879.108265   13.881480   0.099830
1879.118677   13.904240   0.105970
1879.128946   13.838550   0.084650
1879.138951   13.902800   0.090160
1879.148948   13.826780   0.107280
1879.158753   13.933890   0.116760
1879.168681   13.894980   0.112640
1879.178653   13.933590   0.123460
1879.188532   13.875990   0.115130
1879.198658   13.888810   0.122890
1879.208980   13.898670   0.121360
1879.219105   13.944910   0.126510
1879.229198   14.010260   0.134090
1879.239692   13.949640   0.129060
1879.249885   13.911350   0.123550
1879.259988   13.907860   0.119170
1879.270136   13.873540   0.116110
1879.279998   13.903380   0.092980
1879.290256   13.954590   0.116660
1879.300321   13.947100   0.114390
1879.310604   13.877790   0.117870
1879.321132   13.837310   0.117530
1879.331398   13.939890   0.122260
1879.341711   13.941420   0.118400
1879.352168   13.907370   0.121310
1879.362239   13.950080   0.125750
1879.372581   13.896540   0.118740
1879.383093   13.797710   0.066900
1879.393142   13.974910   0.132750
1879.403409   13.893530   0.105800
1879.413718   13.917500   0.112710
1879.430290   13.791320   0.074000
1879.436891   13.872620   0.114570
1879.904711   13.947720   0.099650
1879.914664   13.928240   0.088810
1879.924232   13.906550   0.076690
1879.933937   13.913070   0.065800
1879.943742   13.893080   0.054720
1879.953255   13.920900   0.047430
1879.962965   13.940180   0.044950
1879.972299   13.898050   0.042600
1879.982133   13.871090   0.044940
1879.991480   13.896710   0.047240
1880.001350   13.878270   0.051690
1880.010995   13.924880   0.058850
1880.020489   13.915690   0.058260
1880.030167   13.925270   0.060910
1880.040004   13.863090   0.053030
1880.050020   13.924470   0.056310
1880.059700   13.910330   0.059040
1880.069635   13.887010   0.059430
1880.079469   13.848120   0.061250
1880.089000   13.855730   0.060690
1880.098524   13.930040   0.064690
1880.108072   13.829440   0.066600
1880.117530   13.904740   0.062470
1880.127140   13.875690   0.062940
1880.200091   13.903470   0.070750
1880.209735   13.930030   0.075920
1880.219431   13.907090   0.072220
1880.229324   13.923340   0.065180
1880.238989   13.907450   0.060160
1880.248836   13.892990   0.065420
1880.258298   13.885630   0.065770
1880.267686   13.905260   0.067340
1880.277275   13.880590   0.069850
1880.286928   13.915230   0.082460
1880.306613   13.901520   0.067840
1880.369120   13.875690   0.063010
1880.967707   13.964830   0.075880
1880.977730   13.914800   0.075530
1880.987626   13.876740   0.062400
1880.997175   13.886880   0.054180
1881.007352   13.852620   0.059540
1881.017262   13.899180   0.059470
1881.027023   13.898510   0.064640
1881.036583   13.909030   0.061950
1881.046307   13.884000   0.064260
1881.055914   13.860280   0.070980
1881.065565   13.848060   0.069120
1881.075352   13.888540   0.075240
1881.085120   13.903460   0.068700
1881.094964   13.874280   0.068130
1881.104801   13.885560   0.058450
1881.114937   13.971020   0.082130
1881.124474   13.891040   0.072660
1881.134326   13.913680   0.078120
1881.143810   13.924990   0.059820
1881.153419   13.884580   0.076250
1881.163015   13.902560   0.069580
1881.171357   13.890910   0.059400
1881.180981   13.891710   0.060800
1881.190627   13.907970   0.051870
1881.200550   13.909240   0.053130
1881.210473   13.895270   0.059500
1881.220305   13.875890   0.065410
1881.230199   13.893770   0.064340
1881.239668   13.905570   0.068610
1881.249328   13.895160   0.063470
1881.258917   13.890070   0.061490
1881.268352   13.889830   0.066100
1881.278189   13.911100   0.066840
1881.288137   13.858450   0.068670
1881.297680   13.909600   0.073000
1881.307337   13.863890   0.069670
1881.317394   13.933630   0.077330
1881.327336   13.880050   0.078100
1881.337373   13.917020   0.079350
1881.347129   13.891160   0.077030
1881.357110   13.872110   0.078760
1881.366722   13.872220   0.080340
1881.376276   13.891970   0.084860
1881.386104   13.894690   0.086110
1881.395996   13.925810   0.082290
1881.405772   13.862230   0.091460
1881.414838   13.913940   0.093010
1881.422098   13.936210   0.092190
1881.428287   13.918450   0.092740
1881.433496   13.885200   0.086510
1881.437835   13.907310   0.092730
1881.441542   13.913560   0.099030
1881.445078   13.876280   0.096390
1881.447777   13.905750   0.097720
1881.449541   13.898780   0.098030
1881.451276   13.891330   0.096330
1881.453055   13.913890   0.096040
1881.455245   13.890510   0.137980
1881.512259   13.908690   0.103070
1881.522032   13.958230   0.105700
1881.531584   13.901990   0.107220
1881.541053   13.929820   0.114580
1881.550943   13.831500   0.105280
1881.560601   13.945730   0.121200
1881.570473   13.893810   0.101450
1881.580253   13.950820   0.123920
1881.589860   13.915940   0.120650
1881.599577   13.887890   0.130780
1881.609472   13.960260   0.124120
1881.619191   13.909920   0.107060
1881.855176   13.898740   0.094490
1881.864967   13.840220   0.109370
1881.874874   13.793750   0.103880
1881.884546   13.888720   0.091000
1881.894462   13.927630   0.084880
1881.904494   13.974010   0.077310
1881.914271   13.892060   0.070360
1881.923884   13.927610   0.063560
1881.933466   13.925920   0.061830
1881.943231   13.900140   0.069760
1881.952875   13.909220   0.087690
1881.962633   13.926900   0.095000
1881.972149   13.919970   0.098310
1881.982098   13.872130   0.097890
1881.992093   13.924480   0.101190
1882.001812   13.848490   0.104210
1882.011441   13.857120   0.073600
1882.021627   13.952700   0.109100
1882.031644   13.923600   0.118370
1882.041324   14.023740   0.122430
1882.051198   13.935280   0.109970
1882.060871   13.874730   0.111130
1882.080330   13.922310   0.092570
1882.121972   13.910810   0.119040
1882.131558   13.935040   0.101850
1882.150540   13.803090   0.101160
1882.160119   13.929340   0.111230
1882.169652   13.874100   0.114010
1882.179008   13.979660   0.115650
1882.188466   13.950670   0.122700
1883.093660   13.877140   0.083840
1883.103366   13.897420   0.056000
1883.112818   13.912410   0.090620
1883.122237   13.865000   0.102780
1883.131900   13.871580   0.083910
1883.141295   13.885420   0.096020
1883.150882   13.909750   0.105850
1883.160374   13.916350   0.108890
1883.169871   13.890980   0.111140
1883.179271   13.968590   0.092440
1883.188727   13.886330   0.088050
1883.198404   13.922090   0.110710
1883.207904   13.935980   0.103540
1883.217549   13.910250   0.109030
1883.226897   13.764890   0.104630
1883.236210   13.863440   0.109820
1883.245790   13.867030   0.109100
1883.255334   13.927160   0.116410
1883.265175   13.968570   0.116570
1883.274780   13.923930   0.119790
1883.333437   13.900420   0.128880
1883.363493   13.954070   0.122690
1883.382810   13.771230   0.066000
1883.402194   13.956110   0.074400
1883.423677   13.898560   0.105570
1883.436659   13.878630   0.073200
1883.443180   13.851020   0.068600
1883.446707   13.898500   0.069000
1884.099534   13.906940   0.045180
1884.109140   13.881400   0.043240
1884.118686   13.876630   0.053020
1884.128292   13.825350   0.062900
1884.137551   13.880380   0.051280
1884.147279   13.885720   0.056540
1884.156774   13.922630   0.058620
1884.166197   13.933630   0.068350
1884.175960   13.864410   0.070540
1884.185414   13.893690   0.063360
1884.194977   13.914690   0.051020
1884.204574   13.940670   0.056890
1884.214174   13.880210   0.051210
1884.223839   13.915160   0.058770
1884.233272   13.892740   0.082410
1884.242628   13.919660   0.044850
1884.252195   13.907990   0.043880
1884.261682   13.920760   0.046140
1884.271201   13.881010   0.046380
1884.280876   13.892040   0.050680
1884.290846   13.883920   0.055450
1884.300573   13.928340   0.060740
1884.310420   13.813620   0.079650
1884.320206   13.892490   0.059240
1884.330156   13.920090   0.059200
1884.340081   13.921070   0.071940
1884.350052   13.890890   0.070380
1884.360119   13.862740   0.057950
1884.370060   13.920190   0.058090
1884.379738   13.891950   0.059710
1884.389528   13.966180   0.051660
1884.399065   13.890220   0.053900
1884.406881   13.879290   0.061370
1884.413865   13.885520   0.072240
1884.420368   13.910630   0.072950
1884.425635   13.914610   0.057730
1884.430150   13.898800   0.050200
1884.433678   13.887660   0.057740
1884.437202   13.879620   0.056200
1884.439908   13.893210   0.059820
1884.441669   13.892110   0.058630
1884.443407   13.898240   0.055730
1884.445186   13.901280   0.054510
1884.446926   13.866490   0.070370
1884.503638   13.904360   0.049140
1884.513187   13.908580   0.060310
1884.522993   13.878470   0.051270
1884.532900   13.868630   0.046640
1884.542819   13.912190   0.058470
1884.552706   13.932460   0.059930
1884.562458   13.928600   0.041490
1884.572213   13.941090   0.052480
1884.581820   13.911590   0.042510
1884.591479   13.905980   0.056960
1884.600983   13.881090   0.048660
1884.610820   13.894730   0.046090
1884.886961   13.942720   0.115540
1884.896536   13.871500   0.094350
1884.906042   13.873390   0.114000
1884.925737   13.927760   0.105680
1884.945448   13.900530   0.110710
1884.954875   13.906050   0.092020
1884.964252   13.911320   0.091080
1884.974305   13.890170   0.099960
1884.983546   13.879500   0.073500
1884.993441   13.896910   0.124020
1885.003341   13.935290   0.122430
1885.022835   13.863650   0.106010
1885.278794   13.884010   0.101830
1885.298475   13.949050   0.107030
1885.308250   13.911800   0.107300
1885.318087   13.890520   0.107590
1886.072366   13.901950   0.039170
1886.082057   13.892670   0.043130
1886.091456   13.883320   0.042500
1886.101064   13.917110   0.046430
1886.110701   13.906190   0.044420
1886.120214   13.903780   0.044550
1886.129544   13.887200   0.049540
1886.138882   13.880900   0.049480
1886.148233   13.894140   0.048410
1886.157943   13.900290   0.049830
1886.167550   13.956010   0.061640
1886.177101   13.887130   0.056710
1886.186997   13.927220   0.060620
1886.196609   13.884620   0.062680
1886.206153   13.901740   0.069840
1886.215757   13.892570   0.073230
1886.225422   13.937140   0.103830
1886.234829   13.921340   0.103750
1886.244630   13.937440   0.102520
1886.254426   13.889310   0.072580
1886.263771   13.920020   0.061700
1886.273578   13.841280   0.100710
1886.283270   13.903700   0.061490
1886.293134   13.900530   0.061340
1886.303115   13.927530   0.072240
1886.312914   13.913770   0.064740
1886.322818   13.884620   0.068840
1886.332859   13.925310   0.070150
1886.342543   13.921670   0.064750
1886.352534   13.944330   0.064860
1886.362281   13.887430   0.068890
1886.372003   13.887370   0.073400
1886.381496   13.888920   0.077740
1886.391198   13.879690   0.080210
1886.399994   13.856330   0.081450
1886.408171   13.885220   0.083550
1886.414363   13.940930   0.107010
1886.419581   13.881260   0.104070
1886.423873   13.954200   0.100530
1886.427459   13.889340   0.095190
1886.431086   13.923030   0.096020
1886.433748   13.906030   0.103290
1886.435540   13.940060   0.112690
1886.437293   13.963830   0.099280
1886.439058   13.884250   0.099480
1886.440921   13.882330   0.118860
