1863.169882   13.666030   0.053210
1863.179028   13.657720   0.057070
1863.188111   13.666220   0.066790
1863.197263   13.669540   0.062870
1863.206453   13.663720   0.058750
1863.215516   13.658000   0.072590
1863.224486   13.703340   0.068420
1863.233708   13.653170   0.073700
1863.243026   13.694800   0.070230
1863.252052   13.631030   0.066230
1863.260978   13.669500   0.058640
1863.270074   13.658120   0.073790
1863.279229   13.611990   0.064910
1863.288341   13.630460   0.060250
1863.297662   13.629970   0.052600
1863.306748   13.633980   0.063080
1863.315898   13.651820   0.066640
1863.325261   13.676350   0.062320
1863.334632   13.679300   0.066870
1863.344416   13.676430   0.062530
1863.353962   13.665560   0.061070
1863.363511   13.649780   0.058430
1863.372640   13.637910   0.050840
1863.381795   13.681090   0.050820
1863.391577   13.601700   0.052520
1863.400670   13.612880   0.057670
1863.410157   13.641170   0.058050
1863.419415   13.720400   0.064490
1863.428728   13.688820   0.064520
1863.438171   13.660480   0.069000
1863.447725   13.669350   0.076100
1863.457038   13.630670   0.082500
1863.464667   13.639260   0.103760
1863.471563   13.669740   0.106750
1863.477686   13.680850   0.104180
1863.482900   13.696560   0.105020
1863.487037   13.720280   0.113630
1863.490505   13.685840   0.109390
1863.494064   13.588760   0.099080
1863.496621   13.646760   0.112370
1863.498272   13.628910   0.108040
1863.500087   13.643480   0.114030
1863.501889   13.655840   0.112810
1863.503937   13.625200   0.161830
1864.122118   13.658260   0.042320
1864.131216   13.642130   0.057430
1864.140349   13.647280   0.051510
1864.149328   13.651650   0.051710
1864.158727   13.655310   0.047450
1864.168077   13.718310   0.061360
1864.177441   13.657350   0.056640
1864.186471   13.672380   0.044330
1864.195786   13.645340   0.052790
1864.204761   13.702610   0.055800
1864.213956   13.654640   0.048630
1864.223275   13.641200   0.046170
1864.232312   13.662750   0.057450
1864.241734   13.701200   0.055770
1864.250994   13.669790   0.050420
1864.260292   13.644960   0.056710
1864.269452   13.658920   0.052660
1864.278712   13.632030   0.061610
1864.288040   13.664390   0.062530
1864.297228   13.632180   0.058170
1864.306786   13.605340   0.060160
1864.315982   13.666700   0.062020
1864.325240   13.644140   0.062480
1864.334830   13.606560   0.058850
1864.344223   13.621390   0.080900
1864.353629   13.696560   0.077670
1864.362884   13.673020   0.083320
1864.372284   13.672580   0.101100
1864.381718   13.628960   0.087110
1864.391386   13.673920   0.071890
1864.401175   13.689740   0.093080
1864.410777   13.694360   0.078600
1864.420158   13.652720   0.083620
1864.429378   13.621230   0.089260
1864.438639   13.626870   0.105000
1864.448098   13.702500   0.122270
1864.457409   13.706400   0.075200
1864.465120   13.635560   0.120450
1864.472160   13.669990   0.072900
1865.081649   13.649360   0.067410
1865.090914   13.666200   0.069860
1865.103000   13.627560   0.065610
1865.112265   13.602990   0.065420
1865.121493   13.618160   0.077790
1865.180915   13.635720   0.045210
1865.189934   13.628920   0.035730
1865.199137   13.648950   0.046980
1865.208040   13.670740   0.034470
1865.217207   13.688450   0.054860
1865.226382   13.638550   0.052990
1865.235932   13.674820   0.060680
1865.245886   13.675420   0.056280
1865.255783   13.704790   0.061270
1865.265750   13.655860   0.076040
1865.275774   13.652350   0.065770
1865.285892   13.684310   0.059950
1865.295973   13.647500   0.061890
1865.306185   13.696000   0.061280
1865.316145   13.684070   0.059060
1865.326150   13.665640   0.066680
1865.336276   13.611390   0.080850
1865.346577   13.665420   0.066290
1865.356675   13.643940   0.067090
1865.366659   13.661730   0.076880
1865.376904   13.611590   0.074300
1865.387088   13.621830   0.073150
1865.397153   13.689930   0.081700
1865.407149   13.656430   0.078030
1865.417333   13.659200   0.074620
1865.427630   13.620670   0.074950
1865.437669   13.699170   0.076230
1865.448171   13.701390   0.088480
1865.457324   13.666790   0.100060
1865.465615   13.627430   0.105350
1865.471988   13.683710   0.125070
1865.482335   13.617550   0.121460
1865.489785   13.696610   0.121010
1865.492667   13.612730   0.121850
1865.494427   13.610420   0.119240
1865.496283   13.650420   0.112630
1865.498283   13.712470   0.140050
1866.165339   13.676720   0.038750
1866.174723   13.657050   0.038230
1866.184057   13.647210   0.038680
1866.193410   13.662180   0.038000
1866.202706   13.677620   0.040950
1866.212035   13.657240   0.041410
1866.221409   13.679930   0.040900
1866.230791   13.653190   0.042670
1866.240551   13.664120   0.039030
1866.250004   13.646950   0.041170
1866.259354   13.670410   0.042650
1867.193045   13.671130   0.027430
1867.202355   13.670710   0.030550
1867.211516   13.665640   0.030670
1867.220585   13.664150   0.032010
1867.230131   13.662420   0.032980
1867.239707   13.656840   0.033600
1867.249230   13.666850   0.031020
1867.258785   13.648060   0.033550
1867.268385   13.657220   0.031640
1867.277702   13.666530   0.035230
1867.287153   13.657290   0.034830
1867.296854   13.654300   0.034250
1867.306121   13.690620   0.036460
1867.315500   13.662880   0.036260
1867.325094   13.658880   0.036990
1867.334502   13.666320   0.038690
1867.344482   13.644720   0.041300
1867.354030   13.643020   0.038680
1867.363492   13.653770   0.047920
1867.372735   13.638140   0.043020
1867.382212   13.654250   0.041080
1867.391671   13.650240   0.046600
1867.401392   13.641910   0.045040
1867.410805   13.657370   0.046160
1867.420288   13.629590   0.053590
1867.429722   13.691880   0.057970
1867.439192   13.650430   0.053590
1867.448574   13.611040   0.058660
1867.456168   13.663010   0.048270
1867.463320   13.662720   0.049670
1867.469421   13.663970   0.054400
1867.473939   13.661950   0.041980
1867.478291   13.680570   0.040020
1867.481655   13.661680   0.041020
1867.484335   13.663190   0.046970
1867.486951   13.644950   0.044910
1867.488639   13.655140   0.046440
1867.490315   13.649970   0.048600
1867.492002   13.646930   0.046190
1867.493724   13.665820   0.045490
1868.197661   13.721060   0.058550
1868.207123   13.636810   0.055660
1868.216495   13.731170   0.072160
1868.225986   13.649170   0.067030
1868.235811   13.658040   0.073900
1868.245580   13.638970   0.070130
1868.255259   13.686560   0.074720
1868.264815   13.612150   0.076390
1868.274279   13.650310   0.084580
1868.283929   13.593530   0.073110
1868.293537   13.664880   0.108900
1868.303104   13.581790   0.115980
1868.312574   13.621150   0.112910
1868.322548   13.657680   0.088170
1868.332083   13.600570   0.083540
1868.341800   13.624160   0.090110
1868.351466   13.633980   0.106590
1868.360837   13.706980   0.109440
1868.370659   13.656920   0.100870
1868.380417   13.629330   0.100420
1868.390367   13.654740   0.092400
1868.399668   13.680950   0.099000
1868.409622   13.727580   0.108270
1868.419023   13.702590   0.098070
1868.428372   13.642580   0.101200
1868.437691   13.717910   0.108050
1868.446987   13.718050   0.107040
1868.454949   13.701280   0.111170
1868.461066   13.688030   0.104350
1868.467151   13.589290   0.099500
1868.471440   13.684000   0.118250
1868.475710   13.574210   0.124560
1868.479187   13.732590   0.107770
1868.481793   13.580050   0.126680
1868.484421   13.656350   0.127340
1868.486154   13.697890   0.121710
1868.487874   13.586280   0.122130
1868.489584   13.614630   0.121560
1868.491280   13.673150   0.126480
1870.219778   13.644380   0.035690
1870.229270   13.679270   0.037330
1870.238762   13.672560   0.041150
1870.248135   13.663390   0.038080
1870.257691   13.649510   0.040150
1870.267266   13.670230   0.039670
1870.276950   13.623920   0.041750
1870.286498   13.651540   0.040950
1870.295849   13.696580   0.038990
1870.305565   13.669250   0.041090
1870.315197   13.654630   0.046790
1870.325274   13.664220   0.050240
1870.335174   13.658140   0.044530
1870.344892   13.648440   0.050620
1870.354573   13.603680   0.052850
1870.364104   13.675070   0.073120
1870.373603   13.652560   0.071470
1870.383600   13.616120   0.082690
1870.393243   13.645540   0.100110
1870.402667   13.757610   0.071900
1870.412418   13.676590   0.118730
1870.421719   13.729460   0.122600
1870.431056   13.665650   0.127820
1870.440608   13.632100   0.108220
1870.448993   13.656000   0.095960
1870.456179   13.634260   0.096580
1870.461756   13.663630   0.118320
1870.466440   13.756600   0.071300
1870.470290   13.655500   0.115240
1870.474034   13.696690   0.127780
1870.478722   13.533590   0.073600
1870.480341   13.738490   0.127720
1870.482021   13.627490   0.107200
1870.483685   13.652590   0.073700
1870.485602   13.685140   0.130220
1871.136689   13.700140   0.046210
1871.146179   13.652140   0.038880
1871.155384   13.638630   0.039600
1871.164955   13.639550   0.045330
1871.174269   13.645190   0.045730
1871.183469   13.642670   0.048620
1871.192872   13.617640   0.043540
1871.202392   13.643410   0.047290
1871.211865   13.652830   0.055860
1871.221273   13.644730   0.053120
1871.230922   13.646090   0.047520
1871.240394   13.682730   0.045170
1871.250018   13.643270   0.048160
1871.259511   13.656040   0.046550
1871.269122   13.665350   0.047780
1871.278903   13.642710   0.047120
1871.288648   13.660230   0.049060
1871.298226   13.665610   0.051100
1871.307789   13.683840   0.052990
1871.317562   13.645430   0.054810
1871.327342   13.636630   0.056260
1871.337079   13.630970   0.062480
1871.346725   13.672200   0.063920
1871.356495   13.667640   0.062840
1871.366277   13.677480   0.068060
1871.375944   13.688380   0.067640
1871.385808   13.696480   0.075230
1871.395399   13.666770   0.077960
1871.404882   13.611270   0.084890
1871.414342   13.676790   0.086950
1871.423744   13.681270   0.084820
1871.433495   13.687630   0.086010
1871.442405   13.693890   0.083970
1871.449670   13.661210   0.079050
1871.455742   13.720090   0.080040
1871.461191   13.650330   0.090420
1871.465968   13.611480   0.083760
1871.469461   13.603130   0.082660
1871.472994   13.686210   0.082390
1871.476070   13.661480   0.082290
1871.477819   13.630310   0.083900
1871.479709   13.654710   0.084170
1871.481438   13.707020   0.080610
1871.550420   13.593860   0.088780
1871.559908   13.758950   0.089050
1871.569340   13.640020   0.097550
1871.578835   13.707180   0.108720
1871.588334   13.603350   0.112730
1872.324463   13.663010   0.049910
1872.334315   13.679410   0.050450
1872.344041   13.682710   0.051910
1872.353623   13.630690   0.049900
1872.363427   13.635800   0.049430
1872.373279   13.654100   0.046010
1872.383099   13.696580   0.047510
1872.392766   13.675330   0.048680
1872.402203   13.672210   0.047580
1872.412032   13.666670   0.053360
1872.421585   13.701540   0.049520
1872.431130   13.652200   0.053880
1872.439874   13.660220   0.055450
1872.447517   13.675570   0.054970
1872.454162   13.677050   0.057110
1872.459603   13.714050   0.059210
1872.463903   13.659000   0.061170
1872.467716   13.638080   0.057390
1872.470496   13.616830   0.060510
1872.473152   13.645090   0.061550
1872.474857   13.646020   0.064490
1872.476617   13.668310   0.058100
1872.478370   13.641500   0.064350
1872.480228   13.619780   0.064840
1872.541663   13.662690   0.073690
1872.550845   13.680740   0.081250
1872.560270   13.660130   0.088200
1872.569828   13.653610   0.089210
1872.579400   13.684170   0.088470
1872.588943   13.694840   0.108270
1872.598488   13.698430   0.126600
1873.229437   13.640460   0.054010
1873.238826   13.655760   0.059140
1873.248403   13.673820   0.053990
1873.258009   13.696050   0.058900
1873.267456   13.660970   0.057980
1873.276959   13.637480   0.058460
1873.286788   13.632440   0.060890
1873.296275   13.678920   0.063140
1873.305896   13.610800   0.067860
1873.315548   13.601440   0.065140
1873.325684   13.640760   0.069570
1873.335346   13.646000   0.075840
1873.344943   13.653640   0.075600
1873.354842   13.602710   0.069470
1873.364691   13.650020   0.075180
1873.374458   13.623530   0.073960
1873.383960   13.603230   0.068740
1873.393856   13.654720   0.071300
1873.403606   13.642030   0.075660
1873.413210   13.632600   0.085110
1873.422938   13.700950   0.087910
1873.432622   13.675860   0.076230
1873.441010   13.672120   0.070560
1873.447044   13.689580   0.069700
1873.453044   13.680510   0.067310
1873.457630   13.669340   0.070890
1873.462090   13.656660   0.070510
1873.465548   13.614570   0.069200
1873.468261   13.665870   0.074020
1873.470892   13.681020   0.073490
1873.472722   13.642610   0.075910
1873.474437   13.663170   0.073270
1873.476606   13.680670   0.101930
1874.032527   13.666430   0.036950
1874.041923   13.675920   0.038290
1874.051714   13.668470   0.037100
1874.061193   13.651370   0.038160
1874.070741   13.656350   0.040600
1874.080230   13.678590   0.042640
1874.089638   13.695220   0.040790
1874.098984   13.656780   0.040540
1874.108441   13.652300   0.040190
1874.117749   13.681370   0.042450
1874.127103   13.685040   0.043010
1874.136654   13.661180   0.042940
1874.145982   13.679760   0.045410
1874.155173   13.647300   0.046770
1874.164605   13.672070   0.050830
1874.174153   13.638210   0.060340
1874.183645   13.612490   0.077020
1874.193053   13.675830   0.104210
1874.202515   13.698700   0.104830
1874.212179   13.751540   0.120750
1874.222051   13.610770   0.102380
1876.992585   13.650130   0.041290
1877.002277   13.660940   0.041060
1877.012009   13.644830   0.044760
1877.021623   13.709180   0.042740
1877.031340   13.695090   0.046650
1877.041094   13.701190   0.045790
1877.050632   13.663280   0.039540
1877.060512   13.703990   0.041240
1877.070280   13.637780   0.042230
1877.080037   13.665860   0.041670
1877.089835   13.680810   0.041470
1877.099542   13.650160   0.045560
1877.109324   13.608930   0.053190
1877.119234   13.622960   0.054340
1877.128562   13.602530   0.046820
1877.137988   13.635780   0.047190
1877.147449   13.668620   0.059060
1877.157081   13.648600   0.054340
1877.166514   13.646220   0.050070
1877.175811   13.670650   0.049140
1877.185180   13.701440   0.053600
1877.194638   13.630710   0.050590
1877.204359   13.644120   0.048680
1877.213829   13.639290   0.046820
1877.223290   13.713780   0.048160
1877.232928   13.672050   0.048460
1877.242583   13.625610   0.051320
1877.252102   13.670320   0.056140
1877.261424   13.669560   0.053210
1877.271317   13.680750   0.050280
1877.280810   13.654980   0.043820
1877.290913   13.664910   0.051640
1877.300784   13.678980   0.060590
1877.310552   13.636030   0.050380
1877.320329   13.645150   0.058950
1877.330019   13.655320   0.051790
1877.339609   13.655040   0.045710
1877.349339   13.690790   0.053020
1877.359563   13.626790   0.046580
1877.369289   13.644230   0.052730
1877.379166   13.662370   0.051050
1877.389199   13.650410   0.056440
1877.398748   13.671860   0.066070
1877.408188   13.707090   0.062250
1877.417610   13.686590   0.057110
1877.426444   13.667170   0.049740
1877.433416   13.626990   0.056410
1877.439426   13.696580   0.059420
1877.444578   13.698830   0.059930
1877.449101   13.671890   0.052800
1877.452622   13.654790   0.066490
1877.456119   13.649920   0.051910
1877.458826   13.652820   0.051100
1877.460660   13.678980   0.055390
1877.462441   13.656140   0.053420
1877.464144   13.623370   0.055320
1877.465872   13.655530   0.057790
1877.528546   13.692350   0.068780
1877.538164   13.615060   0.068430
1877.547759   13.670670   0.074440
1877.557433   13.666400   0.080730
1877.566991   13.626790   0.074450
1877.956588   13.634080   0.064740
1877.966360   13.640290   0.058150
1877.975795   13.661590   0.046160
1877.985575   13.654370   0.037960
1877.995071   13.654700   0.037650
1878.004964   13.674530   0.035930
1878.014335   13.657030   0.038510
1878.023915   13.687580   0.034060
1878.033403   13.672440   0.036260
1878.042881   13.665570   0.035130
1878.052477   13.638750   0.040220
1878.062202   13.635520   0.038820
1878.072038   13.657480   0.039330
1878.081838   13.637960   0.043110
1878.091595   13.658400   0.038920
1878.101204   13.679250   0.039090
1878.111056   13.637340   0.039680
1878.120475   13.661850   0.040890
1878.129972   13.649060   0.044580
1878.139452   13.664500   0.049740
1878.148981   13.682620   0.090410
1878.158293   13.650120   0.076140
1878.167692   13.639960   0.044480
1878.177309   13.648170   0.044260
1878.186872   13.715840   0.057940
1878.196273   13.687340   0.057560
1878.206054   13.665460   0.063520
1878.215833   13.687740   0.071100
1878.225557   13.696380   0.070100
1878.235117   13.621030   0.056340
1878.244657   13.679470   0.057490
1878.254352   13.607890   0.066470
1878.263984   13.700910   0.066300
1878.273770   13.667300   0.072710
1878.283405   13.696650   0.078120
1878.293079   13.678050   0.074710
1878.302887   13.698660   0.095450
1878.312828   13.636250   0.095560
1878.322431   13.668520   0.098170
1878.332111   13.689440   0.103000
1878.342126   13.706580   0.071850
1878.351898   13.630980   0.083840
1878.361666   13.622540   0.075400
1878.371492   13.663820   0.081380
1878.381052   13.619980   0.085540
1878.390611   13.687530   0.064050
1878.400035   13.670660   0.078940
1878.409523   13.648900   0.076620
1878.419250   13.706550   0.089860
1878.427139   13.638410   0.088490
1878.434256   13.625760   0.074360
1878.439734   13.602650   0.089850
1878.444205   13.675870   0.071670
1878.448555   13.661240   0.067770
1878.452064   13.607450   0.085780
1878.454721   13.691190   0.087960
1878.457364   13.637190   0.088100
1878.459093   13.642120   0.086930
1878.460943   13.608400   0.085280
1878.463071   13.713810   0.123230
1878.523903   13.652190   0.091770
1878.533380   13.656880   0.093130
1878.542754   13.638740   0.085080
1878.552323   13.662430   0.095980
1878.561961   13.675630   0.107150
1878.581310   13.609880   0.106040
1878.885649   13.631090   0.108770
1878.896259   13.729920   0.109650
1878.907039   13.647490   0.088950
1878.917827   13.613880   0.087660
1878.928636   13.749530   0.086680
1878.939490   13.656930   0.079510
1878.950209   13.668590   0.060260
1878.960985   13.665530   0.061430
1878.971663   13.665630   0.056370
1878.982256   13.626440   0.056630
1878.992862   13.650280   0.052570
1879.003349   13.660640   0.057020
1879.014056   13.662260   0.058180
1879.024781   13.648730   0.055760
1879.035403   13.629370   0.064600
1879.046338   13.656840   0.066170
1879.056998   13.666550   0.065240
1879.067120   13.646110   0.066240
1879.077625   13.609600   0.066770
1879.087804   13.672830   0.074630
1879.097718   13.692110   0.077390
1879.108265   13.688460   0.084620
1879.118677   13.692610   0.091020
1879.128946   13.655580   0.074200
1879.138951   13.601740   0.081020
1879.148948   13.611250   0.094400
1879.158753   13.634740   0.097490
1879.168681   13.631520   0.102100
1879.178653   13.645770   0.102950
1879.188532   13.660420   0.095180
1879.198658   13.639250   0.106940
1879.208980   13.748200   0.106960
1879.219105   13.682220   0.110080
1879.229198   13.691300   0.109850
1879.239692   13.591680   0.102070
1879.249885   13.672410   0.102160
1879.259988   13.707440   0.107500
1879.270136   13.673400   0.096760
1879.279998   13.681340   0.079200
1879.290256   13.638340   0.100710
1879.300321   13.668420   0.096780
1879.310604   13.691200   0.104000
1879.321132   13.675930   0.097480
1879.331398   13.682760   0.098960
1879.341711   13.645020   0.102150
1879.352168   13.692910   0.104280
1879.362239   13.656410   0.101550
1879.372581   13.619240   0.099920
1879.383093   13.600850   0.061100
1879.393142   13.627640   0.103700
1879.403333   13.654250   0.110150
1879.413718   13.647010   0.114630
1879.422210   13.651070   0.115470
1879.430290   13.635050   0.116460
1879.436891   13.677050   0.123020
1879.441492   13.651030   0.124800
1879.445571   13.681060   0.128200
1879.449457   13.633250   0.127910
1879.452342   13.679810   0.106420
1879.454194   13.617340   0.124600
1879.456055   13.703450   0.105420
1879.457932   13.658920   0.128000
1879.460282   13.665370   0.185920
1879.904711   13.799710   0.109810
1879.914664   13.679210   0.073910
1879.924232   13.659670   0.063440
1879.933937   13.643300   0.051340
1879.943742   13.666390   0.046530
1879.953255   13.644070   0.041280
1879.962965   13.665680   0.039850
1879.972299   13.655220   0.039280
1879.982133   13.648760   0.039480
1879.991480   13.670100   0.042620
1880.001350   13.642640   0.044700
1880.010995   13.670060   0.051500
1880.020489   13.655060   0.049600
1880.030167   13.657810   0.050700
1880.040004   13.643430   0.048620
1880.050020   13.656710   0.051360
1880.059700   13.624950   0.049540
1880.069635   13.650340   0.051790
1880.079469   13.663520   0.053090
1880.089000   13.585930   0.049320
1880.098524   13.654990   0.055270
1880.108072   13.670840   0.059590
1880.117530   13.643650   0.051820
1880.127140   13.644030   0.053930
1880.200091   13.685260   0.058690
1880.209735   13.690500   0.066760
1880.219431   13.651930   0.059030
1880.229324   13.666780   0.056740
1880.238989   13.657440   0.055500
1880.248836   13.598570   0.053600
1880.258298   13.670680   0.056070
1880.267686   13.671430   0.061260
1880.277275   13.650360   0.055790
1880.286928   13.702030   0.068410
1880.306613   13.664910   0.057230
1880.369120   13.643700   0.051780
1880.967707   13.630100   0.063910
1880.977730   13.650670   0.062820
1880.987626   13.661330   0.051960
1880.997175   13.643570   0.048520
1881.007352   13.661050   0.050950
1881.017262   13.627380   0.052560
1881.027023   13.669070   0.055530
1881.036583   13.634220   0.051850
1881.046307   13.677980   0.055390
1881.055914   13.645930   0.062270
1881.065565   13.640310   0.059920
1881.075352   13.699580   0.065010
1881.085120   13.746040   0.060710
1881.094964   13.687030   0.058670
1881.104801   13.678080   0.048490
1881.114937   13.721400   0.070610
1881.124474   13.659720   0.061170
1881.134326   13.675450   0.066110
1881.143810   13.666940   0.049010
1881.153419   13.654770   0.064820
1881.163015   13.718320   0.057610
1881.171357   13.664660   0.050450
1881.180981   13.693340   0.054750
1881.190627   13.663630   0.043660
1881.200550   13.663280   0.046030
1881.210473   13.658160   0.050870
1881.220305   13.675220   0.057870
1881.230199   13.680550   0.054740
1881.239668   13.654830   0.055600
1881.249328   13.656410   0.054390
1881.258917   13.678850   0.051630
1881.268352   13.669090   0.057160
1881.278189   13.683510   0.056110
1881.288137   13.692250   0.055120
1881.297680   13.652150   0.059500
1881.307337   13.664380   0.062650
1881.317394   13.651090   0.063800
1881.327336   13.663470   0.059060
1881.337373   13.668400   0.063980
1881.347129   13.626510   0.060140
1881.357110   13.684000   0.066790
1881.366722   13.678360   0.069770
1881.376276   13.625050   0.071380
1881.386104   13.701810   0.073420
1881.395996   13.627890   0.069920
1881.405772   13.655040   0.076010
1881.414838   13.661390   0.071510
1881.422098   13.620660   0.074090
1881.428287   13.650950   0.074420
1881.433496   13.652190   0.078480
1881.437835   13.643370   0.076820
1881.441542   13.699630   0.087790
1881.445078   13.640730   0.085220
1881.447777   13.633220   0.086060
1881.449541   13.690230   0.088210
1881.451276   13.644770   0.082670
1881.453055   13.720370   0.086680
1881.455245   13.621200   0.114950
1881.512259   13.617490   0.083850
1881.522032   13.677390   0.088280
1881.531584   13.702810   0.090580
1881.541053   13.633800   0.091520
1881.550943   13.632440   0.088230
1881.560601   13.672580   0.095970
1881.570473   13.617010   0.083210
1881.580253   13.618540   0.107970
1881.589860   13.672590   0.103800
1881.599577   13.716610   0.123710
1881.609472   13.651850   0.106190
1881.619114   13.660970   0.123500
1881.628866   13.647580   0.104980
1881.638743   13.560020   0.072500
1881.845731   13.514880   0.077000
1881.855252   13.613130   0.119490
1881.864967   13.652940   0.094530
1881.874874   13.695550   0.081920
1881.884546   13.629620   0.071070
1881.894462   13.656660   0.061680
1881.904494   13.694870   0.058900
1881.914271   13.656950   0.054840
1881.923884   13.644820   0.055570
1881.933466   13.663990   0.053570
1881.943231   13.688320   0.054290
1881.952875   13.595330   0.069600
1881.962633   13.675790   0.078570
1881.972149   13.656230   0.079620
1881.982098   13.617720   0.089150
1881.992169   13.613280   0.109500
1882.001889   13.815040   0.125530
1882.011594   13.632190   0.116060
1882.021627   13.721090   0.094830
1882.031644   13.589380   0.104270
1882.041324   13.684270   0.099460
1882.051198   13.730760   0.093620
1882.060871   13.633530   0.096880
1882.080330   13.646530   0.073140
1882.109365   13.587010   0.117940
1882.121972   13.657240   0.105160
1882.131558   13.642000   0.086960
1882.141044   13.597390   0.100530
1882.150540   13.630280   0.087590
1882.160119   13.629730   0.089030
1882.169652   13.695330   0.099490
1882.179008   13.699190   0.094470
1882.188466   13.655200   0.103320
1882.198063   13.657490   0.115000
1882.227231   13.606710   0.077500
1882.334732   13.575900   0.068500
1883.093660   13.649780   0.070460
1883.103290   13.712510   0.080640
1883.112818   13.662950   0.075900
1883.122237   13.617760   0.084890
1883.131900   13.634350   0.071590
1883.141295   13.675700   0.080980
1883.150882   13.671980   0.087200
1883.160374   13.704750   0.093770
1883.169871   13.692270   0.095010
1883.179271   13.693970   0.077720
1883.188727   13.636060   0.076200
1883.198404   13.652760   0.088080
1883.207904   13.680650   0.088580
1883.217549   13.608520   0.095490
1883.226897   13.683900   0.097430
1883.236210   13.685760   0.099860
1883.245790   13.632190   0.094110
1883.255334   13.679290   0.103780
1883.265175   13.662710   0.099300
1883.274780   13.651710   0.101100
1883.285002   13.680660   0.067000
1883.294470   13.620630   0.099350
1883.304228   13.676180   0.104040
1883.323720   13.582920   0.117450
1883.333437   13.629340   0.109310
1883.343435   13.630590   0.117090
1883.353701   13.584560   0.064900
1883.363493   13.653880   0.109650
1883.373027   13.737510   0.119920
1883.382657   13.695000   0.119450
1883.392439   13.673930   0.115890
1883.402040   13.548340   0.111560
1883.410061   13.754540   0.124550
1883.417485   13.630970   0.120560
1883.423677   13.678940   0.124080
1883.428949   13.703220   0.125710
1883.436812   13.679420   0.118810
1883.443180   13.638990   0.120550
1883.444849   13.636400   0.097000
1883.446707   13.660770   0.114110
1883.448508   13.702360   0.118130
1883.507335   13.644930   0.129730
1883.517022   13.709670   0.128610
1883.593762   13.690610   0.076700
1884.099534   13.650180   0.036890
1884.109140   13.643640   0.036740
1884.118686   13.668040   0.046060
1884.128292   13.640630   0.057020
1884.137551   13.645980   0.041160
1884.147279   13.638270   0.043840
1884.156774   13.638630   0.048360
1884.166197   13.666450   0.056730
1884.175960   13.618780   0.060610
1884.185414   13.656940   0.052870
1884.194977   13.653100   0.041640
1884.204574   13.669650   0.047000
1884.214174   13.660500   0.042330
1884.223839   13.683440   0.050480
1884.233272   13.621980   0.065340
1884.242628   13.661010   0.037310
1884.252195   13.658590   0.035350
1884.261682   13.657290   0.037530
1884.271201   13.666650   0.038150
1884.280876   13.641040   0.039980
1884.290846   13.645230   0.043480
1884.300573   13.635540   0.048800
1884.310420   13.607230   0.072970
1884.320206   13.697910   0.047630
1884.330156   13.668360   0.045090
1884.340081   13.636270   0.059080
1884.350052   13.641340   0.052810
1884.360119   13.659060   0.047460
1884.370060   13.664770   0.044420
1884.379738   13.664820   0.052800
1884.389528   13.644150   0.039740
1884.399065   13.637450   0.041120
1884.406881   13.656680   0.050230
1884.413865   13.701240   0.059460
1884.420368   13.743940   0.066900
1884.425635   13.655010   0.042840
1884.430150   13.668750   0.039710
1884.433678   13.678420   0.046630
1884.437202   13.646740   0.044130
1884.439908   13.667950   0.048860
1884.441669   13.661850   0.047010
1884.443407   13.655720   0.042690
1884.445109   13.694120   0.034580
1884.446926   13.712590   0.061500
1884.503638   13.652870   0.040240
1884.513187   13.653570   0.050090
1884.522993   13.646050   0.040540
1884.532900   13.655400   0.037190
1884.542819   13.668610   0.047200
1884.552706   13.632950   0.056130
1884.562458   13.653740   0.032160
1884.572213   13.679540   0.044950
1884.581820   13.655680   0.034320
1884.591479   13.677380   0.046300
1884.600983   13.679730   0.039390
1884.610820   13.653150   0.035870
1884.886961   13.637060   0.101920
1884.896459   13.721850   0.105680
1884.906042   13.646280   0.094450
1884.915643   13.633880   0.087900
1884.925737   13.668050   0.090510
1884.935417   13.719990   0.063000
1884.945448   13.645570   0.098560
1884.954875   13.583650   0.100360
1884.964329   13.641520   0.100920
1884.974305   13.568210   0.089670
1884.983546   13.712610   0.118400
1884.993441   13.631120   0.105760
1885.003341   13.640100   0.099890
1885.013229   13.648510   0.112390
1885.022911   13.652170   0.112790
1885.032502   13.699890   0.126910
1885.042137   13.612350   0.123500
1885.052183   13.747790   0.125020
1885.062110   13.589960   0.072400
1885.100694   13.533630   0.071400
1885.278794   13.650900   0.084370
1885.288696   13.748210   0.106540
1885.298475   13.701080   0.097660
1885.308250   13.654090   0.094480
1885.318087   13.702870   0.101660
1885.328301   13.662170   0.112030
1885.348113   13.543790   0.066900
1885.442471   13.602870   0.073800
1885.590133   13.666590   0.114470
1886.072366   13.674780   0.033320
1886.082057   13.669090   0.036810
1886.091456   13.641360   0.035350
1886.101064   13.671950   0.038490
1886.110701   13.661950   0.035830
1886.120214   13.685310   0.036810
1886.129544   13.671670   0.040530
1886.138882   13.644280   0.040720
1886.148233   13.650360   0.039910
1886.157943   13.643060   0.040660
1886.167550   13.611830   0.048170
1886.177101   13.666110   0.047480
1886.186997   13.682070   0.048860
1886.196609   13.645630   0.055180
1886.206153   13.671360   0.059760
1886.215757   13.702500   0.064700
1886.225422   13.714270   0.088010
1886.234829   13.650380   0.084290
1886.244630   13.700660   0.087360
1886.254426   13.664790   0.060650
1886.263771   13.678060   0.051230
1886.273578   13.669180   0.083170
1886.283270   13.663040   0.046360
1886.293134   13.677980   0.048700
1886.303115   13.639240   0.056680
1886.312914   13.667130   0.053310
1886.322818   13.659300   0.055610
1886.332859   13.667090   0.054200
1886.342543   13.696950   0.053990
1886.352534   13.643930   0.055610
1886.362281   13.694740   0.060240
1886.372003   13.654160   0.062870
1886.381496   13.607420   0.061920
1886.391198   13.675320   0.071670
1886.399994   13.641900   0.066710
1886.408171   13.651470   0.071500
1886.414363   13.668280   0.088650
1886.419581   13.659210   0.088630
1886.423873   13.623000   0.078490
1886.427459   13.695860   0.079520
1886.431086   13.638060   0.073050
1886.433748   13.687100   0.092600
1886.435540   13.657850   0.093060
1886.437293   13.663980   0.084540
1886.439058   13.681120   0.084810
1886.441348   13.651050   0.159960
