1863.169882   10.769710   0.006810
1863.179028   10.775850   0.007450
1863.188111   10.758970   0.008260
1863.197263   10.772700   0.007740
1863.206453   10.761290   0.007510
1863.215516   10.768130   0.008720
1863.224486   10.768480   0.008310
1863.233708   10.764450   0.008890
1863.243026   10.767420   0.008830
1863.252052   10.764470   0.008140
1863.260978   10.771000   0.007790
1863.270074   10.753650   0.008720
1863.279229   10.760590   0.007910
1863.288341   10.769030   0.007620
1863.297662   10.760240   0.007220
1863.306748   10.762000   0.007970
1863.315898   10.772020   0.008140
1863.325261   10.765900   0.008080
1863.334632   10.765310   0.008200
1863.344416   10.767270   0.008200
1863.353962   10.767710   0.007970
1863.363511   10.771920   0.007280
1863.372640   10.779500   0.006930
1863.381795   10.773690   0.006990
1863.391577   10.769810   0.007280
1863.400670   10.771710   0.007510
1863.410157   10.772230   0.007450
1863.419415   10.764090   0.007620
1863.428728   10.768160   0.008080
1863.438171   10.765230   0.008310
1863.447725   10.760080   0.008490
1863.457038   10.767360   0.009470
1863.464667   10.765860   0.010850
1863.471563   10.769770   0.011370
1863.477686   10.759860   0.010620
1863.482900   10.767670   0.010680
1863.487037   10.774020   0.011260
1863.490505   10.764250   0.011200
1863.494064   10.774230   0.010620
1863.496621   10.764360   0.011090
1863.498272   10.765470   0.011140
1863.500087   10.769340   0.011550
1863.501889   10.753940   0.011780
1863.503937   10.764910   0.016700
1864.122118   10.776290   0.005770
1864.131216   10.776140   0.007160
1864.140349   10.771940   0.006530
1864.149328   10.760980   0.006470
1864.158727   10.770530   0.006290
1864.168077   10.766460   0.007620
1864.177441   10.767410   0.007100
1864.186471   10.766760   0.006060
1864.195786   10.770070   0.007390
1864.204761   10.761630   0.006750
1864.213956   10.769420   0.006470
1864.223275   10.768660   0.006290
1864.232312   10.769720   0.007280
1864.241734   10.767890   0.007450
1864.250994   10.763420   0.006530
1864.260292   10.765870   0.007510
1864.269452   10.774920   0.006810
1864.278712   10.766550   0.007620
1864.288040   10.769440   0.007510
1864.297228   10.757770   0.007390
1864.306786   10.769330   0.007560
1864.315982   10.770690   0.007680
1864.325240   10.765730   0.007510
1864.334830   10.766880   0.007450
1864.344223   10.767050   0.009530
1864.353629   10.770140   0.009300
1864.362884   10.778690   0.009990
1864.372284   10.775250   0.011430
1864.381718   10.762600   0.010280
1864.391386   10.769440   0.008950
1864.401175   10.764870   0.010620
1864.410777   10.772440   0.009700
1864.420158   10.758000   0.009640
1864.429378   10.774320   0.010390
1864.438639   10.763740   0.011490
1864.448098   10.773760   0.012870
1864.457409   10.778180   0.013740
1864.465120   10.757710   0.012700
1864.472313   10.764430   0.014490
1864.477494   10.777390   0.016340
1864.482643   10.770710   0.021540
1864.486002   10.778860   0.030150
1864.489646   10.780950   0.025290
1864.492216   10.762970   0.019750
1864.494776   10.778020   0.020090
1864.496480   10.777610   0.020610
1864.498365   10.763560   0.021250
1864.500091   10.754930   0.022070
1864.501760   10.768410   0.020670
1865.081649   10.758460   0.007680
1865.090914   10.766230   0.008200
1865.103000   10.772070   0.007850
1865.112265   10.771190   0.007620
1865.121493   10.774930   0.008890
1865.180915   10.767350   0.005720
1865.189934   10.764660   0.004850
1865.199137   10.762790   0.005890
1865.208040   10.765060   0.004850
1865.217207   10.765050   0.006760
1865.226382   10.772520   0.006530
1865.235932   10.761340   0.006930
1865.245886   10.761810   0.007040
1865.255783   10.771110   0.006930
1865.265750   10.763870   0.008600
1865.275774   10.766870   0.007680
1865.285892   10.762860   0.006810
1865.295973   10.766330   0.007560
1865.306185   10.775980   0.007510
1865.316145   10.772280   0.007280
1865.326150   10.767130   0.007790
1865.336276   10.778150   0.008950
1865.346577   10.767940   0.008030
1865.356675   10.759460   0.007970
1865.366659   10.764150   0.008660
1865.376904   10.767010   0.008660
1865.387088   10.760900   0.008830
1865.397153   10.763380   0.008890
1865.407149   10.758820   0.008490
1865.417333   10.771600   0.008430
1865.427630   10.767380   0.008780
1865.437669   10.768980   0.008660
1865.448171   10.756690   0.010390
1865.457324   10.772890   0.010620
1865.465615   10.765390   0.011550
1865.471988   10.762910   0.013860
1865.477591   10.777660   0.016110
1865.482335   10.754550   0.013510
1865.486159   10.759140   0.015660
1865.489785   10.764050   0.013630
1865.492667   10.773290   0.013340
1865.494427   10.763420   0.012880
1865.496283   10.766270   0.012180
1865.498551   10.770700   0.020290
1866.165339   10.763380   0.005370
1866.174723   10.763590   0.005490
1866.184057   10.763200   0.005540
1866.193410   10.762160   0.005540
1866.202706   10.755670   0.005720
1866.212035   10.769230   0.005890
1866.221409   10.764900   0.006000
1866.230791   10.765030   0.005890
1866.240551   10.765200   0.005890
1866.250004   10.765620   0.005890
1866.259354   10.768050   0.006060
1867.193045   10.769310   0.004330
1867.202355   10.767800   0.004450
1867.211516   10.771180   0.004500
1867.220585   10.764370   0.004560
1867.230131   10.767220   0.004680
1867.239707   10.766640   0.004680
1867.249230   10.770590   0.004680
1867.258785   10.763580   0.004680
1867.268385   10.769630   0.004730
1867.277702   10.765860   0.004850
1867.287153   10.765450   0.004850
1867.296854   10.767370   0.004910
1867.306121   10.769810   0.004970
1867.315500   10.766540   0.005020
1867.325094   10.772890   0.005080
1867.334502   10.765510   0.005200
1867.344482   10.769420   0.005310
1867.354030   10.759570   0.005200
1867.363492   10.770210   0.005720
1867.372735   10.763820   0.005490
1867.382212   10.766670   0.005540
1867.391671   10.763670   0.005830
1867.401392   10.762960   0.005720
1867.410805   10.767390   0.005720
1867.420288   10.764400   0.006350
1867.429722   10.769760   0.006930
1867.439192   10.771850   0.006640
1867.448574   10.772510   0.007280
1867.456168   10.763650   0.006580
1867.463320   10.760770   0.006750
1867.469421   10.764120   0.006580
1867.473939   10.763960   0.005770
1867.478291   10.772640   0.005490
1867.481655   10.765290   0.005490
1867.484335   10.757680   0.005720
1867.486951   10.767460   0.005720
1867.488639   10.766960   0.005720
1867.490315   10.760910   0.005890
1867.492002   10.760900   0.005720
1867.493724   10.766430   0.005660
1868.197661   10.769430   0.006870
1868.207123   10.771830   0.006990
1868.216495   10.776070   0.008030
1868.225986   10.771460   0.007850
1868.235811   10.778110   0.008490
1868.245580   10.769130   0.008430
1868.255259   10.767710   0.008660
1868.264815   10.780950   0.009350
1868.274279   10.778600   0.010100
1868.283929   10.772310   0.009120
1868.293537   10.772860   0.012300
1868.303104   10.778470   0.013160
1868.312574   10.769930   0.013220
1868.322548   10.771150   0.010100
1868.332083   10.772550   0.010050
1868.341800   10.777920   0.010390
1868.351466   10.768880   0.011950
1868.360837   10.777810   0.011890
1868.370659   10.759740   0.011550
1868.380417   10.776490   0.011950
1868.390367   10.759070   0.011370
1868.399668   10.767890   0.011490
1868.409622   10.757520   0.012130
1868.419023   10.769010   0.011780
1868.428372   10.779680   0.011840
1868.437691   10.768580   0.012300
1868.446987   10.772340   0.012180
1868.454949   10.760510   0.012530
1868.461066   10.769850   0.012530
1868.467151   10.774420   0.012870
1868.471440   10.768510   0.013400
1868.475710   10.762900   0.014490
1868.479187   10.771390   0.015010
1868.481793   10.766160   0.014610
1868.484421   10.782390   0.014320
1868.486154   10.763120   0.013680
1868.487874   10.767450   0.014090
1868.489584   10.754470   0.014090
1868.491280   10.762620   0.014610
1868.552972   10.765720   0.021490
1868.562396   10.755380   0.019340
1868.572038   10.737170   0.049750
1868.581607   10.758320   0.030550
1868.591155   10.792530   0.032450
1868.600621   10.754590   0.040190
1868.610180   10.744280   0.052790
1868.619726   10.774000   0.073310
1868.629292   10.756730   0.122320
1869.239644   10.789330   0.016800
1869.249027   10.793450   0.017320
1869.258676   10.781440   0.019170
1869.268460   10.768390   0.022000
1869.278238   10.781610   0.024100
1869.287800   10.763150   0.023670
1869.297392   10.743080   0.025360
1869.307040   10.752080   0.027140
1869.316723   10.722530   0.038710
1869.326588   10.771730   0.035070
1869.336288   10.797560   0.037680
1869.345989   10.757150   0.043790
1869.356015   10.741190   0.052130
1869.365922   10.762210   0.049240
1869.375609   10.748060   0.052960
1869.384959   10.779990   0.068890
1869.394424   10.760000   0.058730
1869.403953   10.754720   0.067480
1869.413491   10.767840   0.069140
1869.422888   10.762240   0.062250
1869.432155   10.785680   0.072190
1869.441623   10.792270   0.067430
1869.456614   10.793940   0.072350
1869.462798   10.803830   0.093670
1869.468185   10.830580   0.082240
1869.472681   10.764810   0.084220
1869.476343   10.731820   0.068450
1869.478887   10.758460   0.068560
1869.481456   10.799760   0.074540
1869.483195   10.756160   0.072710
1869.485003   10.773340   0.088760
1869.486718   10.746540   0.075870
1869.488400   10.798190   0.097130
1869.544878   10.725130   0.085500
1869.554436   10.786940   0.067900
1869.564283   10.764700   0.102460
1870.219778   10.770620   0.004910
1870.229270   10.774040   0.005020
1870.238762   10.764960   0.005370
1870.248135   10.764780   0.005200
1870.257691   10.769840   0.005720
1870.267266   10.770680   0.005540
1870.276950   10.765110   0.005600
1870.286498   10.763960   0.005720
1870.295849   10.766000   0.005430
1870.305565   10.773820   0.005720
1870.315197   10.773340   0.006240
1870.325274   10.774500   0.006350
1870.335174   10.769830   0.006060
1870.344892   10.771160   0.006290
1870.354573   10.761700   0.006990
1870.364104   10.759650   0.008780
1870.373603   10.767170   0.008490
1870.383600   10.780530   0.009530
1870.393243   10.768800   0.011030
1870.402820   10.780140   0.014720
1870.412418   10.768920   0.013690
1870.421719   10.765260   0.013800
1870.431056   10.771360   0.014260
1870.440608   10.751710   0.011720
1870.448993   10.768730   0.010740
1870.456179   10.751090   0.010620
1870.461756   10.764280   0.012640
1870.466593   10.773290   0.013980
1870.470290   10.761830   0.012470
1870.474034   10.756130   0.014150
1870.476825   10.772560   0.015240
1870.478569   10.762260   0.014900
1870.480341   10.764350   0.013970
1870.482097   10.762130   0.014430
1870.483838   10.758100   0.015190
1870.485602   10.781960   0.014780
1871.136689   10.765360   0.005490
1871.146179   10.766410   0.005370
1871.155384   10.764310   0.005370
1871.164955   10.758110   0.005720
1871.174269   10.770050   0.005720
1871.183469   10.767210   0.005950
1871.192872   10.771670   0.005720
1871.202392   10.769510   0.005890
1871.211865   10.766340   0.006530
1871.221273   10.769430   0.006580
1871.230922   10.768540   0.006240
1871.240394   10.775410   0.006060
1871.250018   10.770850   0.006240
1871.259511   10.768140   0.006060
1871.269122   10.771320   0.006240
1871.278903   10.772150   0.006240
1871.288648   10.773780   0.006410
1871.298226   10.780150   0.006350
1871.307789   10.786250   0.006700
1871.317562   10.783070   0.006810
1871.327342   10.781180   0.007100
1871.337079   10.764670   0.007450
1871.346725   10.767410   0.007680
1871.356495   10.761010   0.007450
1871.366277   10.761460   0.008200
1871.375944   10.769980   0.008370
1871.385808   10.770290   0.008890
1871.395399   10.764310   0.009470
1871.404882   10.764410   0.010450
1871.414342   10.769400   0.010220
1871.423744   10.776480   0.010050
1871.433495   10.769930   0.009990
1871.442405   10.767730   0.009410
1871.449670   10.769170   0.009580
1871.455742   10.765120   0.009700
1871.461191   10.765010   0.010220
1871.465968   10.767600   0.009930
1871.469461   10.769180   0.009930
1871.472994   10.775930   0.009990
1871.476070   10.768000   0.009580
1871.477819   10.773150   0.009530
1871.479709   10.767010   0.009530
1871.481438   10.778430   0.009580
1871.550420   10.774540   0.010220
1871.559908   10.774900   0.010570
1871.569340   10.772270   0.010850
1871.578835   10.765030   0.011370
1871.588334   10.771030   0.012300
1871.597765   10.741450   0.014260
1871.607264   10.776910   0.016340
1871.616819   10.776000   0.019460
1871.626324   10.777890   0.023730
1872.324463   10.769480   0.006180
1872.334315   10.771970   0.006290
1872.344041   10.764940   0.006240
1872.353623   10.767550   0.006350
1872.363427   10.764530   0.006240
1872.373279   10.776480   0.006240
1872.383099   10.766360   0.006290
1872.392766   10.774880   0.006290
1872.402203   10.769370   0.006410
1872.412032   10.771130   0.006580
1872.421585   10.771300   0.006750
1872.431130   10.773490   0.006930
1872.439874   10.771220   0.006930
1872.447517   10.765280   0.006930
1872.454162   10.770750   0.007100
1872.459603   10.773840   0.007510
1872.463903   10.772700   0.007620
1872.467716   10.765790   0.007450
1872.470496   10.769080   0.007450
1872.473152   10.761970   0.007560
1872.474857   10.772570   0.007620
1872.476617   10.766250   0.007620
1872.478370   10.769330   0.007620
1872.480228   10.764300   0.007680
1872.541663   10.759040   0.009010
1872.550845   10.757540   0.009240
1872.560270   10.763450   0.009530
1872.569828   10.755290   0.010050
1872.579400   10.766630   0.010680
1872.588943   10.776660   0.011720
1872.598488   10.775670   0.013160
1872.608116   10.771470   0.015130
1872.617527   10.768120   0.017550
1872.627101   10.785580   0.021300
1872.636625   10.765950   0.026560
1872.646041   10.743840   0.034350
1873.229437   10.767720   0.006810
1873.238826   10.773690   0.007100
1873.248403   10.766710   0.006990
1873.258009   10.777030   0.007040
1873.267456   10.761110   0.007100
1873.276959   10.771490   0.007220
1873.286788   10.766050   0.007280
1873.296275   10.768820   0.007510
1873.305896   10.767080   0.007850
1873.315548   10.771270   0.007850
1873.325684   10.770280   0.007970
1873.335346   10.777540   0.008430
1873.344943   10.775470   0.008490
1873.354842   10.767720   0.008200
1873.364691   10.764190   0.008720
1873.374458   10.769350   0.008550
1873.383960   10.770480   0.008080
1873.393856   10.761910   0.008310
1873.403606   10.767930   0.008550
1873.413210   10.767060   0.009300
1873.422938   10.765910   0.009300
1873.432622   10.778570   0.008780
1873.441010   10.769560   0.008310
1873.447044   10.771270   0.008370
1873.453044   10.769300   0.008370
1873.457630   10.772070   0.008550
1873.462090   10.761360   0.008550
1873.465548   10.760680   0.008660
1873.468261   10.763130   0.008720
1873.470892   10.764540   0.008950
1873.472722   10.767220   0.008720
1873.474437   10.759740   0.008660
1873.476606   10.765240   0.012410
1873.539458   10.795180   0.030620
1873.548852   10.756120   0.023800
1873.558313   10.770020   0.018770
1873.567696   10.758180   0.017960
1873.577180   10.760190   0.019750
1873.586745   10.765960   0.016220
1873.596227   10.760060   0.021710
1873.605773   10.782750   0.021540
1873.615321   10.788420   0.020150
1873.624816   10.787740   0.021190
1874.032527   10.771750   0.005020
1874.041923   10.766990   0.005260
1874.051714   10.773610   0.005200
1874.061193   10.762660   0.005140
1874.070741   10.761750   0.005370
1874.080230   10.777280   0.005370
1874.089638   10.763710   0.005370
1874.098984   10.762790   0.005430
1874.108441   10.764350   0.005370
1874.117749   10.763960   0.005540
1874.127103   10.766270   0.005540
1874.136654   10.765350   0.005660
1874.145982   10.765990   0.005890
1874.155173   10.762320   0.006240
1874.164605   10.765570   0.006530
1874.174153   10.765140   0.007450
1874.183645   10.767220   0.009180
1874.193053   10.763410   0.011660
1874.202515   10.764790   0.012300
1874.212179   10.757780   0.012880
1874.222051   10.766510   0.011610
1874.593715   10.757540   0.021130
1874.603390   10.767270   0.018650
1874.613039   10.769290   0.022290
1876.992585   10.774570   0.005200
1877.002277   10.764320   0.005200
1877.012009   10.763810   0.005370
1877.021623   10.766360   0.005260
1877.031340   10.766700   0.005540
1877.041094   10.763950   0.005430
1877.050632   10.774700   0.005200
1877.060512   10.767070   0.005370
1877.070280   10.762550   0.005370
1877.080037   10.768880   0.005490
1877.089835   10.772640   0.005540
1877.099542   10.761350   0.005600
1877.109324   10.770120   0.006180
1877.119234   10.770900   0.006120
1877.128562   10.761050   0.005830
1877.137988   10.767160   0.005770
1877.147449   10.761040   0.006350
1877.157081   10.763330   0.006060
1877.166514   10.762990   0.005950
1877.175811   10.763440   0.005890
1877.185180   10.762300   0.006120
1877.194638   10.768600   0.006000
1877.204359   10.762140   0.005950
1877.213829   10.764490   0.005890
1877.223290   10.762830   0.006060
1877.232928   10.765010   0.006060
1877.242583   10.766700   0.006350
1877.252102   10.769100   0.006350
1877.261424   10.763650   0.006240
1877.271317   10.763470   0.006060
1877.280810   10.765810   0.005890
1877.290913   10.769460   0.006180
1877.300784   10.768300   0.006580
1877.310552   10.763980   0.006120
1877.320329   10.768630   0.006580
1877.330019   10.759250   0.006120
1877.339609   10.765400   0.005950
1877.349339   10.766820   0.006290
1877.359563   10.772490   0.006060
1877.369289   10.765470   0.006350
1877.379166   10.764430   0.006240
1877.389199   10.774740   0.006700
1877.398748   10.783990   0.007100
1877.408188   10.769100   0.006990
1877.417610   10.768830   0.006810
1877.426444   10.770940   0.006580
1877.433416   10.760280   0.006930
1877.439426   10.772580   0.007330
1877.444578   10.763490   0.007220
1877.449101   10.765920   0.006930
1877.452622   10.759810   0.007450
1877.456119   10.764590   0.006990
1877.458826   10.767570   0.006930
1877.460660   10.775480   0.007100
1877.462441   10.770580   0.007100
1877.464144   10.772230   0.007100
1877.465872   10.770640   0.007280
1877.528546   10.762040   0.008260
1877.538164   10.765440   0.008490
1877.547759   10.762750   0.008830
1877.557433   10.760270   0.009180
1877.566991   10.769840   0.009300
1877.956588   10.770300   0.007220
1877.966360   10.769820   0.006760
1877.975795   10.766260   0.005890
1877.985575   10.766980   0.005370
1877.995071   10.773060   0.005200
1878.004964   10.771450   0.005200
1878.014335   10.769940   0.005430
1878.023915   10.776800   0.004530
1878.033403   10.767160   0.005200
1878.042881   10.769600   0.005200
1878.052477   10.757860   0.005720
1878.062202   10.767250   0.005540
1878.072038   10.762780   0.005720
1878.081838   10.760140   0.005720
1878.091595   10.766540   0.005540
1878.101204   10.770160   0.005720
1878.111056   10.763600   0.005830
1878.120475   10.766360   0.005890
1878.129972   10.770650   0.006290
1878.139452   10.771780   0.007040
1878.148981   10.769110   0.010740
1878.158293   10.768340   0.009700
1878.167692   10.766490   0.006410
1878.177309   10.773390   0.006290
1878.186872   10.768220   0.007620
1878.196273   10.761420   0.007450
1878.206054   10.767410   0.008310
1878.215833   10.773350   0.008780
1878.225557   10.771710   0.008890
1878.235117   10.761840   0.007620
1878.244657   10.768130   0.007680
1878.254352   10.771560   0.008200
1878.263984   10.768570   0.008780
1878.273770   10.766520   0.008950
1878.283405   10.767150   0.009350
1878.293079   10.768780   0.009240
1878.302887   10.759430   0.011080
1878.312828   10.766460   0.011370
1878.322431   10.764970   0.011260
1878.332111   10.767570   0.011660
1878.342126   10.768270   0.008340
1878.351898   10.760620   0.009530
1878.361666   10.769410   0.009240
1878.371492   10.767790   0.009410
1878.381052   10.768390   0.010160
1878.390611   10.772930   0.007710
1878.400035   10.771090   0.009530
1878.409523   10.772560   0.009070
1878.419250   10.755310   0.009700
1878.427139   10.767280   0.010050
1878.434256   10.788850   0.008340
1878.439734   10.776600   0.010280
1878.444205   10.761660   0.008060
1878.448555   10.774880   0.007990
1878.452064   10.772300   0.009760
1878.454721   10.777370   0.009640
1878.457364   10.780370   0.009760
1878.459093   10.778220   0.009760
1878.460943   10.774480   0.009700
1878.463071   10.766670   0.013720
1878.523903   10.782860   0.010050
1878.533380   10.771050   0.010050
1878.542754   10.778540   0.009870
1878.552323   10.771400   0.010450
1878.561961   10.762410   0.011840
1878.571685   10.768250   0.016050
1878.581234   10.766420   0.014660
1878.590773   10.774590   0.015590
1878.600390   10.767780   0.020230
1878.885725   10.756130   0.011890
1878.896259   10.762760   0.010050
1878.907039   10.755070   0.009300
1878.917827   10.755320   0.009300
1878.928636   10.767840   0.009410
1878.939490   10.770190   0.008430
1878.950209   10.777360   0.007280
1878.960985   10.770400   0.007100
1878.971663   10.771980   0.006870
1878.982256   10.763830   0.006930
1878.992862   10.769530   0.006870
1879.003349   10.762390   0.007330
1879.014056   10.773480   0.007450
1879.024781   10.765080   0.007450
1879.035403   10.775820   0.008200
1879.046338   10.770140   0.008200
1879.056998   10.766240   0.008430
1879.067120   10.761660   0.008550
1879.077625   10.765440   0.008550
1879.087804   10.761370   0.008780
1879.097718   10.770790   0.009530
1879.108265   10.763750   0.009870
1879.118677   10.764850   0.010340
1879.128946   10.764680   0.008560
1879.138951   10.758260   0.009930
1879.148948   10.759320   0.011140
1879.158753   10.752460   0.011370
1879.168681   10.762530   0.011430
1879.178653   10.773900   0.011840
1879.188532   10.764650   0.011950
1879.198658   10.767930   0.012130
1879.208980   10.774560   0.012240
1879.219105   10.761250   0.012300
1879.229198   10.775110   0.012470
1879.239692   10.762420   0.012300
1879.249885   10.763090   0.012130
1879.259988   10.769150   0.011840
1879.270136   10.763630   0.011660
1879.279998   10.769060   0.009480
1879.290256   10.769120   0.011610
1879.300321   10.774090   0.011720
1879.310604   10.775940   0.011780
1879.321132   10.771320   0.011780
1879.331398   10.773860   0.011890
1879.341711   10.764050   0.011950
1879.352168   10.756630   0.011890
1879.362239   10.771900   0.012070
1879.372581   10.774680   0.012300
1879.383093   10.763430   0.007100
1879.393142   10.765320   0.012470
1879.403333   10.766310   0.012930
1879.413718   10.766080   0.013110
1879.422210   10.768780   0.013450
1879.430290   10.773540   0.013740
1879.436891   10.774220   0.013910
1879.441492   10.772850   0.014090
1879.445571   10.769440   0.014320
1879.449457   10.786650   0.014660
1879.452342   10.760460   0.011950
1879.454194   10.765130   0.014720
1879.456055   10.775020   0.012020
1879.457932   10.782250   0.014950
1879.460282   10.769780   0.021110
1879.524043   10.779630   0.018650
1879.534146   10.755350   0.019050
1879.544253   10.758070   0.019690
1879.554321   10.774210   0.011300
1879.564508   10.779230   0.020670
1879.574677   10.752330   0.020960
1879.584814   10.774700   0.021250
1879.594935   10.782470   0.022350
1879.605121   10.756790   0.023400
1879.615186   10.770420   0.025120
1879.625350   10.749030   0.027080
1879.885631   10.763380   0.012990
1879.895153   10.746690   0.011150
1879.904711   10.770790   0.009010
1879.914664   10.776410   0.007450
1879.924232   10.772030   0.006470
1879.933937   10.766780   0.005890
1879.943742   10.768560   0.005370
1879.953255   10.771790   0.005200
1879.962965   10.772260   0.005020
1879.972299   10.766640   0.005020
1879.982133   10.766210   0.005080
1879.991480   10.770570   0.005260
1880.001350   10.774990   0.005370
1880.010995   10.770510   0.005600
1880.020489   10.767930   0.005660
1880.030167   10.769400   0.005720
1880.040004   10.785740   0.005720
1880.050020   10.765810   0.005720
1880.059700   10.769630   0.005830
1880.069635   10.772780   0.005830
1880.079469   10.772230   0.006060
1880.089000   10.771360   0.005950
1880.098524   10.761700   0.006120
1880.108072   10.770440   0.006350
1880.117530   10.769140   0.006000
1880.127140   10.769230   0.006120
1880.200091   10.774360   0.006530
1880.209735   10.766500   0.006810
1880.219431   10.764460   0.006700
1880.229324   10.758850   0.006350
1880.238989   10.767200   0.006410
1880.248836   10.776220   0.006410
1880.258298   10.777060   0.006580
1880.267686   10.773210   0.006750
1880.277275   10.760450   0.006760
1880.286928   10.761590   0.007330
1880.306613   10.768060   0.006750
1880.369120   10.760030   0.006580
1880.684731   10.767640   0.016690
1880.693935   10.755180   0.016860
1880.703424   10.762960   0.019800
1880.712965   10.766920   0.023440
1880.722745   10.755720   0.028460
1880.732752   10.792160   0.034470
1880.743114   10.768710   0.040130
1880.753480   10.792700   0.050990
1880.828480   10.712780   0.043070
1880.839020   10.781260   0.037930
1880.967707   10.780960   0.006470
1880.977730   10.769510   0.006410
1880.987626   10.771000   0.005830
1880.997175   10.772410   0.005720
1881.007352   10.769580   0.005830
1881.017262   10.765320   0.005950
1881.027023   10.767740   0.006060
1881.036583   10.771210   0.006060
1881.046307   10.759610   0.006120
1881.055914   10.766570   0.006580
1881.065565   10.771690   0.006470
1881.075352   10.770840   0.006750
1881.085120   10.762040   0.006410
1881.094964   10.767230   0.006350
1881.104801   10.767250   0.005950
1881.114937   10.772840   0.007220
1881.124474   10.772640   0.006760
1881.134326   10.765530   0.006930
1881.143810   10.765690   0.006060
1881.153419   10.765430   0.007050
1881.163015   10.766690   0.006750
1881.171357   10.767710   0.006240
1881.180981   10.767650   0.006410
1881.190627   10.757710   0.005830
1881.200550   10.768100   0.006120
1881.210473   10.766780   0.006410
1881.220305   10.769000   0.006750
1881.230199   10.765640   0.006640
1881.239668   10.769640   0.006810
1881.249328   10.768500   0.006750
1881.258917   10.766380   0.006750
1881.268352   10.765840   0.006930
1881.278189   10.766920   0.006930
1881.288137   10.772410   0.007100
1881.297680   10.766180   0.007100
1881.307337   10.766040   0.007280
1881.317394   10.761050   0.007450
1881.327336   10.770840   0.007620
1881.337373   10.771190   0.007790
1881.347129   10.782990   0.007850
1881.357110   10.771900   0.007910
1881.366722   10.769980   0.008030
1881.376276   10.773420   0.008140
1881.386104   10.762630   0.008490
1881.395996   10.774500   0.008490
1881.405772   10.765210   0.008660
1881.414838   10.779630   0.008830
1881.422098   10.773790   0.009010
1881.428287   10.774790   0.009010
1881.433496   10.771710   0.009010
1881.437835   10.771300   0.009180
1881.441542   10.777330   0.009350
1881.445078   10.774560   0.009530
1881.447777   10.765150   0.009350
1881.449541   10.767630   0.009350
1881.451276   10.771890   0.009470
1881.453055   10.770740   0.009530
1881.455245   10.765050   0.013350
1881.512259   10.762780   0.009870
1881.522032   10.763740   0.010450
1881.531584   10.770540   0.010620
1881.541053   10.770870   0.010740
1881.550943   10.761940   0.010740
1881.560601   10.760290   0.011080
1881.570473   10.769350   0.010970
1881.580253   10.770190   0.011840
1881.589860   10.774480   0.011660
1881.599577   10.767690   0.012590
1881.609472   10.764760   0.012240
1881.619114   10.763710   0.013400
1881.628942   10.760910   0.014720
1881.638590   10.766160   0.015530
1881.648351   10.757910   0.017150
1881.778022   10.760690   0.029450
1881.787777   10.779140   0.028690
1881.797497   10.775750   0.027890
1881.807277   10.757360   0.024190
1881.816745   10.801910   0.021650
1881.826319   10.749140   0.017960
1881.835921   10.771390   0.014950
1881.845731   10.767300   0.012930
1881.855252   10.756440   0.011080
1881.864967   10.776410   0.010100
1881.874874   10.772990   0.009300
1881.884546   10.765370   0.008030
1881.894462   10.768600   0.007280
1881.904494   10.765940   0.006640
1881.914271   10.769580   0.006580
1881.923884   10.772050   0.006580
1881.933466   10.764440   0.006350
1881.943231   10.766630   0.006530
1881.952875   10.773650   0.007970
1881.962633   10.765070   0.008660
1881.972149   10.766080   0.009010
1881.982098   10.768350   0.009530
1881.992169   10.773130   0.011780
1882.001889   10.760970   0.012530
1882.011594   10.764110   0.012700
1882.021627   10.762090   0.010340
1882.031644   10.762410   0.011090
1882.041324   10.765240   0.010860
1882.051198   10.767910   0.009990
1882.060871   10.767880   0.010220
1882.070527   10.789240   0.017980
1882.080330   10.775830   0.008260
1882.090096   10.759870   0.016050
1882.099569   10.769220   0.024450
1882.109365   10.768770   0.013400
1882.121972   10.772350   0.011150
1882.131558   10.761250   0.009070
1882.141120   10.770200   0.013570
1882.150540   10.766830   0.009760
1882.160119   10.775320   0.009990
1882.169652   10.775780   0.010340
1882.179008   10.769240   0.010160
1882.188466   10.774390   0.011150
1882.198063   10.761050   0.012530
1882.208031   10.788620   0.021660
1882.217722   10.760770   0.017320
1882.227231   10.780390   0.015530
1882.236839   10.766770   0.015470
1882.246327   10.770620   0.021310
1882.256107   10.766880   0.020040
1882.266006   10.775140   0.019860
1882.275585   10.771370   0.017490
1882.285301   10.777120   0.017780
1882.295361   10.766350   0.016580
1882.305067   10.763770   0.021600
1882.315073   10.756220   0.025580
1882.325032   10.764080   0.016800
1882.334886   10.777500   0.014780
1882.344919   10.733430   0.016920
1882.354771   10.784350   0.018650
1882.364587   10.764330   0.015590
1882.374737   10.770150   0.015650
1882.384681   10.773690   0.071530
1882.394964   10.753340   0.034670
1883.093660   10.778360   0.007620
1883.103366   10.781610   0.010750
1883.112818   10.765980   0.007800
1883.122237   10.770080   0.008840
1883.131900   10.764280   0.007560
1883.141295   10.760130   0.008310
1883.150882   10.778650   0.008950
1883.160374   10.759660   0.009410
1883.169871   10.773890   0.009990
1883.179271   10.758070   0.008200
1883.188727   10.764410   0.008310
1883.198404   10.768570   0.009590
1883.207904   10.772660   0.009640
1883.217549   10.767630   0.009700
1883.226897   10.773120   0.009930
1883.236210   10.776510   0.009990
1883.245790   10.774510   0.009820
1883.255334   10.780820   0.010220
1883.265175   10.767510   0.010340
1883.274780   10.780610   0.010740
1883.284849   10.800030   0.013160
1883.294394   10.779800   0.014050
1883.304305   10.763490   0.013340
1883.314080   10.800900   0.014790
1883.323720   10.769520   0.013520
1883.333437   10.765960   0.012240
1883.343435   10.766530   0.012470
1883.353548   10.764190   0.013230
1883.363493   10.770330   0.011430
1883.373027   10.759490   0.012010
1883.382657   10.779030   0.012760
1883.392439   10.776600   0.012070
1883.402040   10.781540   0.012070
1883.410061   10.769970   0.013050
1883.417485   10.764810   0.013450
1883.423677   10.767870   0.012530
1883.428949   10.770140   0.012760
1883.433300   10.768430   0.013810
1883.436812   10.754590   0.012180
1883.440325   10.761680   0.013050
1883.443180   10.763140   0.012300
1883.444926   10.767270   0.012940
1883.446707   10.761660   0.012010
1883.448508   10.759270   0.012180
1883.507335   10.754870   0.013110
1883.517022   10.754530   0.013220
1883.526655   10.757830   0.014720
1883.536232   10.763260   0.015880
1883.545818   10.761810   0.015820
1883.555341   10.762450   0.015360
1883.565051   10.768430   0.015470
1883.574608   10.758590   0.015250
1883.584302   10.768510   0.015310
1883.593915   10.768900   0.013680
1884.099534   10.765470   0.004390
1884.109140   10.770230   0.004390
1884.118686   10.767590   0.005140
1884.128292   10.772320   0.005720
1884.137551   10.768730   0.004790
1884.147279   10.766220   0.005310
1884.156774   10.770120   0.005540
1884.166197   10.764200   0.005900
1884.175960   10.757240   0.006360
1884.185414   10.762260   0.005600
1884.194977   10.768100   0.004970
1884.204574   10.767160   0.005310
1884.214174   10.766680   0.004970
1884.223839   10.763070   0.005200
1884.233272   10.766650   0.007050
1884.242628   10.766420   0.004680
1884.252195   10.768090   0.004620
1884.261682   10.768130   0.004680
1884.271201   10.760910   0.004620
1884.280876   10.764060   0.004910
1884.290846   10.771060   0.005260
1884.300573   10.768330   0.005660
1884.310420   10.765660   0.007280
1884.320206   10.772310   0.005370
1884.330156   10.767330   0.005430
1884.340081   10.771840   0.006180
1884.350052   10.769730   0.006120
1884.360119   10.766100   0.005370
1884.370060   10.770140   0.005540
1884.379738   10.761840   0.005830
1884.389528   10.769550   0.004850
1884.399065   10.770380   0.005080
1884.406881   10.762780   0.005540
1884.413865   10.765530   0.006410
1884.420368   10.767770   0.006410
1884.425635   10.767960   0.005260
1884.430150   10.771030   0.004850
1884.433678   10.765230   0.005310
1884.437202   10.764190   0.005200
1884.439908   10.767620   0.005430
1884.441669   10.769920   0.005370
1884.443407   10.769000   0.005200
1884.445186   10.769120   0.005020
1884.446926   10.766720   0.006120
1884.503638   10.769560   0.004850
1884.513187   10.765450   0.005430
1884.522993   10.766580   0.004850
1884.532900   10.767030   0.004560
1884.542819   10.776390   0.005080
1884.552706   10.766070   0.005330
1884.562458   10.766750   0.004330
1884.572213   10.766710   0.004790
1884.581820   10.768980   0.004500
1884.591479   10.771080   0.005310
1884.600983   10.769840   0.004910
1884.610820   10.776300   0.004680
1884.886961   10.758110   0.010450
1884.896459   10.778030   0.010740
1884.906042   10.765460   0.010050
1884.915643   10.770220   0.011610
1884.925737   10.764730   0.009580
1884.935570   10.769900   0.011550
1884.945448   10.764900   0.010160
1884.954875   10.758380   0.010800
1884.964329   10.770930   0.010510
1884.974229   10.774950   0.012130
1884.983546   10.760740   0.012180
1884.993441   10.782810   0.011490
1885.003341   10.757540   0.011200
1885.013229   10.764280   0.012590
1885.022911   10.764600   0.012590
1885.032502   10.772710   0.014320
1885.042137   10.764460   0.013860
1885.052183   10.766260   0.014200
1885.061957   10.762580   0.015420
1885.071678   10.769780   0.016280
1885.081285   10.780010   0.017730
1885.090973   10.769470   0.016230
1885.100847   10.759620   0.016220
1885.278794   10.780660   0.009010
1885.288696   10.766050   0.010970
1885.298475   10.766090   0.009580
1885.308250   10.780530   0.009530
1885.318087   10.768720   0.009820
1885.328301   10.766570   0.011320
1885.338173   10.783480   0.015240
1885.347960   10.765090   0.013800
1885.357853   10.764890   0.014840
1885.367578   10.760340   0.015070
1885.377344   10.750200   0.018300
1885.386938   10.752100   0.018590
1885.396599   10.761320   0.015300
1885.404395   10.765100   0.013680
1885.411445   10.759270   0.015530
1885.417511   10.770750   0.016340
1885.422892   10.769840   0.016590
1885.427461   10.764540   0.015590
1885.430989   10.757680   0.013050
1885.434637   10.781880   0.014780
1885.437356   10.759990   0.014660
1885.439093   10.771700   0.014610
1885.440855   10.764850   0.014550
1885.442624   10.749530   0.013680
1885.444416   10.762100   0.013970
1885.502228   10.766490   0.015360
1885.511985   10.777430   0.019810
1885.521821   10.784590   0.015940
1885.531512   10.776720   0.015070
1885.541243   10.775420   0.015710
1885.551133   10.790490   0.013860
1885.560860   10.781630   0.013690
1885.570601   10.773630   0.013630
1885.580236   10.768750   0.016350
1885.590133   10.773730   0.011780
1886.072366   10.770750   0.004390
1886.082057   10.779900   0.004680
1886.091456   10.768850   0.004790
1886.101064   10.775540   0.004910
1886.110701   10.772610   0.004850
1886.120214   10.773820   0.004970
1886.129544   10.772020   0.005080
1886.138882   10.764800   0.005200
1886.148233   10.760600   0.005200
1886.157943   10.770700   0.005370
1886.167550   10.767210   0.005890
1886.177101   10.776800   0.005950
1886.186997   10.768560   0.006240
1886.196609   10.759230   0.006410
1886.206153   10.764520   0.007040
1886.215757   10.768610   0.007390
1886.225422   10.767530   0.009410
1886.234829   10.765000   0.009470
1886.244630   10.767490   0.009240
1886.254426   10.761830   0.007100
1886.263771   10.774470   0.006060
1886.273578   10.757640   0.009010
1886.283270   10.760740   0.005890
1886.293134   10.772530   0.006120
1886.303115   10.765500   0.006810
1886.312914   10.767030   0.006240
1886.322818   10.767700   0.006470
1886.332859   10.771510   0.006470
1886.342543   10.773330   0.006240
1886.352534   10.777060   0.006350
1886.362281   10.772740   0.006750
1886.372003   10.763050   0.006930
1886.381496   10.778010   0.007160
1886.391198   10.764330   0.007560
1886.399994   10.766450   0.007560
1886.408171   10.768570   0.007740
1886.414363   10.771740   0.009240
1886.419581   10.770470   0.009240
1886.423873   10.764080   0.008550
1886.427459   10.764740   0.008430
1886.431086   10.780080   0.008370
1886.433748   10.767010   0.009360
1886.435540   10.766210   0.009760
1886.437293   10.762120   0.008780
1886.439058   10.764330   0.008890
1886.441348   10.770870   0.017170
