1863.169882   14.014110   0.080720
1863.179028   14.022380   0.090990
1863.188111   14.033620   0.103710
1863.197263   14.041230   0.095940
1863.206453   14.064200   0.094740
1863.215516   14.164650   0.114500
1863.224486   14.063060   0.105270
1863.233708   14.133590   0.117170
1863.243026   14.077050   0.110840
1863.252052   14.017070   0.101580
1863.260978   14.039310   0.100720
1863.270074   14.103440   0.111800
1863.279229   14.047990   0.101310
1863.288341   14.035990   0.092090
1863.297662   14.023400   0.091770
1863.306748   14.032550   0.097140
1863.315898   14.048500   0.101700
1863.325261   14.032020   0.100690
1863.334632   14.053790   0.102790
1863.344416   13.987570   0.099280
1863.353962   14.063230   0.100940
1863.363511   14.054140   0.085350
1863.372640   14.039910   0.080790
1863.381795   14.029680   0.083240
1863.391577   14.065320   0.085000
1863.400670   14.065470   0.095000
1863.410157   14.002070   0.088080
1863.419415   14.040920   0.099920
1863.428728   13.961320   0.103090
1863.438171   14.019160   0.104530
1863.447725   14.026290   0.109330
1863.457038   14.055930   0.117460
1864.122118   14.053780   0.064030
1864.131216   14.105690   0.091300
1864.140349   14.024590   0.073940
1864.149328   14.018740   0.076880
1864.158727   14.018320   0.072070
1864.168077   14.005780   0.092840
1864.177441   14.077530   0.093210
1864.186471   14.056290   0.068090
1864.195786   14.092920   0.090200
1864.204761   14.049500   0.080240
1864.213956   14.049450   0.075920
1864.223275   14.007680   0.068400
1864.232312   14.113540   0.095830
1864.241734   14.012740   0.086100
1864.250994   14.044330   0.072900
1864.260292   14.023490   0.089380
1864.269452   14.092740   0.077220
1864.278712   14.081220   0.096710
1864.288040   14.063720   0.096200
1864.297228   14.098380   0.089580
1864.306786   14.092200   0.097140
1864.315982   14.110410   0.100250
1864.325240   14.093670   0.090880
1864.334830   14.077480   0.089250
1864.344223   14.100560   0.122470
1864.353629   14.057490   0.118540
1864.362884   14.133850   0.122810
1864.381718   14.086540   0.123800
1864.391386   14.034050   0.109600
1864.401328   14.005370   0.074700
1864.410777   14.072860   0.123040
1864.420158   14.042760   0.125030
1864.429224   13.969580   0.067400
1865.081649   14.079170   0.103130
1865.090914   14.095160   0.102950
1865.103000   14.178840   0.106130
1865.112265   14.019880   0.095810
1865.121493   13.987010   0.108190
1865.180915   14.045850   0.064920
1865.189934   14.008390   0.051060
1865.199137   14.020770   0.062680
1865.208040   14.015190   0.049740
1865.217207   14.085870   0.083360
1865.226382   14.074590   0.078430
1865.235932   14.134870   0.090260
1865.245886   14.093210   0.086210
1865.255783   14.051630   0.086270
1865.265827   13.933370   0.084570
1865.275774   14.151580   0.104600
1865.285892   13.997040   0.082110
1865.295973   14.033300   0.094820
1865.306185   14.047170   0.092270
1865.316145   14.053300   0.087390
1865.326150   14.021290   0.092730
1865.336276   14.110520   0.115200
1865.346577   14.032130   0.100230
1865.356675   14.035290   0.095700
1865.366659   14.067550   0.112110
1865.376904   14.066110   0.107010
1865.387088   14.015980   0.109590
1865.397153   14.013740   0.107420
1865.407149   14.088810   0.109320
1865.417333   14.080200   0.102580
1865.427630   14.068840   0.107050
1865.437669   14.108160   0.111390
1865.448171   14.075210   0.093200
1866.165339   14.039590   0.053430
1866.174723   14.018730   0.055750
1866.184057   14.061890   0.058550
1866.193410   14.020540   0.056210
1866.202706   14.038100   0.063990
1866.212035   14.046330   0.059830
1866.221409   14.077840   0.060590
1866.230791   14.022950   0.055950
1866.240551   14.102030   0.062990
1866.250004   14.040670   0.064040
1866.259354   14.070550   0.061320
1867.193045   14.029110   0.038160
1867.202355   14.061980   0.040130
1867.211516   14.039330   0.041060
1867.220585   14.076860   0.044060
1867.230131   14.038640   0.046030
1867.239707   14.082020   0.045150
1867.249230   14.034110   0.042910
1867.258785   14.033420   0.044190
1867.268385   14.056360   0.043260
1867.277702   14.031510   0.044340
1867.287153   14.035150   0.047170
1867.296854   14.022950   0.047180
1867.306121   14.049470   0.050050
1867.315500   14.058150   0.051740
1867.325094   14.057940   0.052210
1867.334502   14.025500   0.053520
1867.344482   14.024240   0.057970
1867.354030   14.023520   0.055850
1867.363492   14.104270   0.068000
1867.372735   14.058490   0.060800
1867.382212   14.051160   0.059010
1867.391671   14.011840   0.067300
1867.401392   14.050380   0.067260
1867.410805   14.048920   0.065130
1867.420288   14.088520   0.080040
1867.429722   14.026650   0.084070
1867.439192   14.022500   0.078540
1867.448574   14.057400   0.089910
1867.456168   14.047470   0.077040
1867.463320   14.060300   0.084580
1867.469421   14.041780   0.084590
1867.473939   14.052630   0.067430
1867.478291   14.071760   0.064160
1867.481655   14.091120   0.061340
1867.484335   14.011960   0.067540
1867.486951   14.073070   0.066880
1867.488639   14.098320   0.071450
1867.490315   14.081270   0.070750
1867.492002   14.019640   0.071020
1867.493724   14.054540   0.065900
1868.197661   14.044660   0.076420
1868.207123   14.056750   0.076300
1868.216418   14.083780   0.085630
1868.225986   14.077670   0.097480
1868.235811   14.041920   0.109050
1868.245580   14.020490   0.109150
1868.255259   14.005460   0.111430
1868.264815   14.158010   0.128390
1868.283929   14.047060   0.112020
1868.322394   13.947700   0.071100
1868.332083   14.105060   0.129740
1868.341723   13.997240   0.098080
1870.219778   14.053090   0.049790
1870.229270   14.045330   0.051100
1870.238762   14.057480   0.058690
1870.248135   14.097330   0.054120
1870.257691   14.021920   0.064950
1870.267266   14.006400   0.059880
1870.276950   14.062960   0.059460
1870.286498   14.052280   0.064030
1870.295849   14.048520   0.058230
1870.305565   14.022280   0.059810
1870.315197   14.061420   0.068020
1870.325274   14.034350   0.066680
1870.335174   14.035690   0.067170
1870.344892   14.110300   0.074230
1870.354573   14.099450   0.091000
1870.364104   14.040740   0.114740
1870.373603   14.028960   0.106750
1870.383600   14.142370   0.120780
1870.393396   13.900130   0.068900
1871.136689   14.066190   0.061340
1871.146179   14.080640   0.058950
1871.155384   14.023070   0.059590
1871.164955   14.088940   0.067960
1871.174269   14.064670   0.064050
1871.183469   14.054970   0.069420
1871.192872   14.020820   0.061130
1871.202392   14.077280   0.071600
1871.211865   14.020330   0.078750
1871.221273   14.109940   0.085230
1871.230922   14.048830   0.068340
1871.240394   14.033940   0.069020
1871.250018   14.107770   0.072030
1871.259511   14.052480   0.071750
1871.269122   14.086420   0.071650
1871.278903   14.071840   0.069280
1871.288648   14.067620   0.076750
1871.298226   14.043210   0.071610
1871.307789   14.096780   0.082050
1871.317562   14.068510   0.083720
1871.327342   14.100330   0.085360
1871.337079   14.038050   0.090390
1871.346725   14.053780   0.096520
1871.356495   14.067480   0.089780
1871.366277   14.128470   0.104690
1871.375944   13.999140   0.099530
1871.385808   13.935320   0.105260
1871.395399   14.060790   0.115920
1871.414342   13.986830   0.116540
1871.423744   14.035450   0.117570
1871.433571   14.008370   0.104170
1871.442405   14.058710   0.121480
1871.449670   14.124660   0.123510
1871.455742   14.130950   0.100980
1871.465969   14.084320   0.103100
1871.469384   14.046130   0.107190
1871.473070   14.077330   0.102960
1871.476070   14.045660   0.125410
1871.477742   14.027730   0.104650
1871.479785   14.042160   0.102090
1871.481438   14.119370   0.127150
1871.559908   14.003670   0.103090
1872.324463   14.127230   0.070550
1872.334315   14.108690   0.075430
1872.344041   14.087410   0.075000
1872.353623   14.048870   0.072390
1872.363427   14.061720   0.070690
1872.373279   14.079140   0.072900
1872.383099   14.023740   0.071380
1872.392766   14.036840   0.066960
1872.402203   14.077050   0.076910
1872.412032   14.067480   0.080490
1872.421585   14.093280   0.080450
1872.431130   14.065120   0.086620
1872.439874   14.070250   0.087370
1872.447517   14.045550   0.088720
1872.454162   14.084550   0.092840
1872.459603   14.060960   0.096710
1872.463903   14.102240   0.102400
1872.467716   14.018850   0.096190
1872.470496   13.931010   0.092650
1872.473152   14.007010   0.095570
1872.474857   14.009330   0.100420
1872.476617   14.068440   0.103020
1872.478370   14.097090   0.101940
1872.480228   14.081600   0.100780
1872.541663   14.128080   0.133650
1872.550845   13.996270   0.101730
1872.560193   14.021610   0.099410
1873.229437   14.067420   0.082420
1873.238826   14.042690   0.090880
1873.248403   14.074290   0.083940
1873.258009   14.011930   0.084700
1873.267456   13.977010   0.086430
1873.276959   13.995010   0.088920
1873.286788   14.086050   0.091740
1873.296275   14.071140   0.094360
1873.305896   14.132040   0.102530
1873.315548   14.119120   0.103690
1873.325684   14.062190   0.104550
1873.335346   14.081440   0.106190
1873.344943   13.956990   0.097120
1873.354842   13.983690   0.096460
1873.364691   13.997210   0.102320
1873.374458   14.041840   0.103190
1873.383960   14.023690   0.097920
1873.393856   14.020720   0.104570
1873.403606   14.038720   0.107550
1873.413210   13.996160   0.085840
1873.422938   14.051340   0.117860
1873.432622   14.131310   0.113420
1873.441010   14.079960   0.109790
1873.447044   14.003940   0.105720
1873.453044   13.968310   0.103850
1873.457630   14.044350   0.108840
1873.462090   14.096610   0.113450
1873.465548   14.065840   0.113630
1873.468261   14.129930   0.117530
1873.470892   13.966030   0.107650
1873.472722   14.099830   0.114210
1873.474437   14.075660   0.113900
1873.476606   14.067100   0.164070
1874.032527   14.045100   0.054850
1874.041923   14.042680   0.055980
1874.051714   14.006890   0.055210
1874.061193   14.035550   0.052780
1874.070741   14.018020   0.059180
1874.080230   14.045460   0.061230
1874.089638   14.015100   0.057010
1874.098984   14.037820   0.058220
1874.108441   14.025650   0.061670
1874.117749   14.026250   0.063130
1874.127103   14.016810   0.062260
1874.136654   14.013280   0.059640
1874.145982   14.013870   0.068720
1874.155173   13.989580   0.068880
1874.164605   14.066380   0.079000
1874.174153   14.036790   0.093100
1874.183569   13.960720   0.088040
1876.992585   14.054990   0.058700
1877.002277   14.000080   0.058370
1877.012009   14.019290   0.062600
1877.021623   14.031420   0.060170
1877.031340   13.979700   0.064290
1877.041094   14.075690   0.064360
1877.050632   14.061380   0.058150
1877.060512   14.050760   0.059230
1877.070280   14.078760   0.062140
1877.080037   13.997470   0.061610
1877.089835   14.048910   0.060590
1877.099542   14.036040   0.062760
1877.109324   13.987220   0.074650
1877.119234   14.032840   0.074030
1877.128562   14.074710   0.070850
1877.137988   14.029070   0.067330
1877.147449   14.206720   0.084260
1877.157081   14.020140   0.078370
1877.166514   14.038440   0.070910
1877.175811   14.073990   0.067390
1877.185180   14.040650   0.074890
1877.194638   14.042460   0.073030
1877.204359   14.011530   0.069850
1877.213829   14.039340   0.066980
1877.223290   14.042940   0.072290
1877.232928   14.040160   0.067600
1877.242583   14.046170   0.073870
1877.252102   14.029200   0.075240
1877.261424   14.109850   0.077380
1877.271317   14.087620   0.071120
1877.280810   14.016320   0.064500
1877.290913   14.071750   0.073720
1877.300784   14.083370   0.085210
1877.310552   14.046880   0.071200
1877.320329   14.046470   0.078660
1877.330019   14.093790   0.074080
1877.339609   14.033510   0.063810
1877.349339   14.007280   0.074200
1877.359563   14.061480   0.067460
1877.369289   14.091810   0.076560
1877.379166   14.115280   0.069760
1877.389199   14.093910   0.081940
1877.398748   14.085920   0.091820
1877.408188   14.041060   0.090950
1877.417610   14.060770   0.083240
1877.426444   14.086110   0.079090
1877.433416   14.052680   0.083370
1877.439426   14.031360   0.092420
1877.444578   13.958840   0.084750
1877.449101   14.106100   0.082980
1877.452622   14.053080   0.094140
1877.456119   14.099520   0.086660
1877.458826   14.095070   0.084620
1877.460660   14.106150   0.085590
1877.462441   14.042050   0.084700
1877.464144   14.074700   0.087800
1877.465872   14.102080   0.093030
1877.528546   14.131460   0.110400
1877.538164   14.123180   0.119310
1877.547759   14.084240   0.119340
1877.557433   14.026310   0.117930
1877.566991   14.128630   0.100210
1877.956588   13.936440   0.086140
1877.966360   14.071210   0.086950
1877.975795   14.073980   0.062640
1877.985575   14.031170   0.056100
1877.995071   14.037210   0.051510
1878.004964   14.077480   0.050250
1878.014335   14.056550   0.058750
1878.023915   14.110400   0.046090
1878.033403   14.030030   0.051430
1878.042881   14.048600   0.050600
1878.052477   14.071160   0.059940
1878.062202   14.060210   0.055430
1878.072038   14.025840   0.062150
1878.081838   14.035310   0.060850
1878.091595   14.046050   0.055420
1878.101204   14.076980   0.058040
1878.111056   14.020220   0.062670
1878.120475   14.057890   0.057750
1878.129972   14.005020   0.067610
1878.139452   14.029300   0.072860
1878.148981   14.057930   0.102640
1878.158293   14.132570   0.123480
1878.167692   14.081960   0.068740
1878.177309   14.079420   0.063040
1878.186872   14.012660   0.091010
1878.196273   14.024780   0.090590
1878.206054   14.067970   0.100330
1878.215833   14.082220   0.114610
1878.225557   14.104710   0.113480
1878.235117   13.996230   0.090850
1878.244657   14.016670   0.091570
1878.254352   14.075790   0.102320
1878.263984   13.985420   0.106590
1878.273770   14.054190   0.115510
1878.283405   13.990900   0.115090
1878.293079   14.008730   0.110130
1878.342049   13.987710   0.067800
1878.351898   14.053810   0.115720
1878.361666   14.072230   0.112570
1878.371492   14.069540   0.117340
1878.380899   14.019360   0.065000
1878.390611   14.026720   0.094340
1878.400035   14.104660   0.117170
1878.409523   14.040420   0.114490
1878.419250   13.969100   0.064900
1878.439887   14.141620   0.070100
1878.448555   14.044590   0.096400
1878.452064   14.045470   0.065900
1878.457287   14.151600   0.101420
1878.459016   14.156860   0.104830
1878.462989   13.962700   0.151610
1878.523979   14.046590   0.106560
1878.533227   13.989050   0.071500
1878.542754   14.048710   0.103980
1878.552323   14.094940   0.074700
1878.907039   14.074010   0.065100
1878.917827   13.989840   0.064900
1878.928636   14.085870   0.118220
1878.939490   14.043840   0.110120
1878.950209   14.035980   0.095220
1878.960985   14.109370   0.094400
1878.971663   14.047750   0.080130
1878.982256   14.062270   0.083110
1878.992862   14.075750   0.083330
1879.003349   14.038180   0.087180
1879.014056   14.065350   0.092680
1879.024781   14.073300   0.085900
1879.035403   14.060400   0.102370
1879.046338   14.098530   0.106250
1879.056998   14.009830   0.100290
1879.067120   14.044220   0.102850
1879.077625   14.051880   0.103730
1879.087804   14.043030   0.106790
1879.097718   13.980640   0.121900
1879.108265   13.915660   0.102040
1879.118830   14.034410   0.073700
1879.128870   13.878970   0.072000
1879.138951   14.053630   0.107220
1879.914664   14.046600   0.091410
1879.924232   14.061080   0.088230
1879.933937   14.032210   0.079190
1879.943742   14.048120   0.066840
1879.953255   14.050780   0.056590
1879.962965   14.077910   0.051020
1879.972299   14.060460   0.049550
1879.982133   14.074170   0.055590
1879.991480   14.054900   0.058680
1880.001350   14.061670   0.059080
1880.010995   14.034770   0.067390
1880.020489   14.084530   0.070440
1880.030167   14.127610   0.072320
1880.040004   14.121650   0.073410
1880.050020   14.136570   0.071370
1880.059700   14.042310   0.070970
1880.069635   14.081760   0.071620
1880.079469   14.015490   0.071770
1880.089000   14.075980   0.071400
1880.098524   14.083160   0.079830
1880.108072   14.085730   0.083130
1880.117530   14.059760   0.070670
1880.200091   14.116710   0.088520
1880.209735   14.152150   0.094530
1880.219431   14.016070   0.086200
1880.229324   14.036750   0.076650
1880.238989   14.111100   0.081670
1880.267686   14.008820   0.080450
1880.277275   14.051760   0.086330
1880.286928   14.051680   0.094960
1880.306613   14.068660   0.084680
1880.369120   14.060140   0.083510
1880.967707   14.068350   0.089070
1880.977730   14.099150   0.083630
1880.987626   14.017920   0.071540
1880.997175   14.038430   0.071460
1881.007352   14.036510   0.072020
1881.017262   14.028950   0.070730
1881.027023   14.024710   0.074330
1881.036583   14.060270   0.078920
1881.046307   14.044550   0.075350
1881.055914   14.051200   0.079340
1881.065565   14.056950   0.076680
1881.075352   14.063220   0.083480
1881.085120   13.983710   0.075680
1881.094964   13.999430   0.075000
1881.104801   14.062850   0.074100
1881.114937   14.069880   0.083610
1881.124474   14.072930   0.087090
1881.134326   14.006070   0.083830
1881.143810   14.040920   0.073160
1881.153419   14.088970   0.092670
1881.163015   13.988230   0.082560
1881.171357   14.013510   0.077040
1881.180981   13.974330   0.077020
1881.190627   14.080500   0.066970
1881.200550   14.028740   0.071410
1881.210473   14.002900   0.075820
1881.220305   14.022020   0.082740
1881.230199   13.994470   0.082270
1881.239668   14.007200   0.085920
1881.249328   14.050340   0.086320
1881.258917   14.088630   0.084080
1881.268352   14.062560   0.086490
1881.278189   14.086410   0.088820
1881.288137   14.047640   0.087090
1881.297680   14.013890   0.085700
1881.307337   14.011810   0.090260
1881.317394   13.986310   0.092900
1881.327336   14.122250   0.104490
1881.337373   14.082380   0.101670
1881.347129   14.055300   0.101410
1881.357110   14.045300   0.101570
1881.366722   14.029370   0.101860
1881.376276   13.991850   0.101810
1881.386104   13.890620   0.099070
1881.395996   13.983870   0.108410
1881.405772   14.031620   0.110690
1881.414838   14.123370   0.113560
1881.422098   14.010470   0.109940
1881.428287   14.015930   0.113540
1881.433496   14.095860   0.115360
1881.437835   14.101010   0.115720
1881.441542   14.107840   0.117870
1881.445078   14.013620   0.116160
1881.447777   14.038390   0.118080
1881.449464   14.048560   0.095330
1881.451276   14.041640   0.118530
1881.453055   14.001460   0.118140
1881.455245   14.131660   0.176710
1881.512259   14.124270   0.130660
1881.589860   13.965710   0.074500
1881.874721   14.143320   0.068600
1881.884546   14.105390   0.108400
1881.894462   14.089800   0.100770
1881.904494   14.069350   0.090460
1881.914271   14.070620   0.090390
1881.923884   14.109260   0.088740
1881.933466   14.108510   0.081590
1881.943231   14.081870   0.083080
1881.952875   14.030910   0.101860
1881.962633   14.023600   0.103580
1881.972149   14.132560   0.118080
1881.982098   14.083680   0.116540
1882.021627   13.981640   0.066500
1882.041171   14.122270   0.067200
1882.051198   13.989570   0.111850
1882.060948   13.967630   0.088110
1882.080330   14.075080   0.100840
1882.131558   14.105550   0.115530
1882.150540   14.047620   0.118500
1882.159966   13.879520   0.058000
1883.093660   14.066230   0.101040
1883.122314   14.051460   0.090400
1883.131900   14.078140   0.093500
1883.141295   14.036180   0.099110
1883.150882   14.059800   0.107490
1883.160375   13.998860   0.091140
1883.179271   14.126560   0.106220
1883.188727   14.108740   0.107240
1883.198328   14.035400   0.089220
1883.207904   14.154340   0.097130
1883.236134   14.065560   0.093200
1883.245713   14.055970   0.086580
1883.274780   13.907290   0.064400
1884.099534   14.013580   0.053140
1884.109140   13.970530   0.051210
1884.118686   14.051970   0.067970
1884.128292   14.081230   0.072570
1884.137551   14.013680   0.059730
1884.147279   14.055930   0.071980
1884.156774   13.995760   0.071530
1884.166197   14.110560   0.075730
1884.175960   14.090780   0.087180
1884.185414   14.111650   0.075780
1884.194977   14.054740   0.063700
1884.204574   14.057550   0.069690
1884.214174   14.067600   0.059420
1884.223839   14.045050   0.066870
1884.233272   14.106240   0.092760
1884.242628   14.055910   0.057860
1884.252195   14.050460   0.057050
1884.261682   13.999190   0.055450
1884.271201   14.037430   0.056310
1884.280876   14.081970   0.062970
1884.290846   14.076890   0.067910
1884.300573   14.034330   0.074950
1884.310420   14.065880   0.089730
1884.320206   14.072840   0.071540
1884.330156   14.040050   0.071090
1884.340081   14.048050   0.081820
1884.350052   14.059730   0.083050
1884.360119   14.041620   0.070790
1884.370060   14.018690   0.070850
1884.379738   14.004980   0.076800
1884.389528   14.022670   0.061170
1884.399065   14.074530   0.064320
1884.406881   14.090740   0.074090
1884.413865   14.074550   0.087400
1884.420368   14.096740   0.084490
1884.425635   14.075370   0.068040
1884.430150   14.057450   0.061900
1884.433678   14.089950   0.072060
1884.437202   14.049800   0.065140
1884.439908   14.088270   0.074730
1884.441669   14.133420   0.073910
1884.443407   14.039140   0.068170
1884.445186   14.050890   0.065360
1884.446926   14.079830   0.081710
1884.503638   14.042020   0.062960
1884.513187   14.100390   0.075580
1884.522993   14.023740   0.062370
1884.532900   14.050650   0.057640
1884.542819   14.125030   0.069760
1884.552782   14.082090   0.035900
1884.562458   14.049190   0.046980
1884.581820   14.075740   0.049850
1884.591479   14.111930   0.065520
1884.925737   14.030890   0.092770
1885.003494   14.068440   0.072100
1885.278871   14.022750   0.079840
1885.298475   13.920820   0.055900
1885.308250   14.076640   0.106240
1885.318240   13.868760   0.058800
1886.072366   14.100590   0.050470
1886.082057   14.025970   0.055080
1886.091456   14.053340   0.056190
1886.101064   14.073010   0.059010
1886.110701   14.036560   0.056700
1886.120214   14.019000   0.057640
1886.129544   14.002520   0.058970
1886.138882   14.052840   0.061350
1886.148233   14.016740   0.063630
1886.157943   14.051920   0.065030
1886.167550   13.999650   0.074940
1886.177101   14.014060   0.070690
1886.186997   14.016780   0.074620
1886.196609   14.062620   0.080760
1886.206153   13.996910   0.083300
1886.215757   14.076200   0.095240
1886.225422   14.104270   0.096170
1886.234829   14.110100   0.116190
1886.244630   13.972490   0.104450
1886.254426   14.069980   0.086740
1886.263771   14.092140   0.074140
1886.273578   14.072090   0.117950
1886.283270   14.030630   0.071190
1886.293134   14.047660   0.074620
1886.303115   14.059920   0.086630
1886.312914   14.054230   0.077400
1886.322818   14.145570   0.082520
1886.332859   14.067680   0.081900
1886.342543   14.019860   0.077400
1886.352534   14.019270   0.078120
1886.362281   14.095890   0.087790
1886.372003   14.049870   0.091150
1886.381496   14.052790   0.090800
1886.391198   13.926920   0.090050
1886.399994   14.072390   0.095440
1886.408171   14.061080   0.106180
1886.419581   14.126150   0.122040
1886.423873   14.012250   0.105510
1886.427459   14.060860   0.110280
1886.431086   14.048080   0.108870
1886.433671   14.052980   0.090330
1886.435617   14.083220   0.092420
1886.437293   14.053640   0.110580
1886.439058   14.110040   0.112870
