1863.169882   13.573650   0.049020
1863.179028   13.564680   0.054940
1863.188111   13.558710   0.055630
1863.197263   13.580320   0.056510
1863.206453   13.551480   0.053770
1863.215516   13.575210   0.064260
1863.224486   13.576720   0.061860
1863.233708   13.580560   0.070090
1863.243026   13.578920   0.066830
1863.252052   13.575810   0.058740
1863.260978   13.588540   0.056610
1863.270074   13.548820   0.067740
1863.279229   13.595810   0.060430
1863.288341   13.572800   0.054950
1863.297662   13.550680   0.048800
1863.306748   13.584310   0.059980
1863.315898   13.562420   0.060600
1863.325261   13.575580   0.056490
1863.334632   13.580700   0.062660
1863.344416   13.554340   0.059800
1863.353962   13.580970   0.056610
1863.363511   13.551620   0.049900
1863.372640   13.550590   0.046370
1863.381795   13.550470   0.045380
1863.391577   13.589390   0.048670
1863.400670   13.544720   0.055540
1863.410157   13.610270   0.054320
1863.419415   13.567510   0.056590
1863.428728   13.570780   0.059300
1863.438171   13.558740   0.061570
1863.447725   13.528580   0.066690
1863.457038   13.571900   0.081020
1863.464667   13.529000   0.089640
1863.471563   13.556000   0.095190
1863.477686   13.525890   0.094280
1863.482900   13.598250   0.093090
1863.487037   13.623790   0.093840
1863.490505   13.578980   0.099630
1863.494064   13.615650   0.090070
1863.496621   13.522610   0.102030
1863.498272   13.575410   0.095000
1863.500087   13.536180   0.105500
1863.501889   13.628120   0.096470
1863.503937   13.576210   0.148080
1864.122118   13.566540   0.038170
1864.131216   13.563680   0.052190
1864.140349   13.579880   0.044750
1864.149328   13.576760   0.048440
1864.158727   13.567240   0.043260
1864.168077   13.551630   0.054560
1864.177441   13.564720   0.050710
1864.186471   13.554270   0.041460
1864.195786   13.570270   0.052820
1864.204761   13.570480   0.048340
1864.213956   13.563870   0.043950
1864.223275   13.574250   0.042580
1864.232312   13.560960   0.052320
1864.241734   13.589670   0.050460
1864.250994   13.572290   0.043130
1864.260292   13.550790   0.051210
1864.269452   13.577050   0.044940
1864.278712   13.587710   0.057240
1864.288040   13.561040   0.054290
1864.297228   13.561650   0.050010
1864.306786   13.555330   0.053690
1864.315982   13.545550   0.055860
1864.325240   13.590180   0.053210
1864.334830   13.595710   0.054040
1864.344223   13.577230   0.073540
1864.353629   13.586970   0.073680
1864.362884   13.574530   0.073590
1864.372284   13.577770   0.087970
1864.381718   13.633170   0.078260
1864.391386   13.548230   0.067650
1864.401175   13.545590   0.079870
1864.410777   13.616930   0.077970
1864.420158   13.572820   0.078830
1864.429378   13.559210   0.087310
1864.438639   13.575540   0.092650
1864.448098   13.611730   0.114170
1864.457409   13.567920   0.122170
1864.465120   13.587260   0.115810
1864.472313   13.571190   0.123630
1865.081649   13.605870   0.063910
1865.090914   13.575640   0.063750
1865.103000   13.581520   0.064600
1865.112265   13.592520   0.061210
1865.121493   13.534030   0.074240
1865.180915   13.566740   0.041460
1865.189934   13.570280   0.031670
1865.199137   13.575170   0.041010
1865.208040   13.545590   0.032180
1865.217207   13.556440   0.050200
1865.226382   13.573080   0.048490
1865.235932   13.543570   0.050030
1865.245886   13.606930   0.054180
1865.255783   13.564140   0.052050
1865.265750   13.554610   0.068570
1865.275774   13.527430   0.058920
1865.285892   13.551330   0.053370
1865.295973   13.584230   0.057750
1865.306185   13.589770   0.057360
1865.316145   13.545680   0.054980
1865.326150   13.576950   0.061660
1865.336276   13.643810   0.069230
1865.346577   13.548380   0.062360
1865.356675   13.554210   0.059440
1865.366659   13.557230   0.068150
1865.376904   13.577720   0.067670
1865.387088   13.576520   0.072450
1865.397153   13.552450   0.074930
1865.407149   13.546180   0.069470
1865.417333   13.567850   0.064800
1865.427630   13.581490   0.071420
1865.437669   13.539320   0.066180
1865.448171   13.617820   0.090570
1865.457324   13.609140   0.094890
1865.465615   13.603720   0.103510
1865.471988   13.649880   0.121360
1865.482335   13.637960   0.122990
1865.489785   13.550930   0.115050
1865.492667   13.638350   0.120800
1865.494427   13.700570   0.119620
1865.496283   13.585090   0.104410
1865.498459   13.555730   0.154190
1866.165339   13.558070   0.034760
1866.174723   13.556810   0.034720
1866.184057   13.563600   0.034820
1866.193410   13.581090   0.035450
1866.202706   13.555990   0.038490
1866.212035   13.579720   0.037130
1866.221409   13.579690   0.038160
1866.230791   13.568760   0.036900
1866.240551   13.555220   0.038140
1866.250004   13.576100   0.037250
1866.259354   13.561980   0.038340
1867.193045   13.561620   0.025290
1867.202355   13.574090   0.027270
1867.211516   13.564680   0.026620
1867.220585   13.562890   0.028700
1867.230131   13.579950   0.029690
1867.239707   13.553870   0.029050
1867.249230   13.549300   0.027950
1867.258785   13.549850   0.028130
1867.268385   13.560900   0.030200
1867.277702   13.554700   0.030210
1867.287153   13.561950   0.029960
1867.296854   13.569290   0.032410
1867.306121   13.561030   0.032280
1867.315500   13.579060   0.033110
1867.325094   13.568360   0.034200
1867.334502   13.578020   0.036150
1867.344482   13.535680   0.035510
1867.354030   13.549010   0.036100
1867.363492   13.588990   0.040320
1867.372735   13.569340   0.039380
1867.382212   13.546540   0.038580
1867.391671   13.582720   0.042640
1867.401392   13.575100   0.040790
1867.410805   13.560030   0.039110
1867.420288   13.560620   0.048560
1867.429722   13.571610   0.051220
1867.439192   13.602800   0.049580
1867.448574   13.589620   0.054220
1867.456168   13.604370   0.047610
1867.463320   13.557130   0.047250
1867.469421   13.576370   0.047760
1867.473939   13.578480   0.039350
1867.478291   13.567990   0.038500
1867.481655   13.578950   0.037310
1867.484335   13.567390   0.041690
1867.486951   13.565590   0.038970
1867.488639   13.585830   0.041610
1867.490315   13.583480   0.043940
1867.492002   13.576180   0.039670
1867.493724   13.580610   0.040950
1868.197661   13.548850   0.047380
1868.207123   13.576280   0.050200
1868.216495   13.602590   0.067230
1868.225986   13.560880   0.060490
1868.235811   13.535350   0.069710
1868.245580   13.593320   0.066040
1868.255259   13.534820   0.069180
1868.264815   13.565910   0.066980
1868.274279   13.621820   0.068370
1868.283929   13.555500   0.067410
1868.293537   13.561580   0.100030
1868.303104   13.583980   0.110540
1868.312574   13.586580   0.107250
1868.322548   13.568320   0.076680
1868.332083   13.594170   0.073460
1868.341800   13.545950   0.076350
1868.351466   13.539880   0.093480
1868.360837   13.564530   0.098670
1868.370659   13.510110   0.092710
1868.380417   13.537340   0.091670
1868.390367   13.603220   0.092180
1868.399668   13.570180   0.090950
1868.409622   13.606810   0.090240
1868.419023   13.563950   0.090670
1868.428372   13.580390   0.090310
1868.437691   13.581510   0.094450
1868.446987   13.598600   0.089120
1868.454949   13.542400   0.094720
1868.461066   13.543250   0.090110
1868.467151   13.543250   0.101430
1868.471440   13.538720   0.108800
1868.475710   13.633010   0.118890
1868.479187   13.524710   0.115050
1868.481793   13.606960   0.120160
1868.484421   13.592020   0.119840
1868.486154   13.540310   0.106680
1868.487874   13.582300   0.104030
1868.489584   13.653460   0.122670
1868.491280   13.560550   0.117610
1869.239644   13.505040   0.101360
1869.249181   13.554630   0.074700
1870.219778   13.575720   0.030900
1870.229270   13.592970   0.031820
1870.238762   13.590790   0.035510
1870.248135   13.554790   0.034310
1870.257691   13.578520   0.036950
1870.267266   13.565450   0.035940
1870.276950   13.560180   0.035580
1870.286498   13.576090   0.037830
1870.295849   13.565420   0.035350
1870.305565   13.589640   0.037020
1870.315197   13.567030   0.041400
1870.325274   13.548710   0.043610
1870.335174   13.545390   0.041690
1870.344892   13.567380   0.042450
1870.354573   13.582960   0.051560
1870.364104   13.554620   0.065760
1870.373603   13.576240   0.064560
1870.383600   13.518650   0.072820
1870.393243   13.572010   0.093760
1870.402820   13.549390   0.122700
1870.412418   13.563720   0.115330
1870.421719   13.536790   0.110740
1870.431056   13.641050   0.118070
1870.440608   13.534710   0.099890
1870.448993   13.619080   0.090460
1870.456179   13.620330   0.082780
1870.461756   13.625850   0.108150
1870.466593   13.642020   0.124030
1870.470290   13.573880   0.102990
1870.474034   13.631900   0.125510
1870.476825   13.510260   0.077200
1870.478569   13.527900   0.126870
1870.480341   13.667210   0.126890
1870.482097   13.630590   0.123190
1870.483991   13.521140   0.074800
1870.485602   13.558900   0.102120
1871.136689   13.563690   0.039850
1871.146179   13.589210   0.036800
1871.155384   13.583770   0.035850
1871.164955   13.549930   0.041650
1871.174269   13.544710   0.040010
1871.183469   13.596610   0.043310
1871.192872   13.569390   0.040250
1871.202392   13.580870   0.042670
1871.211865   13.530730   0.050250
1871.221273   13.567840   0.050630
1871.230922   13.576830   0.042230
1871.240394   13.582620   0.042440
1871.250018   13.570200   0.045570
1871.259511   13.574160   0.042600
1871.269122   13.572980   0.041110
1871.278903   13.573440   0.044340
1871.288648   13.568740   0.047290
1871.298226   13.577160   0.045330
1871.307789   13.595540   0.048820
1871.317562   13.587030   0.047990
1871.327342   13.532660   0.052610
1871.337079   13.564780   0.057460
1871.346725   13.531960   0.058610
1871.356495   13.552880   0.052910
1871.366277   13.590490   0.058860
1871.375944   13.549000   0.058550
1871.385808   13.580480   0.068820
1871.395399   13.537280   0.071230
1871.404882   13.578210   0.086810
1871.414342   13.537630   0.074950
1871.423744   13.585490   0.076760
1871.433495   13.572080   0.073800
1871.442405   13.521150   0.071430
1871.449670   13.597220   0.068680
1871.455742   13.589530   0.074230
1871.461191   13.581360   0.082070
1871.465968   13.553360   0.075180
1871.469461   13.565360   0.074980
1871.472994   13.525710   0.077420
1871.476070   13.573730   0.072770
1871.477819   13.581460   0.073950
1871.479709   13.583680   0.070130
1871.481438   13.555680   0.067920
1871.550420   13.552050   0.087540
1871.559908   13.583810   0.080600
1871.569340   13.632340   0.086710
1871.578835   13.552550   0.092440
1871.588334   13.623360   0.105040
1871.597765   13.616990   0.130900
1872.324463   13.573070   0.044230
1872.334315   13.569540   0.044640
1872.344041   13.566010   0.046540
1872.353623   13.565250   0.044400
1872.363427   13.559530   0.043590
1872.373279   13.549780   0.041360
1872.383099   13.578630   0.042280
1872.392766   13.582700   0.042090
1872.402203   13.536780   0.043820
1872.412032   13.551720   0.045270
1872.421585   13.599730   0.046690
1872.431130   13.558690   0.049720
1872.439874   13.564630   0.050050
1872.447517   13.550530   0.048330
1872.454162   13.585410   0.050460
1872.459603   13.570810   0.061150
1872.463903   13.587290   0.056570
1872.467716   13.538900   0.052310
1872.470496   13.558380   0.054690
1872.473152   13.580850   0.055330
1872.474857   13.590000   0.057460
1872.476617   13.585340   0.056120
1872.478370   13.548190   0.054760
1872.480228   13.568850   0.055430
1872.541663   13.572260   0.067440
1872.550845   13.607090   0.070870
1872.560270   13.603950   0.076160
1872.569828   13.591620   0.075370
1872.579400   13.617290   0.080500
1872.588943   13.528240   0.097660
1872.598488   13.646350   0.111000
1872.608116   13.574650   0.125180
1873.229437   13.575010   0.047360
1873.238826   13.563110   0.048590
1873.248403   13.544110   0.047890
1873.258009   13.515060   0.049820
1873.267456   13.552970   0.054910
1873.276959   13.587700   0.053880
1873.286788   13.560650   0.052840
1873.296275   13.510470   0.056290
1873.305896   13.548220   0.063160
1873.315548   13.591330   0.063990
1873.325684   13.610400   0.064740
1873.335346   13.602240   0.069990
1873.344943   13.541670   0.072350
1873.354842   13.597120   0.068770
1873.364691   13.591470   0.074870
1873.374458   13.551860   0.069350
1873.383960   13.559530   0.062150
1873.393856   13.591060   0.063240
1873.403606   13.534210   0.065930
1873.413210   13.645110   0.080320
1873.422938   13.578710   0.077710
1873.432622   13.537410   0.065940
1873.441010   13.538170   0.065770
1873.447044   13.551900   0.060600
1873.453044   13.568300   0.064140
1873.457630   13.554620   0.061100
1873.462090   13.585350   0.063300
1873.465548   13.598120   0.062250
1873.468261   13.577370   0.067330
1873.470892   13.564860   0.070230
1873.472722   13.532770   0.069310
1873.474437   13.591460   0.062450
1873.476606   13.554570   0.092940
1874.032527   13.562150   0.032930
1874.041923   13.570820   0.034430
1874.051714   13.544310   0.034130
1874.061193   13.581170   0.033670
1874.070741   13.594770   0.035690
1874.080230   13.589400   0.036670
1874.089638   13.551630   0.037360
1874.098984   13.570750   0.038350
1874.108441   13.562060   0.036510
1874.117749   13.569330   0.039670
1874.127103   13.554860   0.038980
1874.136654   13.574280   0.037380
1874.145982   13.575590   0.038280
1874.155173   13.594780   0.042220
1874.164605   13.575340   0.048410
1874.174153   13.554430   0.057100
1874.183645   13.603090   0.074660
1874.193053   13.590730   0.089710
1874.202515   13.574850   0.099880
1874.212179   13.482610   0.100300
1874.222051   13.560350   0.092030
1876.992585   13.551730   0.037360
1877.002277   13.571860   0.035980
1877.012009   13.601950   0.037710
1877.021623   13.580330   0.037140
1877.031340   13.568770   0.041650
1877.041094   13.566160   0.040250
1877.050632   13.570730   0.034630
1877.060512   13.566680   0.037260
1877.070280   13.555450   0.039610
1877.080037   13.540590   0.038120
1877.089835   13.574910   0.037250
1877.099542   13.563330   0.042100
1877.109324   13.588410   0.047960
1877.119234   13.540600   0.046370
1877.128562   13.574310   0.043880
1877.137988   13.546800   0.043550
1877.147449   13.617130   0.052820
1877.157081   13.554250   0.047110
1877.166514   13.556340   0.044490
1877.175811   13.598340   0.043840
1877.185180   13.587120   0.048470
1877.194638   13.560320   0.045570
1877.204359   13.601980   0.045530
1877.213829   13.540130   0.041580
1877.223290   13.590600   0.043100
1877.232928   13.575390   0.042050
1877.242583   13.581530   0.050370
1877.252102   13.616290   0.048680
1877.261424   13.571210   0.049960
1877.271317   13.598530   0.045840
1877.280810   13.576400   0.040590
1877.290913   13.547760   0.045760
1877.300784   13.551590   0.053770
1877.310552   13.549410   0.043190
1877.320329   13.580470   0.055610
1877.330019   13.561920   0.045870
1877.339609   13.569110   0.041940
1877.349339   13.567400   0.047120
1877.359563   13.548750   0.039660
1877.369289   13.562290   0.048310
1877.379166   13.614170   0.044460
1877.389199   13.561150   0.049920
1877.398748   13.566650   0.060140
1877.408188   13.533630   0.057150
1877.417610   13.580340   0.051940
1877.426444   13.592710   0.045840
1877.433416   13.581960   0.050100
1877.439426   13.526070   0.055720
1877.444578   13.551760   0.053650
1877.449101   13.566980   0.046080
1877.452622   13.591810   0.061260
1877.456119   13.575870   0.048040
1877.458826   13.560170   0.047600
1877.460660   13.549300   0.049040
1877.462441   13.557370   0.048150
1877.464144   13.582290   0.050120
1877.465872   13.603100   0.055150
1877.528546   13.590150   0.061350
1877.538164   13.580130   0.062820
1877.547759   13.554650   0.063830
1877.557433   13.545190   0.066730
1877.566991   13.557110   0.068850
1877.956588   13.570960   0.061780
1877.966360   13.569900   0.052770
1877.975795   13.572200   0.038740
1877.985575   13.569890   0.035980
1877.995071   13.580150   0.032620
1878.004964   13.573200   0.033090
1878.014335   13.595060   0.035450
1878.023915   13.603430   0.029790
1878.033403   13.567760   0.032680
1878.042881   13.574240   0.031590
1878.052477   13.554840   0.037140
1878.062202   13.582290   0.035860
1878.072038   13.570360   0.036670
1878.081838   13.563650   0.038570
1878.091595   13.566080   0.034990
1878.101204   13.585130   0.035510
1878.111056   13.575220   0.036430
1878.120475   13.574660   0.037360
1878.129972   13.614220   0.042520
1878.139452   13.575830   0.046080
1878.148981   13.557520   0.080230
1878.158293   13.562970   0.072360
1878.167692   13.589620   0.040530
1878.177309   13.576040   0.040020
1878.186872   13.565900   0.053160
1878.196273   13.563450   0.051940
1878.206054   13.602410   0.058900
1878.215833   13.570230   0.068130
1878.225557   13.566800   0.066300
1878.235117   13.579140   0.050130
1878.244657   13.579620   0.054220
1878.254352   13.572860   0.059890
1878.263984   13.560620   0.066520
1878.273770   13.568260   0.060890
1878.283405   13.538640   0.069770
1878.293079   13.574500   0.067600
1878.302887   13.583860   0.085670
1878.312828   13.578850   0.091040
1878.322431   13.586650   0.085050
1878.332111   13.629080   0.091940
1878.342126   13.530400   0.064250
1878.351898   13.550710   0.068130
1878.361666   13.600380   0.069350
1878.371492   13.597580   0.069890
1878.381052   13.585070   0.079250
1878.390611   13.636710   0.059560
1878.400035   13.631360   0.074320
1878.409523   13.530100   0.066520
1878.419250   13.537390   0.079100
1878.427139   13.579130   0.081160
1878.434256   13.569870   0.070630
1878.439734   13.588570   0.085390
1878.444205   13.562370   0.064420
1878.448555   13.522100   0.067670
1878.452064   13.543880   0.083930
1878.454721   13.600730   0.078770
1878.457364   13.594180   0.082580
1878.459093   13.571360   0.073520
1878.460943   13.571840   0.082260
1878.463071   13.575230   0.109090
1878.523903   13.595930   0.086630
1878.533380   13.542890   0.079870
1878.542754   13.661440   0.081890
1878.552323   13.585450   0.089240
1878.561961   13.613920   0.091300
1878.571685   13.654740   0.078800
1878.581234   13.595120   0.103540
1878.590773   13.556820   0.131790
1878.885725   13.513180   0.111070
1878.896259   13.573060   0.096360
1878.907039   13.583140   0.090950
1878.917827   13.535150   0.080900
1878.928636   13.537720   0.085480
1878.939490   13.549660   0.071710
1878.950209   13.551460   0.062440
1878.960985   13.574390   0.056370
1878.971663   13.546350   0.051510
1878.982256   13.534330   0.048560
1878.992862   13.558380   0.051270
1879.003349   13.553880   0.052380
1879.014056   13.566490   0.051830
1879.024781   13.561150   0.054950
1879.035403   13.542490   0.057810
1879.046338   13.554060   0.057560
1879.056998   13.543790   0.060340
1879.067120   13.586400   0.066680
1879.077625   13.597170   0.062160
1879.087804   13.623120   0.062310
1879.097718   13.542340   0.070180
1879.108265   13.568010   0.075430
1879.118677   13.581220   0.086820
1879.128946   13.583550   0.064200
1879.138951   13.570260   0.072900
1879.148948   13.588290   0.090090
1879.158753   13.626610   0.091330
1879.168681   13.533830   0.089420
1879.178653   13.585160   0.098640
1879.188532   13.605200   0.098820
1879.198658   13.549220   0.098890
1879.208980   13.547490   0.100650
1879.219105   13.589050   0.101860
1879.229198   13.527430   0.099030
1879.239692   13.596710   0.102830
1879.249885   13.578330   0.097430
1879.259988   13.536000   0.092740
1879.270136   13.603420   0.095070
1879.279998   13.604350   0.078790
1879.290256   13.624120   0.093120
1879.300321   13.572330   0.091700
1879.310604   13.502080   0.093310
1879.321132   13.594770   0.090430
1879.331398   13.538070   0.089680
1879.341711   13.489320   0.093630
1879.352168   13.525710   0.093940
1879.362239   13.580360   0.095350
1879.372581   13.601650   0.097750
1879.383093   13.596170   0.052500
1879.393142   13.532460   0.093690
1879.403333   13.561040   0.104410
1879.413718   13.617270   0.111060
1879.422210   13.551790   0.110810
1879.430290   13.550160   0.110240
1879.436891   13.590290   0.117910
1879.441492   13.529270   0.110720
1879.445571   13.609740   0.121320
1879.449457   13.550660   0.118880
1879.452342   13.560700   0.099640
1879.454194   13.515310   0.121360
1879.456055   13.540770   0.102810
1879.457932   13.613890   0.124320
1879.460376   13.500460   0.158710
1879.895153   13.642150   0.091410
1879.904711   13.636340   0.089010
1879.914664   13.602280   0.071520
1879.924232   13.564920   0.058850
1879.933937   13.560050   0.048870
1879.943742   13.545580   0.042980
1879.953255   13.567600   0.038180
1879.962965   13.565300   0.033950
1879.972299   13.568360   0.033380
1879.982133   13.549320   0.034580
1879.991480   13.569460   0.037820
1880.001350   13.589740   0.038570
1880.010995   13.564530   0.040560
1880.020489   13.547240   0.042830
1880.030167   13.557960   0.045100
1880.040004   13.575600   0.043560
1880.050020   13.576270   0.042230
1880.059700   13.563180   0.044260
1880.069635   13.557070   0.045790
1880.079469   13.560680   0.047650
1880.089000   13.556780   0.045160
1880.098524   13.587660   0.047620
1880.108072   13.554360   0.053370
1880.117530   13.612770   0.046230
1880.127140   13.577860   0.045520
1880.200091   13.571360   0.054980
1880.209735   13.638630   0.060130
1880.219431   13.576690   0.056330
1880.229324   13.545960   0.049550
1880.238989   13.560440   0.049990
1880.248836   13.578920   0.045810
1880.258298   13.611470   0.048430
1880.267686   13.596220   0.051620
1880.277275   13.581780   0.054190
1880.286928   13.565850   0.062500
1880.306613   13.550420   0.050410
1880.369120   13.582390   0.048470
1880.967707   13.613520   0.057600
1880.977730   13.607880   0.057810
1880.987626   13.559080   0.045660
1880.997175   13.554910   0.043610
1881.007352   13.555620   0.044750
1881.017262   13.569610   0.047750
1881.027023   13.560970   0.049090
1881.036583   13.564290   0.047750
1881.046307   13.561670   0.049610
1881.055914   13.629580   0.059420
1881.065565   13.595400   0.056550
1881.075352   13.536020   0.058320
1881.085120   13.579790   0.054160
1881.094964   13.573340   0.052860
1881.104801   13.547850   0.043880
1881.114937   13.601370   0.064030
1881.124474   13.559750   0.055720
1881.134326   13.602120   0.060430
1881.143810   13.556360   0.042330
1881.153419   13.575140   0.060740
1881.163015   13.557520   0.053360
1881.171357   13.575840   0.043270
1881.180981   13.588640   0.049630
1881.190627   13.577970   0.038640
1881.200550   13.585140   0.041800
1881.210473   13.569730   0.049140
1881.220305   13.564990   0.049900
1881.230199   13.578780   0.048390
1881.239668   13.595480   0.050840
1881.249328   13.579120   0.048790
1881.258917   13.585960   0.050620
1881.268352   13.574080   0.054680
1881.278189   13.553710   0.050200
1881.288137   13.578920   0.051760
1881.297680   13.582270   0.054040
1881.307337   13.607620   0.055350
1881.317394   13.552780   0.055670
1881.327336   13.559180   0.056470
1881.337373   13.575410   0.060740
1881.347129   13.564630   0.058240
1881.357110   13.549680   0.057890
1881.366722   13.619080   0.057910
1881.376276   13.644500   0.062280
1881.386104   13.568640   0.066370
1881.395996   13.619530   0.071280
1881.405772   13.577250   0.067260
1881.414838   13.533770   0.069170
1881.422098   13.537120   0.065280
1881.428287   13.552950   0.068830
1881.433496   13.531490   0.067040
1881.437835   13.562920   0.067580
1881.441542   13.545000   0.074540
1881.445078   13.565660   0.074130
1881.447777   13.600500   0.073800
1881.449541   13.625570   0.077910
1881.451276   13.540680   0.072710
1881.453055   13.569460   0.077190
1881.455245   13.562700   0.099330
1881.512259   13.560640   0.071430
1881.522032   13.554400   0.077360
1881.531584   13.567710   0.080500
1881.541053   13.604300   0.078300
1881.550943   13.531190   0.078130
1881.560601   13.595900   0.089990
1881.570473   13.555980   0.080330
1881.580253   13.565780   0.095700
1881.589860   13.526040   0.083490
1881.599577   13.555180   0.099030
1881.609472   13.510640   0.090490
1881.619114   13.494310   0.102330
1881.628942   13.577590   0.118390
1881.638590   13.580140   0.125820
1881.648351   13.518580   0.136730
1881.845731   13.657970   0.124270
1881.855252   13.551280   0.097770
1881.864967   13.577170   0.091050
1881.874874   13.564610   0.078050
1881.884546   13.582200   0.070070
1881.894462   13.555390   0.063840
1881.904494   13.547330   0.054060
1881.914271   13.561290   0.048920
1881.923884   13.574540   0.056300
1881.933466   13.553050   0.048870
1881.943231   13.592610   0.048420
1881.952875   13.602800   0.064340
1881.962633   13.590820   0.065200
1881.972149   13.523640   0.076120
1881.982098   13.652790   0.073260
1881.992169   13.551770   0.099780
1882.001889   13.609310   0.110280
1882.011594   13.568680   0.111450
1882.021627   13.576270   0.089370
1882.031644   13.569410   0.100110
1882.041324   13.551920   0.096220
1882.051198   13.564900   0.087940
1882.060871   13.542810   0.088800
1882.080330   13.621920   0.068240
1882.090096   13.555720   0.125020
1882.109365   13.592160   0.115760
1882.121972   13.510120   0.092870
1882.131558   13.628080   0.080810
1882.141120   13.548860   0.114150
1882.150540   13.536950   0.082830
1882.160119   13.587050   0.086860
1882.169652   13.626470   0.091030
1882.179008   13.567240   0.086980
1882.188466   13.575120   0.099100
1882.198063   13.525070   0.107180
1882.227231   13.520970   0.116240
1882.236992   13.597250   0.070600
1882.295514   13.492400   0.075000
1882.325185   13.604260   0.078200
1882.334963   13.525160   0.095970
1882.364587   13.621060   0.103030
1882.374737   13.539910   0.129000
1883.093660   13.579700   0.066990
1883.103290   13.561460   0.070770
1883.112818   13.581290   0.070340
1883.122237   13.532290   0.081930
1883.131900   13.520980   0.066350
1883.141295   13.603410   0.074940
1883.150882   13.586180   0.080480
1883.160374   13.595900   0.087250
1883.169871   13.630910   0.092190
1883.179271   13.626570   0.073260
1883.188727   13.559200   0.072130
1883.198404   13.570380   0.085250
1883.207904   13.556950   0.082790
1883.217549   13.503460   0.084020
1883.226897   13.609160   0.090720
1883.236210   13.560060   0.089530
1883.245790   13.623620   0.087900
1883.255334   13.490600   0.088820
1883.265175   13.552770   0.092030
1883.274780   13.521390   0.089440
1883.284772   13.675450   0.091160
1883.294470   13.582580   0.094560
1883.304305   13.523900   0.110010
1883.323720   13.524900   0.110280
1883.333437   13.594630   0.105340
1883.343435   13.625830   0.113230
1883.353548   13.579760   0.116110
1883.363493   13.610350   0.102560
1883.373027   13.510920   0.101010
1883.382657   13.494730   0.108620
1883.392439   13.555610   0.103900
1883.402040   13.546840   0.106620
1883.410061   13.544690   0.112170
1883.417485   13.561090   0.114500
1883.423677   13.512310   0.102970
1883.428949   13.655710   0.115920
1883.433223   13.592490   0.096770
1883.436812   13.558840   0.110600
1883.440325   13.592150   0.116280
1883.443180   13.587780   0.116290
1883.444926   13.576580   0.115090
1883.446707   13.583580   0.104670
1883.448508   13.512530   0.108470
1883.507335   13.613330   0.118070
1883.517022   13.601180   0.118830
1883.526655   13.550430   0.126630
1883.536155   13.493970   0.101330
1883.564898   13.651460   0.079800
1883.574455   13.652990   0.076700
1883.584302   13.483800   0.127620
1883.593915   13.631250   0.122020
1884.099534   13.576370   0.034830
1884.109140   13.573930   0.034060
1884.118686   13.578030   0.042960
1884.128292   13.553670   0.051290
1884.137551   13.573230   0.038170
1884.147279   13.524340   0.042860
1884.156774   13.558760   0.047350
1884.166197   13.577390   0.052480
1884.175960   13.558960   0.054240
1884.185414   13.548100   0.048680
1884.194977   13.589340   0.040540
1884.204574   13.585790   0.042970
1884.214174   13.601030   0.038640
1884.223839   13.590050   0.044640
1884.233272   13.573930   0.064390
1884.242628   13.573130   0.035700
1884.252195   13.576130   0.035060
1884.261682   13.558240   0.035350
1884.271201   13.577380   0.034360
1884.280876   13.597940   0.037650
1884.290846   13.589800   0.041890
1884.300573   13.578510   0.046860
1884.310420   13.589430   0.069060
1884.320206   13.558380   0.043430
1884.330156   13.589670   0.042740
1884.340081   13.533760   0.053020
1884.350052   13.551130   0.051980
1884.360119   13.585230   0.044530
1884.370060   13.603960   0.043880
1884.379738   13.550330   0.047560
1884.389528   13.585830   0.035800
1884.399065   13.557660   0.039690
1884.406881   13.560260   0.046840
1884.413865   13.573010   0.054920
1884.420368   13.600990   0.059350
1884.425635   13.588900   0.042920
1884.430150   13.567510   0.037770
1884.433678   13.562540   0.042860
1884.437202   13.559440   0.042320
1884.439908   13.561970   0.045620
1884.441669   13.587100   0.045570
1884.443407   13.592270   0.043250
1884.445186   13.568550   0.040560
1884.446926   13.513580   0.054740
1884.503638   13.539460   0.038940
1884.513187   13.570200   0.044760
1884.522993   13.563890   0.038580
1884.532900   13.558240   0.033220
1884.542819   13.567090   0.043310
1884.552706   13.601190   0.048570
1884.562458   13.567740   0.029680
1884.572213   13.608480   0.040600
1884.581820   13.546070   0.030770
1884.591479   13.566370   0.042740
1884.600983   13.567850   0.037490
1884.610820   13.582120   0.033600
1884.886961   13.558370   0.090800
1884.896459   13.552960   0.094370
1884.906042   13.582950   0.087900
1884.915643   13.489260   0.096830
1884.925737   13.560360   0.083290
1884.935570   13.570980   0.100000
1884.945448   13.552530   0.087240
1884.954875   13.620600   0.096140
1884.964329   13.590250   0.092450
1884.974229   13.552790   0.105670
1884.983546   13.604070   0.109360
1884.993441   13.580070   0.097520
1885.003341   13.591830   0.095250
1885.013229   13.619830   0.108540
1885.022911   13.617180   0.109670
1885.032502   13.602520   0.118370
1885.042137   13.525890   0.112850
1885.052183   13.577250   0.112910
1885.071678   13.534200   0.126310
1885.090819   13.644210   0.070800
1885.100847   13.524740   0.100760
1885.278794   13.585730   0.083820
1885.288696   13.560250   0.099840
1885.298475   13.622650   0.089740
1885.308250   13.539000   0.085800
1885.318087   13.585590   0.089240
1885.328301   13.593230   0.104010
1885.347960   13.582760   0.092840
1885.367578   13.466970   0.065500
1885.404395   13.640380   0.122390
1885.430989   13.598470   0.116240
1885.561014   13.475450   0.068900
1885.570677   13.543940   0.098680
1885.590133   13.545960   0.110370
1886.072366   13.558870   0.031540
1886.082057   13.552950   0.033210
1886.091456   13.569220   0.034010
1886.101064   13.583910   0.036130
1886.110701   13.551240   0.033560
1886.120214   13.580490   0.035010
1886.129544   13.566750   0.037650
1886.138882   13.566280   0.038390
1886.148233   13.564230   0.034810
1886.157943   13.560650   0.039330
1886.167550   13.575530   0.045740
1886.177101   13.562110   0.046880
1886.186997   13.543960   0.045930
1886.196609   13.572640   0.048160
1886.206153   13.575210   0.057950
1886.215757   13.597630   0.059740
1886.225422   13.542680   0.076450
1886.234829   13.544500   0.081270
1886.244630   13.587870   0.081250
1886.254426   13.549810   0.057750
1886.263771   13.579390   0.044480
1886.273578   13.570770   0.076240
1886.283270   13.616910   0.044930
1886.293134   13.638300   0.049620
1886.303115   13.587110   0.055970
1886.312914   13.591350   0.050870
1886.322818   13.552160   0.048890
1886.332859   13.587910   0.051280
1886.342543   13.550580   0.045040
1886.352534   13.625640   0.049560
1886.362281   13.568970   0.054730
1886.372003   13.547390   0.054140
1886.381496   13.550940   0.059540
1886.391198   13.608520   0.063550
1886.399994   13.580930   0.065080
1886.408171   13.566710   0.068990
1886.414363   13.554000   0.078760
1886.419581   13.524820   0.080630
1886.423873   13.504780   0.073800
1886.427459   13.605920   0.071790
1886.431086   13.607350   0.072920
1886.433748   13.591160   0.082230
1886.435540   13.554890   0.087190
1886.437293   13.631960   0.074600
1886.439058   13.594170   0.074030
1886.441348   13.548300   0.151550
