1863.169882   13.675990   0.054220
1863.179028   13.693290   0.057910
1863.188111   13.661120   0.066730
1863.197263   13.671390   0.066170
1863.206453   13.710080   0.061170
1863.215516   13.704630   0.071350
1863.224486   13.682630   0.070030
1863.233708   13.709050   0.076860
1863.243026   13.680940   0.071850
1863.252052   13.722090   0.064110
1863.260978   13.693260   0.064090
1863.270074   13.698420   0.079680
1863.279229   13.670600   0.064130
1863.288341   13.654630   0.062620
1863.297662   13.701780   0.062310
1863.306748   13.676720   0.067920
1863.315898   13.694010   0.067710
1863.325261   13.668500   0.060570
1863.334632   13.681360   0.069670
1863.344416   13.704810   0.067460
1863.353962   13.686090   0.065910
1863.363511   13.692250   0.059260
1863.372640   13.675640   0.050230
1863.381795   13.673110   0.054520
1863.391577   13.693420   0.057510
1863.400670   13.678390   0.058330
1863.410157   13.682030   0.065740
1863.419415   13.709120   0.067800
1863.428728   13.672800   0.066820
1863.438171   13.659240   0.073730
1863.447725   13.710010   0.079140
1863.457038   13.710380   0.093720
1863.464667   13.761150   0.107770
1863.471563   13.708650   0.109670
1863.477686   13.700380   0.098210
1863.482900   13.643150   0.101230
1863.487037   13.645740   0.104110
1863.490505   13.647310   0.106910
1863.494064   13.648450   0.097740
1863.496621   13.658420   0.105870
1863.498272   13.664690   0.104410
1863.500087   13.665140   0.104590
1863.501889   13.726770   0.111670
1863.503937   13.639210   0.151290
1864.122118   13.675450   0.043020
1864.131216   13.692920   0.055340
1864.140349   13.682800   0.052040
1864.149328   13.679710   0.053300
1864.158727   13.709430   0.047580
1864.168077   13.706880   0.061130
1864.177441   13.686490   0.061580
1864.186471   13.692210   0.045460
1864.195786   13.727420   0.060620
1864.204761   13.681700   0.054470
1864.213956   13.690710   0.046650
1864.223275   13.670790   0.050520
1864.232312   13.654500   0.062650
1864.241734   13.690210   0.057340
1864.250994   13.686610   0.051110
1864.260292   13.655940   0.058390
1864.269452   13.665260   0.050150
1864.278712   13.681530   0.061880
1864.288040   13.683840   0.065230
1864.297228   13.669190   0.059200
1864.306786   13.681250   0.064560
1864.315982   13.709530   0.066120
1864.325240   13.648650   0.061720
1864.334830   13.647690   0.060570
1864.344223   13.705620   0.083670
1864.353629   13.705080   0.075230
1864.362884   13.707400   0.085230
1864.372284   13.650290   0.098770
1864.381718   13.656580   0.091150
1864.391386   13.650250   0.076340
1864.401175   13.685170   0.100450
1864.410777   13.687480   0.086260
1864.420158   13.704730   0.086270
1864.429378   13.664310   0.093490
1864.438639   13.647340   0.103530
1864.448098   13.738420   0.119270
1864.457333   13.686300   0.099360
1864.465120   13.660850   0.116060
1864.472390   13.590560   0.095900
1865.081649   13.713130   0.073920
1865.090914   13.661740   0.073390
1865.103000   13.676660   0.069140
1865.112265   13.678600   0.064530
1865.121493   13.714260   0.082910
1865.180915   13.676510   0.047290
1865.189934   13.690320   0.035520
1865.199137   13.690520   0.047980
1865.208040   13.660480   0.035510
1865.217207   13.678290   0.054080
1865.226382   13.702600   0.055160
1865.235932   13.666980   0.059540
1865.245886   13.709500   0.061810
1865.255783   13.684920   0.059940
1865.265750   13.739590   0.078770
1865.275774   13.698020   0.065110
1865.285892   13.718810   0.060790
1865.295973   13.638020   0.062710
1865.306185   13.668250   0.062720
1865.316145   13.684500   0.062580
1865.326150   13.699940   0.069270
1865.336276   13.639320   0.079970
1865.346577   13.711070   0.074610
1865.356675   13.724810   0.068850
1865.366659   13.700630   0.080730
1865.376904   13.652160   0.074920
1865.387088   13.633240   0.076480
1865.397153   13.673010   0.079860
1865.407149   13.698570   0.079790
1865.417333   13.693160   0.073680
1865.427630   13.727810   0.081530
1865.437669   13.633070   0.075440
1865.448171   13.654490   0.096120
1865.457324   13.657800   0.101050
1865.465615   13.699820   0.115420
1865.482258   13.613390   0.093770
1865.489708   13.794390   0.098220
1865.492667   13.690220   0.125010
1865.494427   13.705910   0.121050
1865.496283   13.680010   0.114250
1865.498283   13.572080   0.137040
1866.165339   13.691900   0.038240
1866.174723   13.663190   0.039120
1866.184057   13.695330   0.040680
1866.193410   13.725810   0.041180
1866.202706   13.700350   0.043170
1866.212035   13.692490   0.042570
1866.221409   13.663300   0.043250
1866.230791   13.686570   0.041460
1866.240551   13.672280   0.043130
1866.250004   13.683760   0.042150
1866.259354   13.688220   0.044300
1867.193045   13.688860   0.028580
1867.202355   13.678560   0.029270
1867.211516   13.672620   0.029910
1867.220585   13.700360   0.032400
1867.230131   13.686980   0.033720
1867.239707   13.685930   0.031420
1867.249230   13.680430   0.030780
1867.258785   13.704970   0.032800
1867.268385   13.690670   0.033670
1867.277702   13.686340   0.033450
1867.287153   13.679030   0.034720
1867.296854   13.670940   0.034180
1867.306121   13.681100   0.035460
1867.315500   13.709330   0.035510
1867.325094   13.685110   0.038100
1867.334502   13.689870   0.037420
1867.344482   13.657480   0.039830
1867.354030   13.731930   0.041700
1867.363492   13.692820   0.048960
1867.372735   13.652370   0.041530
1867.382212   13.674050   0.043360
1867.391671   13.718500   0.047580
1867.401392   13.684850   0.047440
1867.410805   13.692250   0.043090
1867.420288   13.688990   0.055480
1867.429722   13.677050   0.062950
1867.439192   13.666670   0.056200
1867.448574   13.694480   0.059940
1867.456168   13.652680   0.052840
1867.463320   13.674600   0.057730
1867.469421   13.677000   0.054580
1867.473939   13.669600   0.045850
1867.478291   13.699330   0.041340
1867.481655   13.680370   0.042730
1867.484335   13.673750   0.049000
1867.486951   13.696030   0.045290
1867.488639   13.689670   0.047830
1867.490315   13.693930   0.051730
1867.492002   13.666080   0.048390
1867.493724   13.658030   0.046660
1868.197661   13.683450   0.055730
1868.207123   13.637370   0.057060
1868.216495   13.667170   0.072890
1868.225986   13.665490   0.064860
1868.235811   13.722550   0.079940
1868.245580   13.664180   0.069100
1868.255259   13.673710   0.079100
1868.264815   13.663450   0.078150
1868.274279   13.682100   0.084610
1868.283929   13.725920   0.077980
1868.293537   13.630950   0.110780
1868.303104   13.653100   0.115810
1868.312574   13.780300   0.125370
1868.322548   13.609500   0.084040
1868.332083   13.717790   0.077610
1868.341800   13.737690   0.088550
1868.351466   13.677070   0.106620
1868.360837   13.660960   0.105640
1868.370659   13.644560   0.104540
1868.380417   13.658480   0.103440
1868.390367   13.716550   0.098320
1868.399668   13.676260   0.101610
1868.409622   13.653350   0.106610
1868.419023   13.718310   0.102610
1868.428372   13.712140   0.103400
1868.437691   13.728550   0.102250
1868.446987   13.704420   0.106510
1868.454949   13.740380   0.110960
1868.461066   13.780870   0.114860
1868.467151   13.731180   0.112310
1868.471440   13.686810   0.118490
1868.475710   13.737960   0.125210
1868.479187   13.605920   0.124810
1868.481793   13.656200   0.126120
1868.484421   13.699430   0.126270
1868.486154   13.703160   0.116420
1868.487874   13.654640   0.121600
1868.489584   13.674940   0.120960
1868.491280   13.693690   0.129790
1870.219778   13.693260   0.036340
1870.229270   13.667840   0.035850
1870.238762   13.701220   0.041730
1870.248135   13.698980   0.038080
1870.257691   13.687170   0.042480
1870.267266   13.705690   0.040070
1870.276950   13.696390   0.041580
1870.286498   13.676250   0.041520
1870.295849   13.681920   0.038060
1870.305565   13.704780   0.040990
1870.315197   13.664300   0.048350
1870.325274   13.703930   0.048170
1870.335174   13.670190   0.045580
1870.344892   13.662720   0.050090
1870.354573   13.681690   0.056250
1870.364104   13.668480   0.078570
1870.373603   13.659520   0.071600
1870.383600   13.721580   0.085390
1870.393243   13.645070   0.101860
1870.402667   13.610400   0.073400
1870.412418   13.643210   0.120860
1870.421719   13.688310   0.122830
1870.431056   13.679000   0.126450
1870.440608   13.757490   0.112700
1870.448993   13.751680   0.101780
1870.456179   13.658030   0.095340
1870.461756   13.601820   0.113820
1870.466440   13.570350   0.062600
1870.470290   13.667490   0.113000
1870.474034   13.693560   0.123820
1870.478646   13.721430   0.101790
1870.480341   13.621470   0.118710
1870.482097   13.705840   0.125380
1870.483762   13.786760   0.103870
1870.485602   13.631260   0.126550
1871.136689   13.685700   0.044410
1871.155384   13.666970   0.041580
1871.164955   13.688490   0.045300
1871.174269   13.654380   0.043690
1871.183469   13.679570   0.050440
1871.192872   13.688710   0.046090
1871.202392   13.701670   0.047350
1871.211865   13.645950   0.056120
1871.221273   13.683680   0.056410
1871.230922   13.695100   0.049090
1871.240394   13.675390   0.046670
1871.250018   13.630300   0.051290
1871.259511   13.708670   0.049630
1871.269122   13.678650   0.049740
1871.278903   13.691400   0.047330
1871.288648   13.689850   0.049280
1871.298226   13.713050   0.050210
1871.307789   13.712540   0.056190
1871.317562   13.673410   0.052540
1871.327342   13.662660   0.054270
1871.337079   13.679150   0.062120
1871.346725   13.714200   0.063680
1871.356495   13.664140   0.060930
1871.366277   13.668920   0.068880
1871.375944   13.706290   0.064760
1871.385808   13.721890   0.074820
1871.395399   13.712890   0.080660
1871.404882   13.679540   0.087830
1871.414342   13.715490   0.091220
1871.423744   13.704910   0.089290
1871.433495   13.631630   0.087870
1871.442405   13.691510   0.081880
1871.449670   13.667050   0.080980
1871.455742   13.753830   0.086900
1871.461191   13.672250   0.092320
1871.465968   13.694310   0.087050
1871.469461   13.696370   0.086930
1871.472994   13.693420   0.086590
1871.476070   13.646550   0.085110
1871.477819   13.654060   0.084100
1871.479709   13.674650   0.087430
1871.481438   13.700960   0.090660
1871.550420   13.761520   0.096770
1871.559908   13.685260   0.095870
1871.569340   13.716970   0.102290
1871.578835   13.684030   0.106220
1871.588334   13.721340   0.113520
1872.324463   13.706430   0.047750
1872.334315   13.660740   0.050860
1872.344041   13.682110   0.051840
1872.353623   13.669800   0.050470
1872.363427   13.656870   0.047480
1872.373279   13.668090   0.049090
1872.383099   13.722720   0.048620
1872.392766   13.697970   0.045630
1872.402203   13.700620   0.050590
1872.412032   13.693880   0.052360
1872.421585   13.693150   0.051500
1872.431130   13.684620   0.058910
1872.439874   13.681700   0.057030
1872.447517   13.682390   0.060460
1872.454162   13.692130   0.061340
1872.459603   13.631300   0.063630
1872.463903   13.725920   0.070000
1872.467716   13.634350   0.062390
1872.470496   13.651240   0.064630
1872.473152   13.644190   0.062990
1872.474857   13.659680   0.069340
1872.476617   13.680720   0.069180
1872.478370   13.684180   0.068810
1872.480228   13.637120   0.064450
1872.541663   13.668820   0.077860
1872.550845   13.676500   0.088210
1872.560270   13.651840   0.093260
1872.569828   13.638130   0.096650
1872.579400   13.751720   0.100350
1872.588943   13.725580   0.108450
1872.598488   13.695980   0.121960
1872.608269   13.646140   0.077500
1873.229437   13.672840   0.052810
1873.238826   13.731440   0.063180
1873.248403   13.650270   0.054220
1873.258009   13.691850   0.054290
1873.267456   13.676820   0.060460
1873.276959   13.634580   0.059720
1873.286788   13.623160   0.060280
1873.296275   13.707020   0.065420
1873.305896   13.700390   0.067660
1873.315548   13.706390   0.071050
1873.325684   13.672360   0.069920
1873.335346   13.726410   0.077760
1873.344943   13.708690   0.078310
1873.354842   13.649210   0.072230
1873.364691   13.700590   0.082180
1873.374458   13.704210   0.078430
1873.383960   13.704750   0.070630
1873.393856   13.684310   0.076310
1873.403606   13.722640   0.075340
1873.413210   13.691400   0.084590
1873.422938   13.660080   0.084120
1873.432622   13.692510   0.074050
1873.441010   13.702610   0.074760
1873.447044   13.666500   0.070490
1873.453044   13.699970   0.069210
1873.457630   13.669410   0.071050
1873.462090   13.634440   0.073050
1873.465548   13.713720   0.074080
1873.468261   13.630810   0.077630
1873.470892   13.696070   0.076910
1873.472722   13.718150   0.075420
1873.474437   13.681100   0.070970
1873.476606   13.695120   0.110840
1874.032527   13.680970   0.036850
1874.041923   13.675550   0.038060
1874.051714   13.670070   0.036270
1874.061193   13.687640   0.036990
1874.070741   13.670060   0.039170
1874.080230   13.680530   0.042380
1874.089638   13.665090   0.039380
1874.098984   13.657760   0.040470
1874.108441   13.684970   0.039170
1874.117749   13.709060   0.044310
1874.127103   13.676480   0.043520
1874.136654   13.689590   0.041470
1874.145982   13.694090   0.045460
1874.155173   13.655180   0.046970
1874.164605   13.681260   0.050970
1874.174153   13.652260   0.062830
1874.183645   13.617840   0.079520
1874.193053   13.694410   0.104120
1874.202515   13.656790   0.109330
1874.212179   13.727590   0.120070
1876.992585   13.676290   0.040710
1877.002277   13.685570   0.040260
1877.012009   13.701890   0.046420
1877.021623   13.701560   0.041360
1877.031340   13.690050   0.045990
1877.041094   13.671480   0.044270
1877.050632   13.662340   0.037700
1877.060512   13.676920   0.040050
1877.070280   13.670710   0.041060
1877.080037   13.690220   0.042210
1877.089835   13.669800   0.041200
1877.099542   13.667390   0.044700
1877.109324   13.707330   0.052920
1877.119234   13.764120   0.052660
1877.128562   13.704770   0.049950
1877.137988   13.688980   0.047200
1877.157081   13.706940   0.053060
1877.166514   13.698140   0.051980
1877.175811   13.693320   0.048420
1877.185180   13.675760   0.053330
1877.194638   13.707380   0.050460
1877.204359   13.677070   0.051210
1877.213829   13.657870   0.046700
1877.223290   13.663430   0.049690
1877.232928   13.673880   0.047690
1877.242583   13.652380   0.052920
1877.252102   13.642660   0.054340
1877.261424   13.669610   0.053680
1877.271317   13.685470   0.049560
1877.280810   13.675860   0.042670
1877.290913   13.674650   0.052740
1877.300784   13.697630   0.061450
1877.310552   13.706360   0.050330
1877.320329   13.698780   0.060980
1877.330019   13.676840   0.050300
1877.339609   13.712590   0.045480
1877.349339   13.641580   0.051760
1877.359563   13.693420   0.045370
1877.369289   13.680530   0.054180
1877.379166   13.673670   0.049450
1877.389199   13.606440   0.058560
1877.398748   13.707040   0.064280
1877.408188   13.680420   0.063470
1877.417610   13.682710   0.059670
1877.426444   13.658880   0.050880
1877.433416   13.691980   0.061250
1877.439426   13.670590   0.057350
1877.444578   13.682640   0.061850
1877.449101   13.661940   0.055780
1877.452622   13.619750   0.064360
1877.456119   13.684540   0.057880
1877.458826   13.726140   0.057450
1877.460660   13.695940   0.056990
1877.462441   13.643950   0.059070
1877.464144   13.682400   0.060060
1877.465872   13.686220   0.063560
1877.528546   13.715130   0.072030
1877.538164   13.690490   0.072050
1877.547759   13.698200   0.077450
1877.557433   13.701140   0.087430
1877.566991   13.672030   0.086260
1877.956588   13.677730   0.067190
1877.966360   13.669210   0.061800
1877.975795   13.684900   0.042760
1877.985575   13.713350   0.039700
1877.995071   13.696360   0.036850
1878.004964   13.685880   0.037130
1878.014335   13.678480   0.039210
1878.023915   13.681080   0.032500
1878.033403   13.686300   0.035220
1878.042881   13.671570   0.034350
1878.052477   13.662420   0.040840
1878.062202   13.684190   0.038310
1878.072038   13.688310   0.040110
1878.081838   13.677450   0.041430
1878.091595   13.669780   0.040350
1878.101204   13.697030   0.039870
1878.111056   13.701890   0.040990
1878.120475   13.692850   0.040880
1878.129972   13.691910   0.047560
1878.139452   13.696900   0.050690
1878.148981   13.691920   0.090400
1878.158293   13.689630   0.075540
1878.167692   13.683210   0.047530
1878.177309   13.668750   0.044710
1878.186872   13.701040   0.060390
1878.196273   13.686030   0.057900
1878.206054   13.707320   0.066740
1878.215833   13.707600   0.068440
1878.225557   13.737130   0.075770
1878.235117   13.671520   0.062070
1878.244657   13.720100   0.059740
1878.254352   13.715260   0.067050
1878.263984   13.662820   0.074350
1878.273770   13.653200   0.076340
1878.283405   13.663480   0.080150
1878.293079   13.655120   0.076280
1878.302887   13.647900   0.089840
1878.312828   13.687340   0.098550
1878.322431   13.672760   0.097920
1878.332111   13.685470   0.108000
1878.342126   13.652760   0.070570
1878.351898   13.735550   0.084280
1878.361666   13.662080   0.079160
1878.371492   13.692800   0.081300
1878.381052   13.696240   0.091430
1878.390611   13.699060   0.069240
1878.400035   13.701320   0.083900
1878.409523   13.698300   0.079740
1878.419250   13.666240   0.088760
1878.427139   13.742060   0.093430
1878.434256   13.776030   0.078880
1878.439734   13.681430   0.091180
1878.444205   13.728930   0.072770
1878.448555   13.656100   0.070570
1878.452064   13.634690   0.086270
1878.454721   13.716270   0.087100
1878.457364   13.677570   0.087560
1878.459093   13.743280   0.086140
1878.460943   13.663850   0.087590
1878.463071   13.678030   0.123200
1878.523903   13.663380   0.091090
1878.533380   13.721620   0.096130
1878.542754   13.721420   0.093260
1878.552323   13.649810   0.098290
1878.561961   13.661330   0.107620
1878.581234   13.576340   0.077000
1878.885802   13.655750   0.095390
1878.896259   13.685620   0.106550
1878.907039   13.699770   0.086750
1878.917827   13.661490   0.090110
1878.928636   13.599520   0.091410
1878.939490   13.652650   0.079850
1878.950209   13.667460   0.060380
1878.960985   13.724330   0.066870
1878.971663   13.653720   0.057360
1878.982256   13.668340   0.057400
1878.992862   13.675970   0.056150
1879.003349   13.690350   0.060320
1879.014056   13.675510   0.062340
1879.024781   13.684320   0.063110
1879.035403   13.657200   0.068530
1879.046338   13.691120   0.064960
1879.056998   13.702450   0.070030
1879.067120   13.700710   0.067610
1879.077625   13.676510   0.067470
1879.087804   13.717320   0.069320
1879.097718   13.731720   0.080790
1879.108265   13.705980   0.082830
1879.118677   13.674580   0.089580
1879.128946   13.647020   0.073040
1879.138951   13.683000   0.083080
1879.148948   13.666350   0.098400
1879.158753   13.710300   0.104860
1879.168681   13.724660   0.104610
1879.178653   13.689210   0.097780
1879.188532   13.703340   0.109890
1879.198658   13.727780   0.113370
1879.208980   13.659350   0.106300
1879.219105   13.801900   0.111660
1879.229198   13.630390   0.111150
1879.239692   13.640220   0.109770
1879.249885   13.676480   0.112630
1879.259988   13.717650   0.105420
1879.270136   13.702640   0.105420
1879.279998   13.703290   0.081410
1879.290256   13.681930   0.102490
1879.300321   13.658690   0.100940
1879.310604   13.631140   0.101440
1879.321132   13.637850   0.098570
1879.331398   13.677960   0.106080
1879.341711   13.666560   0.104280
1879.352168   13.605590   0.103820
1879.362239   13.705690   0.108210
1879.372581   13.671920   0.110780
1879.383093   13.726900   0.063200
1879.393142   13.663060   0.106380
1879.403333   13.712090   0.113810
1879.413718   13.662580   0.112870
1879.422210   13.732250   0.119500
1879.430290   13.753250   0.123450
1879.436891   13.713530   0.121580
1879.441492   13.669940   0.124140
1879.445571   13.682940   0.124700
1879.449457   13.735690   0.121500
1879.452342   13.657600   0.100590
1879.454194   13.624980   0.122000
1879.456055   13.601790   0.106850
1879.457932   13.707740   0.130470
1879.460187   13.689140   0.169010
1879.895153   13.628320   0.085140
1879.904711   13.739100   0.102480
1879.914664   13.692290   0.082050
1879.924232   13.684070   0.064390
1879.933937   13.624180   0.053830
1879.943742   13.677410   0.044540
1879.953255   13.694540   0.040370
1879.962965   13.687770   0.038320
1879.972299   13.643120   0.037720
1879.982133   13.680110   0.038410
1879.991480   13.703880   0.044290
1880.001350   13.666510   0.042510
1880.010995   13.702450   0.047680
1880.020489   13.686420   0.050890
1880.030167   13.668480   0.049340
1880.040004   13.685060   0.048580
1880.050020   13.671660   0.046650
1880.059700   13.691820   0.052670
1880.069635   13.701090   0.049260
1880.079469   13.677370   0.054120
1880.089000   13.661790   0.049080
1880.098524   13.723160   0.053190
1880.108072   13.678140   0.059130
1880.117530   13.656290   0.051940
1880.127140   13.688170   0.053660
1880.200091   13.706860   0.062850
1880.209735   13.705640   0.063480
1880.219431   13.683760   0.060710
1880.229324   13.710810   0.054960
1880.238989   13.699170   0.056250
1880.248836   13.656310   0.051270
1880.258298   13.651950   0.055260
1880.267686   13.669330   0.060280
1880.277275   13.683840   0.061780
1880.286928   13.776440   0.069080
1880.306613   13.692310   0.060320
1880.369120   13.714220   0.054080
1880.967707   13.709360   0.064050
1880.977730   13.671700   0.062570
1880.987626   13.705690   0.054730
1880.997175   13.662900   0.047470
1881.007352   13.657990   0.051490
1881.017262   13.679160   0.051350
1881.027023   13.643010   0.054620
1881.036583   13.672020   0.054930
1881.046307   13.654630   0.055320
1881.055914   13.653500   0.062940
1881.065565   13.697680   0.059980
1881.075352   13.667390   0.067090
1881.085120   13.672760   0.061020
1881.094964   13.685160   0.056160
1881.104801   13.690480   0.049240
1881.114937   13.709090   0.070930
1881.124474   13.696880   0.064710
1881.134326   13.679590   0.066520
1881.143810   13.690020   0.049510
1881.153419   13.733060   0.065470
1881.163015   13.690130   0.063340
1881.171357   13.679680   0.050930
1881.180981   13.698820   0.053830
1881.190627   13.699840   0.045140
1881.200550   13.693420   0.047420
1881.210473   13.681960   0.049980
1881.220305   13.670790   0.057380
1881.230199   13.698390   0.055860
1881.239668   13.711160   0.058300
1881.249328   13.660500   0.053630
1881.258917   13.679000   0.052890
1881.268352   13.705290   0.058980
1881.278189   13.708160   0.056480
1881.288137   13.710260   0.057520
1881.297680   13.670350   0.054650
1881.307337   13.635720   0.057280
1881.317394   13.646660   0.061970
1881.327336   13.663150   0.067520
1881.337373   13.673780   0.065160
1881.347129   13.640630   0.063210
1881.357110   13.659690   0.069690
1881.366722   13.647130   0.068140
1881.376276   13.677190   0.065520
1881.386104   13.652110   0.075610
1881.395996   13.666530   0.071170
1881.405772   13.624300   0.078130
1881.414838   13.653880   0.076810
1881.422098   13.659170   0.081050
1881.428287   13.706660   0.079160
1881.433496   13.676060   0.077850
1881.437835   13.668190   0.079220
1881.441542   13.650750   0.088890
1881.445078   13.671640   0.086050
1881.447777   13.597040   0.086840
1881.449541   13.637720   0.085280
1881.451276   13.728390   0.089650
1881.453055   13.718400   0.082110
1881.455245   13.692680   0.125650
1881.512259   13.690360   0.078600
1881.522032   13.742480   0.092560
1881.531584   13.712720   0.103670
1881.541053   13.623160   0.097790
1881.550943   13.680610   0.093590
1881.560601   13.714920   0.101630
1881.570473   13.670420   0.091520
1881.580253   13.670820   0.106640
1881.589860   13.662390   0.105150
1881.599577   13.695390   0.118080
1881.609472   13.733880   0.102470
1881.619114   13.774170   0.126670
1881.628942   13.699440   0.135080
1881.855329   13.777470   0.096230
1881.864967   13.671700   0.106080
1881.874874   13.694850   0.085750
1881.884546   13.673960   0.079780
1881.894462   13.690250   0.068190
1881.904494   13.691810   0.060390
1881.914271   13.720140   0.057060
1881.923884   13.694320   0.062500
1881.933466   13.736210   0.052840
1881.943231   13.707360   0.056420
1881.952875   13.670040   0.074610
1881.962633   13.670350   0.077980
1881.972149   13.682840   0.078060
1881.982098   13.679610   0.090540
1881.992169   13.617730   0.109410
1882.001889   13.729510   0.123440
1882.011594   13.601740   0.119520
1882.021627   13.668950   0.091950
1882.031644   13.723470   0.110930
1882.041324   13.671260   0.103000
1882.051198   13.698610   0.094630
1882.060871   13.670310   0.094300
1882.080330   13.669140   0.076340
1882.109365   13.605500   0.122760
1882.121972   13.731280   0.107900
1882.141120   13.595480   0.122130
1882.150540   13.675580   0.090390
1882.160119   13.689780   0.095840
1882.169652   13.690970   0.097970
1882.179008   13.712680   0.099440
1882.188466   13.662200   0.110920
1882.198063   13.697520   0.118590
1883.093660   13.678260   0.074210
1883.103290   13.723210   0.078450
1883.112818   13.718440   0.078900
1883.122237   13.664840   0.091020
1883.131900   13.740900   0.073920
1883.150882   13.752070   0.091190
1883.160374   13.726100   0.099200
1883.169871   13.701670   0.097910
1883.179271   13.724980   0.078800
1883.188727   13.708620   0.072950
1883.198404   13.724010   0.093600
1883.207904   13.657790   0.094020
1883.217549   13.650190   0.099100
1883.226897   13.660160   0.094940
1883.236210   13.586680   0.096340
1883.245790   13.694920   0.101180
1883.255334   13.582940   0.098500
1883.265175   13.671340   0.101030
1883.274780   13.733440   0.110670
1883.294547   13.663930   0.071400
1883.304458   13.787490   0.085600
1883.323566   13.799470   0.075200
1883.333437   13.667130   0.116800
1883.343511   13.731920   0.104230
1883.353701   13.545610   0.064200
1883.363493   13.612180   0.107120
1883.373027   13.625640   0.114280
1883.382734   13.766900   0.102540
1883.392439   13.731250   0.121590
1883.402040   13.704090   0.118490
1883.410138   13.655580   0.096510
1883.417485   13.614680   0.122160
1883.423677   13.733000   0.126990
1883.428949   13.642220   0.119610
1883.436812   13.683520   0.120280
1883.443104   13.699850   0.102330
1883.444926   13.696270   0.070200
1883.446707   13.699320   0.116050
1883.448508   13.744210   0.121690
1883.507258   13.675810   0.102180
1883.517022   13.704060   0.127650
1883.526808   13.629300   0.074500
1883.593991   13.768480   0.109840
1884.099534   13.673320   0.037280
1884.109140   13.689050   0.036100
1884.118686   13.669100   0.045300
1884.128292   13.686680   0.057020
1884.137551   13.683870   0.043330
1884.147279   13.680000   0.045300
1884.156774   13.658380   0.051170
1884.166197   13.667660   0.059460
1884.175960   13.631660   0.062320
1884.185414   13.647520   0.052090
1884.194977   13.662960   0.043020
1884.204574   13.680280   0.047000
1884.214174   13.686860   0.044920
1884.223839   13.680100   0.049920
1884.233272   13.719410   0.071780
1884.242628   13.696340   0.038280
1884.252195   13.664680   0.035050
1884.261682   13.648690   0.036960
1884.271201   13.686510   0.039980
1884.280876   13.694720   0.042610
1884.290846   13.704390   0.046020
1884.300573   13.720240   0.050120
1884.310420   13.677280   0.076010
1884.320206   13.684190   0.049830
1884.330156   13.671800   0.050020
1884.340081   13.675710   0.061160
1884.350052   13.628580   0.057450
1884.360119   13.680610   0.047420
1884.370060   13.690200   0.049640
1884.379738   13.711240   0.052980
1884.389528   13.711460   0.040560
1884.399065   13.660180   0.045850
1884.406881   13.673590   0.052280
1884.413865   13.667800   0.063710
1884.420368   13.718030   0.068390
1884.425635   13.708120   0.049790
1884.430150   13.670310   0.040110
1884.433678   13.661040   0.045910
1884.437202   13.671820   0.047030
1884.439908   13.711800   0.048360
1884.441669   13.659840   0.048230
1884.443407   13.689580   0.048440
1884.445186   13.666910   0.045680
1884.446926   13.691530   0.061520
1884.503638   13.651090   0.040190
1884.513187   13.712620   0.053100
1884.522993   13.658520   0.042920
1884.532900   13.701000   0.038660
1884.542819   13.698170   0.049870
1884.552706   13.682810   0.055280
1884.562458   13.700280   0.033620
1884.572213   13.673110   0.043250
1884.581820   13.674170   0.036960
1884.591479   13.654470   0.045490
1884.600983   13.669380   0.039610
1884.610820   13.707700   0.037180
1884.886961   13.643980   0.102560
1884.896459   13.667840   0.104540
1884.906042   13.729600   0.104230
1884.915720   13.726600   0.088390
1884.925737   13.737210   0.098340
1884.935570   13.656850   0.057300
1884.945448   13.657910   0.100940
1884.954875   13.560640   0.100550
1884.964329   13.704550   0.101220
1884.974229   13.641360   0.116230
1884.983546   13.634540   0.114670
1884.993441   13.686040   0.109470
1885.003341   13.734670   0.110190
1885.013229   13.691800   0.119080
1885.022911   13.697000   0.119780
1885.032502   13.684150   0.075700
1885.042137   13.649860   0.125650
1885.052107   13.688840   0.101980
1885.278794   13.713880   0.089390
1885.288696   13.710500   0.083820
1885.298475   13.659210   0.099540
1885.308250   13.667880   0.094650
1885.318087   13.712270   0.102030
1885.328301   13.706320   0.108380
1885.404548   13.728570   0.072300
1885.431143   13.737380   0.070400
1885.560860   13.612290   0.067800
1885.570754   13.683840   0.075100
1885.590133   13.656410   0.063100
1886.072366   13.665070   0.032650
1886.082057   13.665740   0.036300
1886.091456   13.660760   0.036390
1886.101064   13.675810   0.037330
1886.110701   13.676120   0.037880
1886.120214   13.690200   0.038190
1886.129544   13.680460   0.038230
1886.138882   13.680380   0.042680
1886.148233   13.703040   0.040240
1886.157943   13.699380   0.042480
1886.167550   13.684490   0.052100
1886.177101   13.675930   0.047370
1886.186997   13.685970   0.050230
1886.196609   13.675910   0.053620
1886.206153   13.676820   0.056750
1886.215757   13.684680   0.065140
1886.225422   13.698310   0.085890
1886.234829   13.703670   0.083100
1886.244630   13.685550   0.088910
1886.254426   13.693650   0.061090
1886.263771   13.666850   0.050560
1886.273578   13.712800   0.092420
1886.283270   13.697260   0.050700
1886.293134   13.673530   0.052510
1886.303115   13.654160   0.060410
1886.312914   13.703560   0.056060
1886.322818   13.662750   0.054710
1886.332859   13.658110   0.056730
1886.342543   13.681680   0.056030
1886.352534   13.670530   0.054060
1886.362281   13.660950   0.061270
1886.372003   13.679940   0.065140
1886.381496   13.674660   0.066370
1886.391198   13.706590   0.073080
1886.399994   13.610440   0.073870
1886.408171   13.678050   0.073280
1886.414363   13.672560   0.093370
1886.419581   13.743020   0.094420
1886.423873   13.638830   0.083130
1886.427459   13.656160   0.082790
1886.431086   13.711170   0.082130
1886.433748   13.666500   0.090880
1886.435540   13.741400   0.098630
1886.437293   13.711200   0.086790
1886.439058   13.668300   0.083360
1886.441348   13.654190   0.164590
