1863.169882   12.414840   0.020440
1863.179028   12.406670   0.022110
1863.188111   12.409080   0.025350
1863.197263   12.398990   0.023270
1863.206453   12.404710   0.022630
1863.215516   12.423630   0.026960
1863.224486   12.412570   0.026050
1863.233708   12.422810   0.027540
1863.243026   12.405300   0.027940
1863.252052   12.425460   0.025420
1863.260978   12.401980   0.023850
1863.270074   12.412790   0.026570
1863.279229   12.414360   0.024310
1863.288341   12.414130   0.022920
1863.297662   12.414550   0.021770
1863.306748   12.412670   0.024310
1863.315898   12.434690   0.024890
1863.325261   12.429970   0.025000
1863.334632   12.421460   0.025810
1863.344416   12.402020   0.024770
1863.353962   12.421630   0.024600
1863.363511   12.401900   0.021360
1863.372640   12.412410   0.020320
1863.381795   12.400470   0.020320
1863.391577   12.410920   0.021940
1863.400670   12.416630   0.022980
1863.410157   12.436630   0.023450
1863.419415   12.420240   0.024570
1863.428728   12.407550   0.025060
1863.438171   12.412000   0.026160
1863.447725   12.415770   0.028360
1863.457038   12.403470   0.033340
1863.464667   12.403200   0.039740
1863.471563   12.390520   0.038600
1863.477686   12.412640   0.036730
1863.482900   12.413810   0.039960
1863.487037   12.412870   0.041350
1863.490505   12.391870   0.041000
1863.494064   12.419510   0.038450
1863.496621   12.367170   0.038460
1863.498272   12.387390   0.040720
1863.500087   12.368860   0.041950
1863.501889   12.379170   0.043830
1863.503937   12.377590   0.063230
1864.122118   12.403710   0.016690
1864.131216   12.407980   0.021960
1864.140349   12.402460   0.019690
1864.149328   12.395280   0.019400
1864.158727   12.406130   0.018300
1864.168077   12.398380   0.023210
1864.177441   12.390000   0.022240
1864.186471   12.403820   0.017780
1864.195786   12.417650   0.022060
1864.204761   12.416930   0.020150
1864.213956   12.421280   0.019000
1864.223275   12.427350   0.018530
1864.232312   12.424320   0.021940
1864.241734   12.401000   0.022110
1864.250994   12.412990   0.019170
1864.260292   12.407260   0.022410
1864.269452   12.407430   0.019690
1864.278712   12.400390   0.022920
1864.288040   12.408230   0.023110
1864.297228   12.426830   0.022230
1864.306786   12.387200   0.022350
1864.315982   12.423000   0.023150
1864.325240   12.408170   0.022340
1864.334830   12.423250   0.022000
1864.344223   12.442420   0.030440
1864.353629   12.426580   0.029230
1864.362884   12.373610   0.032580
1864.372284   12.402010   0.036420
1864.381718   12.428510   0.032220
1864.391386   12.400690   0.027710
1864.401175   12.393300   0.035870
1864.410777   12.407560   0.031640
1864.420158   12.392290   0.031830
1864.429378   12.410970   0.035300
1864.438639   12.400880   0.041690
1864.448098   12.403820   0.046780
1864.457409   12.429970   0.046680
1864.465120   12.393440   0.046380
1864.472313   12.439230   0.053950
1864.477494   12.435750   0.064110
1864.482643   12.358910   0.075880
1864.486002   12.433500   0.102220
1864.489646   12.459740   0.093050
1864.492216   12.393170   0.069650
1864.494776   12.397450   0.071740
1864.496480   12.393690   0.075130
1864.498365   12.389670   0.076510
1864.500091   12.404500   0.076070
1864.501760   12.380870   0.071800
1865.081649   12.431360   0.025670
1865.090914   12.411570   0.026440
1865.103000   12.433580   0.024830
1865.112265   12.407560   0.024080
1865.121493   12.411490   0.029220
1865.180915   12.411920   0.016980
1865.189934   12.405790   0.013630
1865.199137   12.413550   0.017670
1865.208040   12.413490   0.013680
1865.217207   12.400770   0.020450
1865.226382   12.417700   0.019750
1865.235932   12.386320   0.021130
1865.245886   12.396870   0.021770
1865.255783   12.409120   0.020960
1865.265750   12.419720   0.027150
1865.275774   12.407820   0.024540
1865.285892   12.414190   0.021430
1865.295973   12.419190   0.024080
1865.306185   12.405900   0.023100
1865.316145   12.386750   0.022650
1865.326150   12.409980   0.024830
1865.336276   12.409300   0.029250
1865.346577   12.412000   0.026100
1865.356675   12.414100   0.025580
1865.366659   12.392320   0.028640
1865.376904   12.418860   0.027260
1865.387088   12.442190   0.027310
1865.397153   12.424430   0.029870
1865.407149   12.405800   0.027950
1865.417333   12.391470   0.026740
1865.427630   12.395270   0.028520
1865.437669   12.417580   0.028870
1865.448171   12.384650   0.033610
1865.457324   12.407040   0.037150
1865.465615   12.417780   0.039840
1865.471988   12.417340   0.051560
1865.477591   12.398520   0.059070
1865.482335   12.407100   0.046710
1865.486159   12.444560   0.056190
1865.489785   12.394030   0.048680
1865.492667   12.416760   0.048160
1865.494427   12.396650   0.044190
1865.496283   12.364660   0.044350
1865.498551   12.399970   0.075300
1866.165339   12.405380   0.015190
1866.174723   12.395090   0.015130
1866.184057   12.409200   0.015480
1866.193410   12.402450   0.015650
1866.202706   12.418300   0.016460
1866.212035   12.420500   0.016740
1866.221409   12.407350   0.016860
1866.230791   12.411680   0.016690
1866.240551   12.406180   0.016510
1866.250004   12.413650   0.016570
1866.259354   12.398730   0.016860
1867.193045   12.414620   0.011610
1867.202355   12.418740   0.012070
1867.211516   12.412520   0.012070
1867.220585   12.416780   0.012870
1867.230131   12.409970   0.013050
1867.239707   12.411770   0.012880
1867.249230   12.407080   0.012640
1867.258785   12.406850   0.012880
1867.268385   12.410050   0.013110
1867.277702   12.396330   0.013280
1867.287153   12.409070   0.013510
1867.296854   12.400790   0.013740
1867.306121   12.409760   0.013740
1867.315500   12.409990   0.013970
1867.325094   12.402470   0.014320
1867.334502   12.399280   0.014660
1867.344482   12.412830   0.015300
1867.354030   12.404980   0.015360
1867.363492   12.397290   0.017560
1867.372735   12.400220   0.015880
1867.382212   12.418740   0.016280
1867.391671   12.412370   0.018300
1867.401392   12.406220   0.017210
1867.410805   12.401300   0.016570
1867.420288   12.406880   0.019800
1867.429722   12.401530   0.021880
1867.439192   12.409980   0.020150
1867.448574   12.407720   0.022410
1867.456168   12.413030   0.020100
1867.463320   12.403230   0.020320
1867.469421   12.389350   0.020270
1867.473939   12.410830   0.017090
1867.478291   12.399020   0.015880
1867.481655   12.409610   0.016280
1867.484335   12.412870   0.017260
1867.486951   12.398980   0.016800
1867.488639   12.412120   0.017670
1867.490315   12.412090   0.018250
1867.492002   12.416190   0.017840
1867.493724   12.418960   0.017320
1868.197661   12.396650   0.020500
1868.207123   12.409920   0.020840
1868.216495   12.428540   0.026850
1868.225986   12.404440   0.024540
1868.235811   12.415710   0.029270
1868.245580   12.398090   0.026740
1868.255259   12.409180   0.027310
1868.264815   12.427870   0.028640
1868.274279   12.397280   0.031120
1868.283929   12.402000   0.027730
1868.293537   12.399820   0.043730
1868.303104   12.406660   0.044000
1868.312574   12.410550   0.043110
1868.322548   12.394300   0.033030
1868.332083   12.404150   0.031760
1868.341800   12.441610   0.034410
1868.351466   12.403450   0.041060
1868.360837   12.389460   0.042230
1868.370659   12.397740   0.039280
1868.380417   12.431470   0.039050
1868.390367   12.396570   0.037760
1868.399668   12.414060   0.036150
1868.409622   12.403040   0.040940
1868.419023   12.437670   0.039200
1868.428372   12.397620   0.039670
1868.437691   12.402920   0.040500
1868.446987   12.404380   0.040080
1868.454949   12.408180   0.042040
1868.461066   12.403140   0.039560
1868.467151   12.383300   0.043190
1868.471440   12.413120   0.045740
1868.475710   12.375980   0.051980
1868.479187   12.408790   0.049970
1868.481793   12.423530   0.050630
1868.484421   12.423680   0.048990
1868.486154   12.433210   0.046990
1868.487874   12.422470   0.049350
1868.489584   12.425100   0.048600
1868.491280   12.457300   0.050610
1868.552972   12.418730   0.073830
1868.562396   12.444870   0.067580
1868.581607   12.445630   0.120500
1868.591155   12.412920   0.120650
1869.239644   12.433340   0.057150
1869.249027   12.400440   0.059530
1869.258676   12.389860   0.068440
1869.268460   12.412250   0.077310
1869.278238   12.409010   0.086450
1869.287800   12.401390   0.092760
1869.297392   12.337950   0.088840
1869.307040   12.431660   0.097830
1869.316646   12.423010   0.089460
1869.326588   12.305390   0.111320
1869.336211   12.398600   0.099710
1869.345989   12.445850   0.072600
1870.219778   12.406300   0.013860
1870.229270   12.417210   0.014320
1870.238762   12.412140   0.015530
1870.248135   12.406460   0.014840
1870.257691   12.393310   0.016280
1870.267266   12.413620   0.015990
1870.276950   12.410980   0.016170
1870.286498   12.407820   0.016690
1870.295849   12.418280   0.015590
1870.305565   12.417180   0.016340
1870.315197   12.419280   0.018070
1870.325274   12.414400   0.018470
1870.335174   12.413330   0.017670
1870.344892   12.412610   0.018710
1870.354573   12.431320   0.021360
1870.364104   12.403510   0.026620
1870.373603   12.405430   0.026330
1870.383600   12.404070   0.030030
1870.393243   12.400120   0.039560
1870.402820   12.416800   0.054570
1870.412418   12.408620   0.048280
1870.421719   12.394730   0.047310
1870.431056   12.400170   0.050890
1870.440608   12.399590   0.042130
1870.448993   12.413350   0.038290
1870.456179   12.419640   0.037390
1870.461756   12.400910   0.045160
1870.466593   12.422050   0.052660
1870.470290   12.383930   0.044750
1870.474034   12.382060   0.051800
1870.476825   12.419890   0.055930
1870.478569   12.420120   0.051960
1870.480341   12.397410   0.050610
1870.482097   12.397520   0.052660
1870.483838   12.377020   0.057420
1870.485602   12.426680   0.053700
1871.136689   12.414340   0.016230
1871.146179   12.410130   0.015530
1871.155384   12.409960   0.015360
1871.164955   12.403240   0.017210
1871.174269   12.398400   0.017380
1871.183469   12.397290   0.018250
1871.192872   12.399900   0.017040
1871.202392   12.393280   0.017900
1871.211865   12.407720   0.021490
1871.221273   12.390620   0.020850
1871.230922   12.403040   0.018250
1871.240394   12.413840   0.017670
1871.250018   12.405810   0.019400
1871.259511   12.409080   0.018360
1871.269122   12.414650   0.018650
1871.278903   12.404830   0.018420
1871.288648   12.401860   0.019460
1871.298226   12.423090   0.018590
1871.307789   12.410770   0.019800
1871.317562   12.397120   0.020210
1871.327342   12.406410   0.021420
1871.337079   12.380560   0.023220
1871.346725   12.397540   0.024770
1871.356495   12.404320   0.023170
1871.366277   12.398060   0.025070
1871.375944   12.396210   0.025400
1871.385808   12.405190   0.028370
1871.395399   12.411830   0.030730
1871.404882   12.412630   0.032910
1871.414342   12.406400   0.032630
1871.423744   12.387400   0.032570
1871.433495   12.419550   0.032830
1871.442405   12.401030   0.030560
1871.449670   12.365970   0.031390
1871.455742   12.416810   0.031000
1871.461191   12.420540   0.036320
1871.465968   12.408690   0.031820
1871.469461   12.433990   0.032160
1871.472994   12.397660   0.032580
1871.476070   12.412900   0.030830
1871.477819   12.406280   0.031290
1871.479709   12.386850   0.030080
1871.481438   12.389790   0.031810
1871.550420   12.429260   0.033780
1871.559908   12.431580   0.036030
1871.569340   12.406700   0.035280
1871.578835   12.404590   0.039320
1871.588334   12.371270   0.042450
1871.597765   12.405360   0.055590
1871.607264   12.394940   0.056540
1871.616819   12.479100   0.078840
1871.626324   12.372680   0.081850
1872.324463   12.393300   0.018310
1872.334315   12.403720   0.019520
1872.344041   12.398700   0.018590
1872.353623   12.414850   0.019000
1872.363427   12.400830   0.018710
1872.373279   12.421910   0.018010
1872.383099   12.420280   0.018530
1872.392766   12.384400   0.018470
1872.402203   12.412320   0.018820
1872.412032   12.400750   0.019460
1872.421585   12.388870   0.020500
1872.431130   12.422960   0.021420
1872.439874   12.394660   0.021310
1872.447517   12.408520   0.021480
1872.454162   12.398210   0.021830
1872.459603   12.406330   0.024370
1872.463903   12.413160   0.024080
1872.467716   12.419560   0.023270
1872.470496   12.415220   0.023730
1872.473152   12.422840   0.024540
1872.474857   12.415610   0.024550
1872.476617   12.423910   0.024660
1872.478370   12.436750   0.024480
1872.480228   12.427910   0.024600
1872.541663   12.403840   0.030490
1872.550845   12.401130   0.032390
1872.560270   12.423300   0.031930
1872.569828   12.397160   0.033720
1872.579400   12.391890   0.036320
1872.588943   12.373450   0.039550
1872.598488   12.390200   0.044240
1872.608116   12.395330   0.053230
1872.617527   12.398150   0.059620
1872.627101   12.378870   0.071720
1872.636625   12.378790   0.095950
1872.646041   12.408950   0.108610
1873.229437   12.399960   0.020320
1873.238826   12.423520   0.021710
1873.248403   12.422770   0.021250
1873.258009   12.411540   0.020730
1873.267456   12.423340   0.021770
1873.276959   12.436250   0.021880
1873.286788   12.415310   0.022350
1873.296275   12.413040   0.023910
1873.305896   12.441960   0.025660
1873.315548   12.405440   0.024770
1873.325684   12.414380   0.026560
1873.335346   12.423860   0.028190
1873.344943   12.396110   0.028930
1873.354842   12.412290   0.026750
1873.364691   12.384090   0.031010
1873.374458   12.443780   0.028750
1873.383960   12.413630   0.026180
1873.393856   12.392820   0.027270
1873.403606   12.401360   0.028190
1873.413210   12.375630   0.033600
1873.422938   12.388160   0.032160
1873.432622   12.395520   0.028930
1873.441010   12.403960   0.026980
1873.447044   12.408040   0.026210
1873.453044   12.396440   0.026160
1873.457630   12.389010   0.027020
1873.462090   12.395960   0.027200
1873.465548   12.412940   0.026850
1873.468261   12.396250   0.027780
1873.470892   12.431000   0.030320
1873.472722   12.406420   0.027830
1873.474437   12.415080   0.028360
1873.476606   12.403180   0.039860
1873.539458   12.517810   0.110150
1873.548852   12.434960   0.085000
1873.558313   12.423570   0.065590
1873.567696   12.415730   0.068540
1873.577180   12.420530   0.071280
1873.586745   12.391130   0.061560
1873.596227   12.438420   0.085170
1873.605773   12.452260   0.088630
1873.615321   12.434350   0.071950
1873.624816   12.378680   0.079820
1874.032527   12.402230   0.014150
1874.041923   12.396120   0.014840
1874.051714   12.406610   0.014780
1874.061193   12.405260   0.014670
1874.070741   12.426410   0.015530
1874.080230   12.415910   0.015360
1874.089638   12.416120   0.015190
1874.098984   12.401810   0.015760
1874.108441   12.387210   0.015190
1874.117749   12.395990   0.016170
1874.127103   12.401560   0.016340
1874.136654   12.395540   0.016170
1874.145982   12.402600   0.016740
1874.155173   12.418040   0.018300
1874.164605   12.392930   0.019920
1874.174153   12.405800   0.022700
1874.183645   12.425160   0.028350
1874.193053   12.409250   0.039470
1874.202515   12.409810   0.043470
1874.212179   12.426370   0.042930
1874.222051   12.428070   0.039900
1874.593715   12.420140   0.076280
1874.603390   12.437290   0.066700
1874.613039   12.404290   0.077580
1876.992585   12.421190   0.015360
1877.002277   12.417810   0.015650
1877.012009   12.407570   0.016400
1877.021623   12.422580   0.015530
1877.031340   12.415560   0.017730
1877.041094   12.402240   0.016860
1877.050632   12.407910   0.014720
1877.060512   12.390800   0.015430
1877.070280   12.414390   0.016170
1877.080037   12.407920   0.016280
1877.089835   12.419650   0.016220
1877.099542   12.418110   0.016690
1877.109324   12.412920   0.019530
1877.119234   12.431790   0.019370
1877.128562   12.399220   0.018540
1877.137988   12.412510   0.017730
1877.147449   12.410360   0.021320
1877.157081   12.398050   0.019520
1877.166514   12.402510   0.019060
1877.175811   12.385990   0.018190
1877.185180   12.397830   0.020440
1877.194638   12.413090   0.018200
1877.204359   12.405360   0.017900
1877.213829   12.409250   0.017440
1877.223290   12.417300   0.018360
1877.232928   12.405060   0.017960
1877.242583   12.394990   0.020120
1877.252102   12.403600   0.019920
1877.261424   12.413640   0.019800
1877.271317   12.392200   0.018250
1877.280810   12.405350   0.016920
1877.290913   12.417750   0.019230
1877.300784   12.384640   0.022170
1877.310552   12.394420   0.018650
1877.320329   12.411190   0.022690
1877.330019   12.390250   0.019060
1877.339609   12.409810   0.017610
1877.349339   12.401880   0.019870
1877.359563   12.406740   0.017790
1877.369289   12.413860   0.019980
1877.379166   12.437350   0.018940
1877.389199   12.407570   0.022420
1877.398748   12.391760   0.024260
1877.408188   12.413440   0.023350
1877.417610   12.400650   0.021360
1877.426444   12.419720   0.019860
1877.433416   12.407390   0.020840
1877.439426   12.390980   0.022790
1877.444578   12.415140   0.023380
1877.449101   12.415890   0.020910
1877.452622   12.387640   0.024700
1877.456119   12.403970   0.021020
1877.458826   12.415380   0.020960
1877.460660   12.404280   0.021420
1877.462441   12.422920   0.021590
1877.464144   12.430430   0.021770
1877.465872   12.415900   0.022230
1877.528546   12.424160   0.026500
1877.538164   12.424010   0.027710
1877.547759   12.420590   0.029270
1877.557433   12.430480   0.030430
1877.566991   12.415070   0.030490
1877.956588   12.402170   0.024250
1877.966360   12.412820   0.021140
1877.975795   12.384480   0.016980
1877.985575   12.414040   0.015420
1877.995071   12.398960   0.014660
1878.004964   12.405370   0.014430
1878.014335   12.411230   0.015470
1878.023915   12.423670   0.013160
1878.033403   12.409410   0.014550
1878.042881   12.404680   0.014090
1878.052477   12.403930   0.015990
1878.062202   12.403180   0.015530
1878.072038   12.403970   0.015990
1878.081838   12.410600   0.016570
1878.091595   12.406560   0.015530
1878.101204   12.402850   0.015990
1878.111056   12.402390   0.016400
1878.120475   12.406220   0.016570
1878.129972   12.420100   0.018070
1878.139452   12.411450   0.020730
1878.148981   12.407920   0.033920
1878.158293   12.413080   0.030660
1878.167692   12.400820   0.018250
1878.177309   12.422510   0.017900
1878.186872   12.411790   0.022410
1878.196273   12.428700   0.022690
1878.206054   12.419600   0.025170
1878.215833   12.374300   0.027430
1878.225557   12.382080   0.029050
1878.235117   12.389800   0.022460
1878.244657   12.408310   0.023100
1878.254352   12.417770   0.025520
1878.263984   12.403390   0.027030
1878.273770   12.398920   0.028070
1878.283405   12.426660   0.029160
1878.293079   12.403620   0.029050
1878.302887   12.415460   0.036290
1878.312828   12.418390   0.037240
1878.322431   12.425040   0.036800
1878.332111   12.397410   0.037630
1878.342126   12.396600   0.026520
1878.351898   12.387090   0.029340
1878.361666   12.412150   0.027890
1878.371492   12.394440   0.031240
1878.381052   12.399990   0.033320
1878.390611   12.383740   0.025540
1878.400035   12.401970   0.029740
1878.409523   12.386290   0.029500
1878.419250   12.419260   0.032690
1878.427139   12.393000   0.033560
1878.434256   12.421300   0.027580
1878.439734   12.405210   0.034040
1878.444205   12.361860   0.026800
1878.448555   12.445920   0.025320
1878.452064   12.390470   0.032400
1878.454721   12.390390   0.032400
1878.457364   12.421930   0.032360
1878.459093   12.411230   0.031530
1878.460943   12.415250   0.034070
1878.463071   12.401900   0.045890
1878.523903   12.441130   0.032620
1878.533380   12.432320   0.033720
1878.542754   12.425700   0.032160
1878.552323   12.419340   0.036640
1878.561961   12.421150   0.040140
1878.571685   12.397910   0.052660
1878.581234   12.423200   0.051760
1878.590773   12.410380   0.055930
1878.600390   12.414930   0.071760
1878.885725   12.440840   0.043660
1878.896259   12.402390   0.037020
1878.907039   12.384120   0.032910
1878.917827   12.427810   0.032740
1878.928636   12.438680   0.032450
1878.939490   12.428190   0.028290
1878.950209   12.386680   0.023850
1878.960985   12.403790   0.022700
1878.971663   12.420500   0.021360
1878.982256   12.413820   0.021600
1878.992862   12.421380   0.020500
1879.003349   12.415400   0.023150
1879.014056   12.400200   0.022350
1879.024781   12.407310   0.022460
1879.035403   12.401100   0.025780
1879.046338   12.401280   0.024880
1879.056998   12.398730   0.026270
1879.067120   12.395500   0.026280
1879.077625   12.406200   0.027370
1879.087804   12.406140   0.026730
1879.097718   12.413620   0.030320
1879.108265   12.399220   0.031760
1879.118677   12.411700   0.033550
1879.128946   12.412750   0.029530
1879.138951   12.414850   0.031300
1879.148948   12.384710   0.036170
1879.158753   12.386740   0.038670
1879.168681   12.392950   0.037930
1879.178653   12.409650   0.038340
1879.188532   12.387650   0.040430
1879.198658   12.415430   0.039490
1879.208980   12.393000   0.040440
1879.219105   12.427010   0.040590
1879.229198   12.394540   0.041420
1879.239692   12.373870   0.043020
1879.249885   12.404570   0.041420
1879.259988   12.400410   0.039500
1879.270136   12.379140   0.038800
1879.279998   12.399900   0.030760
1879.290256   12.374160   0.040130
1879.300321   12.379870   0.037940
1879.310604   12.414530   0.037300
1879.321132   12.420170   0.038860
1879.331398   12.395650   0.038390
1879.341711   12.396640   0.039380
1879.352168   12.374480   0.040670
1879.362239   12.389240   0.040110
1879.372581   12.409160   0.041170
1879.383093   12.391460   0.023100
1879.393142   12.398860   0.042110
1879.403333   12.398400   0.044650
1879.413718   12.396430   0.045630
1879.422210   12.400750   0.045400
1879.430290   12.440990   0.048230
1879.436891   12.379850   0.047630
1879.441492   12.379960   0.049090
1879.445571   12.388400   0.050000
1879.449457   12.380880   0.050770
1879.452342   12.438070   0.042140
1879.454194   12.433850   0.050990
1879.456055   12.422760   0.044970
1879.457932   12.439010   0.052240
1879.460282   12.403770   0.073350
1879.524043   12.442860   0.063270
1879.534146   12.421620   0.067160
1879.544253   12.427690   0.067970
1879.554321   12.353960   0.040200
1879.564508   12.406920   0.074490
1879.574677   12.377260   0.074780
1879.584814   12.375480   0.077640
1879.594935   12.442690   0.078960
1879.605121   12.418190   0.080390
1879.615186   12.378870   0.089480
1879.625350   12.372330   0.097190
1879.885631   12.414060   0.049750
1879.895153   12.414530   0.041310
1879.904711   12.402820   0.033310
1879.914664   12.389690   0.026390
1879.924232   12.405920   0.022290
1879.933937   12.402760   0.019630
1879.943742   12.407250   0.016920
1879.953255   12.409990   0.015880
1879.962965   12.414410   0.014720
1879.972299   12.414440   0.014610
1879.982133   12.398820   0.014950
1879.991480   12.418050   0.015760
1880.001350   12.408970   0.016170
1880.010995   12.417970   0.017980
1880.020489   12.422190   0.017850
1880.030167   12.405080   0.018890
1880.040004   12.394910   0.017550
1880.050020   12.394990   0.018080
1880.059700   12.406690   0.018080
1880.069635   12.400930   0.018480
1880.079469   12.415600   0.019630
1880.089000   12.413590   0.018660
1880.098524   12.405550   0.019750
1880.108072   12.411210   0.021480
1880.117530   12.407420   0.018480
1880.127140   12.414970   0.019800
1880.200091   12.412240   0.021660
1880.209735   12.400170   0.023790
1880.219431   12.401160   0.022200
1880.229324   12.407000   0.019980
1880.238989   12.428520   0.020150
1880.248836   12.412290   0.019460
1880.258298   12.420740   0.020380
1880.267686   12.413280   0.021530
1880.277275   12.421670   0.021770
1880.286928   12.422270   0.026390
1880.306613   12.423380   0.022060
1880.369120   12.437300   0.020900
1880.684731   12.442690   0.057630
1880.693935   12.454780   0.062100
1880.703424   12.407930   0.068420
1880.712965   12.377500   0.075550
1880.722745   12.467040   0.088900
1880.732752   12.329780   0.128520
1880.967707   12.430890   0.022110
1880.977730   12.412520   0.022760
1880.987626   12.416240   0.018600
1880.997175   12.403380   0.017670
1881.007352   12.425300   0.018250
1881.017262   12.405670   0.018890
1881.027023   12.405030   0.020270
1881.036583   12.402710   0.019400
1881.046307   12.409440   0.020210
1881.055914   12.398540   0.022170
1881.065565   12.405850   0.021430
1881.075352   12.382290   0.023670
1881.085120   12.409560   0.022160
1881.094964   12.395040   0.021070
1881.104801   12.402130   0.018370
1881.114937   12.427420   0.026450
1881.124474   12.405460   0.023040
1881.134326   12.385840   0.023620
1881.143810   12.396680   0.018530
1881.153419   12.411970   0.024440
1881.163015   12.404900   0.021420
1881.171357   12.385880   0.018820
1881.180981   12.389980   0.020160
1881.190627   12.399070   0.016860
1881.200550   12.395950   0.018240
1881.210473   12.404300   0.019690
1881.220305   12.379760   0.020790
1881.230199   12.399100   0.020790
1881.239668   12.390510   0.021420
1881.249328   12.399380   0.021250
1881.258917   12.395660   0.021080
1881.268352   12.401470   0.021880
1881.278189   12.398830   0.021830
1881.288137   12.388520   0.022000
1881.297680   12.411030   0.022350
1881.307337   12.399990   0.022750
1881.317394   12.406670   0.023730
1881.327336   12.400120   0.024190
1881.337373   12.400410   0.024600
1881.347129   12.411310   0.025230
1881.357110   12.408350   0.025230
1881.366722   12.414200   0.026040
1881.376276   12.424970   0.026910
1881.386104   12.411380   0.027370
1881.395996   12.411900   0.027430
1881.405772   12.395620   0.027890
1881.414838   12.398930   0.028120
1881.422098   12.432560   0.029440
1881.428287   12.421690   0.029040
1881.433496   12.426490   0.029620
1881.437835   12.407090   0.029910
1881.441542   12.396520   0.030610
1881.445078   12.400200   0.030950
1881.447777   12.411390   0.031070
1881.449541   12.395680   0.030780
1881.451276   12.417400   0.031180
1881.453055   12.399550   0.031010
1881.455245   12.426160   0.044460
1881.512259   12.417610   0.032390
1881.522032   12.417380   0.034350
1881.531584   12.407140   0.035050
1881.541053   12.433540   0.036260
1881.550943   12.412220   0.035400
1881.560601   12.427410   0.037880
1881.570473   12.422560   0.036320
1881.580253   12.438250   0.040250
1881.589860   12.437910   0.038570
1881.599577   12.400870   0.042900
1881.609472   12.394890   0.040070
1881.619114   12.432760   0.045170
1881.628942   12.395440   0.050230
1881.638590   12.395490   0.052370
1881.648351   12.349100   0.054000
1881.778022   12.452720   0.124440
1881.787853   12.272560   0.089470
1881.797497   12.486460   0.116510
1881.807277   12.389740   0.094170
1881.816745   12.399150   0.078160
1881.826319   12.437200   0.063630
1881.835921   12.408040   0.052550
1881.845731   12.368920   0.045970
1881.855252   12.404740   0.039210
1881.864967   12.423290   0.035680
1881.874874   12.441600   0.033600
1881.884546   12.392740   0.027250
1881.894462   12.404050   0.024310
1881.904494   12.413130   0.022110
1881.914271   12.400360   0.020960
1881.923884   12.410820   0.021530
1881.933466   12.405370   0.020040
1881.943231   12.381230   0.020090
1881.952875   12.394150   0.025690
1881.962633   12.416610   0.029280
1881.972149   12.381940   0.030270
1881.982098   12.393230   0.032000
1881.992169   12.396110   0.042100
1882.001889   12.374150   0.045760
1882.011594   12.417950   0.043100
1882.021627   12.412900   0.034650
1882.031644   12.398500   0.037980
1882.041324   12.421260   0.038470
1882.051198   12.424490   0.033430
1882.060871   12.423430   0.033780
1882.070527   12.386270   0.066480
1882.080330   12.395550   0.027120
1882.090096   12.414480   0.055880
1882.099569   12.380290   0.096620
1882.109365   12.403240   0.046830
1882.121972   12.405400   0.037560
1882.131558   12.413420   0.030720
1882.141120   12.389350   0.050170
1882.150540   12.388960   0.032750
1882.160119   12.400900   0.033710
1882.169652   12.391790   0.034300
1882.179008   12.407030   0.033780
1882.188466   12.400170   0.038570
1882.198063   12.387560   0.046860
1882.208031   12.368490   0.080390
1882.217722   12.382470   0.062200
1882.227231   12.428610   0.055860
1882.236839   12.385370   0.058520
1882.246327   12.451460   0.084820
1882.256107   12.375920   0.075530
1882.266006   12.416280   0.072200
1882.275585   12.430700   0.059160
1882.285301   12.441010   0.066110
1882.295361   12.485760   0.056930
1882.305067   12.457280   0.084720
1882.315073   12.413360   0.099860
1882.325032   12.407110   0.063580
1882.334886   12.395280   0.054930
1882.344919   12.391030   0.062160
1882.354771   12.463880   0.071500
1882.364587   12.437820   0.060750
1882.374737   12.439190   0.054180
1882.394964   12.513830   0.075000
1883.093660   12.419660   0.025580
1883.103366   12.468340   0.042790
1883.112818   12.388370   0.027060
1883.122237   12.388120   0.032080
1883.131900   12.402580   0.025660
1883.141295   12.388460   0.029220
1883.150882   12.403970   0.029510
1883.160374   12.388440   0.031420
1883.169871   12.386500   0.033500
1883.179271   12.398110   0.026730
1883.188727   12.418120   0.027310
1883.198404   12.369260   0.032830
1883.207904   12.429070   0.032800
1883.217549   12.371420   0.032640
1883.226897   12.379670   0.035110
1883.236210   12.397290   0.034460
1883.245790   12.393510   0.034590
1883.255334   12.404960   0.037360
1883.265175   12.390410   0.035620
1883.274780   12.372230   0.035800
1883.284849   12.419270   0.051860
1883.294394   12.401720   0.053120
1883.304305   12.416580   0.044250
1883.314080   12.438080   0.058210
1883.323720   12.425070   0.048570
1883.333437   12.405240   0.042170
1883.343435   12.372990   0.047960
1883.353548   12.398240   0.047720
1883.363493   12.383070   0.039630
1883.373027   12.382140   0.042270
1883.382657   12.384070   0.045790
1883.392439   12.542800   0.046200
1883.402040   12.388430   0.042860
1883.410061   12.419850   0.043890
1883.417485   12.403610   0.049650
1883.423677   12.382220   0.042150
1883.428949   12.486910   0.043880
1883.433300   12.383580   0.053410
1883.436812   12.417960   0.042040
1883.440325   12.372790   0.049860
1883.443180   12.347340   0.044020
1883.444926   12.354050   0.049800
1883.446707   12.397950   0.041050
1883.448508   12.399580   0.042280
1883.507335   12.400400   0.046270
1883.517022   12.379490   0.045410
1883.526655   12.388080   0.052540
1883.536232   12.413780   0.056550
1883.545818   12.384700   0.055620
1883.555341   12.393960   0.057340
1883.565051   12.356220   0.053800
1883.574608   12.389390   0.051320
1883.584302   12.410360   0.052900
1883.593915   12.437740   0.045860
1884.099534   12.404010   0.013570
1884.109140   12.403810   0.013160
1884.118686   12.413640   0.016170
1884.128292   12.410080   0.020130
1884.137551   12.395630   0.014670
1884.147279   12.414350   0.016800
1884.156774   12.412460   0.017670
1884.166197   12.418380   0.020930
1884.175960   12.415480   0.020860
1884.185414   12.426500   0.018830
1884.194977   12.424910   0.015650
1884.204574   12.400140   0.016510
1884.214174   12.395070   0.015070
1884.223839   12.402240   0.017040
1884.233272   12.420110   0.023960
1884.242628   12.415930   0.014140
1884.252195   12.414890   0.013970
1884.261682   12.403620   0.014030
1884.271201   12.401040   0.013860
1884.280876   12.412770   0.015070
1884.290846   12.398920   0.016280
1884.300573   12.425940   0.017960
1884.310420   12.402610   0.026460
1884.320206   12.413760   0.016860
1884.330156   12.407090   0.017150
1884.340081   12.399840   0.021070
1884.350052   12.409160   0.019860
1884.360119   12.411310   0.017030
1884.370060   12.420480   0.017440
1884.379738   12.408760   0.018530
1884.389528   12.405130   0.014950
1884.399065   12.418000   0.015710
1884.406881   12.419280   0.018250
1884.413865   12.412930   0.020900
1884.420368   12.409710   0.023060
1884.425635   12.415480   0.016220
1884.430150   12.419230   0.014840
1884.433678   12.406730   0.016510
1884.437202   12.397230   0.016220
1884.439908   12.421210   0.017490
1884.441669   12.405720   0.016860
1884.443407   12.410720   0.016460
1884.445186   12.412910   0.015940
1884.446926   12.420050   0.021670
1884.503638   12.407850   0.014950
1884.513187   12.414470   0.017820
1884.522993   12.399710   0.015070
1884.532900   12.393900   0.013800
1884.542819   12.401370   0.016340
1884.552706   12.404380   0.019950
1884.562458   12.406730   0.012990
1884.572213   12.413030   0.015690
1884.581820   12.403140   0.013450
1884.591479   12.401620   0.016750
1884.600983   12.387810   0.015070
1884.610820   12.394750   0.014260
1884.886961   12.437550   0.035620
1884.896459   12.400470   0.036820
1884.906042   12.365000   0.033320
1884.915643   12.435090   0.046270
1884.925737   12.395700   0.031240
1884.935570   12.388670   0.042790
1884.945448   12.418480   0.035560
1884.954875   12.420130   0.039010
1884.964329   12.420660   0.034930
1884.974229   12.371870   0.043390
1884.983546   12.405450   0.043100
1884.993441   12.393280   0.038270
1885.003341   12.424900   0.036720
1885.013229   12.425480   0.041460
1885.022911   12.414360   0.040940
1885.032502   12.423340   0.046830
1885.042137   12.441000   0.047090
1885.052183   12.436800   0.047930
1885.061957   12.428030   0.053920
1885.071678   12.471940   0.053530
1885.081285   12.445690   0.068250
1885.090973   12.385290   0.057500
1885.100847   12.399990   0.056830
1885.278794   12.372240   0.032520
1885.288696   12.404090   0.041130
1885.298475   12.382050   0.036110
1885.308250   12.379860   0.033210
1885.318087   12.397470   0.035220
1885.328301   12.413950   0.040180
1885.338173   12.460960   0.063290
1885.347960   12.470160   0.054760
1885.357853   12.437980   0.051810
1885.367578   12.440740   0.057240
1885.377344   12.394150   0.069760
1885.386938   12.448740   0.073050
1885.396599   12.412430   0.054920
1885.404395   12.399200   0.049880
1885.411445   12.459130   0.055650
1885.417511   12.385050   0.061460
1885.422892   12.430520   0.063640
1885.427461   12.369100   0.062290
1885.430989   12.415000   0.049870
1885.434637   12.447700   0.058500
1885.437356   12.371590   0.061840
1885.439093   12.409810   0.058970
1885.440855   12.421750   0.059480
1885.442624   12.404980   0.052560
1885.444416   12.393560   0.053220
1885.502228   12.350370   0.054020
1885.511985   12.374190   0.081850
1885.521821   12.362170   0.062150
1885.531512   12.401150   0.060350
1885.541243   12.398170   0.064840
1885.551133   12.387120   0.050690
1885.560860   12.406200   0.053270
1885.570601   12.363890   0.047520
1885.580236   12.395410   0.063350
1885.590133   12.414130   0.042220
1886.072366   12.399340   0.012590
1886.082057   12.398590   0.013570
1886.091456   12.405670   0.014090
1886.101064   12.401230   0.014260
1886.110701   12.404450   0.014090
1886.120214   12.410190   0.014490
1886.129544   12.429920   0.015190
1886.138882   12.397930   0.015300
1886.148233   12.413320   0.015410
1886.157943   12.411480   0.015990
1886.167550   12.399640   0.018090
1886.177101   12.399800   0.017780
1886.186997   12.427500   0.018770
1886.196609   12.402180   0.019460
1886.206153   12.408540   0.021650
1886.215757   12.404540   0.022750
1886.225422   12.388790   0.030560
1886.234829   12.443670   0.030720
1886.244630   12.417960   0.029390
1886.254426   12.407460   0.022600
1886.263771   12.404150   0.018360
1886.273578   12.415660   0.030320
1886.283270   12.400630   0.017670
1886.293134   12.409730   0.018540
1886.303115   12.394220   0.021020
1886.312914   12.386040   0.019630
1886.322818   12.381100   0.020040
1886.332859   12.412090   0.020740
1886.342543   12.384910   0.019110
1886.352534   12.410850   0.019690
1886.362281   12.408010   0.021420
1886.372003   12.395320   0.021940
1886.381496   12.415620   0.022750
1886.391198   12.417050   0.024650
1886.399994   12.412290   0.025640
1886.408171   12.411450   0.025060
1886.414363   12.426730   0.031410
1886.419581   12.431010   0.030720
1886.423873   12.387370   0.028240
1886.427459   12.411480   0.028410
1886.431086   12.413210   0.027550
1886.433748   12.404650   0.031790
1886.435540   12.417960   0.034490
1886.437293   12.379270   0.029630
1886.439058   12.421310   0.030030
1886.441348   12.410810   0.059700
