1863.169882   12.934920   0.029040
1863.179028   12.936370   0.032050
1863.188111   12.932210   0.036370
1863.197263   12.913850   0.033430
1863.206453   12.930410   0.032450
1863.215516   12.939530   0.038750
1863.224486   12.948310   0.037470
1863.233708   12.915750   0.038800
1863.243026   12.901030   0.040220
1863.252052   12.933930   0.035710
1863.260978   12.926320   0.034120
1863.270074   12.934290   0.038990
1863.279229   12.946880   0.034820
1863.288341   12.914350   0.033140
1863.297662   12.936220   0.030830
1863.306748   12.945400   0.035340
1863.315898   12.929610   0.035920
1863.325261   12.944000   0.036390
1863.334632   12.941010   0.036200
1863.344416   12.898740   0.034930
1863.353962   12.916100   0.035470
1863.363511   12.909090   0.030150
1863.372640   12.929270   0.029330
1863.381795   12.933940   0.029400
1863.391577   12.927570   0.032050
1863.400670   12.889260   0.032940
1863.410157   12.920540   0.034180
1863.419415   12.943350   0.035050
1863.428728   12.962990   0.037140
1863.438171   12.919130   0.038980
1863.447725   12.913470   0.041470
1863.457038   12.935060   0.050240
1863.464667   12.958080   0.060000
1863.471563   12.928130   0.058560
1863.477686   12.904930   0.055660
1863.482900   12.901690   0.056820
1863.487037   12.907380   0.057920
1863.490505   12.961700   0.060980
1863.494064   12.961940   0.056330
1863.496621   12.958330   0.060060
1863.498272   12.993670   0.060570
1863.500087   12.950130   0.061170
1863.501889   12.963750   0.066470
1863.503937   12.947810   0.089350
1864.122118   12.932520   0.023790
1864.131216   12.919370   0.032000
1864.140349   12.930720   0.027660
1864.149328   12.935710   0.027660
1864.158727   12.955390   0.026620
1864.168077   12.911640   0.034010
1864.177441   12.935010   0.032100
1864.186471   12.938740   0.025640
1864.195786   12.929920   0.032230
1864.204761   12.954800   0.029050
1864.213956   12.932810   0.027140
1864.223275   12.937560   0.026800
1864.232312   12.936050   0.031840
1864.241734   12.962550   0.031700
1864.250994   12.933150   0.027250
1864.260292   12.946600   0.032860
1864.269452   12.943080   0.028350
1864.278712   12.940620   0.033140
1864.288040   12.958630   0.034040
1864.297228   12.970890   0.031870
1864.306786   12.948830   0.033440
1864.315982   12.951610   0.034130
1864.325240   12.925260   0.032510
1864.334830   12.933470   0.031700
1864.344223   12.898370   0.044770
1864.353629   12.899570   0.042930
1864.362884   12.925430   0.048100
1864.372284   12.878900   0.054800
1864.381718   12.930690   0.050480
1864.391386   12.934060   0.042810
1864.401175   12.880660   0.053130
1864.410777   12.911980   0.046980
1864.420158   12.888260   0.047320
1864.429378   12.909040   0.052090
1864.438639   12.946040   0.059820
1864.448098   12.993400   0.070700
1864.457409   12.913670   0.072030
1864.465120   12.985700   0.070460
1864.472313   13.001030   0.082900
1864.477494   12.909950   0.088320
1864.482643   12.941560   0.109080
1864.489646   12.937570   0.120530
1864.492216   12.959310   0.103080
1864.494776   12.995950   0.102970
1864.496480   12.941900   0.107980
1864.498365   12.950170   0.106520
1864.500091   12.942720   0.114800
1864.501760   12.936710   0.106780
1865.081649   12.907860   0.036170
1865.090914   12.939680   0.038750
1865.103000   12.912880   0.035600
1865.112265   12.941280   0.035740
1865.121493   12.935320   0.044780
1865.180915   12.940030   0.024780
1865.189934   12.946550   0.019810
1865.199137   12.960440   0.025350
1865.208040   12.949130   0.019520
1865.217207   12.946180   0.029690
1865.226382   12.950640   0.028590
1865.235932   12.955190   0.030920
1865.245886   12.918720   0.030900
1865.255783   12.920320   0.030440
1865.265750   12.960920   0.040890
1865.275774   12.938270   0.035690
1865.285892   12.933530   0.031250
1865.295973   12.966930   0.034070
1865.306185   12.933710   0.034890
1865.316145   12.963180   0.032350
1865.326150   12.925770   0.035880
1865.336276   12.954760   0.041230
1865.346577   12.949170   0.038020
1865.356675   12.934130   0.034700
1865.366659   12.929130   0.041500
1865.376904   12.928090   0.039760
1865.387088   12.971960   0.041660
1865.397153   12.946600   0.044060
1865.407149   12.947970   0.042120
1865.417333   12.932190   0.038960
1865.427630   12.930860   0.040910
1865.437669   12.896490   0.040240
1865.448171   12.915970   0.050290
1865.457324   12.916090   0.055450
1865.465615   12.924360   0.059640
1865.471988   12.990560   0.069920
1865.477591   12.971440   0.085670
1865.482335   12.947230   0.073680
1865.486159   12.910320   0.084710
1865.489785   12.947590   0.074140
1865.492667   12.926700   0.072490
1865.494427   12.977420   0.072340
1865.496283   12.965050   0.068150
1865.498551   12.964760   0.106620
1866.165339   12.926720   0.021710
1866.174723   12.921060   0.021710
1866.184057   12.916350   0.022000
1866.193410   12.922010   0.022340
1866.202706   12.922280   0.023210
1866.212035   12.914150   0.023730
1866.221409   12.943410   0.024310
1866.230791   12.922500   0.023440
1866.240551   12.924340   0.023500
1866.250004   12.913880   0.023500
1866.259354   12.934700   0.024190
1867.193045   12.933930   0.016280
1867.202355   12.940460   0.017150
1867.211516   12.933380   0.017090
1867.220585   12.932900   0.018070
1867.230131   12.934910   0.018300
1867.239707   12.934360   0.018130
1867.249230   12.927420   0.017670
1867.258785   12.936090   0.018300
1867.268385   12.954920   0.018710
1867.277702   12.935170   0.018880
1867.287153   12.941890   0.019050
1867.296854   12.948610   0.019640
1867.306121   12.951880   0.020040
1867.315500   12.951010   0.019980
1867.325094   12.945540   0.020500
1867.334502   12.944600   0.020840
1867.344482   12.936600   0.021830
1867.354030   12.931530   0.021710
1867.363492   12.952230   0.025460
1867.372735   12.920770   0.022690
1867.382212   12.927490   0.023330
1867.391671   12.927860   0.026100
1867.401392   12.937430   0.025410
1867.410805   12.948670   0.024190
1867.420288   12.946550   0.029480
1867.429722   12.925270   0.030260
1867.439192   12.920160   0.029160
1867.448574   12.942480   0.032570
1867.456168   12.943460   0.028290
1867.463320   12.954840   0.029500
1867.469421   12.924970   0.030490
1867.473939   12.933640   0.024600
1867.478291   12.923170   0.022580
1867.481655   12.938580   0.022980
1867.484335   12.922190   0.024540
1867.486951   12.945240   0.024710
1867.488639   12.929610   0.025710
1867.490315   12.937270   0.026520
1867.492002   12.920680   0.025180
1867.493724   12.930260   0.024310
1868.197661   12.928030   0.030250
1868.207123   12.940800   0.029770
1868.216495   12.905380   0.040660
1868.225986   12.936960   0.036030
1868.235811   12.913220   0.042590
1868.245580   12.899170   0.038400
1868.255259   12.929820   0.041710
1868.264815   12.935250   0.041920
1868.274279   12.937460   0.046140
1868.283929   12.928250   0.041520
1868.293537   12.943050   0.060670
1868.303104   12.895750   0.069960
1868.312574   12.947090   0.065650
1868.322548   12.930690   0.047420
1868.332083   12.953300   0.045680
1868.341800   12.964320   0.048380
1868.351466   12.928000   0.058890
1868.360837   12.967610   0.062820
1868.370659   12.888180   0.054890
1868.380417   12.957800   0.057330
1868.390367   12.934690   0.056880
1868.399668   12.933680   0.053720
1868.409622   12.931270   0.058170
1868.419023   12.930860   0.053380
1868.428372   12.898020   0.053180
1868.437691   12.920540   0.057350
1868.446987   12.933860   0.057880
1868.454949   12.909040   0.060690
1868.461066   12.921860   0.059870
1868.467151   12.914780   0.063910
1868.471440   12.898030   0.065440
1868.475710   12.902360   0.072240
1868.479187   12.960910   0.080400
1868.481793   12.877940   0.073570
1868.484421   12.966460   0.068060
1868.486154   12.958690   0.070960
1868.487874   12.987980   0.072900
1868.489584   12.945050   0.068890
1868.491280   12.963320   0.071210
1868.552972   12.963760   0.116570
1868.562396   12.909110   0.105370
1869.239644   12.926470   0.084370
1869.249027   12.928470   0.082290
1869.258676   12.951680   0.098420
1869.268460   12.905000   0.109520
1869.278238   12.978610   0.121630
1869.287800   12.923020   0.120840
1869.297468   12.922280   0.100410
1869.307193   12.972750   0.071500
1870.219778   12.951060   0.019520
1870.229270   12.962130   0.020440
1870.238762   12.924100   0.021770
1870.248135   12.941940   0.020960
1870.257691   12.932410   0.023670
1870.267266   12.925640   0.022630
1870.276950   12.930650   0.023040
1870.286498   12.930060   0.023380
1870.295849   12.930990   0.021830
1870.305565   12.954700   0.023440
1870.315197   12.917900   0.026210
1870.325274   12.938670   0.026910
1870.335174   12.916430   0.024710
1870.344892   12.916860   0.026330
1870.354573   12.919760   0.030320
1870.364104   12.937800   0.039740
1870.373603   12.932060   0.039390
1870.383600   12.922170   0.043520
1870.393243   12.919660   0.058590
1870.402820   12.948380   0.079990
1870.412418   12.912400   0.070920
1870.421719   12.949130   0.070510
1870.431056   12.903040   0.073020
1870.440608   12.936510   0.057750
1870.448993   12.935330   0.053990
1870.456179   12.949330   0.055510
1870.461756   12.937590   0.067770
1870.466593   12.960370   0.077800
1870.470290   12.941020   0.063090
1870.474034   12.923620   0.077140
1870.476825   12.931110   0.081990
1870.478569   12.946080   0.079020
1870.480341   12.972670   0.079660
1870.482097   12.934290   0.077620
1870.483838   12.945540   0.080990
1870.485602   12.906850   0.079310
1871.136689   12.944420   0.024080
1871.146179   12.921650   0.022520
1871.155384   12.928110   0.021830
1871.164955   12.932960   0.024540
1871.174269   12.921510   0.024200
1871.183469   12.922180   0.025420
1871.192872   12.919670   0.024490
1871.202392   12.908240   0.025930
1871.211865   12.919700   0.030970
1871.221273   12.949840   0.029270
1871.230922   12.930010   0.026100
1871.240394   12.913610   0.025350
1871.250018   12.919950   0.027600
1871.259511   12.943930   0.026400
1871.269122   12.938980   0.026500
1871.278903   12.956610   0.025810
1871.288648   12.923290   0.027950
1871.298226   12.930850   0.026800
1871.307789   12.920230   0.029460
1871.317562   12.944480   0.029390
1871.327342   12.922840   0.029910
1871.337079   12.928660   0.033220
1871.346725   12.951650   0.033790
1871.356495   12.917590   0.032450
1871.366277   12.897130   0.036150
1871.375944   12.946870   0.037310
1871.385808   12.912660   0.039330
1871.395399   12.955710   0.042990
1871.404882   12.933060   0.049080
1871.414342   12.940310   0.045390
1871.423744   12.900870   0.045740
1871.433495   12.908090   0.047990
1871.442405   12.943560   0.044340
1871.449670   12.938200   0.046950
1871.455742   12.918780   0.047690
1871.461191   12.894150   0.050630
1871.465968   12.913360   0.050660
1871.469461   12.911400   0.050230
1871.472994   12.884900   0.050000
1871.476070   12.911700   0.046300
1871.477819   12.940160   0.046070
1871.479709   12.922060   0.047750
1871.481438   12.930650   0.047460
1871.550420   12.966640   0.055610
1871.559908   12.907210   0.053850
1871.569340   12.893460   0.055790
1871.578835   12.912340   0.060810
1871.588334   12.910020   0.068630
1871.597765   12.972530   0.084830
1871.607264   12.874980   0.077850
1871.616819   12.937130   0.107890
1871.626324   12.914760   0.127380
1872.324463   12.920690   0.025870
1872.334315   12.943980   0.027380
1872.344041   12.922370   0.027570
1872.353623   12.923760   0.027260
1872.363427   12.929500   0.026330
1872.373279   12.916950   0.025290
1872.383099   12.915350   0.027140
1872.392766   12.940230   0.026910
1872.402203   12.926150   0.027080
1872.412032   12.960330   0.028530
1872.421585   12.917570   0.029050
1872.431130   12.933490   0.030960
1872.439874   12.940510   0.031300
1872.447517   12.929270   0.030430
1872.454162   12.941380   0.031580
1872.459603   12.917340   0.035750
1872.463903   12.936990   0.036510
1872.467716   12.929400   0.034360
1872.470496   12.916670   0.033510
1872.473152   12.947730   0.035760
1872.474857   12.944420   0.035760
1872.476617   12.927820   0.036310
1872.478370   12.915880   0.035790
1872.480228   12.927720   0.035860
1872.541663   12.952530   0.049270
1872.550845   12.918220   0.047700
1872.560270   12.906110   0.050010
1872.569828   12.920160   0.052910
1872.579400   12.913160   0.056410
1872.588943   12.889880   0.060550
1872.598488   12.969460   0.067020
1872.608116   12.986260   0.073500
1872.617527   12.953150   0.078880
1872.627101   13.037090   0.110600
1873.229437   12.919520   0.029270
1873.238826   12.934070   0.031070
1873.248403   12.936360   0.030140
1873.258009   12.932840   0.031260
1873.267456   12.951790   0.033040
1873.276959   12.945970   0.032050
1873.286788   12.943550   0.032170
1873.296275   12.935550   0.034440
1873.305896   12.925920   0.037850
1873.315548   12.923180   0.038400
1873.325684   12.973110   0.037250
1873.335346   12.947180   0.042500
1873.344943   12.944960   0.040370
1873.354842   12.940420   0.040310
1873.364691   12.920420   0.045020
1873.374458   12.914130   0.042490
1873.383960   12.913660   0.038340
1873.393856   12.932990   0.040900
1873.403606   12.979550   0.041490
1873.413210   12.963370   0.046670
1873.422938   12.915440   0.046230
1873.432622   12.952020   0.041400
1873.441010   12.956580   0.039470
1873.447044   12.943630   0.037540
1873.453044   12.914540   0.036490
1873.457630   12.925870   0.039720
1873.462090   12.961750   0.041790
1873.465548   12.948060   0.039610
1873.468261   12.940830   0.041060
1873.470892   12.937180   0.042450
1873.472722   12.931450   0.041060
1873.474437   12.927590   0.041720
1873.476606   12.926760   0.058750
1873.548852   12.911820   0.115330
1873.558313   12.921020   0.097570
1873.567696   12.891000   0.093540
1873.577180   12.977530   0.106180
1873.586745   12.946670   0.088340
1873.596227   13.011620   0.120900
1873.605773   12.957530   0.118560
1873.615321   12.907760   0.110790
1873.624816   13.055700   0.122530
1874.032527   12.947500   0.020320
1874.041923   12.942380   0.021310
1874.051714   12.939000   0.020900
1874.061193   12.927550   0.020790
1874.070741   12.909710   0.022290
1874.080230   12.933430   0.021770
1874.089638   12.934050   0.022110
1874.098984   12.918290   0.022520
1874.108441   12.940370   0.022060
1874.117749   12.943680   0.022980
1874.127103   12.945440   0.023450
1874.136654   12.930660   0.023100
1874.145982   12.924590   0.023850
1874.155173   12.927340   0.025640
1874.164605   12.916940   0.028180
1874.174153   12.948400   0.034240
1874.183645   12.931920   0.043710
1874.193053   12.916920   0.058750
1874.202515   12.933820   0.061400
1874.212179   12.897590   0.066350
1874.222051   12.906220   0.061430
1874.593715   12.890870   0.105130
1874.603390   12.902880   0.099230
1874.613039   12.863530   0.114570
1876.992585   12.932360   0.022180
1877.002277   12.933910   0.022000
1877.012009   12.957020   0.023510
1877.021623   12.926940   0.022530
1877.031340   12.930400   0.025220
1877.041094   12.930340   0.024140
1877.050632   12.944860   0.021190
1877.060512   12.935430   0.021710
1877.070280   12.944360   0.023670
1877.080037   12.950030   0.023230
1877.089835   12.938270   0.022460
1877.099542   12.947680   0.023740
1877.109324   12.934730   0.028850
1877.119234   12.894760   0.028600
1877.128562   12.918210   0.026000
1877.137988   12.911230   0.025170
1877.147449   12.912770   0.031360
1877.157081   12.905100   0.029400
1877.166514   12.931370   0.026810
1877.175811   12.947540   0.026290
1877.185180   12.951390   0.027900
1877.194638   12.934640   0.027120
1877.204359   12.945400   0.025700
1877.213829   12.943920   0.025230
1877.223290   12.930230   0.027440
1877.232928   12.943520   0.025640
1877.242583   12.910380   0.027740
1877.252102   12.934800   0.030030
1877.261424   12.920470   0.028410
1877.271317   12.906660   0.026000
1877.280810   12.930550   0.024480
1877.290913   12.925020   0.028250
1877.300784   12.961920   0.032860
1877.310552   12.922750   0.027020
1877.320329   12.935980   0.033030
1877.330019   12.932520   0.027900
1877.339609   12.933070   0.024550
1877.349339   12.945360   0.028870
1877.359563   12.924450   0.025180
1877.369289   12.938730   0.028430
1877.379166   12.924900   0.027150
1877.389199   12.943470   0.032280
1877.398748   12.884310   0.034500
1877.408188   12.920200   0.033450
1877.417610   12.916660   0.031480
1877.426444   12.953840   0.028180
1877.433416   12.930540   0.030620
1877.439426   12.896730   0.034910
1877.444578   12.924880   0.033550
1877.449101   12.899250   0.029100
1877.452622   12.940390   0.035010
1877.456119   12.935370   0.031540
1877.458826   12.929280   0.029570
1877.460660   12.933370   0.031020
1877.462441   12.922030   0.031120
1877.464144   12.944140   0.031350
1877.465872   12.957020   0.033390
1877.528546   12.924060   0.039490
1877.538164   12.923730   0.043080
1877.547759   12.925200   0.045340
1877.557433   12.901560   0.046780
1877.566991   12.913960   0.047020
1877.956588   12.947700   0.035260
1877.966360   12.934990   0.030790
1877.975795   12.923740   0.025010
1877.985575   12.925310   0.021710
1877.995071   12.933820   0.020960
1878.004964   12.945240   0.020670
1878.014335   12.930760   0.021880
1878.023915   12.939600   0.018040
1878.033403   12.948010   0.020440
1878.042881   12.938280   0.019980
1878.052477   12.917510   0.022350
1878.062202   12.934400   0.022060
1878.072038   12.919810   0.022120
1878.081838   12.952730   0.023270
1878.091595   12.943090   0.021880
1878.101204   12.954030   0.023100
1878.111056   12.935270   0.023210
1878.120475   12.932460   0.023270
1878.129972   12.929160   0.025460
1878.139452   12.951110   0.029560
1878.148981   12.921980   0.047780
1878.158293   12.939930   0.042380
1878.167692   12.928560   0.025810
1878.177309   12.944830   0.025350
1878.186872   12.948160   0.031700
1878.196273   12.952870   0.031470
1878.206054   12.941770   0.035340
1878.215833   12.962320   0.038390
1878.225557   12.924180   0.039870
1878.235117   12.932410   0.032740
1878.244657   12.932820   0.033090
1878.254352   12.949700   0.035860
1878.263984   12.913250   0.038690
1878.273770   12.942920   0.040680
1878.283405   12.943540   0.042110
1878.293079   12.944720   0.040950
1878.302887   12.943630   0.051310
1878.312828   12.930310   0.054280
1878.322431   12.957880   0.049770
1878.332111   12.936970   0.055140
1878.342126   12.960600   0.039460
1878.351898   12.933300   0.044870
1878.361666   12.959030   0.042150
1878.371492   12.918150   0.044510
1878.381052   12.903660   0.046740
1878.390611   12.939210   0.037830
1878.400035   12.911750   0.044520
1878.409523   12.926130   0.042390
1878.419250   12.916790   0.049570
1878.427139   12.932570   0.050990
1878.434256   12.948780   0.042640
1878.439734   12.923990   0.051680
1878.444205   12.936600   0.040730
1878.448555   12.915900   0.040450
1878.452064   12.930140   0.049070
1878.454721   12.917700   0.047030
1878.457364   12.934410   0.047440
1878.459093   12.942430   0.049140
1878.460943   12.948280   0.049690
1878.463071   12.912420   0.069240
1878.523903   12.939510   0.052270
1878.533380   12.941630   0.052200
1878.542754   12.915570   0.051140
1878.552323   12.898370   0.054920
1878.561961   12.952740   0.060740
1878.571685   12.934470   0.078240
1878.581234   12.984440   0.084540
1878.590773   12.952330   0.086580
1878.600390   12.953020   0.104130
1878.885725   12.953470   0.072270
1878.896259   12.933670   0.050690
1878.907039   12.873020   0.049130
1878.917827   12.941340   0.047180
1878.928636   12.910320   0.045790
1878.939490   12.934490   0.040700
1878.950209   12.953970   0.034290
1878.960985   12.933080   0.032110
1878.971663   12.907680   0.030610
1878.982256   12.901130   0.031120
1878.992862   12.935190   0.029040
1879.003349   12.932770   0.031180
1879.014056   12.945150   0.031640
1879.024781   12.927490   0.032520
1879.035403   12.925390   0.035390
1879.046338   12.932780   0.035400
1879.056998   12.927150   0.036950
1879.067120   12.962710   0.038160
1879.077625   12.950800   0.037070
1879.087804   12.934000   0.039490
1879.097718   12.918830   0.042960
1879.108265   12.923360   0.045440
1879.118677   12.935380   0.048420
1879.128946   12.964520   0.039030
1879.138951   12.912440   0.045910
1879.148948   12.962530   0.050760
1879.158753   12.925180   0.053920
1879.168681   12.930860   0.052340
1879.178653   12.941720   0.057500
1879.188532   12.933030   0.059970
1879.198658   12.941240   0.061000
1879.208980   12.914030   0.057800
1879.219105   12.926550   0.058860
1879.229198   12.905310   0.062220
1879.239692   12.925650   0.060650
1879.249885   12.906030   0.061250
1879.259988   12.952190   0.056360
1879.270136   12.945650   0.055490
1879.279998   12.920820   0.044630
1879.290256   12.954430   0.054640
1879.300321   12.924730   0.055530
1879.310604   12.917100   0.054790
1879.321132   12.906160   0.056010
1879.331398   12.914250   0.059220
1879.341711   12.940290   0.056760
1879.352168   12.954120   0.058950
1879.362239   12.919120   0.056070
1879.372581   12.921080   0.058150
1879.383093   12.938520   0.035700
1879.393142   12.966630   0.063510
1879.403333   12.938310   0.065250
1879.413718   12.975350   0.066020
1879.422210   12.961100   0.064920
1879.430290   12.952940   0.067260
1879.436891   12.991540   0.066670
1879.441492   12.968690   0.072400
1879.445571   12.920290   0.072600
1879.449457   12.912350   0.074830
1879.452342   12.908760   0.061170
1879.454194   12.883230   0.075430
1879.456055   12.916620   0.063500
1879.457932   12.979720   0.079820
1879.460282   12.928180   0.109680
1879.524043   12.911270   0.096210
1879.534146   12.909830   0.098870
1879.544253   12.872390   0.095120
1879.554321   12.844380   0.056400
1879.564508   13.024130   0.106780
1879.574677   12.905950   0.102030
1879.584814   12.981590   0.108760
1879.594935   13.027760   0.114330
1879.605121   12.973910   0.119580
1879.615186   12.948400   0.123120
1879.625350   12.901150   0.105860
1879.885631   12.898230   0.083950
1879.895153   12.907690   0.069420
1879.904711   12.898690   0.051240
1879.914664   12.914980   0.041060
1879.924232   12.895580   0.031350
1879.933937   12.929650   0.028410
1879.943742   12.937590   0.025000
1879.953255   12.941250   0.022930
1879.962965   12.926000   0.021070
1879.972299   12.905730   0.020380
1879.982133   12.913160   0.020960
1879.991480   12.928910   0.022580
1880.001350   12.942310   0.023970
1880.010995   12.946310   0.025650
1880.020489   12.926050   0.025830
1880.030167   12.923820   0.026000
1880.040004   12.914100   0.025000
1880.050020   12.928090   0.025120
1880.059700   12.942100   0.026040
1880.069635   12.929360   0.026170
1880.079469   12.941130   0.027890
1880.089000   12.943180   0.026790
1880.098524   12.935100   0.027720
1880.108072   12.922560   0.030200
1880.117530   12.946200   0.026730
1880.127140   12.906360   0.028070
1880.200091   12.911160   0.029790
1880.209735   12.940310   0.033550
1880.219431   12.941950   0.031280
1880.229324   12.938640   0.029590
1880.238989   12.932490   0.028410
1880.248836   12.927140   0.028060
1880.258298   12.958930   0.029790
1880.267686   12.950370   0.030540
1880.277275   12.958790   0.031010
1880.286928   12.942420   0.036920
1880.306613   12.927010   0.030140
1880.369120   12.927210   0.028880
1880.684731   12.858580   0.094390
1880.693935   12.966140   0.090290
1880.703424   12.937170   0.098510
1880.712965   12.930050   0.127690
1880.967707   12.902080   0.031490
1880.977730   12.933180   0.033070
1880.987626   12.918970   0.027100
1880.997175   12.946530   0.025750
1881.007352   12.952010   0.026330
1881.017262   12.942810   0.026800
1881.027023   12.947740   0.028640
1881.036583   12.937370   0.027830
1881.046307   12.928300   0.027770
1881.055914   12.933930   0.033280
1881.065565   12.928310   0.030090
1881.075352   12.942800   0.034310
1881.085120   12.952400   0.031970
1881.094964   12.945940   0.029570
1881.104801   12.920020   0.026110
1881.114937   12.962600   0.035050
1881.124474   12.941050   0.031990
1881.134326   12.942350   0.033630
1881.143810   12.922700   0.026560
1881.153419   12.928610   0.035350
1881.163015   12.939460   0.031180
1881.171357   12.946840   0.027660
1881.180981   12.925410   0.028640
1881.190627   12.937740   0.024310
1881.200550   12.931000   0.026390
1881.210473   12.924170   0.028290
1881.220305   12.942270   0.030550
1881.230199   12.941820   0.030140
1881.239668   12.941960   0.031520
1881.249328   12.931780   0.030140
1881.258917   12.937350   0.030480
1881.268352   12.921270   0.031580
1881.278189   12.927850   0.031240
1881.288137   12.937560   0.032040
1881.297680   12.958960   0.032790
1881.307337   12.925330   0.032850
1881.317394   12.937480   0.034290
1881.327336   12.936080   0.035620
1881.337373   12.920670   0.034470
1881.347129   12.917820   0.034700
1881.357110   12.938850   0.036430
1881.366722   12.903040   0.036380
1881.376276   12.934210   0.038280
1881.386104   12.939620   0.039320
1881.395996   12.909800   0.039270
1881.405772   12.925140   0.039320
1881.414838   12.928740   0.041830
1881.422098   12.975920   0.042160
1881.428287   12.932200   0.040420
1881.433496   12.936260   0.042090
1881.437835   12.908840   0.044760
1881.441542   12.973310   0.044060
1881.445078   12.948380   0.045260
1881.447777   12.955730   0.045620
1881.449541   12.956480   0.044110
1881.451276   12.968240   0.044060
1881.453055   12.962010   0.045630
1881.455245   12.960850   0.063960
1881.512259   12.946000   0.046930
1881.522032   12.915510   0.053280
1881.531584   12.915020   0.055520
1881.541053   12.878500   0.055320
1881.550943   12.903370   0.054550
1881.560601   12.923910   0.060280
1881.570473   12.934620   0.053640
1881.580253   12.950880   0.060990
1881.589860   12.955810   0.059490
1881.599577   12.992460   0.061330
1881.609472   12.920310   0.057230
1881.619114   12.926680   0.069640
1881.628942   12.964300   0.080520
1881.638590   12.897900   0.075940
1881.648351   12.941260   0.084090
1881.816745   13.015660   0.133720
1881.826319   12.893730   0.102550
1881.835921   12.946200   0.075870
1881.845731   12.940850   0.063750
1881.855252   12.985770   0.056120
1881.864967   12.940160   0.051910
1881.874874   12.934000   0.047400
1881.884546   12.963570   0.040820
1881.894462   12.936830   0.035740
1881.904494   12.943230   0.032220
1881.914271   12.927580   0.031290
1881.923884   12.933400   0.031290
1881.933466   12.937760   0.029330
1881.943231   12.917780   0.029960
1881.952875   12.956520   0.038690
1881.962633   12.905520   0.042260
1881.972149   12.920640   0.044480
1881.982098   12.916050   0.045570
1881.992169   12.970930   0.058790
1882.001889   12.899150   0.064730
1882.011594   12.925280   0.069560
1882.021627   12.920330   0.050940
1882.031644   12.930310   0.053520
1882.041324   12.891800   0.054550
1882.051198   12.900400   0.047530
1882.060871   12.917820   0.049420
1882.070527   12.993930   0.101200
1882.080330   12.941660   0.039860
1882.090096   12.902010   0.081800
1882.099416   12.891820   0.069800
1882.109365   12.957650   0.071070
1882.121972   12.906870   0.056400
1882.131558   12.919470   0.046430
1882.141120   12.936640   0.074230
1882.150540   12.951140   0.046770
1882.160119   12.931240   0.048510
1882.169652   12.934440   0.052270
1882.179008   12.931050   0.054250
1882.188466   12.917100   0.055850
1882.198063   12.947430   0.065290
1882.208031   12.880370   0.121080
1882.217722   12.981120   0.102200
1882.227231   12.952080   0.083940
1882.236839   12.923570   0.077320
1882.246251   12.993880   0.104010
1882.256107   12.981140   0.118250
1882.266006   12.941190   0.112740
1882.275585   12.987600   0.099270
1882.285301   12.924520   0.098170
1882.295361   12.943890   0.086890
1882.305067   12.835860   0.117640
1882.325032   12.943840   0.095790
1882.334886   12.944330   0.083930
1882.344919   12.922460   0.095710
1882.354771   12.900590   0.109350
1882.364587   12.928800   0.088070
1882.374737   12.938540   0.081930
1883.093660   12.915670   0.036690
1883.103366   13.004750   0.068330
1883.112818   12.948480   0.040790
1883.122237   12.926980   0.047420
1883.131900   12.918550   0.036780
1883.141295   12.943240   0.042450
1883.150882   12.921560   0.043650
1883.160374   12.921650   0.049050
1883.169871   12.904440   0.054400
1883.179271   12.915460   0.039800
1883.188727   12.936810   0.040030
1883.198404   12.910400   0.048230
1883.207904   12.942630   0.047240
1883.217549   12.890580   0.050340
1883.226897   12.911180   0.051160
1883.236210   12.932920   0.050590
1883.245790   12.963950   0.048090
1883.255334   12.956110   0.051530
1883.265175   12.914310   0.048960
1883.274780   12.921290   0.052490
1883.284849   12.928220   0.070910
1883.294394   12.948470   0.081710
1883.304305   12.966980   0.068800
1883.314080   12.958490   0.093160
1883.323720   12.913790   0.071080
1883.333437   12.930560   0.060490
1883.343435   12.923890   0.065110
1883.353548   13.004610   0.070540
1883.363493   12.932370   0.056880
1883.373027   12.919260   0.060350
1883.382657   12.919630   0.071320
1883.392439   12.933710   0.063280
1883.402040   12.916650   0.061500
1883.410061   12.950280   0.070890
1883.417485   12.965950   0.069260
1883.423677   12.912440   0.064920
1883.428949   12.952890   0.072520
1883.433300   12.935330   0.081900
1883.436812   12.912860   0.062620
1883.440325   12.877210   0.073030
1883.443180   12.889710   0.065310
1883.444926   12.954860   0.077630
1883.446707   12.927040   0.061070
1883.448508   12.994720   0.065680
1883.507335   12.900350   0.071790
1883.517022   12.929670   0.071920
1883.526655   12.898800   0.081080
1883.536232   12.865780   0.088750
1883.545818   12.870170   0.088430
1883.555341   12.942810   0.087180
1883.565051   12.971210   0.090390
1883.574608   12.851360   0.084030
1883.584302   12.956630   0.086810
1883.593915   13.024470   0.085560
1884.099534   12.925190   0.019340
1884.109140   12.913620   0.019170
1884.118686   12.924440   0.023670
1884.128292   12.960020   0.030630
1884.137551   12.911730   0.021660
1884.147279   12.910430   0.024480
1884.156774   12.916840   0.025630
1884.166197   12.964700   0.031530
1884.175960   12.917930   0.030850
1884.185414   12.957430   0.026980
1884.194977   12.924480   0.022520
1884.204574   12.928460   0.024770
1884.214174   12.937980   0.022410
1884.223839   12.914730   0.024930
1884.233272   12.913850   0.035010
1884.242628   12.927340   0.020560
1884.252195   12.919130   0.020090
1884.261682   12.929510   0.020560
1884.271201   12.930860   0.020320
1884.280876   12.940490   0.022410
1884.290846   12.933480   0.024250
1884.300573   12.950440   0.026800
1884.310420   12.928960   0.038740
1884.320206   12.920900   0.024830
1884.330156   12.933110   0.025460
1884.340081   12.932360   0.030440
1884.350052   12.921880   0.029620
1884.360119   12.932350   0.025350
1884.370060   12.934210   0.025520
1884.379738   12.916770   0.027140
1884.389528   12.908670   0.021830
1884.399065   12.929460   0.023040
1884.406881   12.933780   0.026150
1884.413865   12.923910   0.030890
1884.420368   12.939000   0.033980
1884.425635   12.934280   0.024030
1884.430150   12.922500   0.021880
1884.433678   12.933200   0.024430
1884.437202   12.936290   0.024250
1884.439908   12.939120   0.025640
1884.441669   12.935780   0.025060
1884.443407   12.928240   0.024250
1884.445186   12.938570   0.023500
1884.446926   12.956550   0.031510
1884.503638   12.944710   0.021830
1884.513187   12.927170   0.026670
1884.522993   12.906220   0.022460
1884.532900   12.891940   0.019690
1884.542819   12.882300   0.024600
1884.552706   12.934380   0.030190
1884.562458   12.936090   0.018760
1884.572213   12.937960   0.023040
1884.581820   12.932530   0.019340
1884.591479   12.941970   0.024650
1884.600983   12.930860   0.022230
1884.610820   12.933220   0.021020
1884.886961   12.930100   0.051120
1884.896459   12.953570   0.057520
1884.906042   12.953600   0.049260
1884.915643   12.956120   0.066760
1884.925737   12.958990   0.046020
1884.935570   13.035050   0.070150
1884.945448   12.916430   0.051720
1884.954875   12.940120   0.055840
1884.964329   12.882780   0.050650
1884.974229   12.923230   0.067050
1884.983546   13.000690   0.066920
1884.993441   12.991170   0.055110
1885.003341   12.924180   0.052550
1885.013229   12.931020   0.058540
1885.022911   12.940060   0.058720
1885.032502   12.945480   0.071940
1885.042137   12.994550   0.070460
1885.052183   12.931460   0.068970
1885.061957   12.933730   0.087480
1885.071678   12.989870   0.090940
1885.081285   12.956550   0.107620
1885.090973   12.908000   0.087980
1885.100847   12.885540   0.083290
1885.278794   12.970270   0.046270
1885.288696   12.912570   0.064460
1885.298475   12.977800   0.047540
1885.308250   12.955020   0.048180
1885.318087   12.953810   0.049540
1885.328301   12.942140   0.058610
1885.338173   12.946360   0.098990
1885.347960   12.944610   0.081480
1885.357853   12.864190   0.076020
1885.367578   12.909200   0.091850
1885.377344   12.824260   0.103430
1885.386938   12.820660   0.107460
1885.396599   12.910430   0.094950
1885.404395   12.896870   0.079750
1885.411445   12.992080   0.094400
1885.417511   12.816000   0.095840
1885.422892   12.909800   0.102320
1885.427461   12.902550   0.097250
1885.430989   12.921120   0.078080
1885.434637   12.914740   0.087930
1885.437356   12.954900   0.093190
1885.439093   12.926790   0.091920
1885.440855   12.935270   0.088590
1885.442624   12.949250   0.081150
1885.444416   12.932080   0.082240
1885.502228   12.915110   0.090850
1885.511985   12.949660   0.113420
1885.521821   12.906610   0.091490
1885.531512   12.956550   0.090810
1885.541243   12.958160   0.098530
1885.551133   12.955860   0.080550
1885.560860   13.000650   0.082400
1885.570601   12.959830   0.078660
1885.580236   13.005120   0.099450
1885.590133   12.952940   0.067050
1886.072366   12.940930   0.018020
1886.082057   12.931400   0.019570
1886.091456   12.930240   0.020320
1886.101064   12.933540   0.020960
1886.110701   12.922210   0.020560
1886.120214   12.928870   0.020790
1886.129544   12.931380   0.021940
1886.138882   12.934200   0.022520
1886.148233   12.927560   0.022400
1886.157943   12.933820   0.023270
1886.167550   12.937480   0.026410
1886.177101   12.927500   0.025870
1886.186997   12.932530   0.027370
1886.196609   12.936240   0.028810
1886.206153   12.929950   0.031700
1886.215757   12.908930   0.033260
1886.225422   12.920570   0.044000
1886.234829   12.933790   0.044980
1886.244630   12.916320   0.043830
1886.254426   12.919580   0.032110
1886.263771   12.923490   0.026560
1886.273578   12.922250   0.048100
1886.283270   12.932810   0.025930
1886.293134   12.943610   0.027200
1886.303115   12.936750   0.031700
1886.312914   12.928480   0.028640
1886.322818   12.942370   0.029400
1886.332859   12.921010   0.029510
1886.342543   12.926770   0.028290
1886.352534   12.916020   0.028470
1886.362281   12.917240   0.031530
1886.372003   12.932930   0.031930
1886.381496   12.912860   0.033850
1886.391198   12.940220   0.036030
1886.399994   12.938970   0.036260
1886.408171   12.921790   0.036550
1886.414363   12.937290   0.046210
1886.419581   12.947830   0.047210
1886.423873   12.921030   0.041980
1886.427459   12.937000   0.041230
1886.431086   12.935430   0.040300
1886.433748   12.930980   0.045590
1886.435540   12.950570   0.049510
1886.437293   12.936540   0.042860
1886.439058   12.928440   0.043080
1886.441348   12.933830   0.093410
