1863.169882   13.824300   0.065960
1863.179028   13.853090   0.073520
1863.188111   13.744330   0.084900
1863.197263   13.889920   0.083250
1863.206453   13.784250   0.074710
1863.215516   13.833740   0.095090
1863.224486   13.848050   0.089490
1863.233708   13.876430   0.095830
1863.243026   13.857290   0.096990
1863.252052   13.811390   0.086420
1863.260978   13.859390   0.083330
1863.270074   13.903110   0.089530
1863.279229   13.855130   0.088230
1863.288341   13.785600   0.078140
1863.297662   13.850060   0.075840
1863.306748   13.825300   0.084520
1863.315898   13.788080   0.081680
1863.325261   13.802560   0.080830
1863.334632   13.772400   0.087240
1863.344416   13.853940   0.087360
1863.353962   13.843370   0.083940
1863.363511   13.793810   0.070750
1863.372640   13.796330   0.063240
1863.381795   13.855960   0.071310
1863.391577   13.810120   0.074660
1863.400670   13.812410   0.078700
1863.410157   13.802660   0.080380
1863.419415   13.821960   0.085360
1863.428728   13.755450   0.087210
1863.438171   13.765080   0.092200
1863.447725   13.750220   0.093480
1863.457038   13.806510   0.112020
1863.464667   13.802530   0.116440
1863.471410   13.824280   0.066100
1863.477686   13.838950   0.121410
1863.482976   13.793820   0.093000
1863.487190   13.853090   0.068800
1863.490429   13.850300   0.096110
1863.494064   13.866110   0.065800
1863.498118   13.736990   0.067600
1864.122118   13.841720   0.053930
1864.131216   13.854980   0.073300
1864.140349   13.837050   0.063930
1864.149328   13.862890   0.063650
1864.158727   13.804360   0.055210
1864.168077   13.861810   0.079490
1864.177441   13.790990   0.071080
1864.186471   13.823690   0.059050
1864.195786   13.809860   0.076770
1864.204761   13.797260   0.067340
1864.213956   13.800730   0.059670
1864.223275   13.791520   0.060060
1864.232312   13.861610   0.077020
1864.241734   13.821920   0.069150
1864.250994   13.821470   0.056830
1864.260292   13.910750   0.081030
1864.269452   13.770050   0.061890
1864.278712   13.856330   0.073380
1864.288040   13.824480   0.073500
1864.297228   13.862810   0.074070
1864.306786   13.827810   0.078600
1864.315982   13.763030   0.077140
1864.325240   13.864170   0.079930
1864.334830   13.833650   0.074100
1864.344223   13.759600   0.102620
1864.353629   13.788500   0.100250
1864.362884   13.880030   0.108610
1864.372208   13.809870   0.098490
1864.381718   13.892090   0.115130
1864.391386   13.745270   0.096200
1864.401175   13.898090   0.120400
1864.410777   13.812030   0.105470
1864.420158   13.818160   0.108090
1864.429378   13.730890   0.108710
1864.438640   13.734430   0.092650
1865.081649   13.780030   0.085500
1865.090914   13.855650   0.088930
1865.103000   13.806320   0.079720
1865.112265   13.858630   0.080500
1865.121493   13.893340   0.101570
1865.180915   13.837340   0.054390
1865.189934   13.827080   0.041250
1865.199137   13.825300   0.050320
1865.208040   13.811990   0.040020
1865.217207   13.774760   0.062930
1865.226382   13.855390   0.060080
1865.235932   13.859630   0.063720
1865.245886   13.807400   0.072800
1865.255783   13.774350   0.067740
1865.265750   13.860690   0.096310
1865.275774   13.868430   0.084170
1865.285892   13.876930   0.072630
1865.295973   13.799630   0.078300
1865.306185   13.784220   0.076560
1865.316145   13.904820   0.074550
1865.326150   13.806390   0.079490
1865.336276   13.777780   0.100010
1865.346577   13.874040   0.085350
1865.356675   13.794720   0.077430
1865.366659   13.777280   0.092720
1865.376904   13.820360   0.094060
1865.387088   13.839950   0.099640
1865.397153   13.870770   0.101690
1865.407149   13.821370   0.094720
1865.417333   13.800820   0.090910
1865.427630   13.783330   0.090910
1865.437669   13.792690   0.092950
1865.448171   13.764980   0.105630
1865.457247   13.833040   0.090160
1866.165339   13.840350   0.047040
1866.174723   13.819630   0.050100
1866.184057   13.869840   0.049520
1866.193410   13.804300   0.048380
1866.202706   13.825490   0.050700
1866.212035   13.808630   0.052970
1866.221409   13.821900   0.051770
1866.230791   13.833660   0.050760
1866.240551   13.777470   0.048870
1866.250004   13.838060   0.049220
1866.259354   13.809760   0.053290
1867.193045   13.785320   0.033200
1867.202355   13.829080   0.036100
1867.211516   13.790750   0.034590
1867.220585   13.812320   0.037010
1867.230131   13.840560   0.039330
1867.239707   13.825680   0.036900
1867.249230   13.830940   0.037410
1867.258785   13.795280   0.037130
1867.268385   13.842970   0.038570
1867.277702   13.826040   0.039510
1867.287153   13.817390   0.040880
1867.296854   13.807360   0.040970
1867.306121   13.798650   0.042350
1867.315500   13.817200   0.045920
1867.325094   13.826050   0.041110
1867.334502   13.818100   0.045370
1867.344482   13.792730   0.049460
1867.354030   13.824530   0.045080
1867.363492   13.868370   0.053800
1867.372735   13.834250   0.050630
1867.382212   13.814090   0.052030
1867.391671   13.794660   0.058440
1867.401392   13.795590   0.055430
1867.410805   13.777480   0.050570
1867.420288   13.860860   0.068090
1867.429722   13.854960   0.075330
1867.439192   13.812800   0.070060
1867.448574   13.830970   0.074140
1867.456168   13.820380   0.061180
1867.463320   13.795100   0.068080
1868.197661   13.817620   0.068580
1868.207123   13.835460   0.064820
1868.216495   13.908050   0.094000
1868.225986   13.828820   0.080760
1868.235811   13.778990   0.092680
1868.245580   13.870150   0.090850
1868.255259   13.893960   0.097730
1868.264815   13.869550   0.100290
1868.274279   13.850670   0.105170
1868.283929   13.858220   0.094040
1868.322548   13.795520   0.111230
1868.332083   13.751800   0.098730
1868.341800   13.858620   0.116600
1868.360990   13.824700   0.072800
1868.370659   13.857050   0.104600
1868.380417   13.911740   0.133580
1868.390443   13.797370   0.097680
1868.399668   13.746480   0.118100
1868.419023   13.859090   0.126690
1868.428372   13.866260   0.125260
1868.437691   13.736430   0.122710
1868.446910   13.835880   0.106390
1868.454950   13.761000   0.100000
1868.461143   13.812340   0.106910
1870.219778   13.804750   0.041760
1870.229270   13.820180   0.042330
1870.238762   13.827730   0.048090
1870.248135   13.781270   0.044060
1870.257691   13.833150   0.052190
1870.267266   13.785020   0.049480
1870.276950   13.779550   0.050950
1870.286498   13.813790   0.050650
1870.295849   13.831690   0.046960
1870.305565   13.844840   0.052930
1870.315197   13.840970   0.059590
1870.325274   13.812430   0.058920
1870.335174   13.841550   0.057310
1870.344892   13.826670   0.054160
1870.354573   13.824500   0.069120
1870.364104   13.863970   0.096370
1870.373603   13.873780   0.092880
1870.383600   13.766310   0.102120
1870.393319   13.885310   0.093110
1871.183469   13.812270   0.057650
1871.192872   13.852070   0.056250
1871.202392   13.839490   0.056030
1871.211865   13.773250   0.066530
1871.221273   13.829460   0.069050
1871.230922   13.852770   0.057680
1871.240394   13.830300   0.057770
1871.250018   13.788670   0.061910
1871.259511   13.855230   0.059370
1871.269122   13.799530   0.057240
1871.278903   13.777400   0.057850
1871.288648   13.762510   0.061850
1871.298226   13.857180   0.060620
1871.307789   13.860100   0.065410
1871.317562   13.829180   0.069340
1871.327342   13.779480   0.070470
1871.337079   13.833820   0.076430
1871.346725   13.841680   0.081350
1871.356495   13.880420   0.073260
1871.366277   13.786600   0.086500
1871.375944   13.805530   0.083540
1871.385808   13.870830   0.097270
1871.395399   13.793700   0.102110
1871.404882   13.687580   0.110620
1871.414342   13.738630   0.106520
1871.423744   13.839080   0.108650
1871.433495   13.814660   0.108380
1871.442405   13.776130   0.104220
1871.449670   13.755040   0.102430
1871.461191   13.745810   0.110240
1871.472994   13.919620   0.117080
1871.481438   13.883200   0.113360
1872.324463   13.828280   0.057070
1872.334315   13.829170   0.065530
1872.344041   13.805860   0.061380
1872.353623   13.863410   0.061800
1872.363427   13.827140   0.061100
1872.373279   13.853930   0.058300
1872.383099   13.809380   0.064720
1872.392766   13.799300   0.058370
1872.402203   13.849490   0.061980
1872.412032   13.825230   0.064410
1872.421585   13.799530   0.066120
1872.431130   13.823790   0.071840
1872.439874   13.809690   0.069650
1872.447517   13.768530   0.067960
1872.459603   13.833710   0.081920
1873.229437   13.819320   0.065480
1873.238826   13.873470   0.074390
1873.258009   13.821070   0.069810
1873.267456   13.802400   0.074130
1873.276959   13.744610   0.068650
1873.296275   13.780930   0.073190
1873.305896   13.911460   0.078130
1873.315548   13.861290   0.084450
1873.325684   13.783100   0.083610
1873.335346   13.836010   0.094970
1873.344943   13.835050   0.093600
1873.354842   13.870340   0.085750
1873.364691   13.898640   0.094880
1873.374458   13.845920   0.096090
1873.383960   13.804320   0.088060
1873.393856   13.832650   0.090200
1873.403606   13.820530   0.092620
1873.422938   13.771160   0.103550
1873.432622   13.786800   0.094170
1873.441010   13.784220   0.087930
1873.468261   13.815800   0.095770
1874.032527   13.829720   0.044610
1874.041923   13.837120   0.046700
1874.051714   13.834310   0.048130
1874.061193   13.810060   0.046480
1874.098984   13.824220   0.050240
1874.108441   13.827250   0.047780
1874.117749   13.854080   0.048800
1874.127103   13.784220   0.051890
1874.145982   13.856160   0.056200
1874.155173   13.865290   0.058790
1874.164605   13.832590   0.062930
1874.183645   13.830880   0.098280
1874.193053   13.879100   0.119940
1877.012009   13.857100   0.051470
1877.021623   13.823410   0.050050
1877.050632   13.837110   0.047860
1877.070280   13.827840   0.050400
1877.080037   13.842770   0.051220
1877.089835   13.793720   0.051080
1877.109324   13.826930   0.064030
1877.119234   13.787690   0.063520
1877.128562   13.813500   0.051920
1877.157081   13.863050   0.066920
1877.166514   13.835630   0.062220
1877.175811   13.820400   0.056990
1877.185180   13.818580   0.063770
1877.194638   13.793420   0.059810
1877.204359   13.764440   0.060260
1877.213829   13.793030   0.053630
1877.223290   13.816310   0.058210
1877.232928   13.821430   0.057580
1877.242583   13.823590   0.065570
1877.252102   13.822380   0.064440
1877.261424   13.891750   0.065580
1877.271317   13.828030   0.059720
1877.280810   13.811530   0.054120
1877.290913   13.831630   0.062200
1877.300784   13.865890   0.071710
1877.310552   13.841310   0.062190
1877.320329   13.875480   0.070790
1877.330019   13.842400   0.056220
1877.339609   13.857890   0.057410
1877.349339   13.813360   0.063370
1877.359563   13.802520   0.055620
1877.369289   13.754710   0.063340
1877.379166   13.848310   0.058780
1877.389199   13.832010   0.070210
1877.398748   13.849970   0.076990
1877.408188   13.824920   0.071890
1877.417610   13.805430   0.070490
1877.426444   13.796320   0.065600
1877.439426   13.853710   0.079160
1877.449101   13.816910   0.066660
1877.458826   13.818680   0.069650
1877.460660   13.848480   0.073970
1877.966360   13.814520   0.072510
1877.975795   13.824710   0.054040
1877.985575   13.815160   0.049280
1878.004964   13.824710   0.046250
1878.014335   13.836160   0.049330
1878.033403   13.797720   0.043030
1878.042881   13.834720   0.042280
1878.052477   13.849510   0.048260
1878.062202   13.756400   0.046890
1878.072038   13.778360   0.052130
1878.081838   13.828040   0.049950
1878.091595   13.835190   0.046850
1878.101204   13.843780   0.048410
1878.111056   13.815730   0.047350
1878.120475   13.820350   0.047810
1878.129972   13.845410   0.058520
1878.139452   13.885010   0.064550
1878.148981   13.885210   0.113190
1878.158293   13.914760   0.101900
1878.167692   13.841450   0.058120
1878.177309   13.805370   0.056590
1878.186872   13.796790   0.070430
1878.196273   13.831210   0.074340
1878.206054   13.798430   0.083060
1878.215833   13.752870   0.085220
1878.225557   13.801040   0.091080
1878.235117   13.869670   0.076160
1878.244657   13.785840   0.076970
1878.254352   13.810300   0.082130
1878.263984   13.892230   0.093240
1878.273770   13.791980   0.093720
1878.283405   13.696870   0.093660
1878.293079   13.821470   0.097230
1878.302887   13.786710   0.112370
1878.312828   13.808350   0.113630
1878.322431   13.883520   0.123890
1878.332111   13.833400   0.121230
1878.342126   13.753340   0.084710
1878.351898   13.821000   0.101500
1878.361666   13.764060   0.096610
1878.371492   13.819210   0.103200
1878.381052   13.814930   0.108960
1878.390611   13.773180   0.081820
1878.400035   13.811760   0.100570
1878.409523   13.774740   0.098210
1878.419250   13.820970   0.103890
1878.427139   13.800510   0.108030
1878.444205   13.806380   0.085840
1878.454721   13.769850   0.105910
1878.463071   13.805100   0.155660
1878.907039   13.898520   0.117520
1878.939490   13.833230   0.101110
1878.971663   13.761030   0.067460
1878.982256   13.836240   0.069700
1878.992862   13.765130   0.065940
1879.003349   13.758580   0.071880
1879.014056   13.767570   0.069710
1879.024781   13.793210   0.069310
1879.035403   13.848810   0.084600
1879.046338   13.800210   0.079800
1879.056998   13.855080   0.085940
1879.067120   13.811700   0.086320
1879.077625   13.797130   0.085400
1879.087804   13.813570   0.090750
1879.097718   13.888540   0.112130
1879.108265   13.883520   0.113930
1879.118677   13.865210   0.120720
1879.128946   13.874530   0.097990
1879.138951   13.849770   0.112220
1879.148948   13.758010   0.117320
1879.158676   13.729650   0.097370
1879.168758   13.771470   0.099960
1879.178654   13.776730   0.101400
1879.198505   13.718970   0.070400
1879.229352   13.787860   0.073000
1879.270136   13.804700   0.121900
1879.280074   13.814420   0.073600
1879.290333   13.889690   0.106580
1879.310758   13.728830   0.071500
1879.341865   13.794390   0.074800
1879.352091   13.796490   0.103480
1879.362392   13.780140   0.066400
1879.914664   13.876490   0.096360
1879.924232   13.847610   0.077540
1879.933937   13.838140   0.065670
1879.962965   13.845000   0.045290
1879.972299   13.806890   0.043780
1879.982133   13.842350   0.047840
1879.991480   13.823020   0.046920
1880.001350   13.845100   0.051370
1880.020489   13.833370   0.060800
1880.030167   13.859070   0.061610
1880.040004   13.838770   0.058060
1880.050020   13.854290   0.058690
1880.059700   13.816190   0.059870
1880.069635   13.779890   0.060570
1880.079469   13.821440   0.065940
1880.089000   13.837280   0.061730
1880.098524   13.813050   0.061820
1880.108072   13.847330   0.071620
1880.117530   13.799350   0.060710
1880.127140   13.859420   0.067640
1880.200091   13.798910   0.072450
1880.209735   13.891670   0.082810
1880.219431   13.811610   0.076010
1880.229324   13.838740   0.065960
1880.238989   13.802760   0.067670
1880.248836   13.826580   0.063070
1880.258298   13.834080   0.068310
1880.267686   13.743780   0.073340
1880.277275   13.829340   0.074250
1880.286928   13.724130   0.080510
1880.306613   13.826470   0.074060
1880.369120   13.827650   0.068610
1880.977730   13.874060   0.073720
1880.987626   13.786020   0.060920
1881.027023   13.835120   0.067150
1881.036583   13.799540   0.064100
1881.046307   13.807240   0.065770
1881.065565   13.878720   0.072400
1881.075352   13.767600   0.073050
1881.085120   13.849270   0.070050
1881.124474   13.765460   0.075030
1881.134326   13.779930   0.075530
1881.143810   13.807970   0.062180
1881.163015   13.776710   0.074980
1881.171357   13.783880   0.065280
1881.190627   13.790080   0.053960
1881.200550   13.863190   0.063630
1881.210473   13.812980   0.067930
1881.220305   13.766470   0.072410
1881.230199   13.813770   0.071550
1881.239668   13.812040   0.077380
1881.249328   13.823830   0.071210
1881.258917   13.855590   0.069980
1881.268352   13.821320   0.076220
1881.278189   13.806060   0.073240
1881.288137   13.811010   0.073650
1881.297680   13.812640   0.075400
1881.307337   13.786080   0.075300
1881.317394   13.795260   0.079360
1881.327336   13.843490   0.085410
1881.337373   13.829760   0.085690
1881.347129   13.789830   0.080670
1881.357110   13.819430   0.085710
1881.366722   13.805250   0.087890
1881.376276   13.903630   0.091780
1881.386104   13.796200   0.094330
1881.395996   13.867000   0.094250
1881.405772   13.871540   0.100930
1881.414838   13.825720   0.096180
1881.428287   13.795040   0.099440
1881.437835   13.858540   0.106150
1881.865043   13.773300   0.092550
1881.874874   13.796600   0.108260
1881.894462   13.920670   0.084700
1881.904417   13.877930   0.057950
1881.914271   13.901800   0.073660
1881.923884   13.877080   0.074080
1881.933466   13.827750   0.070450
1881.943231   13.807270   0.070360
1881.962633   13.892100   0.103940
1881.982098   13.856130   0.107670
1881.992246   13.712330   0.092710
1882.080330   13.820220   0.093630
1882.160119   13.873060   0.109600
1882.169652   13.872200   0.113390
1882.179008   13.722880   0.107390
1883.093660   13.796210   0.086140
1883.122314   13.734220   0.080240
1883.150882   13.829970   0.098950
1883.160374   13.879460   0.107870
1883.169871   13.800880   0.101730
1883.217549   13.882040   0.112370
1883.226897   13.820790   0.109300
1883.236210   13.838840   0.106910
1883.245790   13.706800   0.097860
1883.255334   13.754610   0.099950
1883.265175   13.729390   0.107650
1883.274780   13.819650   0.112180
1883.363493   13.757050   0.106700
1883.392286   13.719430   0.062800
1884.128292   13.738020   0.062420
1884.137551   13.839110   0.051550
1884.147279   13.805910   0.059190
1884.166197   13.803550   0.064980
1884.175960   13.875170   0.074190
1884.185414   13.805660   0.062040
1884.204574   13.863670   0.059600
1884.214174   13.866470   0.054290
1884.223839   13.858640   0.060180
1884.233272   13.780430   0.079210
1884.261682   13.823530   0.049360
1884.271201   13.864270   0.046900
1884.280876   13.889700   0.054700
1884.290846   13.806370   0.058090
1884.310420   13.693830   0.080640
1884.320206   13.846190   0.060730
1884.330156   13.860820   0.061010
1884.340081   13.772610   0.070050
1884.350052   13.857910   0.070400
1884.370060   13.857170   0.063290
1884.379738   13.839850   0.066690
1884.389528   13.818080   0.051510
1884.399065   13.847540   0.054370
1884.413865   13.789700   0.072600
1884.420522   13.933420   0.042800
1884.425635   13.798210   0.056410
1884.896536   13.822790   0.086430
1884.905966   13.863580   0.088560
1884.925737   13.751750   0.107010
1884.955028   13.838120   0.061600
1884.964176   13.851870   0.060700
1884.993441   13.756730   0.064100
1885.278794   13.820880   0.101770
1885.298398   13.917490   0.084690
1885.318011   13.714070   0.081350
1886.101064   13.868400   0.049890
1886.110701   13.819660   0.048340
1886.129544   13.835790   0.051790
1886.138882   13.829720   0.053130
1886.148233   13.807220   0.052190
1886.157943   13.814980   0.054840
1886.167550   13.818400   0.064540
1886.177101   13.798880   0.063780
1886.186997   13.812370   0.063460
1886.196609   13.816580   0.067380
1886.206153   13.805780   0.078410
1886.215757   13.832210   0.081960
1886.225422   13.845260   0.105640
1886.234829   13.785650   0.101210
1886.244630   13.784410   0.104010
1886.254426   13.765450   0.076160
1886.263771   13.822910   0.063760
1886.273578   13.854390   0.104440
1886.283270   13.808440   0.060110
1886.293134   13.864460   0.066160
1886.303115   13.796650   0.071760
1886.312914   13.815160   0.067620
1886.322818   13.825040   0.071420
1886.332859   13.838790   0.072110
1886.342543   13.873000   0.068250
1886.352534   13.823480   0.066410
1886.362281   13.810340   0.075930
1886.372003   13.832210   0.079580
1886.381496   13.812870   0.078820
1886.408171   13.833780   0.085690
1886.414363   13.872280   0.105450
1886.419581   13.761130   0.101810
1886.427459   13.868060   0.098930
1886.431086   13.871150   0.097410
