1863.169882   14.783570   0.107950
1863.179028   14.781450   0.121690
1863.188264   14.618600   0.069800
1863.197263   14.725750   0.127300
1863.206453   14.785750   0.127560
1863.224333   14.691520   0.078500
1863.233861   14.616550   0.075100
1863.251898   14.629760   0.076400
1863.288341   14.748280   0.108620
1863.297662   14.789400   0.125870
1863.306748   14.704700   0.077900
1863.315822   14.666590   0.112720
1863.344339   14.658480   0.109700
1863.363511   14.727300   0.121650
1863.372640   14.723640   0.121550
1863.381795   14.755600   0.117900
1863.391577   14.621520   0.118890
1863.400670   14.733190   0.128040
1863.410080   14.618250   0.101120
1863.419338   14.659170   0.105580
1864.122118   14.704180   0.089140
1864.131139   14.796570   0.100370
1864.140349   14.683450   0.103450
1864.149328   14.762820   0.114950
1864.158727   14.728270   0.102940
1864.168077   14.689730   0.107210
1864.177441   14.691520   0.102250
1864.186471   14.729270   0.097180
1864.195786   14.746400   0.127420
1864.204761   14.675840   0.109330
1864.213956   14.654890   0.100090
1864.223275   14.777440   0.108140
1864.232236   14.812810   0.104670
1864.241734   14.723890   0.120080
1864.250994   14.742750   0.104980
1864.260292   14.764740   0.126460
1864.269452   14.780490   0.112830
1864.278712   14.696340   0.123740
1864.287963   14.760630   0.104510
1864.297228   14.716340   0.122960
1864.306786   14.758050   0.128800
1864.315982   14.748950   0.105930
1864.325240   14.737420   0.131260
1864.334830   14.703180   0.126290
1865.102924   14.719510   0.108610
1865.112189   14.615750   0.096600
1865.180915   14.689140   0.098100
1865.189934   14.748300   0.076860
1865.199137   14.694360   0.099000
1865.208040   14.677380   0.079350
1865.217207   14.849220   0.120660
1865.226382   14.754520   0.113940
1865.235932   14.712860   0.119280
1865.245809   14.796830   0.100010
1865.255783   14.769530   0.117480
1865.285892   14.779010   0.116530
1865.295897   14.721900   0.106210
1865.306261   14.722070   0.103260
1865.316145   14.800390   0.125250
1865.326150   14.674870   0.069400
1865.356599   14.708060   0.108350
1866.165339   14.714600   0.080920
1866.174723   14.732110   0.082540
1866.184057   14.760840   0.086270
1866.193410   14.773740   0.080490
1866.202706   14.759780   0.088500
1866.212035   14.743590   0.080550
1866.221409   14.752030   0.085150
1866.230791   14.795380   0.091650
1866.240551   14.772350   0.088200
1866.250004   14.688170   0.091280
1866.259354   14.736140   0.092280
1867.193045   14.711130   0.059780
1867.202355   14.660720   0.064290
1867.211516   14.711640   0.062410
1867.220585   14.728620   0.063500
1867.230131   14.706950   0.072330
1867.239707   14.778560   0.070570
1867.249230   14.725120   0.063990
1867.258785   14.697030   0.065530
1867.268385   14.711960   0.069980
1867.277702   14.699860   0.072170
1867.287153   14.720100   0.070990
1867.296854   14.681750   0.077450
1867.306121   14.743280   0.074790
1867.315500   14.692090   0.075940
1867.325094   14.706600   0.079410
1867.334502   14.814670   0.087510
1867.344482   14.797000   0.089270
1867.354030   14.676510   0.084360
1867.363492   14.749820   0.103180
1867.372735   14.721480   0.089150
1867.382212   14.734680   0.092430
1867.391671   14.717820   0.102570
1867.401392   14.758940   0.102850
1867.410805   14.725500   0.094560
1867.420288   14.782820   0.115240
1867.429645   14.732320   0.098780
1867.439192   14.780910   0.122270
1867.448650   14.728230   0.106740
1867.456168   14.703650   0.113620
1867.463320   14.858720   0.123440
1867.469421   14.687330   0.117160
1867.473939   14.695020   0.088000
1867.478291   14.744890   0.088780
1867.481655   14.684850   0.092910
1867.484335   14.820440   0.103700
1867.486951   14.740010   0.099570
1867.488639   14.786230   0.107280
1867.490315   14.755350   0.108720
1867.492002   14.708790   0.102440
1867.493724   14.758280   0.102640
1868.197661   14.788060   0.122080
1868.207123   14.714240   0.118290
1870.219778   14.762360   0.075760
1870.229270   14.680040   0.075860
1870.238762   14.739060   0.088110
1870.248135   14.731570   0.077720
1870.257691   14.706310   0.088400
1870.267266   14.695270   0.090240
1870.276950   14.751710   0.086610
1870.286498   14.773720   0.092840
1870.295849   14.738740   0.088890
1870.305565   14.744760   0.094120
1870.315197   14.792360   0.104570
1870.325274   14.747540   0.109170
1870.335174   14.824300   0.098500
1870.344892   14.743820   0.103810
1870.354573   14.704190   0.118040
1871.136689   14.770510   0.093480
1871.146179   14.705370   0.085650
1871.155384   14.761250   0.086740
1871.164955   14.753040   0.100040
1871.174269   14.722130   0.092210
1871.183469   14.760440   0.103610
1871.192872   14.738080   0.095810
1871.202392   14.744420   0.103300
1871.211865   14.654610   0.109700
1871.221273   14.716650   0.113080
1871.230922   14.723500   0.103830
1871.240394   14.729260   0.098740
1871.250018   14.747210   0.110320
1871.259511   14.722400   0.103880
1871.269122   14.638820   0.095790
1871.278903   14.708730   0.104020
1871.288648   14.746500   0.109170
1871.298226   14.730610   0.104180
1871.307789   14.703600   0.112640
1871.317562   14.834280   0.127210
1871.327342   14.706160   0.119400
1871.337079   14.746820   0.123950
1871.346802   14.759890   0.096730
1871.356495   14.772620   0.133370
1871.366430   14.542630   0.074300
1871.376097   14.682980   0.074600
1872.324463   14.747640   0.104610
1872.334315   14.710620   0.105030
1872.344041   14.839080   0.114020
1872.353623   14.872470   0.117170
1872.363427   14.758160   0.107290
1872.373279   14.692280   0.103430
1872.383099   14.768190   0.103560
1872.392766   14.759830   0.097500
1872.402203   14.786730   0.108520
1872.412032   14.752080   0.113390
1872.421585   14.729090   0.113610
1872.431130   14.727020   0.125180
1872.439874   14.823680   0.123220
1872.447517   14.733840   0.123680
1872.454162   14.680250   0.125420
1872.459756   14.675320   0.072300
1872.463903   14.734580   0.105660
1872.467639   14.693500   0.104900
1872.470572   14.666310   0.104120
1872.472998   14.767540   0.077800
1872.475010   14.555460   0.071500
1872.476464   14.602950   0.075600
1872.478370   14.621510   0.077600
1873.229437   14.814430   0.119100
1873.238826   14.670590   0.120610
1873.248403   14.694360   0.116030
1873.258009   14.703330   0.124540
1873.267456   14.712240   0.125640
1873.276959   14.732250   0.123400
1873.286788   14.601990   0.117220
1873.296275   14.646750   0.121890
1874.032527   14.646760   0.080720
1874.041923   14.728100   0.084380
1874.051714   14.649250   0.074520
1874.061193   14.705180   0.074680
1874.070741   14.665470   0.082240
1874.080230   14.715080   0.085460
1874.089638   14.687430   0.085520
1874.098984   14.713630   0.088710
1874.108441   14.688160   0.087230
1874.117749   14.702030   0.095460
1874.127103   14.709760   0.089250
1874.136654   14.721620   0.092660
1874.145982   14.712160   0.086610
1874.155173   14.763450   0.095530
1874.164605   14.738890   0.110320
1874.174153   14.739910   0.128430
1876.992585   14.714580   0.085700
1877.002277   14.744570   0.084100
1877.012009   14.729880   0.097220
1877.021623   14.672180   0.090230
1877.031340   14.670330   0.100660
1877.041094   14.648150   0.096250
1877.050632   14.654960   0.078480
1877.060512   14.712530   0.084910
1877.070280   14.772250   0.097070
1877.080037   14.704120   0.089430
1877.089835   14.704730   0.089580
1877.099542   14.722950   0.096920
1877.109324   14.674200   0.111210
1877.119234   14.729600   0.116580
1877.128562   14.774960   0.106320
1877.137988   14.672590   0.096440
1877.147449   14.798450   0.063200
1877.157081   14.693280   0.110150
1877.166514   14.762060   0.106660
1877.175811   14.781650   0.099440
1877.185180   14.785680   0.108170
1877.194638   14.738600   0.108280
1877.204359   14.685000   0.100990
1877.213829   14.649950   0.096530
1877.223290   14.711680   0.105040
1877.232928   14.752250   0.104830
1877.242583   14.676090   0.110570
1877.252102   14.806890   0.114730
1877.261424   14.750850   0.109270
1877.271317   14.732820   0.108660
1877.280810   14.693440   0.091080
1877.290913   14.724450   0.112290
1877.300631   14.777700   0.067400
1877.310552   14.741320   0.105840
1877.320329   14.607270   0.110420
1877.330019   14.750860   0.110990
1877.339609   14.779640   0.097190
1877.349339   14.733650   0.115570
1877.359563   14.694650   0.098030
1877.369289   14.705020   0.111140
1877.379166   14.751450   0.111260
1877.389122   14.734560   0.098270
1877.408188   14.896410   0.073700
1877.417763   14.795130   0.074100
1877.426444   14.772740   0.108620
1877.433416   14.691720   0.119570
1877.439579   14.626480   0.072000
1877.444502   14.794150   0.109060
1877.449101   14.764350   0.110370
1877.452776   14.637990   0.074800
1877.456119   14.756610   0.121930
1877.458826   14.641710   0.114030
1877.460660   14.684180   0.118150
1877.462441   14.738070   0.117920
1877.464144   14.796960   0.125040
1877.465872   14.748360   0.128630
1877.528393   14.636120   0.077100
1877.966360   14.765470   0.127290
1877.975795   14.734260   0.096010
1877.985575   14.701790   0.083110
1877.995071   14.713580   0.074910
1878.004964   14.691160   0.074030
1878.014335   14.787560   0.084890
1878.023915   14.787450   0.072690
1878.033403   14.738310   0.075250
1878.042881   14.711910   0.074230
1878.052477   14.690050   0.084250
1878.062202   14.699110   0.086020
1878.072038   14.711710   0.084680
1878.081838   14.764700   0.086000
1878.091595   14.693660   0.074070
1878.101204   14.712560   0.081900
1878.111056   14.742040   0.083890
1878.120475   14.737390   0.084740
1878.129972   14.718570   0.095260
1878.139452   14.801740   0.115670
1878.167692   14.777670   0.100160
1878.177309   14.701070   0.086470
1878.186872   14.730050   0.127100
1878.196273   14.770290   0.122140
1878.206054   14.757420   0.131420
1878.225710   14.707210   0.075800
1878.235117   14.788730   0.136080
1878.244657   14.730210   0.127480
1878.254199   14.679700   0.073900
1878.273617   14.664450   0.074800
1878.950286   14.623260   0.105800
1878.960985   14.664770   0.128270
1878.971663   14.747080   0.121380
1878.982256   14.698580   0.121540
1878.992862   14.776280   0.115930
1879.003349   14.766150   0.129070
1879.014056   14.722160   0.122040
1879.024781   14.697170   0.125150
1879.035403   14.652390   0.105240
1879.046185   14.704010   0.072400
1879.087650   14.696100   0.080600
1879.933937   14.818640   0.119870
1879.943742   14.826740   0.103250
1879.953255   14.742920   0.095570
1879.962965   14.756950   0.073580
1879.972299   14.786680   0.074810
1879.982133   14.717060   0.083140
1879.991480   14.720190   0.088900
1880.001350   14.669760   0.089540
1880.010995   14.791040   0.116510
1880.020489   14.775090   0.112090
1880.030167   14.728810   0.108900
1880.040004   14.744100   0.106170
1880.050020   14.796690   0.109240
1880.059700   14.740310   0.107590
1880.069635   14.759350   0.112530
1880.079469   14.747050   0.116010
1880.089000   14.746300   0.113520
1880.098524   14.753340   0.114800
1880.107996   14.762860   0.097630
1880.117530   14.762260   0.108480
1880.127140   14.810720   0.127080
1880.200014   14.838000   0.104360
1880.219355   14.773640   0.096680
1880.229324   14.623420   0.115140
1880.238989   14.757970   0.123440
1880.248836   14.665280   0.112800
1880.258298   14.686380   0.116740
1880.267686   14.689370   0.120790
1880.277275   14.739720   0.129670
1880.306613   14.718450   0.123630
1880.369120   14.688000   0.121160
1880.987626   14.867210   0.115500
1880.997175   14.774490   0.107920
1881.007352   14.768350   0.111300
1881.017262   14.660870   0.112560
1881.027023   14.676850   0.114570
1881.036583   14.701500   0.117660
1881.046307   14.767390   0.121700
1881.055914   14.726350   0.071200
1881.065488   14.681340   0.097940
1881.085120   14.771470   0.066800
1881.094964   14.765230   0.123250
1881.104801   14.750910   0.106990
1881.124321   14.759330   0.067600
1881.143810   14.701630   0.104230
1881.163015   14.726310   0.126600
1881.171357   14.696590   0.099900
1881.180981   14.693800   0.116690
1881.190627   14.714540   0.093550
1881.200550   14.700850   0.104940
1881.210473   14.712590   0.111430
1881.220305   14.658140   0.115590
1881.230199   14.709320   0.109520
1881.239668   14.784360   0.132570
1881.249328   14.658040   0.118050
1881.258917   14.766340   0.123820
1881.268352   14.701890   0.121260
1881.278189   14.731900   0.128090
1881.288137   14.706270   0.120340
1881.297680   14.770160   0.130300
1881.307337   14.668320   0.127720
1881.317240   14.716470   0.074700
1881.337296   14.694450   0.107990
1881.347129   14.621670   0.131540
1881.357110   14.627920   0.075600
1881.904571   14.744310   0.105640
1881.914271   14.867890   0.133270
1881.923884   14.741100   0.124070
1881.933466   14.801210   0.119860
1881.943231   14.806700   0.127690
1884.099534   14.749120   0.081390
1884.109140   14.739530   0.082010
1884.118686   14.776230   0.105370
1884.128138   14.714270   0.055900
1884.137551   14.756930   0.096130
1884.147279   14.728830   0.098000
1884.156774   14.767690   0.111770
1884.166044   14.806930   0.063500
1884.175960   14.806730   0.107550
1884.185414   14.804800   0.115860
1884.194977   14.709060   0.092810
1884.204574   14.689440   0.102220
1884.214174   14.677480   0.082670
1884.223915   14.813570   0.090590
1884.233425   14.635580   0.077300
1884.242628   14.706120   0.084450
1884.252195   14.664620   0.074840
1884.261682   14.675520   0.076650
1884.271201   14.747020   0.085760
1884.280876   14.726640   0.092000
1884.290846   14.693750   0.100330
1884.300573   14.716270   0.107160
1884.320206   14.732980   0.098990
1884.330156   14.657450   0.102920
1884.340235   14.783400   0.067600
1884.350052   14.688740   0.122360
1884.360119   14.673220   0.103870
1884.370060   14.750710   0.103160
1884.379738   14.635610   0.105650
1884.389528   14.743930   0.094350
1884.399065   14.715260   0.092540
1884.406881   14.744590   0.119410
1884.413789   14.772580   0.108560
1884.425635   14.740720   0.105660
1884.430150   14.689370   0.083070
1884.433678   14.726950   0.103680
1884.437202   14.700630   0.092200
1884.439908   14.714640   0.102370
1884.441669   14.765030   0.105240
1884.443407   14.820620   0.109400
1884.445186   14.700130   0.097770
1884.447079   14.818770   0.066900
1884.503638   14.722220   0.089660
1884.513187   14.703090   0.109080
1884.522993   14.679790   0.089550
1884.532900   14.681180   0.077520
1884.542819   14.734630   0.106300
1884.552782   14.646070   0.050000
1884.562458   14.721640   0.073550
1884.572213   14.664750   0.093650
1884.581820   14.738330   0.082720
1884.591479   14.723810   0.102110
1884.600983   14.783870   0.095490
1884.610820   14.700970   0.085830
1886.072366   14.729180   0.071870
1886.082057   14.755110   0.074470
1886.091456   14.731530   0.077900
1886.101064   14.767010   0.088820
1886.110701   14.756910   0.083150
1886.120214   14.715050   0.083090
1886.129544   14.689750   0.089040
1886.138882   14.725460   0.090770
1886.148233   14.781190   0.088020
1886.157943   14.734040   0.091430
1886.167550   14.651440   0.102840
1886.177101   14.669050   0.106400
1886.186997   14.801260   0.111020
1886.196609   14.754550   0.119710
1886.206153   14.804880   0.130210
1886.215680   14.640170   0.105640
1886.254426   14.687590   0.128520
1886.263771   14.807250   0.118010
1886.283270   14.754180   0.110880
1886.293134   14.717050   0.111740
1886.303115   14.676600   0.128950
1886.312914   14.709310   0.120700
1886.322742   14.667770   0.100450
1886.332859   14.829800   0.133010
1886.342543   14.763780   0.120220
1886.352534   14.725950   0.117870
1886.362357   14.693270   0.100830
1886.372079   14.749400   0.106580
1886.381496   14.650410   0.076800
