1863.169882   14.293510   0.076910
1863.179028   14.279240   0.082790
1863.188111   14.323350   0.102050
1863.197263   14.261860   0.093930
1863.206453   14.277430   0.092800
1863.215516   14.297730   0.108890
1863.224486   14.303420   0.109320
1863.233708   14.278620   0.109910
1863.243026   14.192670   0.114410
1863.252052   14.295370   0.106030
1863.260978   14.208160   0.093650
1863.270074   14.248860   0.113810
1863.279229   14.314430   0.099600
1863.288341   14.344440   0.100880
1863.297662   14.244030   0.087640
1863.306748   14.220880   0.100660
1863.315898   14.219850   0.097150
1863.325261   14.261110   0.100130
1863.334632   14.294190   0.101510
1863.344416   14.284830   0.103770
1863.353962   14.235380   0.097980
1863.363511   14.305220   0.094450
1863.372640   14.288400   0.085100
1863.381795   14.291840   0.084000
1863.391577   14.271740   0.089610
1863.400670   14.249530   0.091030
1863.410157   14.235220   0.088310
1863.419415   14.339200   0.104160
1863.428728   14.332210   0.103010
1863.438171   14.276230   0.110560
1863.447725   14.302670   0.118560
1863.457038   14.280890   0.127010
1864.122118   14.261210   0.065780
1864.131216   14.326670   0.088630
1864.140349   14.276930   0.079960
1864.149328   14.267470   0.076840
1864.158727   14.301640   0.079500
1864.168077   14.265520   0.095060
1864.177441   14.285760   0.090760
1864.186471   14.252350   0.071890
1864.195786   14.338650   0.087380
1864.204761   14.284320   0.083710
1864.213956   14.269510   0.077100
1864.223275   14.313830   0.070960
1864.232312   14.302270   0.093200
1864.241734   14.295700   0.086580
1864.250994   14.259350   0.079230
1864.260292   14.242450   0.089170
1864.269452   14.266710   0.081800
1864.278712   14.287840   0.098040
1864.288040   14.311690   0.097760
1864.297228   14.275220   0.089460
1864.306786   14.280710   0.092570
1864.315982   14.278410   0.096290
1864.325240   14.262750   0.093490
1864.334830   14.267160   0.090810
1864.344223   14.237550   0.120830
1864.353629   14.267990   0.117920
1864.362884   14.270890   0.122440
1864.381717   14.227880   0.103600
1864.391386   14.295890   0.108890
1864.401022   14.382490   0.082300
1864.410777   14.325310   0.126120
1864.420158   14.262490   0.127670
1864.429378   14.300450   0.111950
1865.081649   14.316370   0.111130
1865.090914   14.266070   0.106260
1865.103000   14.327470   0.109440
1865.112265   14.271640   0.099380
1865.121493   14.373010   0.122060
1865.180915   14.347670   0.071070
1865.189934   14.273160   0.057050
1865.199137   14.292410   0.074090
1865.208040   14.258570   0.054170
1865.217207   14.301590   0.090650
1865.226382   14.249600   0.080340
1865.235932   14.295080   0.092540
1865.245886   14.225510   0.090490
1865.255783   14.294770   0.090840
1865.265750   14.272700   0.111450
1865.275774   14.284780   0.105830
1865.285892   14.310720   0.091430
1865.295973   14.272710   0.097640
1865.306185   14.258340   0.097300
1865.316145   14.262070   0.093080
1865.326150   14.302840   0.106690
1865.336276   14.236730   0.112380
1865.346577   14.287540   0.107980
1865.356675   14.342140   0.107910
1865.366659   14.241270   0.110450
1865.376904   14.217980   0.113580
1865.387088   14.341630   0.123970
1865.397153   14.317340   0.121640
1865.407149   14.329310   0.118630
1865.417333   14.280080   0.112190
1865.427630   14.318860   0.115680
1865.437669   14.255430   0.113170
1866.165339   14.286500   0.058030
1866.174723   14.314060   0.062400
1866.184057   14.323110   0.061970
1866.193410   14.325840   0.065730
1866.202706   14.253150   0.065870
1866.212035   14.281630   0.066740
1866.221409   14.243810   0.067050
1866.230791   14.240430   0.063770
1866.240551   14.283800   0.062420
1866.250004   14.317130   0.068000
1866.259354   14.260890   0.068150
1867.193045   14.243100   0.043170
1867.202355   14.280990   0.046420
1867.211516   14.256310   0.045120
1867.220585   14.285130   0.051780
1867.230131   14.226610   0.051450
1867.239707   14.280390   0.050560
1867.249230   14.248500   0.047790
1867.258785   14.286900   0.049060
1867.268385   14.299080   0.053080
1867.277702   14.288540   0.052250
1867.287153   14.304490   0.055580
1867.296854   14.269530   0.057940
1867.306121   14.298810   0.055410
1867.315500   14.268940   0.055720
1867.325094   14.296030   0.062190
1867.334502   14.258370   0.059660
1867.344482   14.294060   0.065260
1867.354030   14.275480   0.060980
1867.363492   14.316260   0.075030
1867.372735   14.280100   0.067170
1867.382212   14.222220   0.066690
1867.391671   14.267440   0.075870
1867.401392   14.258570   0.070220
1867.410805   14.273260   0.068820
1867.420288   14.264420   0.086550
1867.429722   14.279130   0.094010
1867.439192   14.337940   0.085220
1867.448574   14.295050   0.093430
1867.456168   14.284530   0.083450
1867.463320   14.272820   0.085630
1867.469421   14.251410   0.079580
1867.473939   14.252120   0.066430
1867.478291   14.239590   0.061450
1867.481655   14.292490   0.070170
1867.484335   14.233050   0.072920
1867.486951   14.265820   0.070790
1867.488639   14.291170   0.079400
1867.490315   14.238290   0.076480
1867.492002   14.263050   0.074020
1867.493724   14.292270   0.073760
1868.197661   14.335770   0.087720
1868.207123   14.267300   0.088230
1868.216418   14.365260   0.090590
1868.225986   14.299470   0.100300
1868.235811   14.254260   0.108680
1868.245580   14.303990   0.112740
1868.255259   14.270560   0.110000
1868.264815   14.397640   0.122690
1868.274279   14.434710   0.129810
1868.283929   14.317600   0.115940
1868.322548   14.344290   0.131840
1868.332083   14.300470   0.123110
1868.341800   14.290710   0.131520
1868.390366   14.265110   0.114910
1868.399822   14.365030   0.073600
1868.419176   14.192310   0.076700
1870.219778   14.282020   0.051870
1870.229270   14.252310   0.058840
1870.238762   14.254090   0.067460
1870.248135   14.264710   0.058980
1870.257691   14.276630   0.063800
1870.267266   14.282490   0.063420
1870.276950   14.263590   0.065050
1870.286498   14.267060   0.069570
1870.295849   14.255590   0.060710
1870.305565   14.255730   0.069720
1870.315197   14.312320   0.076690
1870.325274   14.259870   0.073580
1870.335174   14.271920   0.067770
1870.344892   14.252590   0.077490
1870.354573   14.273280   0.088770
1870.364104   14.276600   0.112080
1870.373603   14.256360   0.113260
1870.383600   14.189560   0.119150
1870.456103   14.080910   0.103320
1871.136689   14.288670   0.070570
1871.146179   14.253810   0.064200
1871.155384   14.285170   0.065780
1871.164955   14.293700   0.073760
1871.174269   14.261840   0.071220
1871.183469   14.265930   0.077790
1871.192872   14.286800   0.071560
1871.202392   14.262120   0.075020
1871.211865   14.301550   0.089570
1871.221273   14.284160   0.086200
1871.230922   14.253160   0.077310
1871.240394   14.253920   0.071400
1871.250018   14.280010   0.080140
1871.259511   14.306770   0.076850
1871.269122   14.305660   0.075690
1871.278903   14.287560   0.072920
1871.288648   14.333610   0.078870
1871.298226   14.371500   0.081880
1871.307789   14.383090   0.087400
1871.317562   14.282010   0.084030
1871.327342   14.353480   0.091270
1871.337079   14.279610   0.095340
1871.346725   14.261150   0.100570
1871.356495   14.282090   0.097090
1871.366277   14.297620   0.107550
1871.375944   14.268630   0.104320
1871.385808   14.239310   0.113050
1871.395399   14.274690   0.121980
1871.404882   14.298570   0.133700
1871.414342   14.214630   0.103510
1871.423744   14.294730   0.130540
1871.433495   14.335790   0.132600
1871.442405   14.318330   0.127140
1871.449670   14.268880   0.128230
1871.455742   14.214320   0.124360
1871.461191   14.191540   0.128230
1871.465968   14.341550   0.137220
1871.469461   14.359580   0.132240
1871.472994   14.267970   0.129870
1871.476070   14.297200   0.126730
1871.477819   14.272380   0.128380
1871.479709   14.276560   0.124540
1871.481438   14.308200   0.128200
1872.324463   14.336610   0.074050
1872.334315   14.218060   0.076810
1872.344041   14.276080   0.075980
1872.353623   14.307450   0.080600
1872.363427   14.289660   0.075620
1872.373279   14.285540   0.074100
1872.383099   14.239610   0.072950
1872.392766   14.323030   0.073230
1872.402203   14.365580   0.076330
1872.412032   14.323180   0.086860
1872.421585   14.276690   0.084050
1872.431130   14.277270   0.088440
1872.439874   14.311830   0.087070
1872.447517   14.270550   0.090320
1872.454162   14.297250   0.088040
1872.459603   14.341350   0.106540
1872.463903   14.298420   0.094020
1872.467716   14.252250   0.095630
1872.470496   14.322430   0.091680
1872.473152   14.310850   0.099800
1872.474857   14.289410   0.098050
1872.476617   14.274810   0.103370
1872.478370   14.304350   0.098000
1872.480228   14.301530   0.098180
1872.541663   14.305610   0.118250
1872.550845   14.378490   0.115080
1872.560346   14.370140   0.104560
1872.569674   14.273000   0.077300
1873.229437   14.313510   0.082100
1873.238826   14.323790   0.089030
1873.248403   14.353810   0.091890
1873.258009   14.221530   0.089660
1873.267456   14.302490   0.096860
1873.276959   14.275990   0.092880
1873.286788   14.253120   0.093310
1873.296275   14.225240   0.094460
1873.305896   14.379650   0.105680
1873.315548   14.206850   0.104770
1873.325684   14.198580   0.103430
1873.335346   14.297400   0.108730
1873.344942   14.210640   0.087770
1873.354842   14.346120   0.109880
1873.364691   14.246300   0.106790
1873.374458   14.220100   0.108280
1873.383960   14.286740   0.107400
1873.393856   14.180000   0.103990
1873.403606   14.310990   0.115910
1873.423015   14.364340   0.102410
1873.432622   14.313930   0.121490
1873.441010   14.329170   0.109970
1873.447044   14.242740   0.101640
1873.453044   14.236990   0.106960
1873.457630   14.291040   0.108390
1873.462090   14.307910   0.111670
1873.465548   14.194130   0.107760
1873.468261   14.275430   0.115410
1873.470892   14.303650   0.119980
1873.472722   14.364420   0.121790
1873.474437   14.301190   0.109170
1873.476606   14.281800   0.163400
1874.032527   14.269450   0.055370
1874.041923   14.246340   0.060820
1874.051714   14.275530   0.058930
1874.061193   14.245570   0.061440
1874.070741   14.266500   0.064790
1874.080230   14.263200   0.059820
1874.089638   14.288530   0.061270
1874.098984   14.257550   0.067970
1874.108441   14.244580   0.059790
1874.117749   14.281700   0.069110
1874.127103   14.308840   0.068700
1874.136654   14.294180   0.067930
1874.145982   14.292870   0.071160
1874.155173   14.337120   0.079950
1874.164605   14.249600   0.080050
1874.174153   14.299050   0.100100
1874.183645   14.239560   0.117510
1874.222051   14.189540   0.075100
1876.992585   14.284060   0.064610
1877.002277   14.252680   0.062600
1877.012009   14.332110   0.068890
1877.021623   14.209720   0.065590
1877.031340   14.300780   0.075550
1877.041094   14.360840   0.073240
1877.050632   14.285230   0.062140
1877.060512   14.300450   0.065670
1877.070280   14.267520   0.067430
1877.080037   14.262330   0.067910
1877.089835   14.246850   0.065220
1877.099542   14.237460   0.069770
1877.109324   14.351220   0.088310
1877.119234   14.203230   0.081190
1877.128562   14.323050   0.074260
1877.137988   14.254980   0.075100
1877.147449   14.340020   0.095610
1877.157081   14.347240   0.084300
1877.166514   14.290480   0.081790
1877.175811   14.272380   0.076410
1877.185180   14.300790   0.085730
1877.194638   14.232930   0.076900
1877.204359   14.291170   0.075290
1877.213829   14.242820   0.073670
1877.223290   14.307580   0.080170
1877.232928   14.269450   0.076360
1877.242583   14.281470   0.086430
1877.252102   14.266420   0.085320
1877.261424   14.296530   0.084410
1877.271317   14.217630   0.076360
1877.280810   14.309250   0.073690
1877.290913   14.268990   0.083040
1877.300784   14.186890   0.086990
1877.310552   14.206190   0.074860
1877.320329   14.301240   0.091630
1877.330019   14.285650   0.080620
1877.339609   14.305730   0.071140
1877.349339   14.285620   0.084770
1877.359563   14.314260   0.072660
1877.369289   14.221880   0.081190
1877.379166   14.298850   0.079860
1877.389199   14.291990   0.089710
1877.398748   14.310390   0.097280
1877.408188   14.278710   0.093430
1877.417610   14.279520   0.090980
1877.426444   14.272000   0.078560
1877.433416   14.283900   0.090540
1877.439426   14.219860   0.091820
1877.444578   14.222410   0.095860
1877.449101   14.348250   0.084990
1877.452622   14.276110   0.103440
1877.456119   14.314470   0.089600
1877.458826   14.238170   0.079930
1877.460660   14.315560   0.087600
1877.462441   14.325650   0.089280
1877.464144   14.319790   0.090270
1877.465872   14.272160   0.090440
1877.528546   14.382050   0.105220
1877.538164   14.370350   0.110550
1877.547759   14.312880   0.122750
1877.557433   14.416960   0.128660
1877.566991   14.303360   0.122790
1877.956588   14.234430   0.097180
1877.966360   14.269240   0.091380
1877.975795   14.311790   0.068810
1877.985575   14.278020   0.059430
1877.995071   14.258120   0.058570
1878.004964   14.268190   0.057810
1878.014335   14.296590   0.063570
1878.023915   14.273010   0.050490
1878.033403   14.260070   0.058160
1878.042881   14.279680   0.054510
1878.052477   14.289270   0.060400
1878.062202   14.241590   0.061670
1878.072038   14.279110   0.064780
1878.081838   14.264590   0.069350
1878.091595   14.306230   0.060570
1878.101204   14.297460   0.062310
1878.111056   14.301490   0.068680
1878.120475   14.308380   0.067630
1878.129972   14.325300   0.072290
1878.139452   14.255090   0.076270
1878.148981   14.288750   0.127660
1878.158293   14.330730   0.126390
1878.167692   14.358400   0.069180
1878.177309   14.294870   0.067330
1878.186872   14.289610   0.089850
1878.196273   14.281080   0.087250
1878.206054   14.288550   0.098690
1878.215833   14.225140   0.106890
1878.225557   14.252130   0.111680
1878.235117   14.314860   0.091290
1878.244657   14.228590   0.094110
1878.254352   14.284750   0.103800
1878.263984   14.307470   0.108980
1878.273770   14.274650   0.114680
1878.283405   14.264680   0.115410
1878.293079   14.301310   0.113940
1878.303040   14.148720   0.071700
1878.312905   14.306950   0.111530
1878.322431   14.205590   0.078300
1878.342126   14.370400   0.109360
1878.351898   14.328890   0.118500
1878.361666   14.256470   0.114960
1878.371492   14.237520   0.114440
1878.381205   14.477850   0.080100
1878.390611   14.277400   0.097160
1878.400035   14.283660   0.123330
1878.409523   14.270350   0.117500
1878.419250   14.291860   0.124720
1878.427215   14.288960   0.108250
1878.434179   14.247980   0.070900
1878.444128   14.062090   0.070200
1878.448555   14.201870   0.098390
1878.451911   14.241070   0.071000
1878.457364   14.348120   0.075400
1878.459093   14.307990   0.106240
1878.460943   14.355050   0.132450
1878.463020   14.292000   0.167970
1878.523903   14.359880   0.082300
1878.542754   14.210540   0.103450
1878.917751   14.277610   0.103670
1878.928789   14.217300   0.067700
1878.939490   14.294120   0.120580
1878.950209   14.251590   0.102610
1878.960985   14.282460   0.096090
1878.971663   14.266380   0.087190
1878.982256   14.281330   0.090080
1878.992862   14.337470   0.083970
1879.003349   14.297270   0.086890
1879.014056   14.304750   0.082460
1879.024781   14.231940   0.085380
1879.035403   14.248980   0.100980
1879.046338   14.292880   0.099800
1879.056998   14.250220   0.101960
1879.067120   14.292150   0.103510
1879.077625   14.292880   0.100350
1879.087804   14.269810   0.106380
1879.097718   14.272800   0.108170
1879.108265   14.273160   0.118950
1879.118677   14.269370   0.126550
1879.128946   14.327510   0.111660
1879.138951   14.333590   0.120090
1879.148872   14.192930   0.110560
1879.158600   14.144300   0.077600
1879.168681   14.164540   0.078600
1879.178500   14.230710   0.076900
1879.270289   14.284210   0.080800
1879.321285   14.252680   0.076200
1879.341865   14.242590   0.080600
1879.914664   14.324680   0.109890
1879.924232   14.328220   0.100780
1879.933937   14.322920   0.086520
1879.943742   14.263020   0.072210
1879.953255   14.257400   0.067440
1879.962965   14.318320   0.061430
1879.972299   14.255900   0.058210
1879.982133   14.286840   0.060010
1879.991480   14.266260   0.068250
1880.001350   14.270350   0.068880
1880.010995   14.309050   0.076270
1880.020489   14.280020   0.074790
1880.030167   14.366480   0.082430
1880.040004   14.356560   0.073710
1880.050020   14.305040   0.077550
1880.059700   14.315660   0.077020
1880.069635   14.278610   0.081280
1880.079469   14.379660   0.089090
1880.089000   14.322500   0.084540
1880.098524   14.343980   0.087200
1880.108072   14.227340   0.087830
1880.117530   14.273400   0.080490
1880.127140   14.292660   0.087760
1880.200091   14.248820   0.090300
1880.209735   14.205050   0.095810
1880.219431   14.327790   0.095590
1880.229324   14.316530   0.086690
1880.238989   14.254670   0.087130
1880.248836   14.465780   0.094030
1880.258298   14.253980   0.086340
1880.267686   14.214160   0.087450
1880.277275   14.278030   0.093140
1880.286928   14.271700   0.101390
1880.306613   14.277130   0.091240
1880.369120   14.247280   0.088700
1880.967707   14.349340   0.094890
1880.977730   14.271240   0.090950
1880.987626   14.273090   0.079780
1880.997175   14.217960   0.075010
1881.007352   14.262860   0.078060
1881.017262   14.276240   0.082810
1881.027023   14.311100   0.088630
1881.036583   14.310560   0.082920
1881.046307   14.263350   0.085010
1881.055914   14.171590   0.091110
1881.065565   14.258030   0.091070
1881.075352   14.194380   0.091030
1881.085120   14.297150   0.090260
1881.094964   14.336530   0.091460
1881.104801   14.296230   0.078280
1881.114937   14.266930   0.102440
1881.124474   14.246580   0.091710
1881.134326   14.396470   0.101910
1881.143810   14.320030   0.076670
1881.153419   14.281480   0.099400
1881.163015   14.176680   0.088740
1881.171357   14.257180   0.077760
1881.180981   14.326290   0.088080
1881.190627   14.264280   0.070700
1881.200550   14.269930   0.076740
1881.210473   14.260220   0.082050
1881.220305   14.256690   0.089650
1881.230199   14.296980   0.088800
1881.239668   14.304250   0.087490
1881.249328   14.304200   0.085930
1881.258917   14.327410   0.084310
1881.268352   14.274930   0.087320
1881.278189   14.346630   0.094030
1881.288137   14.374060   0.095310
1881.297680   14.305790   0.092210
1881.307337   14.304520   0.094690
1881.317394   14.234200   0.093530
1881.327336   14.252430   0.097340
1881.337373   14.270610   0.097490
1881.347129   14.312340   0.097340
1881.357110   14.285980   0.104360
1881.366722   14.298550   0.102500
1881.376276   14.209060   0.102480
1881.386104   14.297590   0.114200
1881.395996   14.245630   0.109920
1881.405772   14.296660   0.110400
1881.414838   14.268190   0.114430
1881.422098   14.287110   0.117710
1881.428287   14.296710   0.119070
1881.433496   14.296920   0.121610
1881.437835   14.274770   0.110030
1881.441542   14.236310   0.122350
1881.445078   14.231990   0.121560
1881.447777   14.280310   0.123560
1881.449541   14.279150   0.124930
1881.451276   14.197010   0.123610
1881.453055   14.264470   0.123330
1881.455245   14.300350   0.173370
1881.512336   14.406330   0.107270
1881.522032   14.286850   0.078400
1881.531507   14.230790   0.099240
1881.541053   14.241280   0.105650
1881.551019   14.274250   0.111040
1881.560601   14.127400   0.078800
1881.570320   14.282340   0.074100
1881.589707   14.189150   0.078000
1881.874798   14.233850   0.098860
1881.884546   14.395650   0.123730
1881.894462   14.341240   0.105330
1881.904494   14.300760   0.089070
1881.914271   14.305220   0.091090
1881.923884   14.340330   0.093660
1881.933466   14.330820   0.086610
1881.943231   14.254030   0.088640
1881.952875   14.264070   0.109090
1881.962633   14.373930   0.125850
1881.972149   14.242400   0.117960
1881.982098   14.369570   0.132850
1882.021627   14.303250   0.133900
1882.041171   14.162200   0.075200
1882.051198   14.329280   0.076100
1882.080330   14.246180   0.107750
1882.131558   14.312240   0.125140
1882.150694   14.213510   0.068400
1882.160196   14.256180   0.101400
1882.169652   14.314880   0.073700
1883.093660   14.223330   0.106560
1883.112818   14.265130   0.110980
1883.122390   14.265240   0.064300
1883.131900   14.324290   0.108950
1883.141295   14.397070   0.117090
1883.150882   14.315880   0.121600
1883.169718   14.298760   0.069200
1883.179271   14.337920   0.117940
1883.188727   14.295230   0.115620
1883.198251   14.195150   0.072700
1883.207981   14.299960   0.103690
1883.217395   14.260140   0.072200
1883.226897   14.238930   0.075800
1883.274780   14.105900   0.072300
1884.099534   14.291640   0.060590
1884.109140   14.289710   0.059300
1884.118686   14.293940   0.071430
1884.128292   14.486030   0.100370
1884.137551   14.284880   0.063910
1884.147279   14.268790   0.076770
1884.156774   14.302670   0.080460
1884.166197   14.371320   0.072200
1884.175960   14.355500   0.096860
1884.185414   14.282900   0.083980
1884.194977   14.269920   0.069640
1884.204574   14.239210   0.075470
1884.214174   14.286500   0.067280
1884.223839   14.257190   0.076400
1884.233272   14.365020   0.108100
1884.242628   14.292960   0.062950
1884.252195   14.284930   0.058660
1884.261682   14.219750   0.062550
1884.271201   14.238160   0.061420
1884.280876   14.227230   0.067570
1884.290846   14.269320   0.073780
1884.300573   14.276940   0.079380
1884.310420   14.301050   0.084570
1884.320206   14.254010   0.075150
1884.330156   14.292500   0.081310
1884.340081   14.352140   0.095990
1884.350052   14.271480   0.091470
1884.360119   14.264480   0.075530
1884.370060   14.278860   0.072930
1884.379738   14.258470   0.080890
1884.389528   14.313900   0.065540
1884.399065   14.330690   0.070880
1884.406881   14.370620   0.080820
1884.413865   14.299150   0.091920
1884.420368   14.327260   0.075900
1884.425635   14.311770   0.074970
1884.430150   14.307270   0.061090
1884.433678   14.355760   0.078350
1884.437202   14.264530   0.071260
1884.439908   14.283680   0.077580
1884.441669   14.268010   0.073180
1884.443407   14.302300   0.072750
1884.445186   14.269690   0.069480
1884.446926   14.223000   0.090970
1884.503638   14.266920   0.062910
1884.513187   14.337330   0.078430
1884.522993   14.284430   0.066640
1884.532900   14.299090   0.062070
1884.542819   14.280260   0.075490
1884.552782   14.191790   0.034500
1884.562458   14.327800   0.054620
1884.572213   14.311690   0.069000
1884.581820   14.271360   0.053060
1884.591479   14.277750   0.074540
1884.600983   14.268670   0.061250
1884.610820   14.314410   0.058230
1884.886808   14.143990   0.071800
1884.925737   14.272700   0.127360
1885.278641   14.367420   0.072200
1886.072366   14.251890   0.050820
1886.082057   14.274090   0.057820
1886.091456   14.297620   0.060750
1886.101064   14.302090   0.063690
1886.110701   14.231800   0.057970
1886.120214   14.240970   0.058740
1886.129544   14.274420   0.065520
1886.138882   14.250230   0.063240
1886.148233   14.284480   0.062270
1886.157943   14.324940   0.070320
1886.167550   14.271100   0.070740
1886.177101   14.228680   0.076860
1886.186997   14.284980   0.082040
1886.196609   14.289680   0.081410
1886.206153   14.268750   0.091490
1886.215757   14.269400   0.102330
1886.225422   14.223600   0.123030
1886.234829   14.309010   0.123910
1886.244630   14.239600   0.121200
1886.254426   14.344620   0.097030
1886.263771   14.286530   0.077980
1886.273578   14.302010   0.120210
1886.283270   14.345580   0.082510
1886.293134   14.350160   0.084540
1886.303115   14.318460   0.092650
1886.312914   14.283490   0.084510
1886.322818   14.328120   0.092630
1886.332859   14.297930   0.093400
1886.342543   14.339610   0.090320
1886.352534   14.353780   0.092410
1886.362281   14.290730   0.092760
1886.372003   14.291310   0.094370
1886.381496   14.244460   0.097140
1886.391198   14.208630   0.102610
1886.399994   14.272500   0.110130
1886.408171   14.287780   0.108780
1886.414516   14.342970   0.073100
1886.419658   14.280710   0.100460
1886.423796   14.275660   0.098800
1886.427459   14.285900   0.121150
1886.431086   14.281610   0.119500
1886.433595   14.261620   0.072100
1886.437293   14.305130   0.120880
1886.439058   14.241310   0.123630
