1863.169882   14.824590   0.103870
1863.179028   14.865890   0.118830
1863.197263   14.878740   0.074000
1863.206453   14.831490   0.127160
1863.251898   14.752830   0.076400
1863.261055   14.814100   0.114210
1863.279229   14.672520   0.123070
1863.288341   14.826350   0.133360
1863.297662   14.855380   0.127330
1863.306748   14.778050   0.136280
1863.315898   14.899290   0.080500
1863.325261   14.791970   0.104420
1863.344339   14.870080   0.112440
1863.353962   14.830290   0.076700
1863.363511   14.857430   0.122170
1863.372640   14.806720   0.113810
1863.381795   14.867550   0.120180
1863.391577   14.931490   0.130220
1863.400670   14.905180   0.135990
1863.410157   14.747950   0.121600
1863.419415   14.693490   0.122300
1863.428729   14.743050   0.108480
1864.122118   14.805110   0.090050
1864.131216   14.811830   0.120200
1864.140349   14.817910   0.111970
1864.149328   14.858810   0.118270
1864.158727   14.796830   0.099380
1864.168154   14.882830   0.106910
1864.177518   14.884760   0.106350
1864.186471   14.899960   0.107010
1864.195786   14.914160   0.130510
1864.204761   14.843830   0.116020
1864.213956   14.815470   0.109360
1864.223275   14.835650   0.110250
1864.232312   14.843630   0.129750
1864.241734   14.832450   0.121030
1864.250994   14.827970   0.111840
1864.260215   14.844740   0.108330
1864.269452   14.792440   0.114030
1864.278712   14.850970   0.109260
1864.288040   14.919670   0.077300
1864.297228   14.788800   0.124850
1864.306786   14.812920   0.069800
1864.315982   14.868340   0.112590
1864.325240   14.846230   0.129930
1864.334830   14.795490   0.125280
1865.081649   14.812000   0.075700
1865.103000   14.750300   0.073600
1865.112341   14.839300   0.117240
1865.180915   14.860670   0.105980
1865.189934   14.809420   0.079110
1865.199137   14.819370   0.097970
1865.208040   14.797540   0.077210
1865.217207   14.840420   0.123530
1865.226382   14.802420   0.112020
1865.235932   14.838230   0.103310
1865.245886   14.766620   0.123490
1865.255783   14.779370   0.125530
1865.285892   14.850730   0.130590
1865.306338   14.760370   0.076800
1865.316221   14.831590   0.110080
1865.326150   14.771320   0.076600
1865.356675   14.825540   0.078200
1865.417256   14.760450   0.106150
1866.165339   14.881510   0.085030
1866.174723   14.895630   0.078010
1866.184057   14.814350   0.087540
1866.193410   14.856820   0.085950
1866.202706   14.742950   0.084000
1866.212035   14.784130   0.089490
1866.221409   14.821050   0.092840
1866.230791   14.826060   0.081550
1866.240551   14.848670   0.086040
1866.250004   14.808350   0.089200
1866.259354   14.819080   0.093130
1867.193045   14.757030   0.057980
1867.202355   14.812830   0.064360
1867.211516   14.783860   0.061480
1867.220585   14.834180   0.070190
1867.230131   14.790150   0.073010
1867.239707   14.855510   0.074330
1867.249230   14.809360   0.068360
1867.258785   14.829260   0.068540
1867.268385   14.858870   0.077030
1867.277702   14.828970   0.073360
1867.287153   14.842790   0.074130
1867.296854   14.826740   0.079550
1867.306121   14.811060   0.077870
1867.315500   14.775930   0.077720
1867.325094   14.773130   0.080580
1867.334502   14.741910   0.086660
1867.344482   14.829970   0.089850
1867.354030   14.835820   0.088380
1867.363492   14.919930   0.102210
1867.372735   14.868530   0.095110
1867.382212   14.925220   0.096160
1867.391671   14.856830   0.101710
1867.401392   14.725090   0.092300
1867.410805   14.775710   0.086770
1867.420288   14.749720   0.102150
1867.429722   14.858500   0.123880
1867.439192   14.920430   0.119770
1867.448574   14.822290   0.119990
1867.456168   14.864520   0.113980
1867.463320   14.837600   0.112260
1867.469421   14.778130   0.119990
1867.473939   14.830940   0.103310
1867.478291   14.852820   0.081700
1867.481655   14.902230   0.096470
1867.484335   14.868350   0.102640
1867.486951   14.897190   0.104040
1867.488639   14.877890   0.108260
1867.490315   14.866280   0.109890
1867.492002   14.816590   0.101560
1867.493724   14.799580   0.097580
1868.197661   14.883340   0.127100
1868.207123   14.804370   0.122650
1870.219778   14.840050   0.075490
1870.229270   14.834350   0.078330
1870.238762   14.834670   0.092140
1870.248135   14.831240   0.081590
1870.257691   14.845430   0.098410
1870.267266   14.892890   0.095140
1870.276950   14.872700   0.093620
1870.286498   14.795370   0.088940
1870.295849   14.854480   0.085800
1870.305565   14.827910   0.096670
1870.315197   14.881220   0.106850
1870.325274   14.823230   0.111040
1870.335174   14.802410   0.090310
1870.344892   14.827450   0.109990
1870.354573   14.846910   0.127500
1871.136689   14.795560   0.098730
1871.146179   14.844570   0.095250
1871.155384   14.773100   0.089430
1871.164955   14.846310   0.104380
1871.174269   14.832480   0.101770
1871.183469   14.876440   0.113430
1871.192872   14.803330   0.100150
1871.202392   14.770220   0.105200
1871.211865   14.855470   0.120700
1871.221273   14.766510   0.120670
1871.230922   14.768140   0.109110
1871.240394   14.727800   0.101040
1871.250018   14.809470   0.113630
1871.259511   14.815160   0.100370
1871.269122   14.760310   0.109510
1871.278903   14.790330   0.102150
1871.288648   14.879030   0.116110
1871.298226   14.879990   0.115450
1871.307789   14.928880   0.123290
1871.317562   14.844370   0.124540
1871.327342   14.790730   0.122640
1871.337155   14.899470   0.106150
1871.356495   14.936440   0.107830
1871.376020   14.783250   0.105360
1871.385961   14.623870   0.076400
1872.324463   14.849820   0.105960
1872.334315   14.859050   0.111130
1872.344041   14.860920   0.105550
1872.353623   14.909200   0.110460
1872.363427   14.861280   0.107380
1872.373279   14.858750   0.105530
1872.383099   14.783080   0.098810
1872.392766   14.720310   0.094810
1872.402203   14.833910   0.106780
1872.412032   14.890620   0.111820
1872.421585   14.909080   0.113540
1872.431130   14.864190   0.126630
1872.439874   14.888340   0.120840
1872.447517   14.806820   0.121050
1872.454162   14.856190   0.124670
1872.459603   14.845400   0.132000
1872.463903   14.843480   0.083100
1872.467716   14.824600   0.133660
1872.470496   14.794110   0.077000
1872.473151   14.748850   0.107280
1872.476541   14.806780   0.106460
1872.478523   14.698860   0.075800
1872.480228   14.785640   0.110100
1873.229437   14.792100   0.120370
1873.238826   14.838190   0.125680
1873.248403   14.843630   0.120040
1873.258009   14.852960   0.126910
1873.267456   14.715250   0.126100
1873.276959   14.855460   0.134560
1873.286788   14.765470   0.104030
1873.296198   14.787660   0.104230
1873.447044   14.774330   0.079900
1873.457783   14.718770   0.080900
1874.032527   14.873460   0.082330
1874.041923   14.855950   0.087140
1874.051714   14.808790   0.081350
1874.061193   14.811760   0.085320
1874.070741   14.775930   0.089290
1874.080230   14.827950   0.089430
1874.089638   14.771770   0.091680
1874.098984   14.797700   0.094960
1874.108441   14.794160   0.089040
1874.117749   14.834190   0.097350
1874.127103   14.816950   0.087880
1874.136654   14.819830   0.096890
1874.145982   14.800230   0.102080
1874.155173   14.844090   0.100550
1874.164605   14.867960   0.119090
1874.174153   14.781110   0.126710
1876.992585   14.709660   0.081410
1877.002277   14.762710   0.083200
1877.012009   14.876630   0.087760
1877.021623   14.783160   0.085810
1877.031340   14.861620   0.098980
1877.041094   14.930250   0.103790
1877.050632   14.832460   0.078510
1877.060512   14.864730   0.093820
1877.070280   14.878400   0.099200
1877.080037   14.799620   0.091910
1877.089835   14.888840   0.097450
1877.099542   14.848270   0.102270
1877.109324   14.835820   0.115680
1877.119234   14.848330   0.117420
1877.128562   14.838290   0.106000
1877.137988   14.884650   0.109410
1877.157081   14.787990   0.108010
1877.166514   14.869670   0.114730
1877.175811   14.828120   0.110000
1877.185180   14.932900   0.117270
1877.194638   14.866910   0.112410
1877.204359   14.842140   0.112260
1877.213829   14.870040   0.105720
1877.223290   14.855080   0.110950
1877.232928   14.831220   0.104540
1877.242583   14.871470   0.120530
1877.252102   14.962140   0.115100
1877.261424   14.982310   0.116150
1877.271317   14.876800   0.109460
1877.280810   14.837210   0.100610
1877.290913   14.852720   0.115190
1877.300631   14.820920   0.067200
1877.310552   14.819480   0.109830
1877.330019   14.901420   0.115590
1877.339609   14.884270   0.102980
1877.349339   14.840520   0.114850
1877.359563   14.838490   0.100130
1877.369289   14.771380   0.105110
1877.379166   14.704270   0.093750
1877.389122   14.689290   0.082140
1877.408341   14.884580   0.068700
1877.417610   14.844580   0.117790
1877.426444   14.905940   0.118880
1877.433416   14.817370   0.120980
1877.439426   14.682120   0.100480
1877.444502   14.733480   0.103590
1877.449101   14.876680   0.120980
1877.452776   14.823040   0.078600
1877.456119   14.774120   0.119870
1877.458826   14.800340   0.120390
1877.460660   14.810740   0.122390
1877.462441   14.820440   0.127520
1877.464144   14.788850   0.127810
1877.465872   14.830080   0.129090
1877.966360   14.958840   0.108860
1877.975795   14.927510   0.095220
1877.985575   14.909930   0.093520
1877.995071   14.740120   0.075540
1878.004964   14.721250   0.077030
1878.014335   14.754450   0.084880
1878.023915   14.953330   0.081050
1878.033403   14.873640   0.082640
1878.042881   14.842200   0.076200
1878.052477   14.808640   0.085470
1878.062202   14.838480   0.089500
1878.072038   14.772030   0.086960
1878.081838   14.820390   0.093740
1878.091595   14.765350   0.080240
1878.101204   14.856040   0.088160
1878.111056   14.849360   0.094020
1878.120475   14.827720   0.086180
1878.129972   14.877750   0.099090
1878.139452   14.838300   0.111800
1878.167692   14.814240   0.091740
1878.177309   14.780390   0.092110
1878.186872   14.826480   0.126960
1878.196273   14.813460   0.121630
1878.206054   14.771400   0.110310
1878.235117   14.805710   0.128230
1878.244733   14.841330   0.105170
1878.950209   14.862710   0.077800
1878.960985   14.796760   0.100780
1878.971663   14.840340   0.120690
1878.982256   14.795580   0.123690
1878.992862   14.777910   0.109280
1879.003349   14.692690   0.115130
1879.014056   14.794530   0.123590
1879.024781   14.893860   0.129450
1879.035403   14.804240   0.078300
1879.046262   14.805020   0.112560
1879.057151   14.774500   0.076100
1879.077701   14.813030   0.114290
1879.087650   14.711590   0.075900
1879.933937   14.888920   0.119290
1879.943742   14.891760   0.110120
1879.953255   14.809740   0.093940
1879.962965   14.863090   0.089920
1879.972299   14.935360   0.092340
1879.982133   14.844390   0.088660
1879.991480   14.697890   0.086920
1880.001350   14.744760   0.088810
1880.010995   14.697900   0.099410
1880.020489   14.855540   0.102780
1880.030167   14.871640   0.111510
1880.040004   14.869630   0.105100
1880.050020   14.892890   0.111170
1880.059700   14.884710   0.110300
1880.069635   14.868930   0.113400
1880.079469   14.907080   0.121380
1880.089000   14.917840   0.118050
1880.098524   14.787570   0.119170
1880.108072   14.840330   0.068300
1880.117530   14.895410   0.117550
1880.127140   14.789090   0.118390
1880.200091   14.940320   0.123750
1880.229324   14.860300   0.124930
1880.238989   14.706200   0.116500
1880.248836   14.812020   0.116900
1880.258298   14.901530   0.123180
1880.267609   14.846860   0.105430
1880.277275   14.692890   0.123210
1880.306613   14.784570   0.123310
1880.369120   14.774090   0.111330
1880.987626   14.947150   0.105660
1880.997175   14.811890   0.096940
1881.007352   14.842840   0.105730
1881.017262   14.993440   0.114930
1881.027023   14.894830   0.119890
1881.036583   14.901620   0.119990
1881.046307   14.839100   0.121640
1881.055991   14.836880   0.097370
1881.065411   14.855140   0.073600
1881.075352   14.749560   0.072300
1881.085120   14.731590   0.066100
1881.094964   14.759210   0.122790
1881.104801   14.793590   0.112060
1881.124397   14.729620   0.098070
1881.143810   14.808700   0.106270
1881.153266   14.767680   0.074400
1881.163015   14.886190   0.110530
1881.171357   14.783170   0.102320
1881.180981   14.700390   0.119780
1881.190627   14.863060   0.099750
1881.200550   14.793040   0.106900
1881.210473   14.824830   0.112270
1881.220305   14.802790   0.118760
1881.230199   14.871980   0.121470
1881.239668   14.886140   0.092470
1881.249328   14.812790   0.118510
1881.258917   14.755170   0.113700
1881.268352   14.765490   0.126360
1881.278189   14.834230   0.122250
1881.288137   14.796560   0.120770
1881.297680   14.858360   0.126220
1881.307337   14.840480   0.127820
1881.317394   14.862550   0.131970
1881.327336   14.799730   0.130560
1881.337296   14.839060   0.109820
1881.347282   14.767180   0.075800
1881.357110   14.720860   0.126870
1881.366798   14.765270   0.106920
1881.376276   14.752660   0.108760
1881.904494   14.886970   0.131100
1881.914271   14.872260   0.128590
1881.923884   14.886850   0.133650
1881.933466   14.954430   0.122980
1881.943231   14.928720   0.125240
1884.099534   14.812760   0.086720
1884.109140   14.775530   0.081280
1884.118686   14.878610   0.105090
1884.137551   14.778660   0.095500
1884.147279   14.786310   0.103840
1884.156774   14.791180   0.110700
1884.175960   14.854620   0.129550
1884.185338   14.850680   0.097680
1884.194977   14.837050   0.101600
1884.204574   14.880170   0.111160
1884.214174   14.871470   0.093620
1884.223915   14.933240   0.095340
1884.242628   14.819000   0.085650
1884.252195   14.825980   0.083740
1884.261682   14.886570   0.090010
1884.271201   14.788430   0.085540
1884.280876   14.826080   0.092350
1884.290846   14.833440   0.100590
1884.300573   14.889970   0.116100
1884.320206   14.865420   0.110550
1884.330156   14.892390   0.111200
1884.339928   14.700100   0.061600
1884.350052   14.695360   0.114550
1884.360119   14.690810   0.099500
1884.370060   14.703950   0.097990
1884.379738   14.831560   0.114550
1884.389528   14.829100   0.090530
1884.399065   14.880640   0.098670
1884.406881   14.904260   0.116630
1884.413865   14.783930   0.101680
1884.425635   14.894550   0.111900
1884.430150   14.769580   0.084140
1884.433678   14.853610   0.108280
1884.437202   14.828220   0.105360
1884.439908   14.840990   0.111400
1884.441669   14.838190   0.113500
1884.443407   14.902890   0.111390
1884.445186   14.818900   0.104540
1884.503638   14.820530   0.091720
1884.513187   14.873280   0.112590
1884.522993   14.824060   0.094510
1884.532900   14.819460   0.078940
1884.542819   14.869930   0.113000
1884.552782   14.862800   0.056800
1884.562458   14.850550   0.071600
1884.572213   14.818320   0.099620
1884.581820   14.844920   0.077020
1884.591479   14.879750   0.110870
1884.600983   14.847600   0.090990
1884.610820   14.819970   0.077040
1886.072366   14.786530   0.072600
1886.082057   14.769220   0.073200
1886.091456   14.810010   0.082520
1886.101064   14.930040   0.093740
1886.110701   14.823060   0.077910
1886.120214   14.788110   0.080370
1886.129544   14.777800   0.085150
1886.138882   14.827060   0.084600
1886.148233   14.850400   0.088500
1886.157943   14.833630   0.090410
1886.167550   14.821270   0.110210
1886.177101   14.853630   0.103850
1886.186997   14.902450   0.110820
1886.196609   14.893220   0.121510
1886.206153   14.822160   0.123290
1886.215757   14.849500   0.133790
1886.254273   14.744940   0.068000
1886.263771   14.843120   0.110240
1886.283270   14.821970   0.109490
1886.293134   14.857230   0.113680
1886.303038   14.829330   0.102040
1886.312914   14.834770   0.116300
1886.322818   14.889150   0.126330
1886.332782   14.805670   0.096460
1886.342543   14.846350   0.115850
1886.352534   14.783880   0.113050
1886.362281   14.778590   0.123060
1886.372003   14.900060   0.103720
1886.381496   14.813600   0.072200
