1863.169882   13.111510   0.034410
1863.179028   13.144210   0.038160
1863.188111   13.120040   0.043880
1863.197263   13.140380   0.040130
1863.206453   13.111320   0.038740
1863.215516   13.112700   0.050120
1863.224486   13.104350   0.047300
1863.233708   13.107420   0.049130
1863.243026   13.114610   0.050810
1863.252052   13.134620   0.042740
1863.260978   13.105360   0.042940
1863.270074   13.124590   0.048440
1863.279229   13.126670   0.042960
1863.288341   13.101580   0.040500
1863.297662   13.124880   0.037730
1863.306748   13.100550   0.045160
1863.315898   13.107110   0.043490
1863.325261   13.103660   0.041780
1863.334632   13.088570   0.046090
1863.344416   13.086160   0.043360
1863.353962   13.100250   0.042970
1863.363511   13.131070   0.039920
1863.372640   13.125450   0.034410
1863.381795   13.107130   0.034410
1863.391577   13.122210   0.038000
1863.400670   13.147010   0.040040
1863.410157   13.108890   0.041060
1863.419415   13.111450   0.042820
1863.428728   13.115000   0.045440
1863.438171   13.104150   0.047680
1863.447725   13.070000   0.050380
1863.457038   13.145220   0.059490
1863.464667   13.133750   0.071120
1863.471563   13.130710   0.074420
1863.477686   13.113020   0.066900
1863.482900   13.116080   0.071090
1863.487037   13.112310   0.073910
1863.490505   13.076630   0.072950
1863.494064   13.112530   0.067330
1863.496621   13.105500   0.072640
1863.498272   13.144720   0.074760
1863.500087   13.037490   0.071100
1863.501889   13.119080   0.077090
1863.503937   13.111070   0.105600
1864.122118   13.112750   0.028120
1864.131216   13.136250   0.037490
1864.140349   13.117770   0.033330
1864.149328   13.096420   0.034070
1864.158727   13.091070   0.030440
1864.168077   13.117230   0.041540
1864.177441   13.114570   0.038340
1864.186471   13.112940   0.030200
1864.195786   13.140160   0.039750
1864.204761   13.136910   0.034070
1864.213956   13.109470   0.032600
1864.223275   13.128340   0.031120
1864.232312   13.125610   0.037390
1864.241734   13.096290   0.037840
1864.250994   13.102550   0.032340
1864.260292   13.117100   0.038580
1864.269452   13.114430   0.033610
1864.278712   13.121600   0.040450
1864.288040   13.139160   0.041690
1864.297228   13.112280   0.039440
1864.306786   13.107780   0.040420
1864.315982   13.093840   0.041300
1864.325240   13.129940   0.039550
1864.334830   13.108760   0.038740
1864.344223   13.116730   0.054910
1864.353629   13.065700   0.052430
1864.362884   13.097890   0.056720
1864.372284   13.143640   0.069210
1864.381718   13.138460   0.062700
1864.391386   13.098890   0.050930
1864.401175   13.105560   0.063870
1864.410777   13.148070   0.055950
1864.420158   13.141760   0.054680
1864.429378   13.146120   0.064810
1864.438639   13.078230   0.072980
1864.448098   13.103500   0.080700
1864.457409   13.119290   0.088420
1864.465120   13.110390   0.079520
1864.472313   13.190930   0.096950
1864.477494   13.084860   0.104210
1864.482720   13.114600   0.101480
1864.492216   13.154460   0.121000
1864.494776   13.090640   0.120350
1864.496480   13.085000   0.118830
1864.498365   13.151760   0.122680
1864.500091   13.108990   0.119700
1864.501760   13.085690   0.121540
1865.081649   13.105150   0.047340
1865.090914   13.161320   0.047970
1865.103000   13.105250   0.045770
1865.112265   13.085660   0.041720
1865.121493   13.070380   0.053270
1865.180915   13.107030   0.029860
1865.189934   13.086850   0.023570
1865.199137   13.102380   0.031070
1865.208040   13.112700   0.023150
1865.217207   13.112490   0.036450
1865.226382   13.132640   0.033690
1865.235932   13.117620   0.037970
1865.245886   13.122650   0.039740
1865.255783   13.107990   0.038740
1865.265750   13.141700   0.048660
1865.275774   13.116890   0.043650
1865.285892   13.095680   0.037670
1865.295973   13.092500   0.043600
1865.306185   13.142380   0.041350
1865.316145   13.084280   0.039150
1865.326150   13.101870   0.044980
1865.336276   13.145740   0.056000
1865.346577   13.106300   0.046090
1865.356675   13.126040   0.044770
1865.366659   13.138530   0.051160
1865.376904   13.110230   0.051390
1865.387088   13.109440   0.050240
1865.397153   13.086350   0.053300
1865.407149   13.098990   0.050720
1865.417333   13.123370   0.045530
1865.427630   13.112760   0.052650
1865.437669   13.106600   0.049710
1865.448171   13.158030   0.062920
1865.457324   13.135420   0.069690
1865.465615   13.173950   0.076260
1865.471988   13.136720   0.089560
1865.477591   13.124330   0.105930
1865.482335   13.096530   0.087790
1865.486159   13.115270   0.101830
1865.489785   13.163050   0.088310
1865.492667   13.081830   0.085240
1865.494427   13.095970   0.084410
1865.496283   13.063170   0.080150
1865.498551   13.125510   0.133850
1866.165339   13.107140   0.025470
1866.174723   13.097840   0.026110
1866.184057   13.103650   0.027200
1866.193410   13.095030   0.026740
1866.202706   13.116690   0.027890
1866.212035   13.111890   0.028190
1866.221409   13.107810   0.029230
1866.230791   13.118840   0.028000
1866.240551   13.117380   0.027710
1866.250004   13.103870   0.027600
1866.259354   13.122950   0.028640
1867.193045   13.110440   0.018820
1867.202355   13.112540   0.019800
1867.211516   13.114310   0.020150
1867.220585   13.121690   0.021600
1867.230131   13.112340   0.021540
1867.239707   13.115250   0.021540
1867.249230   13.111970   0.021130
1867.258785   13.114810   0.022170
1867.268385   13.116440   0.022180
1867.277702   13.120910   0.022980
1867.287153   13.115710   0.022700
1867.296854   13.136670   0.023790
1867.306121   13.130000   0.023210
1867.315500   13.127890   0.023380
1867.325094   13.115360   0.024250
1867.334502   13.125470   0.025060
1867.344482   13.141640   0.027200
1867.354030   13.102510   0.026040
1867.363492   13.097650   0.031770
1867.372735   13.127970   0.027140
1867.382212   13.117820   0.028650
1867.391671   13.145930   0.031350
1867.401392   13.112400   0.029910
1867.410805   13.118750   0.028790
1867.420288   13.100360   0.035940
1867.429722   13.130020   0.038980
1867.439192   13.111030   0.037380
1867.448574   13.105420   0.040020
1867.456168   13.120460   0.035330
1867.463320   13.129640   0.036160
1867.469421   13.121330   0.037540
1867.473939   13.122470   0.024040
1867.478291   13.105280   0.026500
1867.481655   13.119430   0.027950
1867.484335   13.109680   0.030720
1867.486951   13.125910   0.030370
1867.488639   13.128110   0.032280
1867.490315   13.107210   0.033150
1867.492002   13.131650   0.032680
1867.493724   13.110820   0.030950
1868.197661   13.121100   0.035330
1868.207123   13.135680   0.035620
1868.216495   13.132950   0.048610
1868.225986   13.078440   0.043950
1868.235811   13.117820   0.049950
1868.245580   13.133020   0.046030
1868.255259   13.059840   0.049770
1868.264815   13.116880   0.049050
1868.274279   13.117510   0.052550
1868.283929   13.107240   0.050810
1868.293537   13.151950   0.075310
1868.303104   13.212490   0.080180
1868.312574   13.129810   0.074680
1868.322548   13.111460   0.058320
1868.332083   13.122620   0.054180
1868.341800   13.103440   0.056360
1868.351466   13.149250   0.072140
1868.360837   13.113510   0.070290
1868.370659   13.149450   0.066500
1868.380417   13.079480   0.066880
1868.390367   13.108330   0.063450
1868.399668   13.086550   0.065060
1868.409622   13.136820   0.070070
1868.419023   13.145660   0.064650
1868.428372   13.105240   0.066240
1868.437691   13.098980   0.070720
1868.446987   13.134300   0.065450
1868.454949   13.101800   0.072370
1868.461066   13.161510   0.071960
1868.467151   13.139470   0.076770
1868.471440   13.078760   0.075300
1868.475710   13.054410   0.083530
1868.479187   13.115210   0.088830
1868.481793   13.082740   0.087740
1868.484421   13.116500   0.084440
1868.486154   13.110950   0.084030
1868.487874   13.096500   0.084420
1868.489584   13.022420   0.083030
1868.491280   13.089320   0.087880
1868.553049   13.114810   0.103730
1868.562396   13.146730   0.118050
1869.239644   13.084100   0.101530
1869.249027   13.173010   0.109540
1869.258676   13.174400   0.116340
1869.268307   13.071470   0.071500
1869.278391   13.151720   0.072900
1869.287800   13.023570   0.067300
1870.219778   13.141030   0.023100
1870.229270   13.140460   0.023850
1870.238762   13.146160   0.026510
1870.248135   13.127660   0.025120
1870.257691   13.127880   0.027950
1870.267266   13.116040   0.026910
1870.276950   13.115500   0.027780
1870.286498   13.110820   0.027600
1870.295849   13.108850   0.026220
1870.305565   13.103350   0.027840
1870.315197   13.106270   0.031010
1870.325274   13.109590   0.031430
1870.335174   13.123970   0.029680
1870.344892   13.108820   0.031610
1870.354573   13.111020   0.037540
1870.364104   13.124530   0.049850
1870.373603   13.113770   0.048020
1870.383600   13.090180   0.048960
1870.393243   13.140350   0.069500
1870.402820   13.147730   0.090590
1870.412418   13.105930   0.079170
1870.421719   13.157950   0.084790
1870.431056   13.068750   0.083860
1870.440608   13.136280   0.070320
1870.448993   13.143860   0.065600
1870.456179   13.104200   0.062800
1870.461756   13.050960   0.081090
1870.466593   13.123710   0.091350
1870.470290   13.075750   0.078240
1870.474034   13.145990   0.091980
1870.476825   13.117820   0.095990
1870.478569   13.170940   0.096870
1870.480341   13.149190   0.089200
1870.482097   13.125250   0.094240
1870.483838   13.122590   0.095260
1870.485602   13.096050   0.094690
1871.136689   13.142910   0.030260
1871.146179   13.094890   0.027310
1871.155384   13.132900   0.026850
1871.164955   13.116240   0.031060
1871.174269   13.123580   0.029800
1871.183469   13.131500   0.032920
1871.192872   13.107680   0.029680
1871.202392   13.104040   0.031530
1871.211865   13.073520   0.037320
1871.221273   13.116580   0.037550
1871.230922   13.090330   0.032510
1871.240394   13.121130   0.030330
1871.250018   13.137130   0.033680
1871.259511   13.105450   0.031950
1871.269122   13.087660   0.031580
1871.278903   13.103930   0.031360
1871.288648   13.123520   0.034880
1871.298226   13.108800   0.033300
1871.307789   13.112690   0.036100
1871.317562   13.102190   0.036100
1871.327342   13.124700   0.039000
1871.337079   13.095850   0.040840
1871.346725   13.142370   0.042420
1871.356495   13.101580   0.039570
1871.366277   13.086260   0.044370
1871.375944   13.114130   0.044760
1871.385808   13.080990   0.048300
1871.395399   13.120260   0.053060
1871.404882   13.138100   0.057350
1871.414342   13.140040   0.059470
1871.423744   13.058860   0.054110
1871.433495   13.072010   0.057240
1871.442405   13.120220   0.055510
1871.449670   13.113130   0.053380
1871.455742   13.112530   0.054410
1871.461191   13.098630   0.058630
1871.465968   13.112480   0.055880
1871.469461   13.135650   0.053420
1871.472994   13.114320   0.059880
1871.476070   13.095520   0.054570
1871.477819   13.122290   0.055470
1871.479709   13.093920   0.055480
1871.481438   13.080850   0.058030
1871.550420   13.120000   0.065510
1871.559908   13.110840   0.062820
1871.569340   13.108760   0.069190
1871.578835   13.130260   0.071270
1871.588334   13.084080   0.075090
1871.597765   13.065160   0.089920
1871.607264   13.123630   0.105270
1871.616819   13.121560   0.116570
1871.626324   13.098610   0.126770
1872.324463   13.066380   0.032030
1872.334315   13.076360   0.033730
1872.344041   13.094070   0.033290
1872.353623   13.140440   0.033220
1872.363427   13.135790   0.033100
1872.373279   13.122720   0.031080
1872.383099   13.129640   0.031540
1872.392766   13.095280   0.031310
1872.402203   13.133280   0.033840
1872.412032   13.104250   0.034190
1872.421585   13.108220   0.035220
1872.431130   13.110240   0.037010
1872.439874   13.102120   0.037370
1872.447517   13.127990   0.036690
1872.454162   13.126510   0.038520
1872.459603   13.113450   0.045100
1872.463903   13.137840   0.044270
1872.467716   13.111140   0.040450
1872.470496   13.132830   0.041640
1872.473152   13.089010   0.043430
1872.474857   13.131760   0.043560
1872.476617   13.107730   0.043590
1872.478370   13.130380   0.043330
1872.480228   13.134830   0.042400
1872.541663   13.118750   0.054690
1872.550845   13.156690   0.054950
1872.560270   13.136140   0.055360
1872.569828   13.121880   0.065130
1872.579400   13.158410   0.065650
1872.588943   13.135150   0.066630
1872.598488   13.156820   0.087420
1872.608116   13.099230   0.097490
1872.617527   13.218970   0.113700
1872.627101   13.164860   0.125910
1873.229437   13.142060   0.034810
1873.238826   13.118340   0.037070
1873.248403   13.137590   0.035570
1873.258009   13.101110   0.036230
1873.267456   13.125420   0.039210
1873.276959   13.141550   0.038460
1873.286788   13.126650   0.039210
1873.296275   13.146690   0.042240
1873.305896   13.125010   0.045230
1873.315548   13.114210   0.046720
1873.325684   13.129700   0.047840
1873.335346   13.174110   0.050900
1873.344943   13.082430   0.051800
1873.354842   13.124130   0.048400
1873.364691   13.074590   0.054220
1873.374458   13.162460   0.050810
1873.383960   13.128450   0.045680
1873.393856   13.101360   0.049190
1873.403606   13.125380   0.050830
1873.413210   13.108630   0.057940
1873.422938   13.111990   0.057230
1873.432622   13.156540   0.051810
1873.441010   13.139740   0.046660
1873.447044   13.141200   0.042500
1873.453044   13.136120   0.044120
1873.457630   13.124110   0.046250
1873.462090   13.116430   0.050080
1873.465548   13.152200   0.049030
1873.468261   13.169390   0.051270
1873.470892   13.155330   0.051100
1873.472722   13.130000   0.049910
1873.474437   13.140550   0.047240
1873.476606   13.148550   0.071910
1873.558313   13.171250   0.113460
1873.567696   13.063110   0.108180
1873.577180   13.127910   0.116950
1873.586745   13.103770   0.101240
1873.596380   13.105460   0.072900
1873.605773   13.181660   0.076200
1873.615321   13.114050   0.120220
1873.624816   13.067620   0.121040
1874.032527   13.097810   0.024190
1874.041923   13.102100   0.025120
1874.051714   13.079360   0.025350
1874.061193   13.132550   0.025300
1874.070741   13.121490   0.027050
1874.080230   13.138850   0.026800
1874.089638   13.141060   0.025930
1874.098984   13.128200   0.027080
1874.108441   13.111580   0.026960
1874.117749   13.144850   0.028520
1874.127103   13.132680   0.026970
1874.136654   13.124900   0.028410
1874.145982   13.101640   0.028580
1874.155173   13.114370   0.030720
1874.164605   13.119190   0.034360
1874.174153   13.120530   0.041380
1874.183645   13.121620   0.053930
1874.193053   13.149330   0.070920
1874.202515   13.139450   0.066370
1874.212179   13.102310   0.080970
1874.222051   13.088780   0.070270
1874.593715   13.015840   0.115720
1874.603390   13.079320   0.109990
1874.613116   13.102800   0.099150
1876.992585   13.112800   0.026510
1877.002277   13.100340   0.027370
1877.012009   13.127950   0.029340
1877.021623   13.119250   0.026850
1877.031340   13.126880   0.030690
1877.041094   13.117140   0.029520
1877.050632   13.114920   0.025700
1877.060512   13.102110   0.026560
1877.070280   13.111560   0.028590
1877.080037   13.119670   0.028260
1877.089835   13.134840   0.027090
1877.099542   13.127640   0.030500
1877.109324   13.140290   0.036410
1877.119234   13.099210   0.034330
1877.128562   13.126100   0.032200
1877.137988   13.103380   0.032010
1877.147449   13.085720   0.039670
1877.157081   13.119610   0.036200
1877.166514   13.117240   0.034420
1877.175811   13.105880   0.032280
1877.185180   13.104620   0.035860
1877.194638   13.088800   0.033410
1877.204359   13.125580   0.031590
1877.213829   13.113370   0.030490
1877.223290   13.116460   0.033320
1877.232928   13.113250   0.032390
1877.242583   13.123310   0.036760
1877.252102   13.097540   0.035230
1877.261424   13.115400   0.036440
1877.271317   13.110220   0.032460
1877.280810   13.111330   0.030150
1877.290913   13.110550   0.034240
1877.300784   13.126920   0.040590
1877.310552   13.122310   0.032510
1877.320329   13.137580   0.038980
1877.330019   13.138160   0.033490
1877.339609   13.123810   0.030390
1877.349339   13.155330   0.035370
1877.359563   13.134610   0.031090
1877.369289   13.143920   0.034780
1877.379166   13.105960   0.033260
1877.389199   13.103200   0.038120
1877.398748   13.141540   0.043950
1877.408188   13.126890   0.041810
1877.417610   13.123970   0.038130
1877.426444   13.095900   0.033800
1877.433416   13.137270   0.038050
1877.439426   13.184450   0.039090
1877.444578   13.150610   0.042270
1877.449101   13.123900   0.036440
1877.452622   13.122910   0.043800
1877.456119   13.111890   0.039560
1877.458826   13.121690   0.035100
1877.460660   13.143290   0.038860
1877.462441   13.104210   0.038230
1877.464144   13.107820   0.037370
1877.465872   13.123530   0.040480
1877.528546   13.139960   0.046310
1877.538164   13.128180   0.050010
1877.547759   13.128210   0.054910
1877.557433   13.122800   0.054890
1877.566991   13.105050   0.055200
1877.956588   13.125670   0.045370
1877.966360   13.140770   0.039400
1877.975795   13.120370   0.030260
1877.985575   13.122410   0.026450
1877.995071   13.102930   0.024030
1878.004964   13.133690   0.024020
1878.014335   13.115630   0.025930
1878.023915   13.165650   0.021220
1878.033403   13.101380   0.023670
1878.042881   13.114080   0.023620
1878.052477   13.118950   0.027080
1878.062202   13.111610   0.025870
1878.072038   13.115370   0.026390
1878.081838   13.113090   0.027480
1878.091595   13.131510   0.026270
1878.101204   13.111920   0.026800
1878.111056   13.115940   0.027260
1878.120475   13.129810   0.028300
1878.129972   13.130410   0.029910
1878.139452   13.123910   0.035650
1878.148981   13.103400   0.058720
1878.158293   13.111040   0.052270
1878.167692   13.124440   0.031540
1878.177309   13.111230   0.029220
1878.186872   13.102060   0.039670
1878.196273   13.073930   0.037910
1878.206054   13.076310   0.042690
1878.215833   13.121400   0.045980
1878.225557   13.092930   0.050150
1878.235117   13.106470   0.038460
1878.244657   13.082260   0.041580
1878.254352   13.098250   0.044780
1878.263984   13.089170   0.046090
1878.273770   13.090690   0.047520
1878.283405   13.105060   0.053910
1878.293079   13.108740   0.050560
1878.302887   13.114320   0.066460
1878.312828   13.139410   0.066060
1878.322431   13.103840   0.065520
1878.332111   13.119870   0.069060
1878.342126   13.112310   0.048080
1878.351898   13.103750   0.054930
1878.361666   13.090480   0.052440
1878.371492   13.097110   0.051430
1878.381052   13.134960   0.057510
1878.390611   13.153680   0.046170
1878.400035   13.062210   0.057110
1878.409523   13.090150   0.052730
1878.419250   13.104560   0.058730
1878.427139   13.075570   0.059200
1878.434256   13.131770   0.050160
1878.439734   13.146830   0.063630
1878.444205   13.109120   0.048800
1878.448555   13.094540   0.047520
1878.452064   13.110060   0.060690
1878.454721   13.107790   0.059720
1878.457364   13.104200   0.057540
1878.459093   13.125410   0.059420
1878.460943   13.118160   0.059620
1878.463071   13.103670   0.084540
1878.523903   13.123870   0.062440
1878.533380   13.115970   0.060910
1878.542754   13.100250   0.056390
1878.552323   13.134180   0.063860
1878.561961   13.093870   0.073520
1878.571685   13.143750   0.098730
1878.581234   13.110990   0.093320
1878.590773   13.075270   0.094300
1878.600390   13.015560   0.115500
1878.885725   13.184200   0.083280
1878.896259   13.116310   0.066280
1878.907039   13.145990   0.065900
1878.917827   13.137940   0.064150
1878.928636   13.121380   0.059740
1878.939490   13.106020   0.053660
1878.950209   13.124620   0.041520
1878.960985   13.108730   0.040330
1878.971663   13.116030   0.035110
1878.982256   13.128110   0.036910
1878.992862   13.106540   0.034180
1879.003349   13.133130   0.037480
1879.014056   13.113520   0.036550
1879.024781   13.119740   0.037710
1879.035403   13.105500   0.043300
1879.046338   13.097720   0.043090
1879.056998   13.124690   0.043530
1879.067120   13.120260   0.046500
1879.077625   13.096070   0.042970
1879.087804   13.096790   0.043890
1879.097718   13.123780   0.052430
1879.108265   13.123710   0.052910
1879.118677   13.089760   0.058470
1879.128946   13.064950   0.048650
1879.138951   13.120410   0.051430
1879.148948   13.135960   0.067690
1879.158753   13.119060   0.066150
1879.168681   13.108930   0.067230
1879.178653   13.140710   0.066950
1879.188532   13.074930   0.074670
1879.198658   13.127310   0.071920
1879.208980   13.098060   0.076640
1879.219105   13.118760   0.075510
1879.229198   13.103900   0.070610
1879.239692   13.129980   0.077060
1879.249885   13.106310   0.071780
1879.259988   13.116030   0.066930
1879.270136   13.055130   0.066290
1879.279998   13.156870   0.051610
1879.290256   13.135460   0.065590
1879.300321   13.111240   0.062140
1879.310604   13.087990   0.066950
1879.321132   13.106470   0.066240
1879.331398   13.136230   0.063390
1879.341711   13.131840   0.071890
1879.352168   13.133170   0.064240
1879.362239   13.145140   0.066180
1879.372581   13.137550   0.064050
1879.383093   13.184980   0.038300
1879.393142   13.123950   0.070520
1879.403333   13.105840   0.072580
1879.413718   13.091250   0.073500
1879.422210   13.059860   0.076400
1879.430290   13.166170   0.082530
1879.436891   13.111850   0.082910
1879.441492   13.150950   0.089650
1879.445571   13.129070   0.087120
1879.449457   13.176720   0.087170
1879.452342   13.189880   0.074900
1879.454194   13.092170   0.080670
1879.456055   13.108260   0.068590
1879.457932   13.167990   0.088170
1879.460282   13.103910   0.127260
1879.524043   13.131990   0.110800
1879.534146   13.164650   0.114700
1879.544253   13.207060   0.119720
1879.554321   13.065400   0.067400
1879.564508   13.162600   0.123040
1879.574677   13.074020   0.121150
1879.584814   13.141810   0.129620
1879.594859   13.082960   0.100910
1879.604968   12.975100   0.071500
1879.885631   13.075510   0.087060
1879.895153   13.087370   0.078800
1879.904711   13.129150   0.067800
1879.914664   13.094010   0.053000
1879.924232   13.095240   0.042410
1879.933937   13.146240   0.036600
1879.943742   13.130180   0.030600
1879.953255   13.129300   0.027370
1879.962965   13.125810   0.025870
1879.972299   13.102760   0.024540
1879.982133   13.118150   0.025520
1879.991480   13.119880   0.027670
1880.001350   13.118110   0.029390
1880.010995   13.118870   0.032970
1880.020489   13.150210   0.032830
1880.030167   13.097880   0.033100
1880.040004   13.115310   0.031120
1880.050020   13.124470   0.031770
1880.059700   13.121850   0.034020
1880.069635   13.113730   0.034250
1880.079469   13.087290   0.036780
1880.089000   13.106680   0.035800
1880.098524   13.118230   0.035470
1880.108072   13.143140   0.037940
1880.117530   13.106450   0.034990
1880.127140   13.097620   0.036730
1880.200091   13.142150   0.039130
1880.209735   13.139050   0.042100
1880.219431   13.131020   0.041120
1880.229324   13.110940   0.035740
1880.238989   13.117160   0.035810
1880.248836   13.103870   0.036010
1880.258298   13.101000   0.038640
1880.267686   13.115050   0.039210
1880.277275   13.126470   0.037830
1880.286928   13.118600   0.043420
1880.306536   13.111710   0.031050
1880.369120   13.126380   0.034880
1880.684731   13.069170   0.098960
1880.693935   13.089310   0.105520
1880.703424   13.167130   0.117970
1880.712965   13.189110   0.069800
1880.967707   13.134420   0.044690
1880.977730   13.129810   0.043600
1880.987626   13.091290   0.034480
1880.997175   13.114510   0.032170
1881.007352   13.114160   0.033830
1881.017262   13.115270   0.035600
1881.027023   13.101730   0.036790
1881.036583   13.116300   0.034930
1881.046307   13.131900   0.036680
1881.055914   13.133380   0.042090
1881.065565   13.099900   0.040620
1881.075352   13.122000   0.042570
1881.085120   13.137240   0.040010
1881.094964   13.092470   0.038520
1881.104801   13.082720   0.032200
1881.114937   13.104600   0.046830
1881.124474   13.101800   0.041290
1881.134326   13.105970   0.044300
1881.143810   13.092190   0.033110
1881.153419   13.120140   0.043900
1881.163015   13.102830   0.039620
1881.171357   13.117850   0.033090
1881.180981   13.125030   0.035820
1881.190627   13.120480   0.029740
1881.200550   13.101020   0.031760
1881.210473   13.108970   0.035510
1881.220305   13.134390   0.038700
1881.230199   13.127780   0.036930
1881.239668   13.122910   0.038420
1881.249328   13.114040   0.038530
1881.258917   13.129080   0.037360
1881.268352   13.118880   0.040820
1881.278189   13.114430   0.039260
1881.288137   13.119710   0.036730
1881.297680   13.127380   0.037360
1881.307337   13.104180   0.039050
1881.317394   13.093660   0.041630
1881.327336   13.082720   0.041290
1881.337373   13.101820   0.043080
1881.347129   13.107880   0.045010
1881.357110   13.110290   0.044170
1881.366722   13.102020   0.044470
1881.376276   13.124570   0.045870
1881.386104   13.116100   0.052220
1881.395996   13.120430   0.050810
1881.405772   13.138640   0.051230
1881.414838   13.118640   0.049730
1881.422098   13.122800   0.051350
1881.428287   13.108840   0.051430
1881.433496   13.107800   0.053240
1881.437835   13.146480   0.050490
1881.441542   13.139430   0.055520
1881.445078   13.126920   0.057860
1881.447777   13.136560   0.055920
1881.449541   13.111030   0.057620
1881.451276   13.113430   0.053820
1881.453055   13.089730   0.055190
1881.455245   13.119880   0.078610
1881.512259   13.111780   0.055140
1881.522032   13.099010   0.060060
1881.531584   13.106950   0.062840
1881.541053   13.140980   0.062440
1881.550943   13.114850   0.061840
1881.560601   13.136750   0.063450
1881.570473   13.148640   0.058840
1881.580253   13.100490   0.070010
1881.589860   13.087890   0.067640
1881.599577   13.133070   0.078310
1881.609472   13.077420   0.072510
1881.619114   13.105920   0.081440
1881.628942   13.099610   0.092690
1881.638590   13.131160   0.097850
1881.648351   13.155080   0.101630
1881.816745   13.209370   0.066300
1881.826319   13.020750   0.100520
1881.835921   13.054510   0.091240
1881.845731   13.112360   0.087240
1881.855252   13.228140   0.077620
1881.864967   13.168960   0.067940
1881.874874   13.174430   0.056410
1881.884546   13.121540   0.054090
1881.894462   13.093410   0.046190
1881.904494   13.131310   0.040360
1881.914271   13.123890   0.039400
1881.923884   13.112780   0.038570
1881.933466   13.112600   0.035520
1881.943231   13.087570   0.038140
1881.952875   13.060240   0.047110
1881.962633   13.120910   0.054290
1881.972149   13.116120   0.055740
1881.982098   13.135620   0.059660
1881.992169   13.109460   0.076860
1882.001889   13.130800   0.084370
1882.011594   13.126310   0.086040
1882.021627   13.113450   0.066810
1882.031644   13.099130   0.073280
1882.041324   13.094740   0.070620
1882.051198   13.130560   0.062570
1882.060871   13.128990   0.068140
1882.070527   13.027430   0.107820
1882.080330   13.090950   0.050240
1882.090096   13.021960   0.099910
1882.099416   13.224700   0.078500
1882.109365   13.174490   0.089840
1882.121972   13.098460   0.070960
1882.131558   13.097290   0.058250
1882.141120   13.068050   0.091670
1882.150540   13.126670   0.063900
1882.160119   13.078990   0.063800
1882.169652   13.106780   0.063780
1882.179008   13.084390   0.066060
1882.188466   13.051360   0.072100
1882.198063   13.067130   0.083840
1882.208031   13.143460   0.072500
1882.217722   13.211870   0.115130
1882.227231   13.108630   0.098970
1882.236839   13.098140   0.101380
1882.246174   13.220370   0.070200
1882.256107   13.029460   0.115840
1882.266006   13.177240   0.118020
1882.275585   13.067260   0.108850
1882.285301   13.118700   0.110220
1882.295361   13.094330   0.104260
1882.305067   13.151010   0.072500
1882.325032   13.110270   0.106670
1882.334886   13.136490   0.095450
1882.344919   13.174850   0.111700
1882.354771   13.273910   0.123510
1882.364587   13.225090   0.103620
1882.374737   13.161790   0.103920
1883.093660   13.112950   0.050060
1883.103366   13.164610   0.076510
1883.112818   13.081910   0.053520
1883.122237   13.138320   0.062570
1883.131900   13.133510   0.051040
1883.141295   13.120010   0.055950
1883.150882   13.126530   0.059210
1883.160374   13.153000   0.062640
1883.169871   13.107310   0.067550
1883.179271   13.142110   0.051210
1883.188727   13.122890   0.053370
1883.198404   13.110280   0.063850
1883.207904   13.106060   0.061490
1883.217549   13.117500   0.064730
1883.226897   13.127090   0.068430
1883.236210   13.087740   0.063750
1883.245790   13.131920   0.066470
1883.255334   13.099860   0.067320
1883.265175   13.082140   0.067620
1883.274780   13.102920   0.070340
1883.284849   13.085410   0.084770
1883.294394   13.105290   0.090950
1883.304305   13.059520   0.086030
1883.314080   13.122070   0.092450
1883.323720   13.132020   0.090920
1883.333437   13.142170   0.078760
1883.343435   13.079530   0.081270
1883.353548   13.008270   0.082320
1883.363493   13.147090   0.078530
1883.373027   13.164640   0.081700
1883.382657   13.066550   0.082870
1883.392439   13.100730   0.076230
1883.402040   13.142580   0.077320
1883.410061   13.154530   0.085870
1883.417485   13.182400   0.087880
1883.423677   13.059410   0.079860
1883.428949   13.119370   0.084960
1883.433300   13.031240   0.086810
1883.436812   13.116750   0.081250
1883.440325   13.065500   0.084880
1883.443180   13.104620   0.081490
1883.444926   13.115160   0.085660
1883.446707   13.069290   0.077000
1883.448508   13.105920   0.081940
1883.507335   13.152250   0.087520
1883.517022   13.139100   0.088810
1883.526655   13.121040   0.097630
1883.536232   13.163660   0.101390
1883.545818   13.088800   0.099880
1883.555341   13.151930   0.100600
1883.565051   13.187860   0.101680
1883.574608   13.102600   0.097410
1883.584302   13.108170   0.096690
1883.593915   13.174040   0.093020
1884.099534   13.149800   0.025750
1884.109140   13.115220   0.024020
1884.118686   13.130860   0.029980
1884.128292   13.141450   0.037070
1884.137551   13.090040   0.027680
1884.147279   13.121680   0.031190
1884.156774   13.147340   0.033870
1884.166197   13.124720   0.039990
1884.175960   13.125390   0.039970
1884.185414   13.101170   0.035930
1884.194977   13.140120   0.027950
1884.204574   13.119030   0.031420
1884.214174   13.105060   0.027950
1884.223839   13.089210   0.032120
1884.233272   13.097930   0.045890
1884.242628   13.124060   0.024660
1884.252195   13.116140   0.025350
1884.261682   13.116450   0.025230
1884.271201   13.121280   0.025870
1884.280876   13.114250   0.027780
1884.290846   13.134550   0.030080
1884.300573   13.123010   0.033120
1884.310420   13.129910   0.050610
1884.320206   13.123870   0.031070
1884.330156   13.126080   0.033260
1884.340081   13.118990   0.039890
1884.350052   13.132140   0.037910
1884.360119   13.109530   0.031880
1884.370060   13.118600   0.032000
1884.379738   13.137950   0.034200
1884.389528   13.088140   0.026630
1884.399065   13.116070   0.028870
1884.406881   13.114580   0.034420
1884.413865   13.139480   0.040250
1884.420368   13.104680   0.043370
1884.425635   13.099180   0.030840
1884.430150   13.111350   0.026380
1884.433678   13.112710   0.031640
1884.437202   13.130520   0.031320
1884.439908   13.121550   0.032860
1884.441669   13.104960   0.031880
1884.443407   13.127380   0.030500
1884.445186   13.138000   0.029970
1884.446926   13.110590   0.041220
1884.503638   13.083380   0.027660
1884.513187   13.104230   0.034120
1884.522993   13.102020   0.028060
1884.532900   13.109400   0.025520
1884.542819   13.099330   0.032060
1884.552706   13.114980   0.036360
1884.562458   13.101390   0.022920
1884.572213   13.116080   0.029940
1884.581820   13.093050   0.023850
1884.591479   13.114070   0.031690
1884.600983   13.106640   0.027500
1884.610820   13.083290   0.025400
1884.886961   13.141080   0.068170
1884.896459   13.116490   0.071510
1884.906042   13.120380   0.064900
1884.915643   13.081460   0.077370
1884.925737   13.123870   0.059370
1884.935570   13.165130   0.079100
1884.945448   13.116550   0.066590
1884.954875   13.151170   0.072810
1884.964329   13.038730   0.065920
1884.974229   13.128450   0.077440
1884.983546   13.077060   0.078710
1884.993441   13.086960   0.072060
1885.003341   13.089170   0.068170
1885.013229   13.138090   0.078430
1885.022911   13.164700   0.079700
1885.032502   13.125470   0.090960
1885.042137   13.093560   0.089280
1885.052183   13.130470   0.089900
1885.061957   13.167350   0.099570
1885.071678   13.150830   0.101890
1885.081285   13.117810   0.111400
1885.090973   13.048790   0.098040
1885.100847   13.076730   0.100720
1885.278794   13.076190   0.058670
1885.288696   13.017120   0.072790
1885.298475   13.159780   0.067210
1885.308250   13.143190   0.065460
1885.318087   13.125800   0.067470
1885.328301   13.084130   0.075650
1885.338173   13.071680   0.096420
1885.347960   13.135120   0.093500
1885.357853   13.145850   0.099510
1885.367578   13.077360   0.099440
1885.377344   13.066040   0.111440
1885.386938   13.134560   0.113950
1885.396599   13.102830   0.100460
1885.404395   13.096290   0.093900
1885.411445   13.147620   0.108230
1885.417511   13.095550   0.105410
1885.422892   13.129050   0.102820
1885.427461   13.099770   0.099720
1885.430989   13.095190   0.088570
1885.434637   13.072610   0.091310
1885.437356   13.203620   0.099830
1885.439093   13.038940   0.094550
1885.440855   13.126770   0.097440
1885.442624   13.115390   0.091460
1885.444416   13.074470   0.091980
1885.502228   13.205640   0.105150
1885.521821   13.101360   0.104320
1885.531512   13.189380   0.102660
1885.541243   13.192910   0.101580
1885.551133   13.051850   0.091920
1885.560860   13.150030   0.094970
1885.570601   13.035940   0.088410
1885.580236   13.091220   0.100920
1885.590133   13.109400   0.082460
1886.072366   13.116210   0.021940
1886.082057   13.097620   0.023270
1886.091456   13.096350   0.024480
1886.101064   13.099140   0.026100
1886.110701   13.117270   0.025060
1886.120214   13.102010   0.026050
1886.129544   13.108940   0.027720
1886.138882   13.129660   0.027160
1886.148233   13.128190   0.026330
1886.157943   13.117430   0.027490
1886.167550   13.127540   0.031700
1886.177101   13.108550   0.033490
1886.186997   13.128610   0.034080
1886.196609   13.111970   0.036030
1886.206153   13.099510   0.041070
1886.215757   13.161470   0.044010
1886.225422   13.117580   0.058980
1886.234829   13.139940   0.058900
1886.244630   13.123640   0.056680
1886.254426   13.082020   0.041420
1886.263771   13.101580   0.033220
1886.273578   13.096660   0.058630
1886.283270   13.130460   0.032850
1886.293134   13.107550   0.035020
1886.303115   13.112930   0.040760
1886.312914   13.121350   0.037190
1886.322818   13.129280   0.038870
1886.332859   13.162170   0.038920
1886.342543   13.139580   0.036790
1886.352534   13.147070   0.037440
1886.362281   13.166660   0.039640
1886.372003   13.166330   0.041470
1886.381496   13.112800   0.042490
1886.391198   13.152330   0.047400
1886.399994   13.132550   0.047360
1886.408171   13.121370   0.047820
1886.414363   13.134650   0.061460
1886.419581   13.148890   0.062700
1886.423873   13.111730   0.057300
1886.427459   13.128460   0.055380
1886.431086   13.136630   0.053660
1886.433748   13.106390   0.059220
1886.435540   13.094640   0.063920
1886.437293   13.123940   0.058030
1886.439058   13.148650   0.058410
1886.441348   13.086180   0.110410
