1863.169882   8.367320   0.001910
1863.179028   8.361960   0.001910
1863.188111   8.362820   0.002080
1863.197263   8.366240   0.002080
1863.206453   8.362740   0.001910
1863.215516   8.362790   0.002250
1863.224486   8.362050   0.002080
1863.233708   8.373430   0.002250
1863.243026   8.367850   0.002250
1863.252052   8.364160   0.002080
1863.260978   8.365130   0.002080
1863.270074   8.361870   0.002190
1863.279229   8.356130   0.002080
1863.288341   8.358630   0.001910
1863.297662   8.362120   0.001910
1863.306748   8.362120   0.002080
1863.315898   8.363250   0.002080
1863.325261   8.365430   0.002080
1863.334632   8.369030   0.002080
1863.344416   8.359490   0.002080
1863.353962   8.361260   0.002080
1863.363511   8.368240   0.001910
1863.372640   8.360780   0.001910
1863.381795   8.363230   0.001910
1863.391577   8.364890   0.001910
1863.400670   8.366060   0.001910
1863.410157   8.365630   0.001910
1863.419415   8.362610   0.001910
1863.428728   8.365550   0.002080
1863.438171   8.365430   0.002080
1863.447725   8.361940   0.002080
1863.457038   8.369480   0.002190
1863.464667   8.356030   0.002370
1863.471563   8.369300   0.002430
1863.477686   8.366530   0.002250
1863.482900   8.365090   0.002250
1863.487037   8.370820   0.002430
1863.490505   8.372760   0.002370
1863.494064   8.379140   0.002250
1863.496621   8.373670   0.002250
1863.498272   8.377980   0.002250
1863.500087   8.372220   0.002430
1863.501889   8.374710   0.002430
1863.503937   8.366840   0.003430
1864.122118   8.378610   0.001560
1864.131216   8.366730   0.001910
1864.140349   8.370570   0.001730
1864.149328   8.372910   0.001730
1864.158727   8.373770   0.001730
1864.168077   8.375340   0.001910
1864.177441   8.369350   0.001910
1864.186471   8.368300   0.001730
1864.195786   8.375230   0.001910
1864.204761   8.365600   0.001790
1864.213956   8.366640   0.001730
1864.223275   8.369640   0.001730
1864.232312   8.367090   0.001910
1864.241734   8.365830   0.001910
1864.250994   8.365100   0.001730
1864.260292   8.366340   0.002020
1864.269452   8.368540   0.001910
1864.278712   8.365650   0.002080
1864.288040   8.365130   0.001910
1864.297228   8.356970   0.001910
1864.306786   8.357550   0.001910
1864.315982   8.353800   0.002080
1864.325240   8.354170   0.001910
1864.334830   8.360850   0.001910
1864.344223   8.362010   0.002430
1864.353629   8.360510   0.002250
1864.362884   8.361070   0.002430
1864.372284   8.361100   0.002600
1864.381718   8.356860   0.002430
1864.391386   8.353580   0.002250
1864.401175   8.356640   0.002430
1864.410777   8.375970   0.002250
1864.420158   8.402340   0.002310
1864.429378   8.405490   0.002430
1864.438639   8.404690   0.002600
1864.448098   8.401090   0.002770
1864.457409   8.402580   0.002770
1864.465120   8.393300   0.002600
1864.472313   8.378540   0.002830
1864.477494   8.350650   0.003060
1864.482643   8.350630   0.003750
1864.486002   8.335340   0.004620
1864.489646   8.343800   0.004160
1864.492216   8.352830   0.003460
1864.494776   8.348570   0.003460
1864.496480   8.344060   0.003520
1864.498365   8.349130   0.003580
1864.500091   8.346520   0.003640
1864.501760   8.350900   0.003520
1865.081649   8.342580   0.001910
1865.090914   8.351710   0.002080
1865.103000   8.363850   0.002020
1865.112265   8.376530   0.001970
1865.121493   8.370690   0.002250
1865.180915   8.373350   0.001560
1865.189934   8.364450   0.001390
1865.199137   8.358310   0.001560
1865.208040   8.361150   0.001130
1865.217207   8.358290   0.001790
1865.226382   8.366350   0.001730
1865.235932   8.367330   0.001730
1865.245886   8.365250   0.001910
1865.255783   8.369930   0.001730
1865.265750   8.368810   0.002140
1865.275774   8.361230   0.001910
1865.285892   8.363180   0.001730
1865.295973   8.357270   0.001910
1865.306185   8.354930   0.001910
1865.316145   8.350950   0.001910
1865.326150   8.358940   0.001910
1865.336276   8.361240   0.002080
1865.346577   8.359620   0.002080
1865.356675   8.366210   0.002080
1865.366659   8.359340   0.002080
1865.376904   8.361270   0.002080
1865.387088   8.357490   0.002250
1865.397153   8.352120   0.002250
1865.407149   8.355070   0.002080
1865.417333   8.353960   0.002080
1865.427630   8.348010   0.002250
1865.437669   8.352270   0.002080
1865.448171   8.354350   0.002430
1865.457324   8.355890   0.002430
1865.465615   8.365320   0.002430
1865.471988   8.367030   0.002770
1865.477591   8.371200   0.003060
1865.482335   8.386590   0.002830
1865.486083   8.367090   0.002480
1866.165339   8.365220   0.001560
1866.174723   8.361350   0.001560
1866.184057   8.365370   0.001560
1866.193410   8.363970   0.001560
1866.202706   8.371530   0.001560
1866.212035   8.364260   0.001730
1866.221409   8.364110   0.001730
1866.230791   8.371010   0.001730
1866.240551   8.365940   0.001730
1866.250004   8.367220   0.001730
1866.259354   8.361500   0.001730
1867.192892   8.400990   0.000700
1867.202202   8.377410   0.000800
1867.211439   8.387820   0.001130
1867.220509   8.364190   0.001130
1867.230131   8.353090   0.001390
1867.239630   8.354000   0.001130
1867.258632   8.362200   0.000800
1867.268462   8.352030   0.001130
1867.277702   8.356280   0.001390
1867.287153   8.351560   0.001390
1867.297007   8.358610   0.000800
1867.306121   8.361020   0.001130
1867.315500   8.358420   0.001130
1867.325094   8.360850   0.001390
1867.334579   8.362610   0.001130
1867.344482   8.362830   0.001390
1867.354030   8.358570   0.001560
1867.363492   8.360510   0.001560
1867.372735   8.361000   0.001560
1867.382212   8.362250   0.001560
1867.391671   8.366150   0.001560
1867.401392   8.368270   0.001560
1867.410805   8.366900   0.001560
1867.420288   8.359030   0.001730
1867.429722   8.364450   0.001730
1867.439192   8.359610   0.001730
1867.448574   8.361180   0.001910
1867.456168   8.358730   0.001730
1867.463320   8.357340   0.001730
1867.469421   8.357090   0.001730
1867.473939   8.355940   0.001560
1867.478291   8.354230   0.001560
1867.481655   8.355250   0.001560
1867.484335   8.361380   0.001560
1867.486951   8.364900   0.001560
1867.488639   8.360070   0.001560
1867.490315   8.359720   0.001560
1867.491849   8.359800   0.000900
1867.493570   8.355190   0.000900
1868.197661   8.358820   0.001910
1868.207123   8.363450   0.001910
1868.216495   8.365080   0.001970
1868.225986   8.369030   0.002080
1868.235811   8.361590   0.002080
1868.245580   8.359210   0.002190
1868.255259   8.365640   0.002250
1868.264815   8.351970   0.002430
1868.274279   8.355810   0.002600
1868.283929   8.355600   0.002430
1868.293537   8.351690   0.002940
1868.303104   8.355630   0.003120
1868.312574   8.353440   0.003120
1868.322548   8.350190   0.002540
1868.332083   8.353500   0.002600
1868.341800   8.350780   0.002600
1868.351466   8.343850   0.002770
1868.360837   8.341450   0.002770
1868.370659   8.350900   0.002770
1868.380417   8.379280   0.002770
1868.390367   8.383480   0.002770
1868.399668   8.388500   0.002770
1868.409622   8.405320   0.002940
1868.419023   8.398160   0.002940
1868.428372   8.399280   0.002940
1868.437691   8.385470   0.002940
1868.446987   8.385100   0.002940
1868.454949   8.382970   0.002940
1868.461066   8.388670   0.002940
1868.467151   8.369090   0.002940
1868.471440   8.362120   0.003120
1868.475710   8.359100   0.003290
1868.479187   8.368200   0.003290
1868.481793   8.363230   0.003290
1868.484421   8.375330   0.003290
1868.486154   8.371230   0.003120
1868.487874   8.368370   0.003180
1868.491203   8.362420   0.002690
1869.239644   8.373210   0.003810
1869.249027   8.363750   0.003810
1869.258676   8.359380   0.004160
1869.268460   8.335430   0.004500
1869.278238   8.332830   0.004850
1869.287800   8.327090   0.004850
1869.297392   8.352990   0.005080
1869.307040   8.360710   0.005370
1869.316723   8.363560   0.006530
1869.326588   8.356970   0.006410
1869.336288   8.359310   0.006870
1869.345989   8.347990   0.007390
1869.356015   8.360450   0.008380
1869.365922   8.367420   0.008200
1869.375609   8.364490   0.009070
1869.384959   8.363750   0.010860
1869.394424   8.382740   0.010450
1869.403953   8.356660   0.010680
1869.413491   8.337830   0.010620
1869.422812   8.386800   0.011320
1869.432155   8.371880   0.011550
1869.441546   8.383900   0.012530
1869.449218   8.197050   0.015000
1869.456537   8.375250   0.013510
1869.462798   8.376660   0.014260
1869.468109   8.388810   0.015020
1869.472681   8.357090   0.012930
1869.481532   8.382330   0.014260
1869.483271   8.376760   0.013800
1869.486718   8.382420   0.013910
1869.488400   8.373400   0.014090
1870.219778   8.362690   0.001390
1870.229270   8.359050   0.001390
1870.238762   8.355720   0.001560
1870.248135   8.355710   0.001560
1870.257691   8.352150   0.001560
1870.267266   8.354520   0.001560
1870.276950   8.351660   0.001560
1870.286498   8.354750   0.001560
1870.295849   8.351270   0.001560
1870.305565   8.356030   0.001560
1870.315197   8.360360   0.001730
1870.325274   8.360360   0.001730
1870.335174   8.362570   0.001730
1870.344892   8.359340   0.001730
1870.354573   8.372670   0.001910
1870.364104   8.389940   0.002250
1870.373603   8.398950   0.002080
1870.383600   8.402280   0.002310
1870.393243   8.404910   0.002600
1870.402820   8.407770   0.003290
1870.412418   8.399970   0.003120
1870.421719   8.403650   0.003120
1870.431056   8.403970   0.003120
1870.440608   8.387160   0.002770
1870.448993   8.377640   0.002540
1870.461756   8.351350   0.002770
1870.466593   8.346290   0.002940
1870.470290   8.349570   0.002770
1870.474034   8.348190   0.002940
1870.476825   8.347120   0.003180
1870.478569   8.348090   0.003180
1870.480341   8.352670   0.003060
1870.482097   8.352650   0.003120
1870.483838   8.359630   0.003180
1871.136689   8.369200   0.001560
1871.155461   8.363170   0.001270
1871.164955   8.365320   0.001560
1871.174269   8.361900   0.001560
1871.183469   8.366890   0.001560
1871.192872   8.370730   0.001560
1871.202392   8.370300   0.001560
1871.211865   8.375020   0.001730
1871.221273   8.369860   0.001730
1871.230922   8.374870   0.001730
1871.240317   8.368880   0.001410
1871.250018   8.363040   0.001730
1871.259511   8.366480   0.001730
1871.269122   8.362060   0.001730
1871.278903   8.364890   0.001730
1871.288648   8.371800   0.001730
1871.298226   8.374110   0.001730
1871.307789   8.370960   0.001730
1871.317562   8.371600   0.001910
1871.327342   8.365780   0.001910
1871.337079   8.363440   0.001910
1871.346725   8.357510   0.002080
1871.356495   8.360920   0.001970
1871.366277   8.364020   0.002080
1871.375944   8.361700   0.002250
1871.385808   8.362680   0.002250
1871.395399   8.364980   0.002430
1871.404882   8.362700   0.002600
1871.414342   8.365820   0.002540
1871.423744   8.367340   0.002430
1871.433495   8.362080   0.002430
1871.442405   8.355330   0.002250
1871.449670   8.362420   0.002250
1871.461191   8.349390   0.002430
1871.472994   8.358340   0.002250
1871.481438   8.353000   0.002250
1872.324463   8.365950   0.001730
1872.334315   8.367560   0.001730
1872.344041   8.379180   0.001730
1872.353623   8.394600   0.001730
1872.363427   8.407870   0.001730
1872.373279   8.408090   0.001730
1872.383099   8.405820   0.001730
1872.392766   8.415260   0.001730
1872.402203   8.404740   0.001730
1872.412032   8.410280   0.001730
1872.421585   8.403820   0.001730
1872.431130   8.383560   0.001910
1872.439874   8.363690   0.001910
1872.447517   8.354830   0.001910
1872.454162   8.362230   0.001910
1872.459603   8.359100   0.001910
1872.463903   8.364300   0.001910
1872.467716   8.366500   0.001910
1872.470496   8.369260   0.001910
1872.473152   8.368740   0.001910
1872.474857   8.371230   0.001910
1872.476617   8.374690   0.001910
1872.478370   8.382330   0.001910
1872.480228   8.374240   0.001910
1873.229437   8.364870   0.001910
1873.238826   8.373820   0.001910
1873.248403   8.372190   0.001910
1873.258009   8.368130   0.001910
1873.267456   8.370820   0.001910
1873.276959   8.366470   0.001910
1873.286788   8.367380   0.001910
1873.296275   8.367940   0.001910
1873.305896   8.367870   0.002020
1873.315548   8.367690   0.002080
1873.325684   8.360000   0.002080
1873.335346   8.363320   0.002080
1873.344943   8.372970   0.002080
1873.354842   8.374110   0.002080
1873.364691   8.375750   0.002080
1873.374458   8.362080   0.002080
1873.383960   8.358560   0.002080
1873.393856   8.361110   0.002080
1873.403606   8.363610   0.002080
1873.413210   8.374420   0.002250
1873.422938   8.364630   0.002250
1873.432622   8.361380   0.002080
1873.441010   8.360270   0.002080
1873.447044   8.364420   0.002080
1873.453044   8.366120   0.002080
1873.457630   8.359870   0.002080
1873.462090   8.368200   0.002080
1873.465548   8.371510   0.002080
1873.468261   8.357840   0.002140
1873.470892   8.370370   0.002250
1873.476606   8.366180   0.003110
1874.032527   8.363510   0.001130
1874.041923   8.361750   0.001560
1874.051714   8.361370   0.001130
1874.061117   8.358810   0.001130
1874.070741   8.354350   0.001390
1874.080230   8.358300   0.001560
1874.089638   8.354930   0.001560
1874.098984   8.353160   0.001560
1874.108441   8.363730   0.001560
1874.117749   8.355540   0.001560
1874.127103   8.352560   0.001560
1874.136654   8.349810   0.001560
1874.145982   8.346300   0.001560
1874.155173   8.354910   0.001730
1874.164605   8.360010   0.001730
1874.174153   8.358810   0.001910
1874.183645   8.370750   0.002250
1874.193053   8.361850   0.002770
1874.202515   8.366140   0.002890
1876.992585   8.360200   0.001390
1877.002277   8.349850   0.001390
1877.012009   8.356330   0.001390
1877.021623   8.346130   0.001390
1877.031340   8.349820   0.001390
1877.041094   8.354800   0.001390
1877.050632   8.357610   0.001390
1877.060512   8.353730   0.001390
1877.070280   8.355940   0.001560
1877.080037   8.351880   0.001560
1877.089835   8.354310   0.001560
1877.099542   8.358700   0.001560
1877.109324   8.358690   0.001560
1877.119234   8.357180   0.001560
1877.128562   8.361970   0.001560
1877.157081   8.365500   0.001560
1877.166514   8.364260   0.001560
1877.175811   8.368080   0.001560
1877.185180   8.371250   0.001560
1877.194638   8.365200   0.001560
1877.204359   8.366340   0.001560
1877.213829   8.364960   0.001560
1877.223290   8.358050   0.001560
1877.232928   8.358750   0.001560
1877.242583   8.355920   0.001560
1877.252102   8.366810   0.001560
1877.261424   8.359000   0.001560
1877.271317   8.363000   0.001560
1877.280810   8.356310   0.001560
1877.290913   8.363260   0.001560
1877.300784   8.361280   0.001730
1877.310552   8.365730   0.001560
1877.320329   8.360650   0.001730
1877.330019   8.364790   0.001620
1877.339609   8.361720   0.001560
1877.349339   8.358870   0.001730
1877.359563   8.352700   0.001620
1877.369289   8.352560   0.001730
1877.379166   8.352360   0.001730
1877.389199   8.352490   0.001730
1877.398748   8.349680   0.001730
1877.408188   8.349770   0.001730
1877.417610   8.359420   0.001730
1877.426444   8.359980   0.001730
1877.439426   8.351140   0.001910
1877.449101   8.350910   0.001730
1877.452622   8.354770   0.001910
1877.456119   8.360190   0.001910
1877.458826   8.353410   0.001910
1877.460660   8.353580   0.001910
1877.462441   8.355560   0.001910
1877.966360   8.359270   0.001730
1877.975795   8.339840   0.001560
1877.985575   8.354360   0.001560
1878.004964   8.347050   0.001560
1878.014335   8.342190   0.001560
1878.023915   8.335480   0.001270
1878.033403   8.345080   0.001560
1878.042881   8.365150   0.001560
1878.052477   8.346360   0.001560
1878.062202   8.347490   0.001560
1878.072038   8.344350   0.001560
1878.081838   8.342080   0.001560
1878.091595   8.355980   0.001560
1878.101204   8.362180   0.001560
1878.111056   8.351670   0.001620
1878.120475   8.351650   0.001620
1878.129972   8.352690   0.001730
1878.139452   8.352630   0.001910
1878.148981   8.352320   0.002770
1878.158293   8.352810   0.002430
1878.167692   8.353550   0.001730
1878.177309   8.354520   0.001730
1878.186872   8.351740   0.002080
1878.196273   8.353740   0.002080
1878.206054   8.356820   0.002250
1878.215833   8.356730   0.002250
1878.225557   8.362300   0.002250
1878.235117   8.355110   0.002080
1878.244657   8.363110   0.002080
1878.254352   8.364090   0.002080
1878.263984   8.354210   0.002250
1878.273770   8.357670   0.002250
1878.283405   8.368820   0.002430
1878.293079   8.389150   0.002370
1878.302887   8.409320   0.002770
1878.312828   8.410440   0.002770
1878.322431   8.408160   0.002770
1878.332111   8.410450   0.002770
1878.342126   8.398460   0.002120
1878.351898   8.401870   0.002430
1878.361666   8.403550   0.002430
1878.371492   8.395080   0.002430
1878.381052   8.372610   0.002600
1878.390611   8.355760   0.001980
1878.400035   8.349920   0.002430
1878.409523   8.354910   0.002250
1878.419250   8.355320   0.002430
1878.427139   8.351830   0.002430
1878.444205   8.350610   0.001980
1878.454721   8.357170   0.002430
1878.460867   8.364900   0.001980
1878.463071   8.357360   0.003430
1878.907039   8.373140   0.001730
1878.917827   8.366120   0.001910
1878.928636   8.358220   0.001910
1878.939490   8.355040   0.001910
1878.950209   8.355410   0.001730
1878.960985   8.352510   0.001730
1878.971663   8.349660   0.001730
1878.982256   8.349460   0.001910
1878.992862   8.363740   0.001910
1879.003349   8.356310   0.001910
1879.014056   8.357040   0.001910
1879.024781   8.362060   0.002080
1879.035403   8.362090   0.002080
1879.046338   8.361030   0.002080
1879.056998   8.356960   0.002080
1879.067120   8.364210   0.002250
1879.077625   8.366840   0.002250
1879.087804   8.364920   0.002250
1879.097718   8.360860   0.002430
1879.108265   8.364170   0.002430
1879.118677   8.361150   0.002430
1879.128946   8.355320   0.002120
1879.138951   8.370610   0.002600
1879.148948   8.367280   0.002600
1879.158753   8.366660   0.002600
1879.168681   8.379370   0.002770
1879.178653   8.376150   0.002770
1879.188532   8.367730   0.002770
1879.198658   8.362340   0.002770
1879.208980   8.364580   0.002770
1879.219105   8.358090   0.002770
1879.229198   8.359580   0.002770
1879.239692   8.359150   0.002770
1879.249885   8.361520   0.002770
1879.259988   8.370020   0.002770
1879.270136   8.370230   0.002770
1879.279998   8.372760   0.002260
1879.290256   8.369780   0.002770
1879.300321   8.377170   0.002940
1879.310604   8.365090   0.002940
1879.321132   8.377480   0.002940
1879.331398   8.374960   0.002940
1879.341711   8.377080   0.002940
1879.352168   8.367790   0.002940
1879.362239   8.368270   0.002940
1879.372581   8.377380   0.002940
1879.383093   8.368970   0.001700
1879.393142   8.364020   0.002940
1879.403333   8.364200   0.003120
1879.413718   8.362210   0.003120
1879.422210   8.361650   0.003120
1879.430290   8.361130   0.003120
1879.436891   8.358190   0.003120
1879.441492   8.354280   0.003290
1879.445571   8.368260   0.003290
1879.457932   8.379530   0.003290
1879.460282   8.370820   0.004650
1879.895153   8.368560   0.001910
1879.904711   8.357360   0.001730
1879.914664   8.356460   0.001560
1879.924232   8.353400   0.001450
1879.933937   8.353740   0.001390
1879.943742   8.349740   0.001390
1879.953255   8.349040   0.001390
1879.962965   8.357520   0.001390
1879.972299   8.367840   0.001390
1879.982133   8.371260   0.001390
1879.991479   8.350040   0.001130
1880.001350   8.352470   0.001390
1880.010995   8.342180   0.001390
1880.020489   8.347870   0.001390
1880.030167   8.356530   0.001500
1880.040004   8.354010   0.001390
1880.050020   8.359180   0.001560
1880.059700   8.357650   0.001560
1880.069635   8.360830   0.001560
1880.079469   8.356600   0.001560
1880.089000   8.355510   0.001560
1880.098524   8.530380   0.001730
1880.108072   8.352780   0.001560
1880.117530   8.363750   0.001560
1880.127140   8.354400   0.001560
1880.200091   8.360510   0.001560
1880.209735   8.378060   0.001620
1880.219431   8.358590   0.001620
1880.229324   8.345350   0.001560
1880.238989   8.362700   0.001560
1880.248836   8.359430   0.001560
1880.258298   8.357880   0.001560
1880.267686   8.375670   0.001730
1880.277275   8.390090   0.001730
1880.286928   8.405940   0.001730
1880.306613   8.412720   0.001730
1880.369120   8.365070   0.001730
1880.977730   8.386630   0.001560
1880.987626   8.372810   0.001560
1880.997175   8.359760   0.001560
1881.007352   8.363490   0.001560
1881.017262   8.358330   0.001560
1881.027023   8.357640   0.001560
1881.036583   8.353930   0.001560
1881.046307   8.357180   0.001560
1881.055914   8.360540   0.001560
1881.065565   8.372710   0.001560
1881.075352   8.366890   0.001560
1881.085120   8.369560   0.001560
1881.094964   8.364830   0.001560
1881.104801   8.384300   0.001560
1881.114937   8.366990   0.001730
1881.124474   8.352970   0.001560
1881.134326   8.352180   0.001560
1881.143810   8.366670   0.001560
1881.153419   8.345980   0.001730
1881.163015   8.347670   0.001680
1881.171357   8.377910   0.001560
1881.180981   8.359520   0.001560
1881.190627   8.371070   0.001560
1881.200550   8.373750   0.001620
1881.210473   8.366570   0.001730
1881.220305   8.372180   0.001730
1881.230199   8.366790   0.001730
1881.239668   8.361420   0.001730
1881.249328   8.362500   0.001730
1881.258917   8.356340   0.001730
1881.268352   8.355950   0.001730
1881.278189   8.359460   0.001730
1881.288137   8.363370   0.001730
1881.297680   8.359120   0.001730
1881.307337   8.369700   0.001730
1881.317394   8.361530   0.001910
1881.327336   8.365130   0.001910
1881.337373   8.369490   0.001910
1881.347129   8.360740   0.001910
1881.357110   8.365460   0.001910
1881.366722   8.364970   0.001910
1881.376276   8.369400   0.002080
1881.386104   8.365960   0.002080
1881.395996   8.360600   0.002080
1881.405772   8.367530   0.002080
1881.414838   8.367990   0.002080
1881.428287   8.371330   0.002080
1881.437835   8.378520   0.002080
1881.447777   8.376290   0.002250
1881.449541   8.381820   0.002250
1881.454800   8.385920   0.002250
1881.787777   8.379490   0.003980
1881.797497   8.358070   0.003810
1881.807277   8.368930   0.003460
1881.816745   8.348970   0.003060
1881.855252   8.364140   0.001910
1881.864967   8.357680   0.001910
1881.874874   8.368640   0.001850
1881.884546   8.366730   0.001730
1881.894462   8.374900   0.001730
1881.904494   8.373810   0.001560
1881.914271   8.385150   0.001560
1881.923884   8.371220   0.001680
1881.933466   8.383050   0.001730
1881.943231   8.362840   0.001730
1881.952875   8.356510   0.001910
1881.962633   8.359510   0.001970
1881.982098   8.357940   0.002080
1881.992169   8.346830   0.002430
1882.001889   8.354030   0.002600
1882.011594   8.362500   0.002600
1882.051198   8.356300   0.002250
1882.060871   8.371380   0.002250
1882.070527   8.366490   0.003350
1882.080330   8.358050   0.001910
1882.090096   8.355160   0.003000
1882.099569   8.380920   0.004340
1882.121972   8.363960   0.002370
1882.150540   8.366140   0.002080
1882.160119   8.359120   0.002140
1882.169652   8.352660   0.002250
1882.179008   8.361080   0.002250
1882.188466   8.376410   0.002430
1882.208031   8.365120   0.003750
1882.217722   8.369080   0.003290
1882.227231   8.364620   0.002940
1882.236839   8.373590   0.002940
1882.246327   8.356310   0.003750
1882.256107   8.371590   0.003640
1882.266006   8.376600   0.003580
1882.275585   8.375780   0.003290
1882.285301   8.373370   0.003290
1882.295361   8.362680   0.003120
1882.305067   8.377850   0.003810
1882.315073   8.377050   0.004500
1882.325032   8.377700   0.003230
1882.334886   8.379600   0.002940
1882.344919   8.355290   0.003180
1882.354848   8.566070   0.003390
1882.364587   8.324090   0.003120
1882.374737   8.320630   0.003060
1882.384757   8.347150   0.012650
1883.093660   8.342630   0.001730
1883.103366   8.372060   0.002020
1883.122237   8.367820   0.001790
1883.131900   8.375880   0.001730
1883.150882   8.371420   0.001910
1883.160374   8.362710   0.001970
1883.169871   8.355500   0.002080
1883.188727   8.364650   0.001910
1883.207904   8.362860   0.002080
1883.217549   8.365060   0.002080
1883.226897   8.372580   0.002080
1883.236210   8.380290   0.002080
1883.245790   8.378520   0.002080
1883.255334   8.371360   0.002080
1883.265175   8.371510   0.002080
1883.274780   8.368140   0.002250
1883.284849   8.362360   0.002430
1883.294394   8.360310   0.002660
1883.304305   8.360300   0.002600
1883.314080   8.370220   0.002660
1883.323720   8.354580   0.002600
1883.333437   8.360310   0.002430
1883.343435   8.369700   0.002430
1883.353548   8.373380   0.002540
1883.363493   8.362420   0.002430
1883.373027   8.345570   0.002430
1883.382657   8.356260   0.002480
1883.392439   8.372650   0.002430
1883.402040   8.364200   0.002430
1883.417485   8.369180   0.002600
1883.423677   8.381660   0.002430
1883.428949   8.372240   0.002430
1883.433300   8.369990   0.002600
1883.440325   8.375720   0.002480
1883.443180   8.354230   0.002430
1883.444926   8.354510   0.002480
1883.446707   8.362680   0.002430
1884.099534   8.365710   0.001210
1884.118686   8.367510   0.001210
1884.128292   8.362630   0.001210
1884.137551   8.363060   0.001210
1884.147279   8.365320   0.001390
1884.166197   8.359440   0.001060
1884.175960   8.343610   0.001500
1884.185414   8.344910   0.001390
1884.194977   8.342710   0.001210
1884.204574   8.342180   0.001330
1884.214174   8.356430   0.001210
1884.223839   8.336550   0.001210
1884.233272   8.351800   0.001560
1884.242628   8.406220   0.001210
1884.252195   8.407630   0.001210
1884.261682   8.411480   0.001210
1884.271201   8.400770   0.001210
1884.280876   8.397420   0.001210
1884.290846   8.403930   0.001390
1884.300573   8.395050   0.001390
1884.310420   8.388180   0.001560
1884.320206   8.390980   0.001390
1884.330156   8.359160   0.001390
1884.340081   8.339980   0.001390
1884.350052   8.343120   0.001390
1884.360119   8.346040   0.001390
1884.370060   8.367960   0.001390
1884.379738   8.358420   0.001390
1884.389528   8.373500   0.001210
1884.399065   8.357250   0.001210
1884.406881   8.355660   0.001390
1884.413865   8.349180   0.001390
1884.420368   8.355470   0.001390
1884.425635   8.352470   0.001210
1884.433678   8.363340   0.001330
1884.437202   8.372680   0.001330
1884.445186   8.372270   0.001210
1884.446926   8.369610   0.001390
1884.896459   8.354450   0.002140
1884.906042   8.359960   0.002080
1884.915643   8.358230   0.002250
1884.925737   8.362930   0.002080
1884.935570   8.365020   0.002250
1884.945448   8.362040   0.002250
1884.954875   8.369060   0.002250
1884.964329   8.366720   0.002250
1884.974229   8.376930   0.002540
1884.983546   8.373810   0.002600
1884.993441   8.374940   0.002430
1885.003341   8.368780   0.002430
1885.013229   8.363160   0.002600
1885.022911   8.378650   0.002710
1885.032502   8.383180   0.002940
1885.042137   8.375530   0.002890
1885.052183   8.371170   0.002940
1885.061957   8.368800   0.003120
1885.071678   8.365220   0.003180
1885.081285   8.361510   0.003350
1885.278794   8.346930   0.001910
1885.288696   8.341630   0.002080
1885.298475   8.354750   0.001910
1885.308250   8.353140   0.001910
1885.318087   8.352380   0.002020
1885.328301   8.341040   0.002190
1885.338173   8.362370   0.002660
1885.347960   8.353030   0.002480
1885.357853   8.345210   0.002600
1885.367578   8.358390   0.002710
1885.377344   8.368470   0.003120
1885.386938   8.384190   0.003180
1885.396599   8.370810   0.002770
1885.404395   8.368870   0.002480
1885.411445   8.367660   0.002770
1885.417511   8.371860   0.002830
1885.422892   8.372150   0.002890
1885.427461   8.385590   0.002710
1885.430989   8.388570   0.002430
1885.434637   8.391700   0.002600
1885.437356   8.389590   0.002600
1885.439093   8.389320   0.002600
1885.440855   8.372760   0.002600
1886.072366   8.380860   0.001210
1886.082057   8.376010   0.001210
1886.091456   8.366340   0.001330
1886.101064   8.356860   0.001390
1886.110701   8.363500   0.001390
1886.120214   8.363380   0.001390
1886.129544   8.360690   0.001390
1886.138882   8.362230   0.001390
1886.148233   8.369430   0.001390
1886.157943   8.374120   0.001390
1886.167550   8.355190   0.001560
1886.177101   8.353880   0.001560
1886.186997   8.356300   0.001560
1886.196609   8.353540   0.001560
1886.206153   8.356070   0.001730
1886.215757   8.363280   0.001730
1886.225422   8.385500   0.002080
1886.234829   8.402640   0.002080
1886.244630   8.408730   0.002080
1886.254426   8.406400   0.001730
1886.263771   8.396340   0.001560
1886.273578   8.396570   0.001910
1886.283270   8.392310   0.001560
1886.293134   8.389140   0.001560
1886.303115   8.380700   0.001620
1886.312914   8.354360   0.001560
1886.322818   8.335830   0.001560
1886.332859   8.338380   0.001560
1886.342543   8.339400   0.001560
1886.352534   8.342170   0.001560
1886.362281   8.338330   0.001560
1886.372003   8.333980   0.001730
1886.381496   8.340200   0.001730
1886.391198   8.348470   0.001730
1886.408171   8.347850   0.001730
1886.414363   8.352220   0.001910
1886.419581   8.352510   0.002020
1886.427459   8.349730   0.001910
1886.431086   8.352860   0.001910
1886.433748   8.358060   0.002020
1886.439058   8.355490   0.001910
1886.441348   8.347350   0.003350
