1863.169882   13.660880   0.054380
1863.179028   13.624980   0.061780
1863.188111   13.681790   0.069030
1863.197263   13.633330   0.063270
1863.206453   13.675020   0.057350
1863.215516   13.651300   0.079040
1863.224486   13.616930   0.068220
1863.233708   13.705820   0.078830
1863.243026   13.687600   0.082750
1863.252052   13.649860   0.071480
1863.260978   13.680240   0.061100
1863.270074   13.733730   0.075950
1863.279229   13.654870   0.066550
1863.288341   13.651090   0.064620
1863.297662   13.649590   0.057720
1863.306748   13.650290   0.069520
1863.315898   13.639620   0.069920
1863.325261   13.656510   0.068660
1863.334632   13.686960   0.067790
1863.344416   13.627330   0.069640
1863.353962   13.624480   0.068610
1863.363511   13.651950   0.058470
1863.372640   13.670530   0.054370
1863.381795   13.725190   0.054960
1863.391577   13.665010   0.061780
1863.400670   13.595350   0.064900
1863.410157   13.630770   0.068020
1863.419415   13.673140   0.067340
1863.428728   13.703590   0.071620
1863.438171   13.639470   0.078750
1863.447725   13.592510   0.078010
1863.457038   13.598630   0.086900
1863.464667   13.610970   0.101250
1863.471563   13.608110   0.103980
1863.477686   13.594480   0.098220
1863.482900   13.697350   0.103140
1863.487037   13.685420   0.107800
1863.490505   13.641850   0.105970
1863.494064   13.678330   0.101850
1863.496621   13.711920   0.107890
1863.498272   13.601500   0.103560
1863.500087   13.644280   0.105940
1863.501889   13.697020   0.111150
1863.503937   13.602830   0.150320
1864.122118   13.669550   0.043030
1864.131216   13.653040   0.056400
1864.140349   13.687790   0.051970
1864.149328   13.601840   0.053030
1864.158727   13.648010   0.047110
1864.168077   13.635390   0.062130
1864.177441   13.657920   0.059710
1864.186471   13.661150   0.048260
1864.195786   13.674840   0.057480
1864.204761   13.637610   0.054030
1864.213956   13.694000   0.048610
1864.223275   13.659240   0.046080
1864.232312   13.638560   0.057390
1864.241734   13.646050   0.055300
1864.250994   13.645340   0.049790
1864.260292   13.641120   0.056030
1864.269452   13.650190   0.050470
1864.278712   13.637860   0.063430
1864.288040   13.613150   0.061390
1864.297228   13.666360   0.061250
1864.306786   13.667690   0.060690
1864.315982   13.641110   0.065070
1864.325240   13.603230   0.058810
1864.334830   13.637660   0.062890
1864.344223   13.634530   0.083660
1864.353629   13.656450   0.077870
1864.362884   13.638180   0.087250
1864.372284   13.620150   0.104260
1864.381718   13.582080   0.092530
1864.391386   13.672510   0.081120
1864.401175   13.719600   0.097880
1864.410777   13.641540   0.088010
1864.420158   13.625740   0.091820
1864.429378   13.694160   0.099190
1864.438639   13.611660   0.105040
1864.448098   13.584020   0.118190
1864.457409   13.638680   0.095820
1864.465120   13.561570   0.111710
1864.472467   13.620410   0.064800
1865.081649   13.620830   0.070440
1865.090914   13.610890   0.068480
1865.103000   13.659700   0.068530
1865.112265   13.640190   0.062910
1865.121493   13.685800   0.082480
1865.180915   13.638110   0.044900
1865.189934   13.668470   0.034930
1865.199137   13.638680   0.045260
1865.208040   13.648620   0.034240
1865.217207   13.678820   0.054580
1865.226382   13.677070   0.053150
1865.235932   13.684500   0.055480
1865.245886   13.678090   0.054860
1865.255783   13.663210   0.054990
1865.265750   13.703940   0.073660
1865.275774   13.656160   0.063590
1865.285892   13.638440   0.055800
1865.295973   13.660670   0.065400
1865.306185   13.669810   0.064060
1865.316145   13.694730   0.061350
1865.326150   13.715960   0.069820
1865.336276   13.648770   0.079810
1865.346577   13.689260   0.072360
1865.356675   13.660890   0.070710
1865.366659   13.661810   0.076870
1865.376904   13.648870   0.077880
1865.387088   13.645010   0.077730
1865.397153   13.708110   0.084780
1865.407149   13.667310   0.079220
1865.417333   13.677130   0.075960
1865.427630   13.686100   0.077740
1865.437669   13.673700   0.076260
1865.448171   13.684390   0.094320
1865.457324   13.608210   0.097170
1865.465615   13.603980   0.101530
1865.471988   13.617230   0.093860
1865.482258   13.593210   0.093390
1865.486312   13.473640   0.067100
1865.489631   13.522420   0.065900
1865.492667   13.751840   0.121140
1865.494427   13.702460   0.115620
1865.496283   13.734970   0.115120
1865.498283   13.664160   0.138450
1866.165339   13.662380   0.037120
1866.174723   13.669260   0.037940
1866.184057   13.685300   0.038860
1866.193410   13.660730   0.039090
1866.202706   13.657630   0.041020
1866.212035   13.677270   0.041520
1866.221409   13.677570   0.042330
1866.230791   13.663770   0.041410
1866.240551   13.658640   0.040880
1866.250004   13.669020   0.044290
1866.259354   13.663920   0.042150
1867.193045   13.653220   0.028410
1867.202355   13.669640   0.029910
1867.211516   13.647190   0.029560
1867.220585   13.651140   0.031290
1867.230131   13.638350   0.031700
1867.239707   13.650190   0.031590
1867.249230   13.639080   0.031230
1867.258785   13.637640   0.031120
1867.268385   13.650940   0.032390
1867.277702   13.654270   0.033030
1867.287153   13.660780   0.033440
1867.296854   13.626900   0.035420
1867.306121   13.629090   0.034020
1867.315500   13.644630   0.034060
1867.325094   13.675020   0.037160
1867.334502   13.629390   0.037770
1867.344482   13.643160   0.039050
1867.354030   13.630890   0.039730
1867.363492   13.671720   0.047870
1867.372735   13.634910   0.041130
1867.382212   13.668510   0.041920
1867.391671   13.660170   0.048000
1867.401392   13.676170   0.043890
1867.410805   13.689130   0.043280
1867.420288   13.654820   0.055610
1867.429722   13.676630   0.061510
1867.439192   13.683040   0.058170
1867.448574   13.640900   0.059210
1867.456168   13.671620   0.052710
1867.463320   13.645930   0.054460
1867.469421   13.607570   0.056240
1867.473939   13.676130   0.046130
1867.478291   13.667510   0.043830
1867.481655   13.675970   0.045420
1867.484335   13.685510   0.048940
1867.486951   13.647280   0.047700
1867.488639   13.675630   0.050080
1867.490315   13.655980   0.050620
1867.492002   13.599630   0.049310
1867.493724   13.648890   0.048400
1868.197661   13.662020   0.056930
1868.207123   13.655400   0.051790
1868.216495   13.669810   0.074810
1868.225986   13.681800   0.062040
1868.235811   13.665270   0.082230
1868.245580   13.637620   0.073520
1868.255259   13.712360   0.076280
1868.264815   13.630440   0.076910
1868.274279   13.598690   0.084900
1868.283929   13.655290   0.075780
1868.293537   13.635140   0.112120
1868.303104   13.698980   0.120690
1868.312574   13.615400   0.121500
1868.322548   13.648190   0.090760
1868.332083   13.642760   0.085080
1868.341800   13.684000   0.094670
1868.351466   13.590670   0.114220
1868.360837   13.700700   0.114950
1868.370659   13.539740   0.098520
1868.380417   13.594380   0.107550
1868.390367   13.738400   0.109100
1868.399668   13.614060   0.102330
1868.409622   13.635240   0.110520
1868.419023   13.681890   0.103460
1868.428372   13.669920   0.102560
1868.437691   13.684350   0.116060
1868.446987   13.637930   0.103650
1868.454949   13.671850   0.114360
1868.461066   13.589980   0.108420
1868.467151   13.667270   0.119550
1868.471440   13.671590   0.122130
1868.475710   13.580540   0.124760
1868.479187   13.592550   0.100630
1868.481640   13.753130   0.076200
1868.484421   13.704770   0.130590
1868.486154   13.672520   0.126730
1868.487874   13.674000   0.126940
1868.489584   13.608760   0.123860
1868.491280   13.709330   0.131140
1870.219778   13.670140   0.035690
1870.229270   13.628750   0.036380
1870.238762   13.623700   0.038280
1870.248135   13.637740   0.038000
1870.257691   13.618580   0.044330
1870.267266   13.645260   0.041590
1870.276950   13.626700   0.043960
1870.286498   13.636410   0.045720
1870.295849   13.643970   0.040370
1870.305565   13.643250   0.042980
1870.315197   13.660990   0.047080
1870.325274   13.631030   0.050120
1870.335174   13.661730   0.045500
1870.344892   13.646450   0.049710
1870.354573   13.638620   0.057550
1870.364104   13.633790   0.075640
1870.373603   13.625160   0.079110
1870.383600   13.652580   0.087930
1870.393243   13.637430   0.110580
1870.412418   13.738290   0.124830
1870.421872   13.713760   0.073800
1870.431209   13.676520   0.080500
1870.440608   13.658650   0.116660
1870.448993   13.584550   0.102730
1870.456179   13.629410   0.098170
1870.461756   13.641920   0.122350
1870.470366   13.613420   0.094650
1870.474188   13.604090   0.068500
1870.482250   13.556910   0.066200
1871.136689   13.637410   0.043580
1871.146179   13.663780   0.040580
1871.155384   13.654890   0.039990
1871.164955   13.615730   0.046210
1871.174269   13.662480   0.043830
1871.183469   13.659780   0.047300
1871.192872   13.695830   0.045110
1871.202392   13.667500   0.048680
1871.211865   13.688970   0.055140
1871.221273   13.640190   0.056140
1871.230922   13.644560   0.050230
1871.240394   13.624980   0.044660
1871.250018   13.679060   0.050930
1871.259511   13.653990   0.047410
1871.269122   13.629280   0.049410
1871.278903   13.640490   0.050350
1871.288648   13.596020   0.055370
1871.298226   13.642540   0.051780
1871.307789   13.636000   0.054540
1871.317562   13.635040   0.057140
1871.327342   13.637960   0.059340
1871.337079   13.657660   0.065470
1871.346725   13.674370   0.068050
1871.356495   13.687110   0.066080
1871.366277   13.725770   0.068020
1871.375944   13.623700   0.071780
1871.385808   13.638800   0.078210
1871.395399   13.702340   0.085880
1871.404882   13.650590   0.097230
1871.414342   13.711530   0.086780
1871.423744   13.674910   0.090490
1871.433495   13.667800   0.091690
1871.442405   13.602800   0.080130
1871.449670   13.646160   0.087420
1871.455742   13.651930   0.089840
1871.461191   13.741560   0.103490
1871.465968   13.652980   0.092860
1871.469461   13.708060   0.100290
1871.472994   13.630080   0.093130
1871.476070   13.644330   0.088400
1871.477819   13.625890   0.085380
1871.479709   13.668340   0.090430
1871.481438   13.620950   0.087880
1871.550420   13.586780   0.096660
1871.559908   13.616200   0.097250
1871.569340   13.658320   0.103640
1871.578835   13.690550   0.111270
1871.588334   13.626540   0.117530
1871.597841   13.705880   0.102350
1872.324463   13.657890   0.050600
1872.334315   13.628070   0.051970
1872.344041   13.661010   0.052610
1872.353623   13.660220   0.051390
1872.363427   13.655410   0.050530
1872.373279   13.667220   0.050920
1872.383099   13.659230   0.048460
1872.392766   13.637650   0.050190
1872.402203   13.666340   0.053700
1872.412032   13.670020   0.055150
1872.421585   13.660750   0.058900
1872.431130   13.650700   0.062340
1872.439874   13.648420   0.061610
1872.447517   13.620270   0.061090
1872.454162   13.648850   0.065200
1872.459603   13.663570   0.071830
1872.463903   13.643870   0.067350
1872.467716   13.651900   0.071230
1872.470496   13.671530   0.067700
1872.473152   13.706100   0.072530
1872.474857   13.646220   0.071190
1872.476617   13.654560   0.072380
1872.478370   13.665970   0.070640
1872.480228   13.613580   0.068020
1872.541663   13.597280   0.087750
1872.550845   13.650930   0.089150
1872.560270   13.618680   0.091970
1872.569828   13.620230   0.097850
1872.579400   13.705550   0.108180
1872.588943   13.606170   0.112700
1872.598488   13.611540   0.123570
1873.229437   13.682430   0.056240
1873.238826   13.633130   0.060300
1873.248403   13.688730   0.054870
1873.258009   13.720750   0.057170
1873.267456   13.641000   0.062200
1873.276959   13.613410   0.061150
1873.286788   13.633770   0.061740
1873.296275   13.614640   0.061420
1873.305896   13.641530   0.070160
1873.315472   13.622870   0.056880
1873.325684   13.719840   0.073520
1873.335346   13.565050   0.076170
1873.344943   13.538160   0.076810
1873.354842   13.612510   0.076710
1873.364691   13.661860   0.083780
1873.374458   13.631800   0.078230
1873.383960   13.628890   0.071680
1873.393856   13.617270   0.071750
1873.403606   13.606840   0.078150
1873.413210   13.635530   0.088290
1873.422938   13.676480   0.088810
1873.432622   13.692320   0.081530
1873.441010   13.689560   0.076360
1873.447044   13.673300   0.071350
1873.453044   13.590860   0.071480
1873.457630   13.670920   0.077380
1873.462090   13.680510   0.076250
1873.465548   13.623760   0.076810
1873.468261   13.609050   0.077510
1873.470892   13.703410   0.084320
1873.472722   13.628400   0.078980
1873.474437   13.648750   0.078480
1873.476606   13.650940   0.107620
1874.032527   13.650750   0.034580
1874.041923   13.645860   0.036720
1874.051714   13.613210   0.037830
1874.061193   13.621710   0.035680
1874.070741   13.612430   0.040130
1874.080230   13.640270   0.040390
1874.089638   13.641360   0.039220
1874.098984   13.649610   0.041070
1874.108441   13.652670   0.041270
1874.117749   13.660330   0.042710
1874.127103   13.667590   0.042060
1874.136654   13.667790   0.043570
1874.145982   13.630900   0.045660
1874.155173   13.673390   0.047810
1874.164605   13.633400   0.052080
1874.174153   13.644550   0.061190
1874.183645   13.691430   0.080100
1874.193053   13.614100   0.104730
1874.202515   13.627190   0.110490
1874.212179   13.706770   0.119620
1874.222051   13.742840   0.112590
1877.012009   13.674830   0.042620
1877.021623   13.620390   0.043370
1877.031340   13.679410   0.048740
1877.050632   13.618500   0.038820
1877.060512   13.603630   0.042210
1877.080037   13.649600   0.044150
1877.089835   13.660400   0.042150
1877.109324   13.634060   0.052620
1877.119234   13.627320   0.055050
1877.128562   13.627250   0.049500
1877.137988   13.683660   0.047110
1877.147449   13.696960   0.059720
1877.157081   13.637240   0.055540
1877.166514   13.656490   0.047530
1877.175811   13.675050   0.047530
1877.185180   13.730070   0.051960
1877.194638   13.670700   0.051410
1877.204359   13.698130   0.047330
1877.213829   13.648610   0.048160
1877.223290   13.665280   0.049250
1877.232928   13.681460   0.048570
1877.242583   13.703210   0.055770
1877.252102   13.686360   0.054680
1877.261424   13.678480   0.054790
1877.271317   13.645040   0.049210
1877.280810   13.592110   0.041910
1877.290913   13.614340   0.050010
1877.300784   13.679570   0.059550
1877.310552   13.659730   0.050070
1877.320329   13.672020   0.059140
1877.330019   13.625790   0.050170
1877.339609   13.670200   0.045150
1877.349339   13.661060   0.053540
1877.359563   13.617490   0.045690
1877.369289   13.641440   0.054990
1877.379166   13.634840   0.049190
1877.389199   13.655790   0.060100
1877.398748   13.659390   0.064040
1877.408188   13.629040   0.062570
1877.417610   13.639690   0.058440
1877.426444   13.634130   0.053950
1877.433416   13.603040   0.058090
1877.439426   13.656480   0.068460
1877.444578   13.656290   0.063870
1877.449101   13.655250   0.056760
1877.452622   13.651190   0.068650
1877.456119   13.617710   0.061080
1877.458826   13.666220   0.057330
1877.460660   13.629740   0.060920
1877.462441   13.634380   0.060650
1877.464144   13.697290   0.059930
1877.465872   13.649510   0.059900
1877.528546   13.577190   0.076680
1877.538164   13.663870   0.080840
1877.547759   13.595010   0.079880
1877.557433   13.636380   0.089550
1877.566991   13.666970   0.087900
1877.956588   13.616890   0.067300
1877.966360   13.681400   0.064250
1877.975795   13.653280   0.048090
1877.985575   13.675850   0.038980
1877.995071   13.635840   0.036150
1878.004964   13.644510   0.036570
1878.014335   13.655640   0.040300
1878.023915   13.646500   0.033950
1878.033403   13.650420   0.038230
1878.042881   13.659810   0.035100
1878.052477   13.661320   0.040990
1878.062202   13.667110   0.039460
1878.072038   13.610870   0.042700
1878.081838   13.656360   0.042750
1878.091595   13.647150   0.039040
1878.101204   13.646430   0.039570
1878.111056   13.661490   0.044000
1878.120475   13.671030   0.045640
1878.129972   13.652760   0.047540
1878.139452   13.639980   0.054840
1878.148981   13.721640   0.095100
1878.158293   13.628570   0.085890
1878.167692   13.606880   0.047170
1878.177309   13.652100   0.044980
1878.186872   13.617600   0.059300
1878.196273   13.666840   0.059600
1878.206054   13.675470   0.072860
1878.215833   13.662650   0.081870
1878.225557   13.675510   0.079740
1878.235117   13.693880   0.062160
1878.244657   13.696450   0.063420
1878.254352   13.681170   0.072170
1878.263984   13.678730   0.077230
1878.273770   13.664090   0.078610
1878.283405   13.624390   0.080050
1878.293079   13.652730   0.082410
1878.302887   13.665870   0.097670
1878.312828   13.668950   0.105770
1878.322431   13.659170   0.101650
1878.332111   13.611710   0.104890
1878.342126   13.662190   0.078740
1878.351898   13.628240   0.084200
1878.361666   13.614840   0.077950
1878.371492   13.700300   0.086610
1878.381052   13.625810   0.090720
1878.390611   13.693460   0.065570
1878.400035   13.709780   0.086520
1878.409523   13.623940   0.078720
1878.419250   13.638830   0.092670
1878.427139   13.613620   0.093140
1878.434256   13.663050   0.078420
1878.439734   13.613520   0.092380
1878.444205   13.651650   0.077220
1878.448555   13.615430   0.072280
1878.452064   13.704560   0.094710
1878.454721   13.571170   0.089610
1878.457364   13.699810   0.088530
1878.459093   13.691750   0.091390
1878.460943   13.676050   0.093150
1878.463071   13.600760   0.129050
1878.523903   13.626700   0.094590
1878.533380   13.594180   0.095150
1878.542754   13.632230   0.090940
1878.552323   13.636460   0.100250
1878.561961   13.636500   0.110970
1878.581081   13.625310   0.070900
1878.590620   13.551920   0.069200
1878.885725   13.766020   0.109620
1878.896259   13.678840   0.099150
1878.907039   13.632770   0.094460
1878.917827   13.575600   0.094060
1878.928636   13.544360   0.091650
1878.939490   13.639890   0.082260
1878.950209   13.631740   0.067730
1878.960985   13.645330   0.061020
1878.971663   13.606670   0.054100
1878.982256   13.659210   0.056130
1878.992862   13.654810   0.052590
1879.003349   13.661700   0.059930
1879.014056   13.652110   0.055720
1879.024781   13.646150   0.056700
1879.035403   13.596790   0.067630
1879.046338   13.628820   0.065970
1879.056998   13.639730   0.067830
1879.067120   13.640520   0.067080
1879.077625   13.635290   0.069870
1879.087804   13.673030   0.073220
1879.097718   13.673720   0.082160
1879.108265   13.662900   0.089230
1879.118677   13.618430   0.096520
1879.128946   13.644180   0.080830
1879.138951   13.655450   0.083070
1879.148948   13.721680   0.105160
1879.158753   13.663910   0.109330
1879.168681   13.721640   0.107700
1879.178653   13.645310   0.112710
1879.188532   13.650930   0.115100
1879.198658   13.642600   0.111710
1879.208980   13.688950   0.113980
1879.219105   13.713600   0.119000
1879.229198   13.625900   0.117000
1879.239692   13.684010   0.119930
1879.249885   13.630420   0.111910
1879.259988   13.641540   0.107390
1879.270136   13.684600   0.105820
1879.279998   13.743420   0.089680
1879.290256   13.672550   0.104460
1879.300321   13.729540   0.112080
1879.310604   13.618550   0.107590
1879.321132   13.654570   0.100190
1879.331398   13.646530   0.107390
1879.341711   13.610680   0.116010
1879.352168   13.605760   0.114150
1879.362239   13.649310   0.112760
1879.372581   13.653210   0.112720
1879.383093   13.596090   0.066100
1879.393142   13.690510   0.118110
1879.403333   13.669230   0.125090
1879.413794   13.700350   0.102930
1879.422133   13.733720   0.109050
1879.430290   13.697710   0.136360
1879.436891   13.618140   0.104120
1879.441492   13.510850   0.101370
1879.445418   13.561320   0.070400
1879.452495   13.620400   0.075000
1879.454117   13.695890   0.108040
1879.456208   13.681120   0.074600
1879.457779   13.661150   0.072900
1879.904711   13.709520   0.090910
1879.914664   13.640580   0.077490
1879.924232   13.637760   0.065200
1879.933937   13.655410   0.057350
1879.943742   13.623580   0.046750
1879.953255   13.616490   0.040130
1879.962965   13.681150   0.038740
1879.972299   13.659870   0.037820
1879.982133   13.642680   0.038350
1879.991480   13.670090   0.041630
1880.001350   13.669420   0.046250
1880.010995   13.615340   0.046350
1880.020489   13.674990   0.048990
1880.030167   13.628620   0.052040
1880.040004   13.629130   0.048390
1880.050020   13.618840   0.050570
1880.059700   13.610680   0.050130
1880.069635   13.624070   0.052480
1880.079469   13.657920   0.054370
1880.089000   13.647970   0.054170
1880.098524   13.629440   0.057610
1880.108072   13.645430   0.060510
1880.117530   13.601520   0.050940
1880.200091   13.628380   0.061520
1880.209735   13.716140   0.064980
1880.219431   13.604710   0.058130
1880.229324   13.625330   0.051210
1880.238989   13.660620   0.053790
1880.267686   13.641130   0.061520
1880.277275   13.611310   0.058630
1880.286928   13.653060   0.069760
1880.306613   13.652240   0.063220
1880.369120   13.632020   0.058030
1880.967707   13.684560   0.067380
1880.977730   13.622020   0.062050
1880.987626   13.727860   0.056470
1880.997175   13.696660   0.052080
1881.007352   13.655730   0.054660
1881.017262   13.649660   0.055510
1881.027023   13.660900   0.056430
1881.036583   13.702010   0.055430
1881.046307   13.628250   0.057280
1881.055914   13.638580   0.062830
1881.065565   13.609060   0.060740
1881.075352   13.702440   0.067110
1881.085120   13.629110   0.059950
1881.094964   13.635090   0.060510
1881.104801   13.638490   0.052960
1881.114937   13.703260   0.073680
1881.124474   13.612820   0.063860
1881.134326   13.657040   0.067560
1881.143810   13.646130   0.054730
1881.153419   13.629850   0.067620
1881.163015   13.702410   0.064960
1881.171357   13.617480   0.051570
1881.180981   13.630350   0.057940
1881.190627   13.674470   0.046110
1881.200550   13.636220   0.049750
1881.210473   13.667030   0.053720
1881.220305   13.679810   0.059160
1881.230199   13.640160   0.059420
1881.239668   13.676830   0.065390
1881.249328   13.625910   0.061970
1881.258917   13.600370   0.059800
1881.268352   13.664560   0.065500
1881.278189   13.639270   0.063350
1881.288137   13.618110   0.063750
1881.297680   13.641030   0.066460
1881.307337   13.672880   0.068030
1881.317394   13.655250   0.069240
1881.327336   13.677720   0.073620
1881.337373   13.689480   0.073640
1881.347129   13.674790   0.072980
1881.357110   13.745960   0.077500
1881.366722   13.690110   0.074830
1881.376276   13.710920   0.078270
1881.386104   13.657890   0.082510
1881.395996   13.667090   0.079080
1881.405772   13.664390   0.084060
1881.414838   13.663580   0.086390
1881.422098   13.619240   0.088700
1881.428287   13.644870   0.086440
1881.433496   13.603940   0.083550
1881.437835   13.591100   0.085460
1881.441542   13.648510   0.089490
1881.445078   13.671650   0.093200
1881.447777   13.686920   0.090440
1881.449541   13.680140   0.091910
1881.451276   13.597880   0.088220
1881.453055   13.636880   0.092340
1881.455245   13.619190   0.130120
1881.512259   13.575320   0.089230
1881.522032   13.585600   0.097530
1881.531584   13.589970   0.100310
1881.541053   13.693110   0.107400
1881.550943   13.655650   0.104960
1881.560601   13.718100   0.113240
1881.570473   13.584000   0.103560
1881.580253   13.625690   0.112420
1881.589860   13.606770   0.108730
1881.599577   13.662400   0.118700
1881.609472   13.589010   0.110890
1881.619114   13.689630   0.131610
1881.628866   13.640370   0.112110
1881.855252   13.701140   0.101870
1881.864967   13.654580   0.098900
1881.874874   13.734270   0.097050
1881.884546   13.617730   0.081600
1881.894462   13.642170   0.072640
1881.904494   13.645340   0.065440
1881.914271   13.667350   0.062500
1881.923884   13.640100   0.061410
1881.933466   13.700750   0.057570
1881.943231   13.661940   0.060710
1881.952875   13.729490   0.079700
1881.962633   13.754990   0.088310
1881.972149   13.660850   0.088170
1881.982098   13.694790   0.091070
1881.992169   13.712210   0.112780
1882.011594   13.629860   0.109580
1882.021627   13.658700   0.099190
1882.031644   13.603030   0.105320
1882.041324   13.680040   0.105840
1882.051198   13.645160   0.094520
1882.060871   13.583910   0.094170
1882.080330   13.716050   0.078950
1882.109365   13.558690   0.112530
1882.121972   13.606840   0.099110
1882.131558   13.656340   0.087300
1882.141120   13.617930   0.118780
1882.150540   13.581720   0.091410
1882.160119   13.637390   0.094340
1882.169652   13.655090   0.101780
1882.179008   13.605260   0.092300
1882.188466   13.650150   0.105450
1882.198063   13.612200   0.112780
1883.093660   13.688560   0.074410
1883.103366   13.695030   0.055000
1883.122237   13.665880   0.086030
1883.131900   13.608280   0.070280
1883.141295   13.646330   0.078990
1883.150882   13.668610   0.085180
1883.160374   13.641630   0.088570
1883.169871   13.703710   0.097990
1883.179271   13.678040   0.079650
1883.188727   13.635070   0.079180
1883.198404   13.638270   0.091260
1883.207904   13.755020   0.093020
1883.217549   13.776260   0.098910
1883.226897   13.636810   0.094160
1883.236210   13.637210   0.093030
1883.245790   13.574340   0.091200
1883.255334   13.628150   0.095820
1883.265175   13.653590   0.097550
1883.274780   13.641920   0.099440
1883.284849   13.719310   0.090230
1883.294470   13.704100   0.093980
1883.304305   13.601640   0.111340
1883.323643   13.735600   0.099420
1883.333437   13.530260   0.102140
1883.343435   13.668210   0.110320
1883.353625   13.489350   0.083860
1883.363493   13.611590   0.101450
1883.373027   13.619250   0.106880
1883.382657   13.675370   0.111760
1883.392439   13.634340   0.106900
1883.402040   13.651010   0.108810
1883.410061   13.659670   0.109970
1883.417485   13.679680   0.114740
1883.423677   13.696130   0.109420
1883.428949   13.763380   0.114100
1883.433147   13.797320   0.065500
1883.436812   13.739550   0.110750
1883.440325   13.848030   0.066300
1883.443180   13.652190   0.112600
1883.444773   13.705830   0.065500
1883.446707   13.713030   0.113070
1883.448508   13.773590   0.114140
1883.507335   13.439930   0.108190
1883.517022   13.549120   0.113460
1883.526732   13.604790   0.096380
1883.584455   13.672720   0.072800
1883.593915   13.512740   0.113790
1884.099534   13.618620   0.038180
1884.109140   13.648670   0.037240
1884.118686   13.637130   0.045690
1884.128292   13.697300   0.057220
1884.137551   13.631240   0.043130
1884.147279   13.714100   0.047750
1884.156774   13.634760   0.052890
1884.166197   13.671370   0.058210
1884.175960   13.624160   0.062610
1884.185414   13.648600   0.052860
1884.194977   13.670230   0.043790
1884.204574   13.665030   0.047070
1884.214174   13.641460   0.044530
1884.223839   13.648190   0.049380
1884.233272   13.666810   0.069980
1884.242628   13.680280   0.039610
1884.252195   13.661250   0.038460
1884.261682   13.640720   0.039570
1884.271201   13.623850   0.039280
1884.280876   13.651450   0.044120
1884.290846   13.637840   0.045740
1884.300573   13.646790   0.051620
1884.310420   13.638200   0.070960
1884.320206   13.641780   0.050310
1884.330156   13.599020   0.049020
1884.340081   13.659280   0.059820
1884.350052   13.648250   0.059530
1884.360119   13.676370   0.052080
1884.370060   13.702410   0.050760
1884.379738   13.653810   0.054270
1884.389528   13.635910   0.042500
1884.399065   13.680420   0.047120
1884.406881   13.626590   0.051850
1884.413865   13.615580   0.061610
1884.420368   13.645210   0.063940
1884.425635   13.652570   0.046600
1884.430150   13.665320   0.043140
1884.433678   13.658420   0.048450
1884.437202   13.645410   0.047760
1884.439908   13.683310   0.050470
1884.441669   13.664620   0.050130
1884.443407   13.649990   0.046770
1884.445186   13.652680   0.047010
1884.446926   13.604130   0.058990
1884.503638   13.651260   0.042500
1884.513187   13.647670   0.050740
1884.522993   13.653670   0.043330
1884.532900   13.675110   0.039750
1884.542819   13.692240   0.050020
1884.552706   13.731020   0.054930
1884.562458   13.672740   0.035400
1884.572213   13.683250   0.043760
1884.581820   13.674370   0.037440
1884.591479   13.657090   0.049780
1884.600983   13.654450   0.041530
1884.610820   13.670760   0.039020
1884.886961   13.680480   0.100810
1884.896459   13.637520   0.098670
1884.906042   13.597730   0.093190
1884.915720   13.524400   0.076810
1884.925737   13.601990   0.090530
1884.935647   13.661620   0.081550
1884.945448   13.581280   0.092840
1884.954875   13.602560   0.098680
1884.964329   13.619050   0.095860
1884.974229   13.673830   0.104720
1884.983546   13.684950   0.110180
1884.993441   13.690120   0.107250
1885.003341   13.705160   0.100190
1885.013229   13.639580   0.113370
1885.022911   13.591370   0.112910
1885.032502   13.493290   0.109910
1885.042137   13.664990   0.121840
1885.052183   13.627010   0.118600
1885.062110   13.729270   0.070600
1885.278794   13.652130   0.090410
1885.288849   13.558030   0.055400
1885.298475   13.643850   0.089180
1885.308250   13.646090   0.092170
1885.318087   13.642920   0.094310
1885.328301   13.611610   0.081550
1885.430912   13.606960   0.087570
1885.590133   13.874720   0.064700
1886.072366   13.674240   0.035410
1886.082057   13.645920   0.037180
1886.091456   13.641340   0.039790
1886.101064   13.675230   0.038690
1886.110701   13.654490   0.037590
1886.120214   13.662390   0.038520
1886.129544   13.680320   0.042480
1886.138882   13.645670   0.041950
1886.148233   13.646700   0.041180
1886.157943   13.644470   0.043810
1886.167550   13.652680   0.048540
1886.177101   13.670090   0.047950
1886.186997   13.651820   0.049830
1886.196609   13.647180   0.055840
1886.206153   13.672860   0.065160
1886.215757   13.668230   0.062300
1886.225422   13.667860   0.086380
1886.234829   13.693690   0.090940
1886.244630   13.648670   0.086040
1886.254426   13.643260   0.063450
1886.263771   13.658960   0.051460
1886.273578   13.603720   0.084340
1886.283270   13.665440   0.051390
1886.293134   13.636990   0.053120
1886.303115   13.679370   0.064470
1886.312914   13.656130   0.056730
1886.322818   13.645390   0.057540
1886.332859   13.661550   0.057520
1886.342543   13.621490   0.052950
1886.352534   13.641690   0.057370
1886.362281   13.639500   0.059040
1886.372003   13.622330   0.062760
1886.381496   13.668540   0.066750
1886.391198   13.661750   0.070680
1886.399994   13.649300   0.070850
1886.408171   13.659210   0.072600
1886.414363   13.644010   0.088000
1886.419581   13.652620   0.090020
1886.423873   13.670220   0.083650
1886.427459   13.686190   0.082460
1886.431086   13.676390   0.079220
1886.433748   13.541570   0.085100
1886.435540   13.608230   0.092500
1886.437293   13.673240   0.084600
1886.439058   13.737300   0.088000
1886.441348   13.624670   0.154930
