1863.169882   12.372220   0.020730
1863.179028   12.365340   0.022400
1863.188111   12.378890   0.025460
1863.197263   12.362790   0.024260
1863.206453   12.382830   0.023090
1863.215516   12.383850   0.027960
1863.224486   12.385470   0.026560
1863.233708   12.391900   0.028000
1863.243026   12.381580   0.029170
1863.252052   12.389710   0.025940
1863.260978   12.405110   0.025120
1863.270074   12.361180   0.027890
1863.279229   12.376140   0.026560
1863.288341   12.389170   0.024430
1863.297662   12.397240   0.022460
1863.306748   12.379490   0.025980
1863.315898   12.382870   0.026290
1863.325261   12.374190   0.025870
1863.334632   12.378780   0.027140
1863.344416   12.394740   0.026410
1863.353962   12.377530   0.025350
1863.363511   12.372370   0.023040
1863.372640   12.387660   0.021070
1863.381795   12.381050   0.021540
1863.391577   12.379090   0.022990
1863.400670   12.380880   0.023670
1863.410157   12.373900   0.024040
1863.419415   12.387910   0.025060
1863.428728   12.390490   0.026500
1863.438171   12.382100   0.028120
1863.447725   12.370060   0.029690
1863.457038   12.364150   0.035010
1863.464667   12.382750   0.040770
1863.471563   12.350930   0.040890
1863.477686   12.383710   0.039830
1863.482900   12.360410   0.038220
1863.487037   12.395460   0.040790
1863.490505   12.388120   0.041050
1863.494064   12.368910   0.040130
1863.496621   12.392390   0.042520
1863.498272   12.370870   0.041820
1863.500087   12.369490   0.043060
1863.501889   12.362980   0.042690
1863.503937   12.378740   0.060820
1864.122118   12.365760   0.016690
1864.131216   12.370510   0.022300
1864.140349   12.373270   0.019690
1864.149328   12.377150   0.019930
1864.158727   12.384460   0.018710
1864.168077   12.364980   0.023560
1864.177441   12.388650   0.022650
1864.186471   12.371960   0.018070
1864.195786   12.371060   0.022980
1864.204761   12.382140   0.020150
1864.213956   12.385310   0.019460
1864.223275   12.387430   0.018480
1864.232312   12.357780   0.022800
1864.241734   12.361160   0.022290
1864.250994   12.382360   0.019340
1864.260292   12.369520   0.023790
1864.269452   12.370870   0.019980
1864.278712   12.361950   0.023900
1864.288040   12.381920   0.025020
1864.297228   12.367630   0.023000
1864.306786   12.380510   0.024500
1864.315982   12.394560   0.024020
1864.325240   12.378050   0.024420
1864.334830   12.375990   0.023850
1864.344223   12.366090   0.032560
1864.353629   12.384350   0.029800
1864.362884   12.396730   0.032700
1864.372284   12.358380   0.040490
1864.381718   12.381400   0.035420
1864.391386   12.379640   0.029920
1864.401175   12.389320   0.035220
1864.410777   12.366590   0.033260
1864.420158   12.367360   0.033900
1864.429378   12.385810   0.035420
1864.438639   12.355180   0.041360
1864.448098   12.358820   0.047020
1864.457409   12.370910   0.051920
1864.465120   12.384390   0.047570
1864.472313   12.368970   0.053890
1864.477494   12.369830   0.058930
1864.482643   12.405460   0.080560
1864.486002   12.352790   0.101800
1864.489646   12.389960   0.089260
1864.492216   12.448590   0.073850
1864.494776   12.380100   0.071900
1864.496480   12.375540   0.074230
1864.498365   12.393650   0.077080
1864.500091   12.368150   0.079800
1864.501760   12.371990   0.068600
1865.081649   12.379540   0.026210
1865.090914   12.358340   0.027660
1865.103000   12.390350   0.024770
1865.112265   12.381060   0.024510
1865.121493   12.381640   0.030490
1865.180915   12.381230   0.017780
1865.189934   12.375500   0.013740
1865.199137   12.385760   0.017840
1865.208040   12.375500   0.013860
1865.217207   12.355270   0.020980
1865.226382   12.379620   0.019980
1865.235932   12.376990   0.021420
1865.245886   12.371690   0.022460
1865.255783   12.385220   0.022290
1865.265750   12.374400   0.029060
1865.275774   12.370510   0.025080
1865.285892   12.384860   0.021540
1865.295973   12.376350   0.025060
1865.306185   12.382070   0.024430
1865.316145   12.386890   0.023330
1865.326150   12.384220   0.025060
1865.336276   12.388780   0.030170
1865.346577   12.370160   0.027080
1865.356675   12.375370   0.026100
1865.366659   12.377470   0.030020
1865.376904   12.362030   0.028080
1865.387088   12.378070   0.029500
1865.397153   12.363220   0.031300
1865.407149   12.381960   0.028130
1865.417333   12.372460   0.027710
1865.427630   12.388950   0.028910
1865.437669   12.394180   0.028700
1865.448171   12.361270   0.036720
1865.457324   12.382570   0.036970
1865.465615   12.364160   0.041630
1865.471988   12.396740   0.051920
1865.477591   12.370050   0.059760
1865.482335   12.383300   0.051390
1865.486159   12.417700   0.058620
1865.489785   12.417610   0.052750
1865.492667   12.382910   0.048920
1865.494427   12.405270   0.046530
1865.496283   12.377240   0.044440
1865.498551   12.362420   0.073850
1866.165339   12.379540   0.015130
1866.174723   12.384540   0.015240
1866.184057   12.376190   0.015470
1866.193410   12.384970   0.015880
1866.202706   12.376370   0.016460
1866.212035   12.385030   0.016980
1866.221409   12.375110   0.017090
1866.230791   12.361450   0.016630
1866.240474   12.369220   0.013510
1866.250004   12.372160   0.016740
1866.259354   12.371050   0.017320
1867.193045   12.381280   0.011610
1867.202355   12.383540   0.011950
1867.211516   12.383960   0.012010
1867.220585   12.379450   0.012640
1867.230131   12.379450   0.012820
1867.239707   12.376710   0.012700
1867.249230   12.371170   0.012530
1867.258785   12.378080   0.012870
1867.268385   12.370650   0.013050
1867.277702   12.370690   0.013220
1867.287153   12.377120   0.013400
1867.296854   12.374830   0.013690
1867.306121   12.379140   0.013740
1867.315500   12.369210   0.014030
1867.325094   12.372990   0.014380
1867.334502   12.373150   0.014780
1867.344482   12.358840   0.015530
1867.354030   12.373320   0.015240
1867.363492   12.366330   0.016980
1867.372735   12.368290   0.015880
1867.382212   12.367720   0.016110
1867.391671   12.357010   0.017730
1867.401392   12.371030   0.017150
1867.410805   12.383070   0.016860
1867.420288   12.373190   0.019460
1867.429722   12.395650   0.022410
1867.439192   12.365370   0.020980
1867.448574   12.364290   0.022810
1867.456168   12.371930   0.020090
1867.463320   12.359380   0.020730
1867.469421   12.364560   0.021250
1867.473939   12.367330   0.017210
1867.478291   12.375900   0.015880
1867.481655   12.374590   0.016050
1867.484335   12.372980   0.017330
1867.486951   12.380430   0.017090
1867.488639   12.397680   0.017670
1867.490315   12.375690   0.017900
1867.492002   12.374700   0.017780
1867.493724   12.378170   0.017090
1868.197661   12.380700   0.021360
1868.207123   12.371810   0.021020
1868.216495   12.380680   0.027480
1868.225986   12.365620   0.025300
1868.235811   12.372900   0.028890
1868.245580   12.366530   0.027370
1868.255259   12.389850   0.028880
1868.264815   12.363730   0.029850
1868.274279   12.373410   0.032450
1868.283929   12.390870   0.029130
1868.293537   12.372140   0.043610
1868.303104   12.386890   0.048900
1868.312574   12.376900   0.046080
1868.322548   12.400190   0.034740
1868.332083   12.385840   0.032590
1868.341800   12.398320   0.033380
1868.351466   12.368850   0.042910
1868.360837   12.386460   0.043300
1868.370659   12.385160   0.038570
1868.380417   12.397320   0.038920
1868.390367   12.367920   0.038290
1868.399668   12.374430   0.039610
1868.409622   12.377820   0.042880
1868.419023   12.375450   0.040160
1868.428372   12.376710   0.039440
1868.437691   12.394090   0.041520
1868.446987   12.380640   0.042610
1868.454949   12.376510   0.043550
1868.461066   12.380530   0.043620
1868.467151   12.402510   0.044510
1868.471440   12.376310   0.045810
1868.475710   12.371480   0.051250
1868.479187   12.410310   0.051300
1868.481793   12.395330   0.047540
1868.484421   12.359800   0.051220
1868.486154   12.404470   0.049720
1868.487874   12.374840   0.048240
1868.489584   12.378010   0.050780
1868.491280   12.423230   0.052350
1868.552972   12.337400   0.078060
1868.562396   12.309840   0.073930
1868.581531   12.364940   0.094700
1868.591155   12.316040   0.119310
1869.239644   12.355090   0.061490
1869.249027   12.380670   0.061300
1869.258676   12.375840   0.067750
1869.268460   12.413430   0.083840
1869.278238   12.398220   0.087430
1869.287800   12.399360   0.088030
1869.297392   12.341400   0.089010
1869.307040   12.331660   0.096690
1869.316570   12.487370   0.070400
1869.326588   12.340460   0.092850
1869.336211   12.381510   0.095540
1870.219778   12.374520   0.013970
1870.229270   12.384750   0.014430
1870.238762   12.381680   0.015470
1870.248135   12.382390   0.014900
1870.257691   12.378590   0.017210
1870.267266   12.375670   0.016110
1870.276950   12.379570   0.016110
1870.286498   12.377190   0.016800
1870.295849   12.378720   0.015650
1870.305565   12.378540   0.016800
1870.315197   12.379420   0.018420
1870.325274   12.383400   0.019120
1870.335174   12.376980   0.017840
1870.344892   12.383660   0.019050
1870.354573   12.387970   0.022170
1870.364104   12.368600   0.028580
1870.373603   12.387380   0.027430
1870.383600   12.368110   0.031590
1870.393243   12.370460   0.039090
1870.402820   12.381580   0.055040
1870.412418   12.386600   0.049840
1870.421719   12.411000   0.050280
1870.431056   12.382000   0.057130
1870.440608   12.348720   0.044980
1870.448993   12.363640   0.038900
1870.456179   12.393570   0.038390
1870.461756   12.365450   0.047830
1870.466593   12.347590   0.052680
1870.470290   12.335900   0.047410
1870.474034   12.341220   0.050410
1870.476825   12.350860   0.054730
1870.478569   12.410000   0.056190
1870.480341   12.378590   0.051830
1870.482097   12.363710   0.052830
1870.483838   12.387030   0.056600
1870.485602   12.404150   0.055140
1871.136689   12.381070   0.016340
1871.146179   12.380290   0.015590
1871.155384   12.366920   0.015480
1871.164955   12.367710   0.017440
1871.174269   12.367320   0.016860
1871.183469   12.384100   0.017790
1871.192872   12.385600   0.016800
1871.202392   12.377980   0.017730
1871.211865   12.380310   0.020900
1871.221273   12.365740   0.020730
1871.230922   12.376300   0.018420
1871.240394   12.374620   0.017840
1871.250018   12.366540   0.019170
1871.259511   12.367010   0.018490
1871.269122   12.377640   0.018590
1871.278903   12.368460   0.018770
1871.288648   12.382590   0.019980
1871.298226   12.379350   0.019050
1871.307789   12.370600   0.020450
1871.317562   12.375120   0.020910
1871.327342   12.375520   0.022000
1871.337079   12.373950   0.023610
1871.346725   12.386480   0.024790
1871.356495   12.386700   0.023500
1871.366277   12.381580   0.026510
1871.375944   12.370210   0.025920
1871.385808   12.371960   0.029010
1871.395399   12.396800   0.031620
1871.404882   12.396650   0.035340
1871.414342   12.393960   0.034190
1871.423744   12.369030   0.031760
1871.433495   12.375520   0.035060
1871.442405   12.367070   0.031990
1871.449670   12.354290   0.032320
1871.455742   12.389580   0.032340
1871.461191   12.355080   0.036160
1871.465968   12.359850   0.032450
1871.469461   12.385320   0.033100
1871.472994   12.391320   0.035520
1871.476070   12.374920   0.032110
1871.477819   12.379540   0.031770
1871.479709   12.381670   0.033040
1871.481438   12.382220   0.031780
1871.550420   12.373610   0.036530
1871.559908   12.355520   0.038000
1871.569340   12.375390   0.037620
1871.578835   12.374150   0.040710
1871.588334   12.367420   0.044480
1871.597765   12.356820   0.055730
1871.607264   12.345020   0.058190
1871.616819   12.352590   0.070410
1871.626324   12.388720   0.076560
1872.324463   12.397000   0.019060
1872.334315   12.390910   0.019820
1872.344041   12.382140   0.019400
1872.353623   12.390120   0.019230
1872.363427   12.380230   0.018650
1872.373279   12.386360   0.018770
1872.383099   12.390180   0.019050
1872.392766   12.376410   0.018820
1872.402203   12.383310   0.018880
1872.412032   12.380310   0.020210
1872.421585   12.355540   0.020900
1872.431130   12.382490   0.022230
1872.439874   12.375300   0.022460
1872.447517   12.383530   0.022290
1872.454162   12.376480   0.023380
1872.459603   12.386720   0.025180
1872.463903   12.371230   0.026500
1872.467716   12.385190   0.025690
1872.470496   12.378630   0.025010
1872.473152   12.397390   0.025410
1872.474857   12.394340   0.025410
1872.476617   12.371690   0.025870
1872.478370   12.392410   0.025810
1872.480228   12.367060   0.025580
1872.541663   12.364430   0.031770
1872.550845   12.374330   0.033750
1872.560270   12.387090   0.033670
1872.569828   12.368290   0.035570
1872.579400   12.374390   0.038870
1872.588943   12.388090   0.042720
1872.598488   12.400750   0.046760
1872.608116   12.385700   0.053100
1872.617527   12.415590   0.067540
1872.627101   12.419360   0.072840
1872.636625   12.376650   0.081380
1873.229437   12.385030   0.021420
1873.238826   12.398460   0.022920
1873.248403   12.386510   0.021890
1873.258009   12.378820   0.022360
1873.267456   12.392530   0.022990
1873.276959   12.383840   0.023450
1873.286788   12.369990   0.023560
1873.296275   12.382880   0.024420
1873.305896   12.365350   0.025120
1873.315548   12.400490   0.026040
1873.325684   12.388720   0.026900
1873.335346   12.383350   0.028230
1873.344943   12.366140   0.028410
1873.354842   12.366040   0.026570
1873.364691   12.370420   0.029860
1873.374458   12.377540   0.028700
1873.383960   12.369340   0.026150
1873.393856   12.366830   0.028120
1873.403606   12.382440   0.029160
1873.413210   12.392260   0.031810
1873.422938   12.408670   0.031540
1873.432622   12.375360   0.030140
1873.441010   12.397510   0.028410
1873.447044   12.373330   0.027600
1873.453044   12.381940   0.027150
1873.457630   12.382930   0.028940
1873.462090   12.364300   0.029270
1873.465548   12.388250   0.027830
1873.468261   12.337250   0.029400
1873.470892   12.381590   0.030140
1873.472722   12.381870   0.028990
1873.474437   12.360250   0.028360
1873.476606   12.359730   0.041730
1873.539458   12.409760   0.103410
1873.548852   12.339000   0.084140
1873.558313   12.376820   0.065440
1873.567696   12.341830   0.063020
1873.577180   12.340400   0.070450
1873.586745   12.381020   0.063190
1873.596227   12.413590   0.081590
1873.605773   12.354760   0.083730
1873.615321   12.385240   0.072000
1873.624816   12.379730   0.078780
1874.032527   12.387130   0.014200
1874.041923   12.377880   0.014900
1874.051714   12.376070   0.014780
1874.061193   12.376450   0.014610
1874.070741   12.373420   0.015420
1874.080230   12.376280   0.015420
1874.089638   12.356420   0.015240
1874.098984   12.388520   0.016110
1874.108441   12.377050   0.015300
1874.117749   12.383680   0.016400
1874.127103   12.378320   0.016630
1874.136654   12.367840   0.016510
1874.145982   12.370580   0.016920
1874.155173   12.369990   0.018360
1874.164605   12.375100   0.019980
1874.174153   12.368030   0.024080
1874.183645   12.368340   0.030140
1874.193053   12.375280   0.040240
1874.202515   12.367970   0.041740
1874.212179   12.366160   0.046190
1874.222051   12.396860   0.038070
1874.593715   12.411870   0.072760
1874.603390   12.391060   0.066460
1874.613039   12.365670   0.088380
1876.992585   12.381940   0.014960
1877.002277   12.376100   0.015300
1877.012009   12.384650   0.016290
1877.021623   12.378270   0.015820
1877.031340   12.382570   0.017090
1877.041094   12.380650   0.016570
1877.050632   12.376850   0.015070
1877.060512   12.382600   0.015530
1877.070280   12.380040   0.015940
1877.080037   12.361080   0.016290
1877.089835   12.374820   0.015820
1877.099542   12.369360   0.016690
1877.109324   12.386190   0.020150
1877.119234   12.365240   0.019660
1877.128562   12.362990   0.018130
1877.137988   12.374600   0.017730
1877.147449   12.347730   0.021140
1877.157081   12.382520   0.020270
1877.166514   12.380040   0.018770
1877.175811   12.383230   0.018130
1877.185180   12.362870   0.018770
1877.194638   12.375120   0.018610
1877.204359   12.390370   0.018010
1877.213829   12.370930   0.017320
1877.223290   12.367930   0.018590
1877.232928   12.377830   0.018020
1877.242583   12.375290   0.019760
1877.252102   12.380430   0.019860
1877.261424   12.365810   0.019800
1877.271317   12.369060   0.018710
1877.280810   12.381050   0.017150
1877.290913   12.377270   0.018940
1877.300784   12.364590   0.021710
1877.310552   12.372780   0.018890
1877.320329   12.358900   0.021250
1877.330019   12.377850   0.019120
1877.339609   12.380030   0.017260
1877.349339   12.368690   0.019580
1877.359563   12.374610   0.017730
1877.369289   12.367480   0.019580
1877.379166   12.374450   0.018590
1877.389199   12.383080   0.021710
1877.398748   12.384390   0.022870
1877.408188   12.372990   0.022180
1877.417610   12.394220   0.022010
1877.426444   12.390080   0.020320
1877.433416   12.359310   0.021770
1877.439426   12.355600   0.023970
1877.444578   12.374180   0.023580
1877.449101   12.376760   0.020910
1877.452622   12.393420   0.025180
1877.456119   12.400800   0.021780
1877.458826   12.394350   0.021540
1877.460660   12.385480   0.022230
1877.462441   12.381830   0.022300
1877.464144   12.376410   0.022290
1877.465872   12.378480   0.023150
1877.528546   12.355030   0.027780
1877.538164   12.361510   0.028890
1877.547759   12.372260   0.030950
1877.557433   12.371330   0.033080
1877.566991   12.355650   0.032690
1877.956588   12.369250   0.024830
1877.966360   12.376170   0.021890
1877.975795   12.369240   0.016980
1877.985575   12.375400   0.015300
1877.995071   12.370830   0.014490
1878.004964   12.367640   0.014260
1878.014335   12.374100   0.015530
1878.023915   12.380140   0.012800
1878.033403   12.399440   0.014610
1878.042881   12.371970   0.013970
1878.052477   12.366360   0.015940
1878.062202   12.378430   0.015650
1878.072038   12.389030   0.016110
1878.081838   12.378980   0.016400
1878.091595   12.377640   0.015530
1878.101204   12.382520   0.015880
1878.111056   12.380450   0.016630
1878.120475   12.372030   0.016340
1878.129972   12.374260   0.018300
1878.139452   12.372570   0.021370
1878.148981   12.384370   0.035980
1878.158293   12.381290   0.032160
1878.167692   12.378380   0.018720
1878.177309   12.371790   0.018020
1878.186872   12.383690   0.023040
1878.196273   12.373090   0.023280
1878.206054   12.365610   0.026500
1878.215833   12.371800   0.028700
1878.225557   12.384980   0.028890
1878.235117   12.369540   0.023900
1878.244657   12.380090   0.024880
1878.254352   12.382270   0.026000
1878.263984   12.377560   0.028370
1878.273770   12.388100   0.028180
1878.283405   12.370340   0.031990
1878.293079   12.376740   0.029740
1878.302887   12.393570   0.038230
1878.312828   12.399910   0.039260
1878.322431   12.386760   0.038920
1878.332111   12.396240   0.041020
1878.342126   12.399030   0.026950
1878.351898   12.368890   0.030960
1878.361666   12.368560   0.031420
1878.371492   12.378550   0.031770
1878.381052   12.383170   0.033960
1878.390611   12.390630   0.025390
1878.400035   12.379670   0.031590
1878.409523   12.379750   0.030670
1878.419250   12.368250   0.034180
1878.427139   12.374680   0.034660
1878.434256   12.375160   0.029910
1878.439734   12.382100   0.035100
1878.444205   12.359330   0.029210
1878.448555   12.362300   0.027930
1878.452064   12.355810   0.034720
1878.454721   12.369720   0.033220
1878.457364   12.383200   0.034060
1878.459093   12.379110   0.033660
1878.460943   12.399620   0.033780
1878.463071   12.370560   0.047160
1878.523903   12.333780   0.035740
1878.533380   12.374420   0.037130
1878.542754   12.348960   0.034420
1878.552323   12.378520   0.037210
1878.561961   12.362030   0.042080
1878.571685   12.356980   0.056730
1878.581234   12.409650   0.056460
1878.590773   12.381890   0.053930
1878.600390   12.383740   0.069220
1878.885725   12.371670   0.043080
1878.896259   12.384690   0.036380
1878.907039   12.370460   0.037590
1878.917827   12.368390   0.033320
1878.928636   12.345620   0.033220
1878.939490   12.384140   0.030540
1878.950209   12.371890   0.024890
1878.960985   12.376360   0.024630
1878.971663   12.366460   0.021780
1878.982256   12.391160   0.022690
1878.992862   12.373930   0.021070
1879.003349   12.374900   0.023100
1879.014056   12.384130   0.022750
1879.024781   12.368430   0.023330
1879.035403   12.371880   0.026220
1879.046338   12.375140   0.026040
1879.056998   12.374330   0.027620
1879.067120   12.395260   0.028260
1879.077625   12.370000   0.027560
1879.087804   12.364820   0.027830
1879.097718   12.371820   0.030950
1879.108265   12.372490   0.034240
1879.118677   12.367320   0.035340
1879.128946   12.388970   0.028220
1879.138951   12.402050   0.032230
1879.148948   12.386950   0.038150
1879.158753   12.403070   0.039670
1879.168681   12.379720   0.038800
1879.178653   12.376330   0.040290
1879.188532   12.388390   0.043530
1879.198658   12.373230   0.042580
1879.208980   12.356380   0.042900
1879.219105   12.364550   0.043570
1879.229198   12.384710   0.044590
1879.239692   12.396300   0.044640
1879.249885   12.345250   0.043770
1879.259988   12.364350   0.040780
1879.270136   12.370180   0.039040
1879.279998   12.363960   0.031280
1879.290256   12.371460   0.040370
1879.300321   12.381280   0.040650
1879.310604   12.400960   0.039840
1879.321132   12.386560   0.040260
1879.331398   12.381670   0.041650
1879.341711   12.366600   0.041490
1879.352168   12.374810   0.040540
1879.362239   12.338070   0.042840
1879.372581   12.390370   0.044120
1879.383093   12.342650   0.025900
1879.393142   12.367320   0.044950
1879.403333   12.403860   0.046600
1879.413718   12.345560   0.047750
1879.422210   12.398100   0.046960
1879.430290   12.371060   0.048790
1879.436891   12.403870   0.047230
1879.441492   12.368950   0.051190
1879.445571   12.364050   0.051110
1879.449457   12.401590   0.052670
1879.452342   12.362910   0.045180
1879.454194   12.381880   0.051820
1879.456055   12.429870   0.044760
1879.457932   12.367520   0.054110
1879.460282   12.387200   0.078040
1879.524043   12.378620   0.064000
1879.534146   12.316050   0.067750
1879.544253   12.377090   0.069420
1879.554321   12.412830   0.041100
1879.564508   12.398900   0.075310
1879.574677   12.408030   0.073720
1879.584814   12.380850   0.076440
1879.594935   12.348180   0.076790
1879.605121   12.424010   0.085230
1879.615186   12.370910   0.092120
1879.625350   12.415650   0.107540
1879.885631   12.388100   0.048440
1879.895153   12.394850   0.041170
1879.904711   12.348240   0.035630
1879.914664   12.373840   0.027540
1879.924232   12.364070   0.022930
1879.933937   12.373150   0.019630
1879.943742   12.372430   0.017550
1879.953255   12.375320   0.015590
1879.962965   12.380480   0.014490
1879.972299   12.371160   0.014320
1879.982133   12.375830   0.014660
1879.991480   12.382060   0.015530
1880.001350   12.374250   0.016110
1880.010995   12.369560   0.018070
1880.020489   12.377960   0.018190
1880.030167   12.373820   0.018190
1880.040004   12.360180   0.017330
1880.050020   12.365450   0.017440
1880.059700   12.375670   0.018080
1880.069635   12.363570   0.018560
1880.079469   12.364820   0.019230
1880.089000   12.383610   0.018820
1880.098524   12.386520   0.019800
1880.108072   12.384650   0.021310
1880.117530   12.375290   0.018770
1880.127140   12.371220   0.019800
1880.200091   12.377700   0.022290
1880.209735   12.368270   0.023560
1880.219431   12.364080   0.022760
1880.229324   12.362740   0.020680
1880.238989   12.354100   0.020620
1880.248836   12.371610   0.019690
1880.258298   12.376040   0.020960
1880.267686   12.370100   0.022290
1880.277275   12.364130   0.022930
1880.286928   12.376930   0.026450
1880.306613   12.394910   0.022630
1880.369120   12.374860   0.021080
1880.684731   12.383640   0.055900
1880.693935   12.360530   0.056340
1880.703424   12.338830   0.066890
1880.712965   12.342790   0.073320
1880.722745   12.368690   0.093700
1880.732752   12.463460   0.077200
1880.838943   12.315780   0.110570
1880.967707   12.381690   0.021770
1880.977730   12.398230   0.021940
1880.987626   12.392040   0.018770
1880.997175   12.370280   0.018020
1881.007352   12.390080   0.018830
1881.017262   12.362020   0.019240
1881.027023   12.374380   0.020040
1881.036583   12.359200   0.019630
1881.046307   12.390370   0.020390
1881.055914   12.380520   0.022580
1881.065565   12.378020   0.021660
1881.075352   12.378170   0.023500
1881.085120   12.364740   0.022010
1881.094964   12.380060   0.021480
1881.104801   12.398980   0.018670
1881.114937   12.395440   0.025750
1881.124474   12.383930   0.023160
1881.134326   12.382060   0.023790
1881.143810   12.379410   0.018880
1881.153419   12.359120   0.024770
1881.163015   12.392240   0.022980
1881.171357   12.363770   0.018760
1881.180981   12.384400   0.020560
1881.190627   12.372520   0.016980
1881.200550   12.374630   0.018130
1881.210473   12.364610   0.020500
1881.220305   12.358760   0.021940
1881.230199   12.375390   0.021480
1881.239668   12.367300   0.022750
1881.249328   12.375490   0.021840
1881.258917   12.366530   0.021540
1881.268352   12.380330   0.023680
1881.278189   12.369570   0.023440
1881.288137   12.374640   0.022920
1881.297680   12.392340   0.023280
1881.307337   12.386760   0.023790
1881.317394   12.360290   0.024200
1881.327336   12.354520   0.026330
1881.337373   12.386730   0.025640
1881.347129   12.387150   0.026910
1881.357110   12.397790   0.026570
1881.366722   12.365860   0.027600
1881.376276   12.397000   0.026560
1881.386104   12.369380   0.028010
1881.395996   12.394390   0.028120
1881.405772   12.368730   0.030210
1881.414838   12.372090   0.030140
1881.422098   12.384530   0.030150
1881.428287   12.382450   0.029740
1881.433496   12.357930   0.030400
1881.437835   12.376570   0.032160
1881.441542   12.389230   0.031120
1881.445078   12.387410   0.032690
1881.447777   12.378490   0.031420
1881.449541   12.392290   0.032000
1881.451276   12.354290   0.031780
1881.453055   12.380430   0.034150
1881.455245   12.366730   0.045050
1881.512259   12.358280   0.034660
1881.522032   12.367930   0.037480
1881.531584   12.368850   0.038060
1881.541053   12.393920   0.038080
1881.550943   12.374290   0.037960
1881.560601   12.388700   0.038220
1881.570473   12.353750   0.038500
1881.580253   12.368800   0.042310
1881.589860   12.381290   0.039560
1881.599577   12.362800   0.044320
1881.609472   12.381950   0.040260
1881.619114   12.353890   0.049220
1881.628942   12.370540   0.055060
1881.638590   12.396620   0.054050
1881.648351   12.373630   0.060770
1881.787701   12.314970   0.099070
1881.797497   12.361530   0.111260
1881.807277   12.401850   0.102660
1881.816745   12.430540   0.074720
1881.826319   12.380920   0.059650
1881.835921   12.394100   0.053710
1881.845731   12.397820   0.048160
1881.855252   12.390780   0.040240
1881.864967   12.354930   0.041010
1881.874874   12.362570   0.035110
1881.884546   12.396830   0.028410
1881.894462   12.390000   0.026040
1881.904494   12.367790   0.022810
1881.914271   12.372460   0.021830
1881.923884   12.372750   0.022400
1881.933466   12.379210   0.020790
1881.943231   12.373300   0.021140
1881.952875   12.352370   0.027320
1881.962633   12.371920   0.030840
1881.972149   12.383330   0.031200
1881.982098   12.361620   0.033150
1881.992169   12.377210   0.040680
1882.001889   12.399140   0.047360
1882.011594   12.385960   0.047320
1882.021627   12.359360   0.035220
1882.031644   12.374390   0.040720
1882.041324   12.377380   0.038050
1882.051198   12.378390   0.035290
1882.060871   12.365790   0.036500
1882.070527   12.370880   0.064560
1882.080330   12.396340   0.028470
1882.090096   12.350620   0.061550
1882.099569   12.361510   0.092450
1882.109365   12.345010   0.050760
1882.121972   12.374090   0.040920
1882.131558   12.384720   0.032160
1882.141120   12.378160   0.053020
1882.150540   12.387510   0.035570
1882.160119   12.373390   0.035870
1882.169652   12.361680   0.036480
1882.179008   12.360670   0.036960
1882.188466   12.372500   0.040990
1882.198063   12.371160   0.048790
1882.208031   12.389010   0.087480
1882.217722   12.375330   0.070030
1882.227231   12.355260   0.054210
1882.236839   12.348810   0.054570
1882.246327   12.363940   0.086040
1882.256107   12.291060   0.076270
1882.266006   12.393220   0.078980
1882.275585   12.418200   0.067570
1882.285301   12.347960   0.070110
1882.295361   12.365100   0.063940
1882.305067   12.389910   0.080780
1882.315073   12.364910   0.098790
1882.325032   12.392210   0.064440
1882.334886   12.400150   0.057080
1882.344919   12.386460   0.065150
1882.354771   12.436800   0.074580
1882.364587   12.408240   0.058110
1882.374737   12.380680   0.059940
1882.394964   12.404140   0.123010
1883.093660   12.385460   0.026920
1883.103366   12.402740   0.042540
1883.112818   12.368800   0.027850
1883.122237   12.399080   0.033280
1883.131900   12.378920   0.025650
1883.141295   12.369340   0.030310
1883.150882   12.382340   0.032800
1883.160374   12.372160   0.036510
1883.169871   12.356570   0.036120
1883.179271   12.363030   0.028520
1883.188727   12.401340   0.029220
1883.198404   12.368970   0.035340
1883.207904   12.356650   0.035940
1883.217549   12.373120   0.037300
1883.226897   12.384970   0.035910
1883.236210   12.383990   0.036260
1883.245790   12.364670   0.036600
1883.255334   12.361000   0.038870
1883.265175   12.372390   0.038580
1883.274780   12.359640   0.038520
1883.284849   12.317300   0.050750
1883.294394   12.369750   0.056400
1883.304305   12.330020   0.047450
1883.314080   12.349140   0.058970
1883.323720   12.405170   0.051420
1883.333437   12.372700   0.042980
1883.343435   12.380170   0.046440
1883.353548   12.377140   0.051130
1883.363493   12.373750   0.043570
1883.373027   12.349070   0.044820
1883.382657   12.391250   0.048340
1883.392439   12.377190   0.045270
1883.402040   12.363440   0.045780
1883.410061   12.354380   0.048300
1883.417485   12.374870   0.050590
1883.423677   12.385250   0.049940
1883.428949   12.369900   0.050640
1883.433300   12.381470   0.053310
1883.436812   12.411090   0.047120
1883.440325   12.416870   0.051980
1883.443180   12.397130   0.047170
1883.444926   12.377910   0.049800
1883.446707   12.383260   0.043470
1883.448508   12.372060   0.046390
1883.507335   12.356820   0.049420
1883.517022   12.373560   0.048830
1883.526655   12.368370   0.057900
1883.536232   12.386420   0.059060
1883.545818   12.363930   0.059610
1883.555341   12.362060   0.060130
1883.565051   12.373760   0.060710
1883.574608   12.369580   0.055890
1883.584302   12.340280   0.057670
1883.593915   12.412270   0.049910
1884.099534   12.374210   0.013800
1884.109140   12.382550   0.013220
1884.118686   12.389480   0.016400
1884.128292   12.368630   0.019770
1884.137551   12.387540   0.015250
1884.147279   12.371990   0.017560
1884.156774   12.371530   0.018190
1884.166197   12.347060   0.020770
1884.175960   12.342660   0.022180
1884.185414   12.375180   0.019120
1884.194977   12.382820   0.015820
1884.204574   12.382640   0.017610
1884.214174   12.377430   0.015600
1884.223839   12.367160   0.017790
1884.233272   12.399630   0.025530
1884.242628   12.384040   0.014320
1884.252195   12.385640   0.013970
1884.261682   12.384070   0.014090
1884.271201   12.376280   0.014320
1884.280876   12.385010   0.015420
1884.290846   12.378440   0.016740
1884.300573   12.378710   0.018540
1884.310420   12.372870   0.027510
1884.320206   12.369240   0.017380
1884.330156   12.377180   0.018250
1884.340081   12.373290   0.021770
1884.350052   12.381480   0.021420
1884.360119   12.380770   0.017610
1884.370060   12.376540   0.017440
1884.379738   12.376830   0.019690
1884.389528   12.367150   0.015010
1884.399065   12.389400   0.016110
1884.406881   12.389660   0.018130
1884.413865   12.350170   0.021720
1884.420368   12.379240   0.022890
1884.425635   12.377330   0.016920
1884.430150   12.396390   0.015010
1884.433678   12.381390   0.017090
1884.437202   12.382740   0.016630
1884.439908   12.379850   0.017850
1884.441669   12.377660   0.017450
1884.443407   12.374900   0.016640
1884.445186   12.388200   0.015760
1884.446926   12.382720   0.020750
1884.503638   12.371120   0.015300
1884.513187   12.361030   0.017920
1884.522993   12.359360   0.015300
1884.532900   12.372620   0.013920
1884.542819   12.378190   0.016990
1884.552706   12.369760   0.020400
1884.562458   12.370870   0.012930
1884.572213   12.369720   0.015850
1884.581820   12.372470   0.013450
1884.591479   12.376180   0.017100
1884.600983   12.398210   0.015420
1884.610820   12.370440   0.014260
1884.886961   12.406450   0.038530
1884.896459   12.371980   0.041280
1884.906042   12.388210   0.038520
1884.915643   12.376860   0.046610
1884.925737   12.353220   0.036380
1884.935570   12.370060   0.045560
1884.945448   12.371020   0.035950
1884.954875   12.380910   0.041630
1884.964329   12.381010   0.039080
1884.974229   12.431470   0.046060
1884.983546   12.353910   0.046220
1884.993441   12.357720   0.041380
1885.003341   12.410660   0.039240
1885.013229   12.357170   0.044080
1885.022911   12.358580   0.043260
1885.032502   12.412250   0.052000
1885.042137   12.368880   0.048390
1885.052183   12.353550   0.051530
1885.061957   12.349900   0.060710
1885.071678   12.383900   0.062130
1885.081285   12.376760   0.071450
1885.090973   12.440460   0.064010
1885.100847   12.365960   0.061260
1885.278794   12.374030   0.033260
1885.288696   12.352790   0.044140
1885.298475   12.371570   0.035630
1885.308250   12.376230   0.034880
1885.318087   12.339550   0.037830
1885.328301   12.370850   0.045620
1885.338173   12.334020   0.060660
1885.347960   12.344660   0.052140
1885.357853   12.367860   0.059500
1885.367578   12.367230   0.055360
1885.377344   12.339430   0.069880
1885.386938   12.406120   0.072930
1885.396599   12.374510   0.060220
1885.404395   12.417890   0.051680
1885.411445   12.403870   0.062250
1885.417511   12.436350   0.063780
1885.422892   12.405870   0.069450
1885.427461   12.399110   0.062410
1885.430989   12.387190   0.053360
1885.434637   12.398450   0.054740
1885.437356   12.406070   0.057690
1885.439093   12.397490   0.057350
1885.440855   12.419800   0.057930
1885.442624   12.371380   0.047670
1885.444416   12.386830   0.052730
1885.502228   12.317550   0.057740
1885.511985   12.352110   0.078080
1885.521821   12.334380   0.061840
1885.531512   12.346480   0.062900
1885.541243   12.392170   0.063830
1885.551133   12.373840   0.056760
1885.560860   12.351400   0.053120
1885.570601   12.415230   0.049220
1885.580236   12.405650   0.062910
1885.590133   12.415550   0.046000
1886.072366   12.369970   0.012530
1886.082057   12.374070   0.013630
1886.091456   12.384460   0.014150
1886.101064   12.372910   0.014670
1886.110701   12.370460   0.014430
1886.120214   12.359640   0.014610
1886.129544   12.374740   0.015360
1886.138882   12.375510   0.015480
1886.148233   12.371380   0.015650
1886.157943   12.378490   0.016110
1886.167550   12.368300   0.018490
1886.177101   12.375650   0.018360
1886.186997   12.377920   0.019170
1886.196609   12.357620   0.020610
1886.206153   12.377430   0.023150
1886.215757   12.360050   0.024480
1886.225422   12.365760   0.032100
1886.234829   12.367070   0.034370
1886.244630   12.362810   0.032510
1886.254426   12.366180   0.023050
1886.263771   12.370200   0.019120
1886.273578   12.371380   0.033670
1886.283270   12.365480   0.018650
1886.293134   12.376780   0.020270
1886.303115   12.363830   0.023040
1886.312914   12.371550   0.020670
1886.322818   12.362820   0.021360
1886.332859   12.372410   0.020960
1886.342543   12.356200   0.019980
1886.352534   12.383720   0.020900
1886.362281   12.380280   0.022460
1886.372003   12.358880   0.023440
1886.381496   12.375940   0.024080
1886.391198   12.384930   0.025230
1886.399994   12.391570   0.025880
1886.408171   12.373920   0.026510
1886.414363   12.360410   0.031810
1886.419581   12.360120   0.034060
1886.423873   12.373930   0.030030
1886.427459   12.357320   0.029340
1886.431086   12.381420   0.030150
1886.433748   12.387880   0.035150
1886.435540   12.343170   0.034420
1886.437293   12.383510   0.031360
1886.439058   12.384070   0.030390
1886.441348   12.398850   0.063270
