1863.169882   12.464270   0.021370
1863.179028   12.435680   0.023460
1863.188111   12.431050   0.026150
1863.197263   12.400470   0.025120
1863.206453   12.413780   0.023330
1863.215516   12.420040   0.028880
1863.224486   12.410210   0.027090
1863.233708   12.419200   0.029110
1863.243026   12.430070   0.030540
1863.252052   12.445330   0.026750
1863.260978   12.435280   0.025750
1863.270074   12.432300   0.028810
1863.279229   12.428840   0.026690
1863.288341   12.443130   0.024190
1863.297662   12.435960   0.022860
1863.306748   12.425160   0.025520
1863.315898   12.422130   0.026100
1863.325261   12.432840   0.026290
1863.334632   12.430220   0.027890
1863.344416   12.449000   0.025990
1863.353962   12.432360   0.025700
1863.363511   12.417120   0.023110
1863.372640   12.424430   0.021360
1863.381795   12.431210   0.021710
1863.391577   12.454570   0.022980
1863.400670   12.474340   0.024600
1863.410157   12.469900   0.024790
1863.419415   12.455150   0.025020
1863.428728   12.463680   0.026680
1863.438171   12.402080   0.028240
1863.447725   12.424440   0.029350
1863.457038   12.415150   0.035110
1863.464667   12.426090   0.039920
1863.471563   12.421080   0.040710
1863.477686   12.433200   0.038090
1863.482900   12.438670   0.038700
1863.487037   12.454630   0.043250
1863.490505   12.510550   0.045320
1863.494064   12.436100   0.039350
1863.496621   12.426310   0.043600
1863.498272   12.418100   0.042330
1863.500087   12.420980   0.044410
1863.501889   12.439290   0.043960
1863.503937   12.430560   0.063650
1864.122118   12.416360   0.017260
1864.131216   12.429520   0.023000
1864.140349   12.442880   0.020210
1864.149328   12.447270   0.019870
1864.158727   12.443640   0.019050
1864.168077   12.460980   0.024550
1864.177441   12.444650   0.023330
1864.186471   12.410610   0.019000
1864.195786   12.421470   0.022980
1864.204761   12.414380   0.021020
1864.213956   12.437890   0.019920
1864.223275   12.429950   0.019170
1864.232312   12.417740   0.022930
1864.241734   12.421300   0.023330
1864.250994   12.422550   0.019980
1864.260292   12.429130   0.023790
1864.269452   12.423550   0.021130
1864.278712   12.440070   0.024710
1864.288040   12.435830   0.024430
1864.297228   12.428430   0.023620
1864.306786   12.416590   0.023790
1864.315982   12.443090   0.024720
1864.325240   12.397090   0.023790
1864.334830   12.425430   0.023270
1864.344223   12.419170   0.031130
1864.353629   12.435280   0.030200
1864.362884   12.431150   0.034190
1864.372284   12.421270   0.042030
1864.381718   12.427010   0.035580
1864.391386   12.444470   0.029500
1864.401175   12.447650   0.035460
1864.410777   12.435820   0.033720
1864.420158   12.453400   0.033430
1864.429378   12.475090   0.036610
1864.438639   12.432750   0.041250
1864.448098   12.428720   0.047230
1864.457409   12.422970   0.051330
1864.465120   12.427740   0.049190
1864.472313   12.432540   0.057000
1864.477494   12.404600   0.060500
1864.482643   12.441220   0.084640
1864.486002   12.351730   0.106510
1864.489646   12.414220   0.094330
1864.492216   12.454490   0.076020
1864.494776   12.449890   0.073270
1864.496480   12.446790   0.083100
1864.498365   12.348770   0.077650
1864.500091   12.465630   0.085790
1864.501760   12.381610   0.076520
1865.081649   12.411560   0.027790
1865.090914   12.435600   0.027040
1865.103000   12.416280   0.026000
1865.112265   12.416230   0.025810
1865.121493   12.429950   0.031010
1865.180915   12.436910   0.018190
1865.189934   12.428030   0.014200
1865.199137   12.428890   0.018260
1865.208040   12.435290   0.014090
1865.217207   12.420910   0.021270
1865.226382   12.441420   0.020390
1865.235932   12.431000   0.021950
1865.245886   12.415780   0.022980
1865.255783   12.430550   0.022640
1865.265750   12.459000   0.029690
1865.275774   12.427000   0.025350
1865.285892   12.441850   0.022810
1865.295973   12.423880   0.024370
1865.306185   12.429790   0.024430
1865.316145   12.423970   0.023220
1865.326150   12.414150   0.025590
1865.336276   12.418800   0.030370
1865.346577   12.428170   0.027540
1865.356675   12.412260   0.026400
1865.366659   12.443040   0.030540
1865.376904   12.386160   0.029110
1865.387088   12.436190   0.029920
1865.397153   12.428130   0.030710
1865.407149   12.439210   0.028940
1865.417333   12.429970   0.028750
1865.427630   12.417780   0.029980
1865.437669   12.414780   0.029750
1865.448171   12.415280   0.036350
1865.457324   12.420750   0.039440
1865.465615   12.427570   0.041490
1865.471988   12.452880   0.053640
1865.477591   12.466100   0.063640
1865.482335   12.430020   0.051490
1865.486159   12.505840   0.067600
1865.489785   12.451140   0.053350
1865.492667   12.401060   0.048840
1865.494427   12.450510   0.048210
1865.496283   12.428730   0.047000
1865.498551   12.464840   0.078650
1866.165339   12.456070   0.016110
1866.174723   12.447710   0.015820
1866.184057   12.435240   0.016340
1866.193410   12.428770   0.016400
1866.202706   12.412300   0.017040
1866.212035   12.439110   0.017210
1866.221409   12.429660   0.017550
1866.230791   12.435730   0.017440
1866.240551   12.423130   0.017210
1866.250004   12.428180   0.017150
1866.259354   12.424920   0.017670
1867.193045   12.420820   0.011950
1867.202355   12.425730   0.012470
1867.211516   12.425650   0.012470
1867.220585   12.427440   0.013110
1867.230131   12.429500   0.013450
1867.239707   12.424170   0.013160
1867.249230   12.412810   0.013110
1867.258785   12.419850   0.013340
1867.268385   12.413430   0.013690
1867.277702   12.423120   0.013920
1867.287153   12.428520   0.013970
1867.296854   12.417480   0.014150
1867.306121   12.416220   0.014380
1867.315500   12.427170   0.014840
1867.325094   12.416690   0.014950
1867.334502   12.418210   0.015240
1867.344482   12.424360   0.015820
1867.354030   12.425610   0.015880
1867.363492   12.427850   0.017850
1867.372735   12.421130   0.016800
1867.382212   12.419460   0.016690
1867.391671   12.516990   0.019920
1867.401392   12.467540   0.017840
1867.410805   12.443290   0.017150
1867.420288   12.432530   0.020850
1867.429722   12.441160   0.022690
1867.439192   12.412390   0.020900
1867.448574   12.427090   0.023210
1867.456168   12.421270   0.020670
1867.463320   12.416690   0.021190
1867.469421   12.430180   0.021540
1867.473939   12.422060   0.017840
1867.478291   12.440310   0.016800
1867.481655   12.506360   0.017960
1867.484335   12.420940   0.018250
1867.486951   12.411510   0.017840
1867.488639   12.417330   0.018540
1867.490315   12.418990   0.019170
1867.492002   12.426230   0.018010
1867.493724   12.416310   0.017730
1868.197661   12.416200   0.021940
1868.207123   12.415580   0.021370
1868.216495   12.417810   0.027320
1868.225986   12.425510   0.025810
1868.235811   12.435650   0.029860
1868.245580   12.422940   0.028350
1868.255259   12.428480   0.029920
1868.264815   12.404140   0.029570
1868.274279   12.404710   0.034410
1868.283929   12.426590   0.029220
1868.293537   12.400110   0.045160
1868.303104   12.461310   0.047810
1868.312574   12.409050   0.048110
1868.322548   12.416170   0.034890
1868.332083   12.444190   0.033050
1868.341800   12.427490   0.034810
1868.351466   12.429710   0.042540
1868.360837   12.445980   0.044040
1868.370659   12.428930   0.040680
1868.380417   12.444950   0.042670
1868.390367   12.472940   0.041350
1868.399668   12.434480   0.041310
1868.419023   12.461700   0.039100
1868.428372   12.434110   0.039540
1868.437691   12.453700   0.042340
1868.446987   12.447240   0.039780
1868.454949   12.477440   0.044470
1868.461066   12.443220   0.042810
1868.467151   12.421470   0.043570
1868.471440   12.423130   0.049830
1868.475710   12.437680   0.054730
1868.479187   12.441300   0.056930
1868.481793   12.390310   0.051640
1868.484421   12.413900   0.053120
1868.486154   12.446200   0.049400
1868.487874   12.418850   0.050660
1868.489584   12.405520   0.049700
1868.491280   12.432220   0.054000
1868.552972   12.394500   0.084690
1868.562396   12.385120   0.074570
1868.581607   12.350200   0.109310
1868.591155   12.385710   0.119900
1869.239644   12.475690   0.059510
1869.249027   12.409830   0.066590
1869.258676   12.428500   0.070250
1869.268460   12.423720   0.082390
1869.278238   12.324850   0.088220
1869.287800   12.402780   0.090910
1869.297392   12.461200   0.095880
1869.307040   12.388960   0.098910
1869.326588   12.519430   0.124610
1870.219778   12.437140   0.014490
1870.229270   12.429660   0.015010
1870.238762   12.434850   0.016230
1870.248135   12.429090   0.015590
1870.257691   12.427220   0.017610
1870.267266   12.431640   0.016980
1870.276950   12.439390   0.017440
1870.286498   12.424790   0.017260
1870.295849   12.427910   0.016510
1870.305565   12.422170   0.017150
1870.315197   12.439940   0.019520
1870.325274   12.432780   0.020210
1870.335174   12.428310   0.018770
1870.344815   12.417660   0.016200
1870.354573   12.436300   0.022690
1870.364104   12.420670   0.030030
1870.373603   12.458050   0.028070
1870.383600   12.461620   0.033910
1870.393243   12.464740   0.039570
1870.402820   12.496600   0.055940
1870.412418   12.487090   0.050960
1870.421719   12.464580   0.050840
1870.431056   12.450570   0.054920
1870.440608   12.451000   0.043990
1870.448993   12.436720   0.039880
1870.456179   12.429650   0.038230
1870.461756   12.451600   0.048190
1870.466593   12.450660   0.056730
1870.470290   12.436090   0.048250
1870.474034   12.469180   0.056600
1870.476825   12.469530   0.059620
1870.478569   12.418910   0.058200
1870.480341   12.444690   0.054760
1870.482097   12.423450   0.057090
1870.483838   12.424720   0.062450
1870.485602   12.404210   0.057280
1871.136689   12.428140   0.017330
1871.146179   12.443450   0.016280
1871.155384   12.451990   0.016230
1871.164955   12.440320   0.018360
1871.174269   12.435280   0.017490
1871.183469   12.440200   0.018480
1871.192872   12.421960   0.017840
1871.202392   12.418920   0.018650
1871.211865   12.424280   0.021770
1871.221273   12.430580   0.021710
1871.230922   12.424310   0.019520
1871.240394   12.432310   0.019170
1871.250018   12.423280   0.020090
1871.259511   12.389450   0.018890
1871.269122   12.412210   0.019750
1871.278903   12.417050   0.018940
1871.288648   12.397230   0.020960
1871.298226   12.413790   0.020210
1871.307789   12.416810   0.021710
1871.317562   12.411670   0.021360
1871.327342   12.430450   0.022590
1871.337079   12.408170   0.024200
1871.346725   12.409440   0.025520
1871.356495   12.403420   0.025000
1871.366277   12.416560   0.027380
1871.375944   12.419960   0.026500
1871.385808   12.434660   0.030140
1871.395399   12.438050   0.031430
1871.404882   12.487970   0.036460
1871.414342   12.465400   0.034010
1871.423744   12.426410   0.032910
1871.433495   12.413170   0.033790
1871.442405   12.388050   0.030950
1871.449670   12.407190   0.033520
1871.455742   12.426290   0.034420
1871.461191   12.417620   0.035630
1871.465968   12.423740   0.034380
1871.469461   12.416610   0.034010
1871.472994   12.433000   0.033780
1871.476070   12.420180   0.032750
1871.477819   12.421280   0.033210
1871.479709   12.400080   0.032800
1871.481438   12.429220   0.032100
1871.550420   12.423960   0.036380
1871.559908   12.429960   0.037930
1871.569340   12.418230   0.040430
1871.578835   12.439430   0.041400
1871.588334   12.411500   0.047110
1871.597765   12.440050   0.058900
1871.607264   12.451780   0.063880
1871.616819   12.470000   0.075560
1871.626324   12.348480   0.088630
1872.324463   12.408350   0.019580
1872.334315   12.413980   0.020380
1872.344041   12.422290   0.020270
1872.353623   12.419630   0.019870
1872.363427   12.429990   0.019290
1872.373279   12.416610   0.018880
1872.383099   12.406650   0.019580
1872.392766   12.445140   0.019520
1872.402203   12.413570   0.020150
1872.412032   12.437930   0.021370
1872.421585   12.446040   0.021540
1872.431130   12.445080   0.022400
1872.439874   12.423660   0.022810
1872.447517   12.403350   0.022460
1872.454162   12.414680   0.023040
1872.459603   12.415500   0.025760
1872.463903   12.414310   0.025530
1872.467716   12.507950   0.026050
1872.470496   12.417210   0.025240
1872.473152   12.425290   0.025230
1872.474857   12.415400   0.025690
1872.476617   12.408410   0.026390
1872.478370   12.414160   0.026510
1872.480228   12.411490   0.025990
1872.541663   12.412470   0.032060
1872.550845   12.433840   0.032790
1872.560270   12.424140   0.033900
1872.569828   12.408950   0.036370
1872.579400   12.446600   0.038860
1872.588943   12.431870   0.043220
1872.598488   12.465570   0.050350
1872.608116   12.437850   0.055770
1872.617527   12.494740   0.068110
1872.627101   12.500280   0.083150
1872.636625   12.465350   0.097790
1872.646041   12.465420   0.125530
1873.229437   12.433390   0.021360
1873.238826   12.431980   0.023740
1873.248403   12.443160   0.022230
1873.258009   12.422210   0.022110
1873.267456   12.453990   0.023210
1873.276959   12.429830   0.022980
1873.286788   12.433460   0.023560
1873.296275   12.414560   0.024610
1873.305896   12.406070   0.026970
1873.315548   12.413030   0.026920
1873.325684   12.411480   0.027310
1873.335346   12.394820   0.030210
1873.344943   12.376770   0.030080
1873.354842   12.400130   0.028180
1873.364691   12.398080   0.032050
1873.374458   12.406750   0.030600
1873.383960   12.402250   0.027480
1873.393856   12.430420   0.028990
1873.403606   12.422800   0.030090
1873.413210   12.404310   0.034480
1873.422938   12.396260   0.033630
1873.432622   12.394070   0.029660
1873.441010   12.404430   0.027550
1873.447044   12.412890   0.026850
1873.453044   12.424330   0.027200
1873.457630   12.418530   0.028130
1873.462090   12.449420   0.028410
1873.465548   12.458420   0.029470
1873.468261   12.415400   0.028520
1873.470892   12.413410   0.032110
1873.472722   12.426350   0.029170
1873.474437   12.431370   0.029680
1873.476606   12.410850   0.042110
1873.539458   12.533970   0.110390
1873.548852   12.418060   0.087310
1873.558313   12.426530   0.069800
1873.567696   12.392660   0.068940
1873.577180   12.389170   0.078600
1873.586745   12.433410   0.064230
1873.596227   12.429360   0.083310
1873.605773   12.488520   0.089310
1873.615321   12.425000   0.079130
1873.624816   12.446790   0.085920
1874.032527   12.423640   0.014720
1874.041923   12.425070   0.015420
1874.051714   12.419450   0.015190
1874.061193   12.404430   0.014900
1874.070741   12.416870   0.016230
1874.080230   12.423760   0.016180
1874.089638   12.415680   0.015760
1874.098984   12.415260   0.016690
1874.108441   12.422240   0.015880
1874.117749   12.429680   0.017450
1874.127103   12.421950   0.017150
1874.136654   12.453060   0.017210
1874.145982   12.460950   0.017440
1874.155173   12.451490   0.018880
1874.164605   12.438300   0.020380
1874.174153   12.427200   0.024080
1874.183645   12.411620   0.030900
1874.193053   12.409000   0.040430
1874.202515   12.412350   0.042750
1874.212179   12.419860   0.049910
1874.222051   12.456900   0.040970
1874.593715   12.430160   0.078990
1874.603390   12.479020   0.073620
1874.613039   12.471290   0.089690
1876.992585   12.421610   0.016050
1877.002277   12.426220   0.016290
1877.012009   12.426170   0.017150
1877.021623   12.406790   0.016340
1877.031340   12.430820   0.018250
1877.041094   12.416030   0.017670
1877.050632   12.423130   0.015360
1877.060512   12.417390   0.016340
1877.070280   12.425030   0.017150
1877.080037   12.426180   0.017100
1877.089835   12.423760   0.016810
1877.099542   12.423610   0.017390
1877.109324   12.431560   0.020730
1877.119234   12.423600   0.020660
1877.128562   12.429080   0.019020
1877.137988   12.431270   0.018650
1877.147449   12.451520   0.022000
1877.157081   12.450490   0.020960
1877.166514   12.451220   0.019460
1877.175811   12.447560   0.018880
1877.185180   12.424230   0.020380
1877.194638   12.429630   0.019530
1877.204359   12.428910   0.018540
1877.213829   12.429260   0.018300
1877.223290   12.419750   0.019180
1877.232928   12.421290   0.019170
1877.242583   12.405950   0.020500
1877.252102   12.429690   0.021540
1877.261424   12.408240   0.021020
1877.271317   12.437030   0.019930
1877.280810   12.430360   0.017960
1877.290913   12.405160   0.019920
1877.300784   12.419540   0.023670
1877.310552   12.441370   0.020280
1877.320329   12.437290   0.022290
1877.330019   12.420710   0.020220
1877.339609   12.423130   0.017670
1877.349339   12.422190   0.020900
1877.359563   12.419250   0.018420
1877.369289   12.573420   0.022010
1877.379166   12.416720   0.020090
1877.389199   12.474730   0.022020
1877.398748   12.446780   0.024710
1877.408188   12.458050   0.024370
1877.417610   12.447350   0.022470
1877.426444   12.429470   0.019920
1877.433416   12.433980   0.022120
1877.439426   12.431490   0.024690
1877.444578   12.420010   0.024080
1877.449101   12.519620   0.022520
1877.452622   12.573560   0.028530
1877.456119   12.442840   0.021940
1877.458826   12.420610   0.021360
1877.460660   12.436210   0.022000
1877.462441   12.434310   0.022520
1877.464144   12.440760   0.022410
1877.465872   12.430940   0.023670
1877.528546   12.419660   0.027720
1877.538164   12.431270   0.028750
1877.547759   12.420410   0.030790
1877.557433   12.413610   0.032230
1877.566991   12.416120   0.031870
1877.956588   12.440180   0.025770
1877.966360   12.427180   0.023180
1877.975795   12.418920   0.017900
1877.985575   12.430740   0.015990
1877.995071   12.419480   0.015070
1878.004964   12.416590   0.014720
1878.014335   12.430880   0.015940
1878.023915   12.432310   0.013790
1878.033403   12.416600   0.014780
1878.042881   12.414190   0.014610
1878.052477   12.425130   0.016460
1878.062202   12.430740   0.016170
1878.072038   12.412000   0.016460
1878.081838   12.416680   0.016800
1878.091595   12.425230   0.015990
1878.101204   12.429410   0.016460
1878.111056   12.431680   0.017210
1878.120475   12.415030   0.017150
1878.129972   12.431430   0.018590
1878.139452   12.448340   0.022230
1878.148981   12.453880   0.036230
1878.158293   12.449230   0.032620
1878.167692   12.438600   0.019170
1878.177309   12.441710   0.018650
1878.186872   12.437530   0.024200
1878.196273   12.425720   0.023740
1878.206054   12.421620   0.026960
1878.215833   12.424760   0.029570
1878.225557   12.437150   0.030310
1878.235117   12.437960   0.024480
1878.244657   12.428750   0.024650
1878.254352   12.443380   0.027540
1878.263984   12.427940   0.029450
1878.273770   12.436810   0.030480
1878.283405   12.447420   0.031240
1878.293079   12.422350   0.030690
1878.302887   12.445120   0.037500
1878.312828   12.409850   0.039510
1878.322431   12.387660   0.038700
1878.332111   12.433960   0.041340
1878.342126   12.430520   0.029280
1878.351898   12.423990   0.032970
1878.361666   12.415350   0.030950
1878.371492   12.403150   0.032910
1878.381052   12.448250   0.033370
1878.390611   12.410240   0.027240
1878.400035   12.435630   0.033010
1878.409523   12.448720   0.031060
1878.419250   12.436820   0.034360
1878.427139   12.423290   0.035310
1878.434256   12.413480   0.031040
1878.439734   12.407710   0.036620
1878.444205   12.429180   0.028640
1878.448555   12.420860   0.028710
1878.452064   12.426330   0.035400
1878.454721   12.405130   0.033270
1878.457364   12.428020   0.035160
1878.459093   12.446540   0.034960
1878.460943   12.415020   0.034770
1878.463071   12.421180   0.048970
1878.523903   12.437200   0.037760
1878.533380   12.415580   0.035460
1878.542754   12.418750   0.035140
1878.552323   12.421420   0.037990
1878.561961   12.427640   0.042480
1878.571685   12.420350   0.059540
1878.581234   12.445970   0.056920
1878.590773   12.438460   0.058960
1878.600390   12.446450   0.076680
1878.885725   12.452820   0.050440
1878.896259   12.424110   0.038980
1878.907039   12.454140   0.035820
1878.917827   12.459180   0.033490
1878.928636   12.495480   0.035870
1878.939490   12.446840   0.030280
1878.950209   12.446020   0.025060
1878.960985   12.431260   0.023560
1878.971663   12.430340   0.021940
1878.982256   12.418810   0.023040
1878.992862   12.429190   0.021360
1879.003349   12.434690   0.023100
1879.014056   12.440150   0.023270
1879.024781   12.484930   0.024420
1879.035403   12.454200   0.027200
1879.046338   12.417630   0.026000
1879.056998   12.447460   0.027770
1879.067120   12.440070   0.028180
1879.077625   12.445620   0.027540
1879.087804   12.423330   0.028060
1879.097718   12.446020   0.030890
1879.108265   12.449540   0.034420
1879.118677   12.431500   0.035110
1879.128946   12.430360   0.029270
1879.138951   12.463120   0.033030
1879.148948   12.452030   0.038060
1879.158753   12.466360   0.039380
1879.168681   12.457920   0.039650
1879.178653   12.442120   0.042410
1879.188532   12.415420   0.043300
1879.198658   12.429190   0.042450
1879.208980   12.436830   0.045310
1879.219105   12.430030   0.044170
1879.229198   12.411040   0.044920
1879.239692   12.418160   0.044130
1879.249885   12.408370   0.043650
1879.259988   12.394040   0.041580
1879.270136   12.422840   0.040360
1879.279998   12.414850   0.032700
1879.290256   12.385190   0.041810
1879.300321   12.410800   0.039110
1879.310604   12.391930   0.041990
1879.321132   12.409200   0.039960
1879.331398   12.415950   0.039620
1879.341711   12.409180   0.042460
1879.352168   12.446350   0.041340
1879.362239   12.405400   0.042810
1879.372581   12.416870   0.039840
1879.383093   12.417230   0.025400
1879.393142   12.415170   0.045650
1879.403333   12.418120   0.046030
1879.413718   12.433720   0.047170
1879.422210   12.447410   0.046960
1879.430290   12.408570   0.050870
1879.436891   12.429690   0.051220
1879.441492   12.415840   0.048270
1879.445571   12.381910   0.050940
1879.449457   12.424840   0.056820
1879.452342   12.459800   0.042470
1879.454194   12.406720   0.051640
1879.456055   12.407830   0.046740
1879.457932   12.415720   0.055730
1879.460282   12.444610   0.076360
1879.524043   12.451730   0.070580
1879.534146   12.410690   0.070940
1879.544253   12.444700   0.073450
1879.554321   12.387050   0.044700
1879.564508   12.394060   0.077530
1879.574677   12.384410   0.075180
1879.584814   12.478000   0.084230
1879.594935   12.411370   0.081710
1879.605121   12.440540   0.089750
1879.615186   12.482250   0.096770
1879.625350   12.491840   0.107480
1879.885631   12.428480   0.058180
1879.895153   12.418380   0.044520
1879.904711   12.446190   0.039040
1879.914664   12.448820   0.030430
1879.924232   12.525000   0.026490
1879.933937   12.434220   0.020560
1879.943742   12.424070   0.018130
1879.953255   12.423000   0.016110
1879.962965   12.420690   0.015360
1879.972299   12.429910   0.015240
1879.982133   12.430620   0.015820
1879.991480   12.441990   0.016740
1880.001350   12.442100   0.016690
1880.010995   12.424540   0.019350
1880.020489   12.530590   0.020320
1880.030167   12.416460   0.019580
1880.040004   12.420210   0.018360
1880.050020   12.408660   0.019060
1880.059700   12.401750   0.019800
1880.069635   12.403270   0.020050
1880.079469   12.430130   0.021310
1880.089000   12.418040   0.019810
1880.098524   12.431080   0.021020
1880.108072   12.435910   0.022640
1880.117530   12.439910   0.019920
1880.127140   12.421310   0.021360
1880.200091   12.412840   0.022990
1880.209735   12.403590   0.024950
1880.219431   12.422110   0.024240
1880.229324   12.436690   0.021480
1880.238989   12.447790   0.020960
1880.248836   12.436360   0.020730
1880.258298   12.447390   0.021300
1880.267686   12.443630   0.023680
1880.277275   12.448320   0.023330
1880.286928   12.431530   0.027310
1880.306613   12.426760   0.022980
1880.369120   12.441910   0.021540
1880.684731   12.430570   0.068730
1880.693935   12.390170   0.067330
1880.703424   12.460200   0.082930
1880.712965   12.397780   0.090420
1880.722745   12.375290   0.098580
1880.732752   12.498770   0.127740
1880.967707   12.406270   0.025110
1880.977730   12.417750   0.024950
1880.987626   12.420610   0.020210
1880.997175   12.419100   0.019110
1881.007352   12.439090   0.019920
1881.017262   12.425690   0.020220
1881.027023   12.436610   0.021070
1881.036583   12.427040   0.021080
1881.046307   12.422380   0.021950
1881.055914   12.446960   0.024880
1881.065565   12.431950   0.023270
1881.075352   12.401280   0.025120
1881.085120   12.431090   0.023830
1881.094964   12.435060   0.022920
1881.104801   12.427350   0.019820
1881.114937   12.441800   0.027720
1881.124474   12.431810   0.025060
1881.134326   12.439710   0.026270
1881.143810   12.438190   0.019920
1881.153419   12.468690   0.026510
1881.163015   12.452410   0.023560
1881.171357   12.452640   0.019750
1881.180981   12.448890   0.021080
1881.190627   12.423630   0.017610
1881.200550   12.434780   0.018940
1881.210473   12.416370   0.020850
1881.220305   12.411930   0.021770
1881.230199   12.429070   0.022700
1881.239668   12.435930   0.022810
1881.249328   12.441350   0.022410
1881.258917   12.430420   0.022240
1881.268352   12.413280   0.023040
1881.278189   12.417770   0.022930
1881.288137   12.453330   0.023850
1881.297680   12.415340   0.023560
1881.307337   12.424610   0.024890
1881.317394   12.442530   0.025580
1881.327336   12.436930   0.026160
1881.337373   12.437850   0.026210
1881.347129   12.433900   0.025810
1881.357110   12.420000   0.027770
1881.366722   12.444520   0.027720
1881.376276   12.411500   0.028010
1881.386104   12.445860   0.029470
1881.395996   12.471480   0.029330
1881.405772   12.473490   0.030550
1881.414838   12.436280   0.030670
1881.422098   12.448070   0.032750
1881.428287   12.450360   0.031530
1881.433496   12.405180   0.031350
1881.437835   12.472880   0.032500
1881.441542   12.454510   0.033720
1881.445078   12.473840   0.034310
1881.447777   12.431880   0.032280
1881.449541   12.418660   0.032340
1881.451276   12.394540   0.033510
1881.453055   12.418110   0.033580
1881.455245   12.414790   0.046360
1881.512259   12.428940   0.034390
1881.522032   12.412250   0.039270
1881.531584   12.417170   0.037780
1881.541053   12.412710   0.039260
1881.550943   12.397300   0.039090
1881.560601   12.411680   0.039210
1881.570473   12.426120   0.039920
1881.580253   12.464440   0.047200
1881.589860   12.452530   0.042360
1881.599577   12.459210   0.049490
1881.609472   12.441920   0.043900
1881.619114   12.451910   0.054320
1881.628942   12.415010   0.058620
1881.638590   12.434680   0.059810
1881.648351   12.447980   0.068420
1881.787777   12.447860   0.122490
1881.807277   12.409520   0.106010
1881.816745   12.534830   0.092470
1881.826319   12.417360   0.076230
1881.835921   12.434840   0.064970
1881.845731   12.392480   0.051350
1881.855252   12.427170   0.044590
1881.864967   12.413260   0.040140
1881.874874   12.396660   0.033370
1881.884546   12.439990   0.030370
1881.894462   12.442350   0.026800
1881.904494   12.433320   0.022860
1881.914271   12.433430   0.022180
1881.923884   12.463530   0.022580
1881.933466   12.431450   0.020840
1881.943231   12.433490   0.021530
1881.952875   12.422700   0.028810
1881.962633   12.414830   0.030830
1881.972149   12.434450   0.033890
1881.982098   12.406560   0.033550
1881.992169   12.435730   0.043160
1882.001889   12.467120   0.046200
1882.011594   12.393040   0.048160
1882.021627   12.425340   0.037590
1882.031644   12.434410   0.042040
1882.041324   12.428670   0.041470
1882.051198   12.415130   0.037390
1882.060871   12.461930   0.039880
1882.070527   12.488590   0.069450
1882.080330   12.426190   0.029510
1882.090096   12.428780   0.063410
1882.099569   12.379490   0.094360
1882.109365   12.435600   0.051020
1882.121972   12.440790   0.041610
1882.131558   12.427230   0.033150
1882.141120   12.441650   0.052570
1882.150540   12.458730   0.035220
1882.160119   12.435300   0.037650
1882.169652   12.460690   0.037440
1882.179008   12.462860   0.036440
1882.188466   12.421070   0.042970
1882.198063   12.397040   0.049610
1882.208031   12.401160   0.083330
1882.217722   12.436060   0.072070
1882.227231   12.435330   0.062030
1882.236839   12.429990   0.061840
1882.246327   12.467620   0.082410
1882.256107   12.465960   0.082290
1882.266006   12.425880   0.077490
1882.275585   12.451550   0.067900
1882.285301   12.418930   0.069120
1882.295361   12.433300   0.066110
1882.305067   12.466560   0.088820
1882.315073   12.376950   0.099200
1882.325032   12.393780   0.064970
1882.334886   12.417360   0.057930
1882.344919   12.386050   0.066540
1882.354771   12.426620   0.074910
1882.364587   12.400620   0.063820
1882.374737   12.433710   0.062160
1882.395041   12.414220   0.097470
1883.093660   12.407070   0.027890
1883.103366   12.429560   0.043480
1883.112818   12.426340   0.029140
1883.122237   12.406650   0.034140
1883.131900   12.444670   0.028470
1883.141295   12.461740   0.031360
1883.150882   12.435300   0.034370
1883.160374   12.468620   0.037550
1883.169871   12.457770   0.038550
1883.179271   12.445420   0.030540
1883.188727   12.436120   0.031460
1883.198404   12.442230   0.037370
1883.207904   12.460630   0.034990
1883.217549   12.429630   0.038170
1883.226897   12.455070   0.038570
1883.236210   12.444400   0.038810
1883.245790   12.441640   0.038130
1883.255334   12.454470   0.040490
1883.265175   12.445310   0.040530
1883.274780   12.461390   0.040710
1883.284849   12.422890   0.052600
1883.294394   12.409360   0.054810
1883.304305   12.461070   0.054400
1883.314080   12.378890   0.057650
1883.323720   12.442200   0.054440
1883.333437   12.455200   0.047250
1883.343435   12.436490   0.050000
1883.353548   12.460160   0.053660
1883.363493   12.448460   0.044810
1883.373027   12.433740   0.047460
1883.382657   12.428960   0.050520
1883.392439   12.473990   0.048160
1883.402040   12.450590   0.047930
1883.410061   12.406080   0.050540
1883.417485   12.461790   0.053530
1883.423677   12.451960   0.050580
1883.428949   12.446480   0.051150
1883.433300   12.395220   0.054780
1883.436812   12.354470   0.047230
1883.440325   12.392750   0.052940
1883.443180   12.421440   0.048590
1883.444926   12.430770   0.053210
1883.446707   12.443870   0.048620
1883.448508   12.417790   0.049420
1883.507335   12.409060   0.052960
1883.517022   12.417490   0.052830
1883.526655   12.427510   0.059990
1883.536232   12.398930   0.061550
1883.545818   12.388910   0.061980
1883.555341   12.366890   0.059310
1883.565051   12.414260   0.061300
1883.574608   12.407000   0.060530
1883.584302   12.420670   0.060800
1883.593915   12.405810   0.052960
1884.099534   12.458480   0.014430
1884.109140   12.441090   0.013800
1884.118686   12.437550   0.017040
1884.128292   12.442770   0.021310
1884.137551   12.464490   0.015950
1884.147279   12.462080   0.017840
1884.156774   12.453840   0.018540
1884.166197   12.475920   0.022260
1884.175960   12.452450   0.022540
1884.185414   12.471620   0.020170
1884.194977   12.443050   0.016400
1884.204574   12.441210   0.017670
1884.214174   12.432520   0.016600
1884.223839   12.427550   0.018440
1884.233272   12.436070   0.026450
1884.242628   12.447930   0.014780
1884.252195   12.430620   0.014320
1884.261682   12.437780   0.014720
1884.271201   12.433150   0.014440
1884.280876   12.428680   0.016170
1884.290846   12.423940   0.016860
1884.300573   12.435360   0.018900
1884.310420   12.421430   0.029080
1884.320206   12.420730   0.017440
1884.330156   12.424530   0.018880
1884.340081   12.434900   0.022590
1884.350052   12.409710   0.021830
1884.360119   12.429910   0.017840
1884.370060   12.427400   0.018020
1884.379738   12.414770   0.019570
1884.389528   12.441630   0.015530
1884.399065   12.445280   0.016460
1884.406881   12.443740   0.019350
1884.413865   12.458780   0.022690
1884.420368   12.479220   0.024870
1884.425635   12.442120   0.017330
1884.430150   12.415430   0.015530
1884.433678   12.528420   0.019000
1884.437202   12.408390   0.017030
1884.439908   12.410930   0.018070
1884.441669   12.407830   0.017790
1884.443407   12.420190   0.017670
1884.445186   12.427700   0.016800
1884.446926   12.432520   0.023020
1884.503638   12.395420   0.015990
1884.513187   12.405090   0.018960
1884.522993   12.408750   0.015880
1884.532900   12.413510   0.014670
1884.542819   12.394280   0.017900
1884.552706   12.412670   0.021700
1884.562458   12.403380   0.013340
1884.572213   12.409330   0.016800
1884.581820   12.405300   0.013740
1884.591479   12.400710   0.017850
1884.600983   12.404400   0.015770
1884.610820   12.412920   0.014960
1884.886961   12.452800   0.039320
1884.896459   12.424250   0.039660
1884.906042   12.459260   0.037940
1884.915643   12.430340   0.045900
1884.925737   12.453170   0.033450
1884.935570   12.455920   0.048010
1884.945448   12.396110   0.039470
1884.954875   12.416920   0.040980
1884.964329   12.422470   0.040430
1884.974229   12.413270   0.048050
1884.983546   12.401130   0.047540
1884.993441   12.447960   0.043240
1885.003341   12.391760   0.040990
1885.013229   12.434530   0.047780
1885.022911   12.416560   0.048010
1885.032502   12.457150   0.052530
1885.042137   12.460990   0.052770
1885.052183   12.429330   0.054190
1885.061957   12.498580   0.063380
1885.071678   12.430830   0.061260
1885.081285   12.444810   0.069600
1885.090973   12.421210   0.062520
1885.100847   12.413480   0.064410
1885.278794   12.414260   0.035280
1885.288696   12.428320   0.045070
1885.298475   12.419020   0.038280
1885.308250   12.408850   0.036950
1885.318087   12.407930   0.037650
1885.328301   12.408590   0.046200
1885.338173   12.472970   0.066740
1885.347960   12.485330   0.057360
1885.357853   12.405560   0.061670
1885.367578   12.434830   0.061620
1885.377344   12.440940   0.074750
1885.386938   12.390000   0.077400
1885.396599   12.489960   0.064610
1885.404395   12.435400   0.057010
1885.411445   12.422640   0.066200
1885.417511   12.437140   0.068620
1885.422892   12.483420   0.070430
1885.427461   12.454260   0.066790
1885.430989   12.467390   0.056140
1885.434637   12.433050   0.061320
1885.437356   12.415850   0.060680
1885.439093   12.434740   0.060840
1885.440855   12.447430   0.061430
1885.442624   12.431540   0.059080
1885.444416   12.428310   0.057050
1885.502228   12.391150   0.065850
1885.511985   12.438080   0.082570
1885.521821   12.392690   0.064740
1885.531512   12.422480   0.064550
1885.541243   12.406810   0.067040
1885.551133   12.416630   0.057810
1885.560860   12.380510   0.056480
1885.570601   12.416890   0.057160
1885.580236   12.351390   0.064610
1885.590133   12.439640   0.049650
1886.072366   12.438970   0.012990
1886.082057   12.427810   0.014320
1886.091456   12.435740   0.014670
1886.101064   12.438300   0.015360
1886.110701   12.433010   0.014610
1886.120214   12.434630   0.014900
1886.129544   12.431190   0.015650
1886.138882   12.453360   0.016050
1886.148233   12.461970   0.015880
1886.157943   12.460260   0.016460
1886.167550   12.446910   0.018720
1886.177101   12.449770   0.018880
1886.186997   12.415030   0.019750
1886.196609   12.439260   0.020670
1886.206153   12.447210   0.023800
1886.215757   12.440280   0.025060
1886.225422   12.427430   0.032280
1886.234829   12.431910   0.033390
1886.244630   12.429270   0.031640
1886.254426   12.437410   0.023920
1886.263771   12.421940   0.019280
1886.273578   12.418360   0.033210
1886.283270   12.412730   0.018940
1886.293134   12.413700   0.019980
1886.303115   12.430530   0.022980
1886.312914   12.410580   0.020610
1886.322818   12.422350   0.021650
1886.332859   12.418390   0.021940
1886.342543   12.419450   0.020620
1886.352534   12.397980   0.020620
1886.362281   12.422740   0.022810
1886.372003   12.414790   0.023910
1886.381496   12.404840   0.024480
1886.391198   12.423730   0.026740
1886.399994   12.462500   0.027080
1886.408171   12.439890   0.027600
1886.414363   12.449210   0.033130
1886.419581   12.432080   0.033850
1886.423873   12.446880   0.030540
1886.427459   12.511300   0.031130
1886.431086   12.448670   0.030640
1886.433748   12.428280   0.033310
1886.435540   12.422450   0.037430
1886.437293   12.426800   0.033490
1886.439058   12.419030   0.032110
1886.441348   12.425720   0.066090
