1863.169882   14.461400   0.098790
1863.179028   14.485370   0.103790
1863.188111   14.510840   0.117600
1863.197263   14.444410   0.102380
1863.206453   14.403840   0.101640
1863.215516   14.488950   0.125340
1863.224486   14.489650   0.121670
1863.233708   14.572050   0.128650
1863.243026   14.391390   0.122000
1863.252052   14.511340   0.124560
1863.260978   14.464480   0.117190
1863.270074   14.430360   0.121900
1863.279229   14.435920   0.113980
1863.288341   14.441770   0.110300
1863.297662   14.467950   0.107660
1863.306748   14.458020   0.111580
1863.315898   14.439960   0.118800
1863.325261   14.468870   0.116890
1863.334632   14.491890   0.119570
1863.344416   14.430360   0.115590
1863.353962   14.489330   0.117560
1863.363511   14.466380   0.107970
1863.372640   14.464100   0.100150
1863.381795   14.440210   0.089500
1863.391577   14.420470   0.100800
1863.400670   14.431300   0.107880
1863.410157   14.483460   0.112490
1863.419415   14.460050   0.109990
1863.428728   14.506090   0.119580
1863.438171   14.445290   0.122170
1863.447801   14.428160   0.104760
1864.122118   14.431160   0.080260
1864.131216   14.402410   0.101400
1864.140349   14.442470   0.098060
1864.149328   14.360120   0.089790
1864.158727   14.390560   0.083840
1864.168077   14.504400   0.114230
1864.177441   14.484640   0.106590
1864.186471   14.430700   0.081130
1864.195786   14.423830   0.107080
1864.204761   14.415520   0.094410
1864.213956   14.460620   0.094410
1864.223275   14.465390   0.089430
1864.232312   14.456700   0.105020
1864.241734   14.428870   0.106700
1864.250994   14.478200   0.086370
1864.260292   14.470350   0.104060
1864.269452   14.432970   0.094290
1864.278712   14.454780   0.108670
1864.288040   14.571230   0.115940
1864.297228   14.489660   0.108350
1864.306786   14.457790   0.110870
1864.315982   14.451310   0.110230
1864.325240   14.485420   0.108430
1864.334830   14.425330   0.103300
1864.344376   14.417040   0.075300
1864.353476   14.492930   0.075500
1864.391386   14.399110   0.120270
1864.410930   14.357680   0.072000
1865.081649   14.488520   0.113300
1865.090914   14.433490   0.118190
1865.103000   14.392560   0.112500
1865.112265   14.541190   0.116070
1865.180915   14.457780   0.083110
1865.189934   14.469650   0.067170
1865.199137   14.551640   0.088080
1865.208040   14.497450   0.068220
1865.217207   14.448570   0.099780
1865.226382   14.452870   0.094390
1865.235932   14.454940   0.099970
1865.245886   14.469280   0.104640
1865.255783   14.371790   0.100280
1865.265750   14.420290   0.121830
1865.275774   14.373680   0.111360
1865.285892   14.341020   0.094420
1865.295973   14.450380   0.112610
1865.306185   14.459100   0.110300
1865.316145   14.409830   0.104080
1865.326150   14.507920   0.118940
1865.336200   14.373610   0.103810
1865.346577   14.535650   0.126110
1865.356675   14.509530   0.119950
1865.366583   14.527100   0.104410
1865.376904   14.313840   0.116940
1865.387088   14.543810   0.134660
1865.397153   14.447210   0.098470
1865.407148   14.478490   0.103680
1865.417333   14.501500   0.125650
1865.427477   14.334770   0.067900
1865.437516   14.518570   0.073000
1866.165339   14.430060   0.074850
1866.174723   14.447560   0.074680
1866.184057   14.409770   0.072420
1866.193410   14.442100   0.075890
1866.202706   14.449920   0.077890
1866.212035   14.460570   0.081120
1866.221409   14.450540   0.080090
1866.230791   14.425110   0.081370
1866.240551   14.432540   0.080790
1866.250004   14.426300   0.077800
1866.259354   14.451930   0.083050
1867.193045   14.437630   0.053130
1867.202355   14.432560   0.058230
1867.211516   14.472750   0.059650
1867.220585   14.445650   0.060660
1867.230131   14.463160   0.064050
1867.239707   14.474030   0.062830
1867.249230   14.489400   0.060670
1867.258785   14.454250   0.062660
1867.268385   14.399980   0.062750
1867.277702   14.402430   0.063120
1867.287153   14.476410   0.065370
1867.296854   14.453520   0.068430
1867.306121   14.435480   0.066740
1867.315500   14.491220   0.070280
1867.325094   14.456600   0.068020
1867.334502   14.510440   0.074320
1867.344482   14.511960   0.075300
1867.354030   14.438800   0.075080
1867.363492   14.440060   0.083740
1867.372735   14.442650   0.076070
1867.382212   14.403860   0.076640
1867.391671   14.472090   0.084180
1867.401392   14.469840   0.082030
1867.410805   14.408820   0.079640
1867.420288   14.418890   0.095600
1867.429722   14.469450   0.105670
1867.439192   14.470960   0.098960
1867.448574   14.436440   0.111270
1867.456168   14.456520   0.094770
1867.463320   14.477430   0.098170
1867.469421   14.492590   0.102250
1867.473939   14.454480   0.082790
1867.478291   14.444870   0.077920
1867.481655   14.449610   0.080650
1867.484335   14.469530   0.088010
1867.486951   14.439220   0.086370
1867.488639   14.492760   0.087820
1867.490315   14.445110   0.092390
1867.492002   14.481550   0.091030
1867.493724   14.469420   0.087560
1868.197661   14.471650   0.096550
1868.207123   14.423220   0.099090
1868.216418   14.459620   0.092040
1868.225986   14.421170   0.113750
1868.235964   14.587640   0.071900
1868.245580   14.453040   0.122750
1868.255259   14.423850   0.122690
1868.264815   14.349000   0.101480
1868.274279   14.377200   0.126700
1868.283929   14.365490   0.124060
1868.322394   14.360200   0.082400
1868.332083   14.437300   0.131530
1870.219778   14.433410   0.066760
1870.229270   14.421500   0.067140
1870.238762   14.433300   0.072870
1870.248135   14.437330   0.071120
1870.257691   14.396480   0.076470
1870.267266   14.410840   0.075510
1870.276950   14.444920   0.076910
1870.286498   14.443660   0.081990
1870.295849   14.458930   0.074640
1870.305565   14.490060   0.077800
1870.315197   14.492720   0.087880
1870.325274   14.434050   0.090030
1870.335174   14.467600   0.092270
1870.344892   14.470450   0.089910
1870.354573   14.513940   0.103850
1870.364180   14.421180   0.101140
1870.373603   14.496970   0.126930
1870.383600   14.418670   0.075300
1871.136689   14.498520   0.081020
1871.146179   14.470110   0.076220
1871.155384   14.473120   0.077870
1871.164955   14.429230   0.082690
1871.174269   14.522440   0.081770
1871.183469   14.481440   0.087090
1871.192872   14.427170   0.080440
1871.202392   14.471980   0.085470
1871.211865   14.399610   0.093980
1871.221273   14.400360   0.093920
1871.230922   14.491430   0.091400
1871.240394   14.440870   0.083050
1871.250094   14.473300   0.074390
1871.259511   14.460240   0.084430
1871.269122   14.395310   0.085410
1871.278903   14.411830   0.087890
1871.288648   14.448260   0.093890
1871.298226   14.511710   0.093560
1871.307789   14.479890   0.099460
1871.317562   14.437340   0.097710
1871.327342   14.475090   0.100080
1871.337079   14.411880   0.107770
1871.346725   14.440160   0.110910
1871.356495   14.428710   0.109130
1871.366277   14.463780   0.120400
1871.375944   14.467710   0.119990
1871.385808   14.377510   0.119350
1871.395399   14.398240   0.124630
1871.442251   14.383280   0.079400
1871.455742   14.481030   0.084600
1871.479862   14.406510   0.076000
1872.324463   14.469040   0.088890
1872.334315   14.412670   0.088770
1872.344041   14.449740   0.086750
1872.353623   14.459270   0.091770
1872.363427   14.434010   0.088220
1872.373279   14.476100   0.083400
1872.383099   14.460260   0.089500
1872.392766   14.423690   0.085740
1872.402203   14.472220   0.087230
1872.412032   14.407760   0.088890
1872.421585   14.487520   0.097420
1872.431130   14.545560   0.107880
1872.439874   14.478930   0.100850
1872.447517   14.541100   0.104600
1872.454162   14.424320   0.095890
1872.459603   14.528220   0.114470
1872.463903   14.443480   0.117570
1872.467716   14.528990   0.116820
1872.470496   14.550490   0.112040
1872.473152   14.535880   0.120430
1872.474857   14.542080   0.116950
1872.476617   14.502950   0.123960
1872.478370   14.464700   0.119380
1872.480228   14.532310   0.119500
1873.229437   14.474230   0.096610
1873.238826   14.569200   0.108770
1873.248403   14.496040   0.102340
1873.258009   14.439040   0.101530
1873.267456   14.362070   0.103650
1873.276959   14.384520   0.104460
1873.286788   14.427770   0.107950
1873.296275   14.406520   0.106420
1873.305896   14.384250   0.107050
1873.315548   14.416520   0.113950
1873.325684   14.516210   0.095610
1873.335193   14.524260   0.064900
1873.345096   14.514050   0.070600
1873.354765   14.550880   0.097870
1873.364691   14.491440   0.068700
1873.374458   14.337180   0.092530
1873.383960   14.359480   0.109130
1873.393933   14.384750   0.097160
1873.403606   14.584770   0.123570
1873.432622   14.432920   0.127480
1873.441010   14.464590   0.127690
1873.447044   14.491860   0.121040
1873.453044   14.420770   0.119920
1873.457630   14.446530   0.122960
1873.462090   14.491880   0.126460
1873.465548   14.449250   0.128350
1873.468261   14.463560   0.129410
1873.470816   14.443550   0.110880
1873.472721   14.523270   0.108970
1873.474437   14.490800   0.130210
1873.477038   14.458020   0.128730
1874.032527   14.442370   0.071240
1874.041923   14.451860   0.069760
1874.051714   14.391170   0.067850
1874.061193   14.385300   0.070030
1874.070741   14.397490   0.074930
1874.080230   14.387080   0.074750
1874.089638   14.438790   0.071630
1874.098984   14.418510   0.080090
1874.108441   14.438970   0.076910
1874.117749   14.497120   0.083120
1874.127103   14.508010   0.081240
1874.136654   14.443040   0.079210
1874.145982   14.424460   0.080840
1874.155173   14.478660   0.084460
1874.164605   14.490010   0.098670
1874.174153   14.396430   0.109000
1874.183645   14.378990   0.069600
1876.992585   14.410340   0.073540
1877.002277   14.464280   0.078620
1877.012009   14.453900   0.079230
1877.021623   14.440710   0.078750
1877.031340   14.336770   0.082140
1877.041094   14.414760   0.080290
1877.050632   14.413210   0.072780
1877.060512   14.459640   0.077010
1877.070280   14.464550   0.076630
1877.080037   14.521770   0.082840
1877.089835   14.447070   0.079520
1877.099542   14.457120   0.083570
1877.109324   14.450190   0.095510
1877.119234   14.364190   0.088920
1877.128562   14.490200   0.091010
1877.137988   14.462110   0.085720
1877.147449   14.484130   0.098700
1877.157081   14.509160   0.099210
1877.166514   14.444380   0.088910
1877.175811   14.462480   0.087760
1877.185180   14.463420   0.094130
1877.194638   14.376340   0.086730
1877.204359   14.449340   0.087480
1877.213829   14.457190   0.083720
1877.223290   14.388420   0.085490
1877.232928   14.451190   0.088620
1877.242583   14.443500   0.096020
1877.252102   14.455210   0.094590
1877.261424   14.485220   0.082590
1877.271317   14.511750   0.091410
1877.280810   14.434620   0.083650
1877.290913   14.433040   0.091220
1877.300784   14.475310   0.098690
1877.310552   14.460660   0.096200
1877.320329   14.440150   0.096180
1877.330019   14.461830   0.091010
1877.339609   14.452230   0.083420
1877.349339   14.389820   0.088400
1877.359563   14.449820   0.085360
1877.369289   14.444320   0.094040
1877.379166   14.367880   0.085970
1877.389199   14.428840   0.097640
1877.398748   14.515100   0.108490
1877.408188   14.457040   0.105830
1877.417610   14.487070   0.107740
1877.426444   14.469240   0.095900
1877.433416   14.426040   0.099110
1877.439426   14.462770   0.110580
1877.444578   14.393070   0.110670
1877.449101   14.429360   0.099890
1877.452622   14.436170   0.091940
1877.456119   14.407880   0.095860
1877.458826   14.495760   0.107900
1877.460660   14.486820   0.104360
1877.462441   14.467720   0.112020
1877.464144   14.485710   0.102270
1877.465872   14.500550   0.103220
1877.528546   14.485140   0.123050
1877.538088   14.500980   0.112440
1877.547913   14.399770   0.081700
1877.956588   14.438320   0.113650
1877.966360   14.485380   0.110360
1877.975795   14.467400   0.084570
1877.985575   14.459970   0.068760
1877.995071   14.465800   0.072860
1878.004964   14.503160   0.071670
1878.014335   14.452890   0.077420
1878.023915   14.469510   0.061820
1878.033403   14.461710   0.067140
1878.042881   14.460870   0.067980
1878.052477   14.446420   0.073200
1878.062202   14.472190   0.077280
1878.072038   14.443450   0.078030
1878.081838   14.428860   0.079190
1878.091595   14.467730   0.073890
1878.101204   14.434870   0.075150
1878.111056   14.427140   0.075090
1878.120475   14.523580   0.084560
1878.129972   14.416150   0.089530
1878.139452   14.424870   0.090730
1878.158293   14.528020   0.133670
1878.167692   14.485740   0.085950
1878.177309   14.422370   0.079980
1878.186872   14.505660   0.105190
1878.196273   14.502190   0.107950
1878.206054   14.457660   0.114010
1878.215833   14.488820   0.102480
1878.225557   14.362840   0.122590
1878.235117   14.497830   0.106810
1878.244657   14.461540   0.106770
1878.254352   14.412520   0.113160
1878.263984   14.550590   0.129410
1878.273770   14.432160   0.123890
1878.283405   14.407360   0.106280
1878.293003   14.424530   0.107410
1878.342049   14.339290   0.074200
1878.351898   14.430430   0.130800
1878.361666   14.592880   0.131430
1878.371492   14.442740   0.072600
1878.390765   14.426010   0.073300
1878.409676   14.516780   0.073600
1878.454568   14.497130   0.084000
1878.939490   14.455940   0.074000
1878.950209   14.463560   0.111680
1878.960985   14.413900   0.109530
1878.971663   14.461990   0.104540
1878.982256   14.431230   0.101420
1878.992862   14.425630   0.098790
1879.003349   14.476180   0.105950
1879.014056   14.435570   0.105650
1879.024781   14.531350   0.106110
1879.035403   14.454900   0.115960
1879.046338   14.397980   0.114250
1879.056998   14.437950   0.118540
1879.067120   14.467500   0.119640
1879.077625   14.501130   0.124770
1879.087804   14.437280   0.115750
1879.097718   14.373320   0.106420
1879.108112   14.321470   0.073200
1879.139027   14.461460   0.111410
1879.924232   14.647670   0.118680
1879.933937   14.529430   0.105550
1879.943742   14.476920   0.086950
1879.953255   14.446000   0.080750
1879.962965   14.444180   0.072880
1879.972299   14.452490   0.069370
1879.982133   14.438530   0.073240
1879.991480   14.447320   0.076940
1880.001350   14.454510   0.080770
1880.010995   14.467440   0.088180
1880.020489   14.464990   0.091370
1880.030167   14.506750   0.092120
1880.040004   14.531010   0.087820
1880.050020   14.427230   0.070470
1880.059700   14.442560   0.090080
1880.069635   14.531670   0.095340
1880.079469   14.401090   0.093950
1880.089000   14.489130   0.096520
1880.098524   14.547410   0.104560
1880.108072   14.410860   0.102640
1880.117530   14.454990   0.094970
1880.127140   14.475370   0.101080
1880.200091   14.403010   0.103670
1880.209735   14.583980   0.117470
1880.219431   14.415500   0.109760
1880.229324   14.418140   0.098100
1880.238989   14.408550   0.097370
1880.248836   14.492020   0.102270
1880.258298   14.468940   0.103620
1880.267686   14.438550   0.108080
1880.277275   14.451630   0.106550
1880.286928   14.387040   0.114350
1880.306613   14.501570   0.104670
1880.369120   14.431720   0.100700
1880.977577   14.652350   0.058400
1880.987626   14.457250   0.095670
1880.997175   14.476660   0.095060
1881.007352   14.413490   0.093490
1881.017262   14.410030   0.095480
1881.027023   14.435040   0.099690
1881.036583   14.427410   0.098110
1881.046307   14.513350   0.106250
1881.055914   14.454000   0.111300
1881.065488   14.454850   0.087750
1881.075352   14.558900   0.116360
1881.085196   14.515460   0.090090
1881.094964   14.429000   0.107150
1881.104801   14.443540   0.096470
1881.124627   14.507520   0.065700
1881.134326   14.435380   0.112170
1881.143810   14.436450   0.086980
1881.153419   14.511780   0.117420
1881.163015   14.523790   0.110560
1881.171357   14.472360   0.091350
1881.180981   14.446580   0.096110
1881.190627   14.381690   0.078670
1881.200550   14.386850   0.086030
1881.210473   14.430830   0.098320
1881.220305   14.398150   0.097060
1881.230199   14.457200   0.095620
1881.239668   14.387140   0.101280
1881.249328   14.444950   0.100180
1881.258917   14.441670   0.101050
1881.268352   14.464760   0.109590
1881.278189   14.486570   0.107410
1881.288137   14.443620   0.103500
1881.297680   14.452270   0.111010
1881.307337   14.411760   0.107140
1881.317394   14.491610   0.113050
1881.327336   14.373840   0.117740
1881.337373   14.411080   0.114620
1881.347129   14.404100   0.116750
1881.357110   14.445860   0.116040
1881.366722   14.451870   0.121930
1881.376276   14.496300   0.123610
1881.386104   14.421930   0.135940
1881.395996   14.405130   0.123760
1881.405619   14.468520   0.075100
1881.414838   14.414010   0.127160
1881.422022   14.461080   0.109500
1881.428364   14.430420   0.105360
1881.433496   14.458200   0.080900
1881.437835   14.352790   0.076600
1881.441619   14.335680   0.106660
1881.455536   14.410480   0.077000
1881.884700   14.479320   0.078000
1881.894462   14.505220   0.125990
1881.904494   14.506850   0.105190
1881.914271   14.465920   0.101520
1881.923884   14.404210   0.106240
1881.933466   14.457400   0.095590
1881.943231   14.431970   0.104180
1881.952875   14.449360   0.121430
1881.962480   14.440110   0.074100
1882.080330   14.532100   0.101950
1883.093660   14.411740   0.068600
1883.112741   14.583480   0.100700
1883.131977   14.424330   0.098090
1883.179194   14.461460   0.112180
1883.188727   14.441470   0.125610
1884.099534   14.486010   0.074470
1884.109140   14.422760   0.065390
1884.118686   14.445000   0.089950
1884.128292   14.530360   0.096250
1884.137551   14.435630   0.080660
1884.147279   14.409610   0.088150
1884.156774   14.458730   0.093830
1884.166197   14.516910   0.078570
1884.175960   14.507880   0.112050
1884.185414   14.534910   0.101800
1884.194977   14.431050   0.083660
1884.204574   14.509910   0.090330
1884.214174   14.433530   0.078110
1884.223839   14.440500   0.086530
1884.233425   14.470300   0.066100
1884.242628   14.445180   0.071740
1884.252195   14.439630   0.071140
1884.261682   14.485600   0.074940
1884.271201   14.394830   0.073170
1884.280876   14.434670   0.079150
1884.290846   14.456490   0.082940
1884.300573   14.431940   0.094570
1884.310266   14.392360   0.060900
1884.320206   14.434670   0.089370
1884.330156   14.393500   0.089730
1884.340081   14.438620   0.106530
1884.350052   14.457740   0.101100
1884.360119   14.471290   0.093370
1884.370060   14.453280   0.084520
1884.379738   14.420450   0.092780
1884.389528   14.431110   0.074610
1884.399065   14.456570   0.078530
1884.406881   14.467760   0.096200
1884.413865   14.469990   0.107970
1884.420522   14.490840   0.056400
1884.425635   14.445330   0.089290
1884.430150   14.414480   0.075650
1884.433678   14.437770   0.088400
1884.437202   14.467760   0.087760
1884.439908   14.474780   0.090970
1884.441669   14.422910   0.087700
1884.443407   14.376680   0.082870
1884.445186   14.421530   0.079470
1884.447003   14.450420   0.084650
1884.503638   14.445730   0.076430
1884.513187   14.443920   0.093160
1884.522993   14.466350   0.079970
1884.532900   14.438650   0.068170
1884.542819   14.474070   0.090490
1884.552782   14.431030   0.045300
1884.562458   14.456550   0.065990
1884.572213   14.464680   0.083900
1884.581820   14.438880   0.063680
1884.591479   14.503020   0.091650
1884.600983   14.425350   0.076800
1884.610820   14.486980   0.075110
1886.072366   14.442310   0.064290
1886.082057   14.428340   0.066950
1886.091456   14.456880   0.070680
1886.101064   14.458130   0.072520
1886.110701   14.448140   0.071690
1886.120214   14.471020   0.073150
1886.129544   14.467770   0.077930
1886.138882   14.448870   0.076300
1886.148233   14.411510   0.076350
1886.157943   14.450270   0.079860
1886.167550   14.422420   0.087620
1886.177101   14.444180   0.087760
1886.186997   14.413610   0.092900
1886.196609   14.488920   0.101500
1886.206153   14.499480   0.110350
1886.215757   14.417700   0.112640
1886.254426   14.438300   0.113060
1886.263771   14.392580   0.093560
1886.283270   14.373970   0.090470
1886.293134   14.336050   0.091120
1886.303115   14.489680   0.110870
1886.312914   14.463450   0.101180
1886.322818   14.464180   0.104830
1886.332859   14.433120   0.100410
1886.342543   14.408840   0.100850
1886.352534   14.494180   0.100800
1886.362281   14.442700   0.108640
1886.372003   14.426460   0.109820
1886.381496   14.440550   0.115440
1886.391122   14.498400   0.104140
1886.399994   14.537450   0.126330
1886.408171   14.462270   0.121710
1886.430933   14.430720   0.077400
