1863.169882   13.388130   0.041120
1863.179028   13.408400   0.048100
1863.188111   13.442880   0.053120
1863.197263   13.376880   0.048390
1863.206453   13.388130   0.046020
1863.215516   13.385520   0.057890
1863.224486   13.395270   0.056630
1863.233708   13.385340   0.058510
1863.243026   13.407410   0.063860
1863.252052   13.362020   0.054000
1863.260978   13.408070   0.049600
1863.270074   13.417980   0.057140
1863.279229   13.373960   0.052950
1863.288341   13.386900   0.048820
1863.297662   13.346450   0.046450
1863.306748   13.386740   0.053960
1863.315898   13.409430   0.052940
1863.325261   13.421750   0.053430
1863.334632   13.385320   0.052140
1863.344416   13.411960   0.052660
1863.353962   13.382700   0.055550
1863.363511   13.390550   0.044920
1863.372640   13.384070   0.043880
1863.381795   13.376930   0.042150
1863.391577   13.376170   0.046480
1863.400670   13.399440   0.052270
1863.410157   13.366540   0.053190
1863.419415   13.372370   0.053460
1863.428728   13.416960   0.053200
1863.438171   13.389020   0.060420
1863.447725   13.385320   0.060140
1863.457038   13.377660   0.071770
1863.464667   13.329970   0.084510
1863.471563   13.377130   0.090450
1863.477686   13.337450   0.081860
1863.482900   13.424440   0.087140
1863.487037   13.363100   0.087920
1863.490505   13.375630   0.089230
1863.494064   13.343060   0.082450
1863.496621   13.359340   0.085830
1863.498272   13.422060   0.087340
1863.500087   13.363340   0.090880
1863.501889   13.400370   0.095210
1863.503937   13.378250   0.130890
1864.122118   13.391910   0.033660
1864.131216   13.394980   0.044420
1864.140349   13.392120   0.040360
1864.149328   13.387250   0.040550
1864.158727   13.361740   0.038470
1864.168077   13.369030   0.049130
1864.177441   13.353720   0.044480
1864.186471   13.378690   0.036680
1864.195786   13.387710   0.046520
1864.204761   13.406400   0.041410
1864.213956   13.400350   0.038920
1864.223275   13.392410   0.039100
1864.232312   13.346610   0.047480
1864.241734   13.415680   0.047810
1864.250994   13.388390   0.039730
1864.260292   13.380200   0.049890
1864.269452   13.358830   0.042260
1864.278712   13.357230   0.050650
1864.288040   13.359220   0.051160
1864.297228   13.359100   0.046960
1864.306786   13.371400   0.047880
1864.315982   13.425040   0.049680
1864.325240   13.358260   0.048960
1864.334830   13.371290   0.048450
1864.344223   13.433270   0.067380
1864.353629   13.386570   0.066230
1864.362884   13.361430   0.068980
1864.372284   13.374190   0.082490
1864.381718   13.351460   0.069080
1864.391386   13.362410   0.062770
1864.401175   13.423320   0.079700
1864.410777   13.402360   0.071250
1864.420158   13.398200   0.074840
1864.429378   13.437510   0.077610
1864.438639   13.454800   0.092970
1864.448098   13.434850   0.103200
1864.457409   13.366330   0.105440
1864.465120   13.320080   0.096090
1864.472313   13.346870   0.110620
1864.477494   13.293760   0.108560
1865.081649   13.356160   0.057620
1865.090914   13.395310   0.055040
1865.103000   13.321160   0.053180
1865.112265   13.383950   0.051920
1865.121493   13.391050   0.063020
1865.180915   13.427660   0.036610
1865.189934   13.400340   0.028810
1865.199137   13.390110   0.037080
1865.208040   13.385670   0.028010
1865.217207   13.402020   0.043930
1865.226382   13.395680   0.040720
1865.235932   13.405710   0.046720
1865.245886   13.391530   0.047160
1865.255783   13.413120   0.045340
1865.265750   13.360870   0.060130
1865.275774   13.405980   0.051280
1865.285892   13.395820   0.042790
1865.295973   13.410670   0.049950
1865.306185   13.369050   0.048980
1865.316145   13.400920   0.047060
1865.326150   13.452750   0.051460
1865.336276   13.388660   0.062910
1865.346577   13.381690   0.055560
1865.356675   13.380030   0.054680
1865.366659   13.430390   0.063420
1865.376904   13.384870   0.059030
1865.387088   13.432700   0.062740
1865.397153   13.444360   0.065720
1865.407149   13.397890   0.060450
1865.417333   13.372520   0.058280
1865.427630   13.360840   0.062720
1865.437669   13.350130   0.060520
1865.448171   13.456390   0.076230
1865.457324   13.384090   0.084660
1865.465615   13.413730   0.093710
1865.471988   13.373760   0.107380
1865.477591   13.389680   0.122170
1865.482335   13.345200   0.106080
1865.486236   13.322510   0.093300
1865.489785   13.334020   0.106260
1865.492667   13.322680   0.100010
1865.494427   13.373820   0.099560
1865.496283   13.377460   0.094300
1865.498551   13.365430   0.155090
1866.165339   13.385030   0.031180
1866.174723   13.370260   0.030970
1866.184057   13.349710   0.032000
1866.193410   13.396640   0.032360
1866.202706   13.388670   0.033390
1866.212035   13.393320   0.034190
1866.221409   13.385160   0.035710
1866.230791   13.381410   0.033550
1866.240551   13.379570   0.033840
1866.250004   13.373680   0.034340
1866.259354   13.386780   0.034480
1867.193045   13.387440   0.022860
1867.202355   13.397650   0.023850
1867.211516   13.385770   0.024190
1867.220585   13.404200   0.025690
1867.230131   13.393160   0.025990
1867.239707   13.380190   0.025990
1867.249230   13.392040   0.025350
1867.258785   13.372120   0.025170
1867.268385   13.376530   0.025810
1867.277702   13.406640   0.026790
1867.287153   13.393380   0.027490
1867.296854   13.384170   0.028070
1867.306121   13.397190   0.028420
1867.315500   13.396440   0.028000
1867.325094   13.385570   0.029230
1867.334502   13.393290   0.029970
1867.344482   13.394660   0.031220
1867.354030   13.363900   0.030610
1867.363492   13.370670   0.036790
1867.372735   13.369760   0.034090
1867.382212   13.367560   0.032990
1867.391671   13.377280   0.038300
1867.401392   13.390010   0.036380
1867.410805   13.388180   0.034090
1867.420288   13.410060   0.041380
1867.429722   13.391910   0.048530
1867.439192   13.406930   0.043220
1867.448574   13.423750   0.045730
1867.456168   13.399390   0.042390
1867.463320   13.380140   0.044870
1867.469421   13.381420   0.044700
1867.473939   13.388710   0.037090
1867.478291   13.395820   0.034310
1867.481655   13.402730   0.033260
1867.484335   13.372850   0.037230
1867.486951   13.395490   0.036100
1867.488639   13.381630   0.036430
1867.490315   13.396180   0.040560
1867.492002   13.370560   0.037540
1867.493724   13.375850   0.038230
1868.197661   13.421180   0.043210
1868.207123   13.389210   0.041230
1868.216495   13.401920   0.057020
1868.225986   13.405230   0.050780
1868.235811   13.404430   0.061910
1868.245580   13.408460   0.058970
1868.255259   13.402200   0.059670
1868.264815   13.383770   0.056800
1868.274279   13.383990   0.065620
1868.283929   13.368960   0.059780
1868.293537   13.400610   0.091170
1868.303104   13.395300   0.100660
1868.312574   13.381400   0.095580
1868.322548   13.405380   0.071560
1868.332083   13.411410   0.066310
1868.341800   13.418480   0.072130
1868.351466   13.384810   0.085830
1868.360837   13.391970   0.088290
1868.370659   13.417730   0.082730
1868.380417   13.335020   0.083800
1868.390367   13.298180   0.079820
1868.399668   13.397830   0.080260
1868.409622   13.329520   0.090530
1868.419023   13.417270   0.084850
1868.428372   13.358820   0.078190
1868.437691   13.447430   0.087830
1868.446987   13.390520   0.085400
1868.454949   13.464650   0.088330
1868.461066   13.371540   0.087960
1868.467151   13.402460   0.097580
1868.471440   13.421910   0.096770
1868.475710   13.402500   0.106720
1868.479187   13.414840   0.109120
1868.481793   13.342690   0.102390
1868.484421   13.407900   0.106750
1868.486154   13.374830   0.099360
1868.487874   13.359020   0.101100
1868.489584   13.353510   0.099960
1868.491280   13.393780   0.112730
1869.239644   13.383870   0.116830
1869.249027   13.281930   0.119900
1869.258830   13.280580   0.069700
1870.219778   13.401260   0.028640
1870.229270   13.391260   0.029500
1870.238762   13.403410   0.033270
1870.248135   13.400420   0.030850
1870.257691   13.411100   0.034580
1870.267266   13.411710   0.034130
1870.276950   13.408600   0.033740
1870.286498   13.372480   0.033960
1870.295849   13.395580   0.031990
1870.305565   13.397160   0.036140
1870.315197   13.401420   0.038750
1870.325274   13.399990   0.037880
1870.335174   13.404220   0.036380
1870.344892   13.388530   0.041150
1870.354573   13.389150   0.047060
1870.364104   13.404550   0.061640
1870.373603   13.354630   0.063720
1870.383600   13.382860   0.066990
1870.393243   13.449880   0.090350
1870.402820   13.417520   0.110180
1870.412418   13.358080   0.105040
1870.421719   13.364310   0.104440
1870.431056   13.289980   0.107380
1870.440608   13.400630   0.094230
1870.448993   13.402220   0.084940
1870.456179   13.395120   0.085190
1870.461756   13.409920   0.100720
1870.466593   13.328920   0.104630
1870.470290   13.412280   0.099060
1870.474034   13.360680   0.111670
1870.476825   13.457000   0.123240
1870.478569   13.457630   0.118960
1870.480341   13.318170   0.107610
1870.482097   13.416970   0.119450
1870.483838   13.353180   0.119190
1870.485602   13.365910   0.113190
1871.136689   13.414090   0.036180
1871.146179   13.383420   0.032390
1871.155384   13.404990   0.031010
1871.164955   13.387060   0.035100
1871.174269   13.407890   0.035890
1871.183469   13.392520   0.037290
1871.192872   13.376530   0.034830
1871.202392   13.361410   0.036340
1871.211865   13.403940   0.044950
1871.221273   13.407030   0.045030
1871.230922   13.411250   0.037070
1871.240394   13.392130   0.037300
1871.250018   13.381270   0.040830
1871.259511   13.387550   0.037890
1871.269122   13.398890   0.039680
1871.278903   13.368800   0.036790
1871.288648   13.387210   0.041230
1871.298226   13.399620   0.042500
1871.307789   13.437710   0.043430
1871.317562   13.374790   0.044590
1871.327342   13.404170   0.044930
1871.337079   13.435810   0.049900
1871.346725   13.414440   0.053020
1871.356495   13.366620   0.051170
1871.366277   13.389010   0.057810
1871.375944   13.404530   0.053210
1871.385808   13.388020   0.063540
1871.395399   13.422150   0.064690
1871.404882   13.420380   0.075360
1871.414342   13.338130   0.072520
1871.423744   13.437550   0.072770
1871.433495   13.404940   0.071010
1871.442405   13.393140   0.066470
1871.449670   13.337080   0.070270
1871.455742   13.386470   0.068190
1871.461191   13.315890   0.075870
1871.465968   13.395180   0.074200
1871.469461   13.339090   0.073970
1871.472994   13.431730   0.071400
1871.476070   13.429530   0.071660
1871.477819   13.382320   0.072070
1871.479709   13.377720   0.069030
1871.481438   13.365760   0.067400
1871.550420   13.409130   0.078100
1871.559908   13.441060   0.081000
1871.569340   13.438670   0.088750
1871.578835   13.374930   0.090320
1871.588334   13.419900   0.102170
1871.597765   13.395490   0.118510
1872.324463   13.413890   0.041490
1872.334315   13.424900   0.039090
1872.344041   13.363690   0.041600
1872.353623   13.419150   0.040090
1872.363427   13.394170   0.039510
1872.373279   13.394510   0.038690
1872.383099   13.386120   0.040250
1872.392766   13.392440   0.040020
1872.402203   13.395480   0.041770
1872.412032   13.404410   0.042150
1872.421585   13.396370   0.042340
1872.431130   13.403410   0.050090
1872.439874   13.424600   0.047970
1872.447517   13.382680   0.045800
1872.454162   13.360100   0.048470
1872.459603   13.380110   0.056990
1872.463903   13.392730   0.056170
1872.467716   13.397130   0.053930
1872.470496   13.392090   0.050380
1872.473152   13.356760   0.055740
1872.474857   13.404870   0.054340
1872.476617   13.401390   0.054730
1872.478370   13.433630   0.056220
1872.480228   13.348420   0.053130
1872.541663   13.370290   0.067570
1872.550845   13.419990   0.069630
1872.560270   13.363240   0.075990
1872.569828   13.426960   0.075470
1872.579400   13.412510   0.090970
1872.588943   13.416510   0.090880
1872.598488   13.418650   0.104440
1872.608116   13.456870   0.128060
1873.229437   13.387730   0.043070
1873.238826   13.382030   0.046800
1873.248403   13.385790   0.044980
1873.258009   13.386370   0.045140
1873.267456   13.403350   0.047290
1873.276959   13.367020   0.047350
1873.286788   13.349730   0.048220
1873.296275   13.391820   0.051010
1873.305896   13.407840   0.055840
1873.315548   13.356840   0.053350
1873.325684   13.363620   0.057820
1873.335346   13.345390   0.060770
1873.344943   13.354030   0.058390
1873.354842   13.403050   0.058110
1873.364691   13.385680   0.066760
1873.374458   13.408840   0.061840
1873.383960   13.386500   0.055450
1873.393856   13.370180   0.057690
1873.403606   13.369780   0.060330
1873.413210   13.347600   0.070970
1873.422938   13.334530   0.070150
1873.432622   13.355930   0.062960
1873.441010   13.396870   0.055780
1873.447044   13.396310   0.057070
1873.453044   13.399110   0.060020
1873.457630   13.368260   0.060410
1873.462090   13.381520   0.056250
1873.465548   13.384320   0.061530
1873.468261   13.358180   0.063020
1873.470892   13.398210   0.065630
1873.472722   13.371790   0.064540
1873.474437   13.354540   0.060860
1873.476606   13.386230   0.086650
1873.567696   13.369000   0.072200
1873.586745   13.384800   0.121940
1874.032527   13.395790   0.029160
1874.041923   13.370770   0.029980
1874.051714   13.378860   0.029740
1874.061193   13.388810   0.030080
1874.070741   13.393300   0.032830
1874.080230   13.393890   0.031590
1874.089638   13.374960   0.030430
1874.098984   13.366640   0.032750
1874.108441   13.388800   0.032080
1874.117749   13.391250   0.033600
1874.127103   13.375360   0.033270
1874.136654   13.374510   0.034480
1874.145982   13.375730   0.035110
1874.155173   13.363240   0.036140
1874.164605   13.353350   0.042050
1874.174153   13.383700   0.047300
1874.183645   13.355210   0.062760
1874.193053   13.443550   0.081930
1874.202515   13.372520   0.086660
1874.212179   13.307360   0.096400
1874.222051   13.374440   0.084320
1876.992585   13.375050   0.031830
1877.002277   13.392160   0.032070
1877.012009   13.376900   0.034560
1877.021623   13.394570   0.034080
1877.031340   13.394280   0.038370
1877.041094   13.368570   0.036380
1877.050632   13.357670   0.031580
1877.060512   13.357110   0.032280
1877.070280   13.383980   0.033350
1877.080037   13.366320   0.034450
1877.089835   13.409080   0.033270
1877.099542   13.383250   0.035400
1877.109324   13.385910   0.041820
1877.119234   13.376450   0.042990
1877.128562   13.365890   0.038040
1877.137988   13.379450   0.038300
1877.147449   13.395670   0.046380
1877.157081   13.399040   0.041790
1877.166514   13.365010   0.038670
1877.175811   13.386630   0.038120
1877.185180   13.426230   0.042840
1877.194638   13.382150   0.040660
1877.204359   13.417830   0.037440
1877.213829   13.394050   0.037360
1877.223290   13.404840   0.040940
1877.232928   13.399680   0.037070
1877.242583   13.385810   0.042100
1877.252102   13.440510   0.042560
1877.261424   13.359420   0.043310
1877.271317   13.402060   0.037720
1877.280810   13.386290   0.034070
1877.290913   13.380820   0.040810
1877.300784   13.380170   0.047000
1877.310552   13.392090   0.039160
1877.320329   13.410240   0.047230
1877.330019   13.396200   0.039870
1877.339609   13.361650   0.036240
1877.349339   13.406090   0.041400
1877.359563   13.411740   0.037290
1877.369289   13.386730   0.043420
1877.379166   13.395390   0.037720
1877.389199   13.384570   0.046140
1877.398748   13.409420   0.052080
1877.408188   13.378420   0.049450
1877.417610   13.368580   0.043760
1877.426444   13.381790   0.039290
1877.433416   13.388460   0.043470
1877.439426   13.354950   0.051350
1877.444578   13.409070   0.050700
1877.449101   13.385830   0.044950
1877.452622   13.409210   0.053030
1877.456119   13.398490   0.043900
1877.458826   13.374050   0.044580
1877.460660   13.380800   0.047230
1877.462441   13.410150   0.047750
1877.464144   13.406100   0.049130
1877.465872   13.399790   0.046490
1877.528546   13.403660   0.057520
1877.538164   13.377360   0.062800
1877.547759   13.441360   0.065790
1877.557433   13.395130   0.072750
1877.566991   13.372020   0.068650
1877.956588   13.429730   0.050990
1877.966360   13.382590   0.048430
1877.975795   13.401820   0.035430
1877.985575   13.390530   0.031410
1877.995071   13.363820   0.029210
1878.004964   13.385730   0.029170
1878.014335   13.392880   0.032530
1878.023915   13.374100   0.026450
1878.033403   13.392440   0.028980
1878.042881   13.385050   0.028290
1878.052477   13.385090   0.032560
1878.062202   13.379680   0.031820
1878.072038   13.365930   0.033230
1878.081838   13.380590   0.033210
1878.091595   13.402420   0.030890
1878.101204   13.393000   0.032330
1878.111056   13.370290   0.033920
1878.120475   13.389070   0.035180
1878.129972   13.404950   0.037420
1878.139452   13.372920   0.043060
1878.148981   13.419650   0.078430
1878.158293   13.390540   0.069130
1878.167692   13.389010   0.039910
1878.177309   13.372260   0.036030
1878.186872   13.403730   0.049170
1878.196273   13.401030   0.046130
1878.206054   13.347650   0.054220
1878.215833   13.409010   0.055110
1878.225557   13.350680   0.059880
1878.235117   13.386800   0.050790
1878.244657   13.380240   0.050740
1878.254352   13.367960   0.054650
1878.263984   13.419250   0.062230
1878.273770   13.405340   0.061770
1878.283405   13.374500   0.065550
1878.293079   13.385360   0.065540
1878.302887   13.415170   0.076930
1878.312828   13.486450   0.086590
1878.322431   13.422860   0.083700
1878.332111   13.457960   0.085560
1878.342126   13.384840   0.054810
1878.351898   13.432410   0.068790
1878.361666   13.421310   0.064650
1878.371492   13.391930   0.066120
1878.381052   13.423220   0.074560
1878.390611   13.411250   0.056650
1878.400035   13.382120   0.067010
1878.409523   13.376940   0.063190
1878.419250   13.368050   0.072120
1878.427139   13.371870   0.073400
1878.434256   13.417960   0.061810
1878.439734   13.404370   0.078060
1878.444205   13.396930   0.054870
1878.448555   13.409290   0.060670
1878.452064   13.428390   0.072050
1878.454721   13.425930   0.072150
1878.457364   13.389530   0.071610
1878.459093   13.404970   0.069600
1878.460943   13.360190   0.075520
1878.463071   13.383120   0.099540
1878.523903   13.376630   0.077490
1878.533380   13.371190   0.074530
1878.542754   13.377090   0.072970
1878.552323   13.381990   0.082380
1878.561961   13.398820   0.094690
1878.571685   13.376450   0.117630
1878.581234   13.405500   0.118540
1878.590773   13.381180   0.119880
1878.885725   13.342940   0.107290
1878.896259   13.318470   0.082420
1878.907039   13.325200   0.076760
1878.917827   13.402970   0.065060
1878.928636   13.404590   0.073010
1878.939490   13.416720   0.064110
1878.950209   13.415920   0.052330
1878.960985   13.372600   0.037550
1878.971663   13.385400   0.042610
1878.982256   13.395250   0.046310
1878.992862   13.389630   0.042210
1879.003349   13.382530   0.048580
1879.014056   13.380700   0.044340
1879.024781   13.380850   0.045390
1879.035403   13.413290   0.055140
1879.046338   13.397170   0.051340
1879.056998   13.345630   0.053760
1879.067120   13.388840   0.056880
1879.077625   13.376960   0.054110
1879.087804   13.367440   0.058440
1879.097718   13.386150   0.063330
1879.108265   13.371040   0.067260
1879.118677   13.422500   0.073780
1879.128946   13.414330   0.065270
1879.138951   13.359430   0.062650
1879.148948   13.435120   0.084300
1879.158753   13.387550   0.080840
1879.168681   13.360460   0.083130
1879.178653   13.305790   0.079390
1879.188532   13.395970   0.087210
1879.198658   13.418080   0.092900
1879.208980   13.419200   0.095010
1879.219105   13.329070   0.091570
1879.229198   13.348030   0.088510
1879.239692   13.389480   0.094100
1879.249885   13.348820   0.088240
1879.259988   13.382810   0.085380
1879.270136   13.394980   0.079650
1879.279998   13.320030   0.066700
1879.290256   13.397130   0.086760
1879.300321   13.419510   0.079920
1879.310604   13.426150   0.082050
1879.321132   13.295830   0.081910
1879.331398   13.375430   0.085690
1879.341711   13.416690   0.089250
1879.352168   13.401760   0.088690
1879.362239   13.352750   0.085930
1879.372581   13.413880   0.093590
1879.383093   13.446740   0.056500
1879.393142   13.395960   0.089670
1879.403333   13.365030   0.094620
1879.413718   13.370830   0.095090
1879.422210   13.415810   0.097690
1879.430290   13.439580   0.107110
1879.436891   13.370800   0.102430
1879.441492   13.430850   0.111020
1879.445571   13.411550   0.110340
1879.449533   13.253220   0.083940
1879.452342   13.426860   0.090510
1879.454194   13.477850   0.116010
1879.456055   13.350440   0.090860
1879.457932   13.355110   0.108370
1879.460282   13.338070   0.154810
1879.523890   13.478490   0.075900
1879.534146   13.330410   0.071800
1879.885631   13.367080   0.059600
1879.895153   13.582570   0.106030
1879.904711   13.303880   0.076960
1879.914664   13.356570   0.063680
1879.924232   13.407400   0.049900
1879.933937   13.369570   0.040660
1879.943742   13.376410   0.035800
1879.953255   13.376290   0.033670
1879.962965   13.398150   0.030720
1879.972299   13.379330   0.029860
1879.982133   13.380410   0.032070
1879.991480   13.389050   0.032620
1880.001350   13.412860   0.034880
1880.010995   13.383730   0.037940
1880.020489   13.383400   0.040250
1880.030167   13.353690   0.039630
1880.040004   13.387970   0.036590
1880.050020   13.377210   0.038700
1880.059700   13.373020   0.038050
1880.069635   13.432190   0.041360
1880.079469   13.427070   0.043960
1880.089000   13.409580   0.040030
1880.098524   13.407760   0.042790
1880.108072   13.417740   0.044280
1880.117530   13.373190   0.038760
1880.127140   13.396890   0.041480
1880.200091   13.410360   0.046730
1880.209735   13.425310   0.051900
1880.219431   13.404190   0.048640
1880.229324   13.401000   0.041660
1880.238989   13.393890   0.042220
1880.248836   13.397980   0.041690
1880.258298   13.351750   0.042640
1880.267686   13.356520   0.044800
1880.277275   13.377490   0.046420
1880.286928   13.371060   0.056300
1880.306613   13.383550   0.046810
1880.369120   13.373230   0.044470
1880.684654   13.325040   0.106230
1880.967707   13.413390   0.052120
1880.977730   13.418710   0.051910
1880.987626   13.389860   0.042730
1880.997175   13.389790   0.039860
1881.007352   13.410710   0.041380
1881.017262   13.406530   0.041860
1881.027023   13.379890   0.044750
1881.036583   13.374880   0.043210
1881.046307   13.375500   0.044230
1881.055914   13.410130   0.051760
1881.065565   13.382910   0.047610
1881.075352   13.405300   0.051470
1881.085120   13.389940   0.048420
1881.094964   13.366650   0.045700
1881.104801   13.373490   0.041350
1881.114937   13.395620   0.057800
1881.124474   13.362550   0.049430
1881.134326   13.371210   0.052540
1881.143810   13.380060   0.039160
1881.153419   13.361270   0.053470
1881.163015   13.406190   0.050230
1881.171357   13.395140   0.039330
1881.180981   13.392880   0.040940
1881.190627   13.388540   0.034710
1881.200550   13.393390   0.037760
1881.210473   13.412310   0.042220
1881.220305   13.380400   0.046250
1881.230199   13.404200   0.047640
1881.239668   13.381870   0.047180
1881.249328   13.371760   0.045980
1881.258917   13.396410   0.046110
1881.268352   13.414580   0.047680
1881.278189   13.408630   0.047590
1881.288137   13.393890   0.045380
1881.297680   13.403040   0.047400
1881.307337   13.410090   0.051220
1881.317394   13.398900   0.053840
1881.327336   13.344590   0.054020
1881.337373   13.356000   0.052880
1881.347129   13.413520   0.055850
1881.357110   13.392450   0.054030
1881.366722   13.394750   0.055050
1881.376276   13.341690   0.059010
1881.386104   13.387450   0.063920
1881.395996   13.400650   0.062620
1881.405772   13.344020   0.059930
1881.414838   13.375400   0.066330
1881.422098   13.368000   0.064060
1881.428287   13.339060   0.066460
1881.433496   13.370770   0.066690
1881.437835   13.411690   0.065210
1881.441542   13.356040   0.070060
1881.445078   13.439580   0.073230
1881.447777   13.341480   0.068020
1881.449541   13.441050   0.071810
1881.451276   13.372520   0.068820
1881.453055   13.365280   0.066700
1881.455245   13.338840   0.101750
1881.512259   13.352840   0.074410
1881.522032   13.366250   0.077900
1881.531584   13.404330   0.079800
1881.541053   13.412690   0.084950
1881.550943   13.340140   0.079380
1881.560601   13.380320   0.081620
1881.570473   13.411720   0.086170
1881.580253   13.425870   0.094450
1881.589860   13.386720   0.089350
1881.599577   13.335450   0.101790
1881.609472   13.397930   0.097260
1881.619114   13.381820   0.107950
1881.628942   13.361580   0.118390
1881.638590   13.426210   0.121960
1881.648275   13.317450   0.104250
1881.845731   13.547520   0.125030
1881.855252   13.356920   0.095750
1881.864967   13.582630   0.097130
1881.874874   13.383430   0.075810
1881.884546   13.335680   0.065280
1881.894462   13.389880   0.053080
1881.904494   13.394750   0.051770
1881.914271   13.389690   0.046750
1881.923884   13.372200   0.044980
1881.933466   13.367160   0.042170
1881.943231   13.369680   0.043320
1881.952875   13.341280   0.058270
1881.962633   13.365050   0.069790
1881.972149   13.349720   0.070810
1881.982098   13.396280   0.075030
1881.992169   13.390160   0.093980
1882.001889   13.344870   0.097030
1882.011594   13.399510   0.100680
1882.021627   13.400540   0.078410
1882.031644   13.374030   0.092390
1882.041324   13.374330   0.080920
1882.051198   13.372190   0.080430
1882.060871   13.359230   0.081750
1882.070527   13.386100   0.098570
1882.080330   13.393030   0.062230
1882.090096   13.394210   0.116570
1882.109365   13.451790   0.110020
1882.121972   13.451780   0.091390
1882.131558   13.427600   0.065370
1882.141120   13.381610   0.105960
1882.150540   13.411990   0.071040
1882.160119   13.412520   0.078530
1882.169652   13.405910   0.079620
1882.179008   13.407890   0.072500
1882.188466   13.381230   0.082840
1882.198063   13.395420   0.101160
1882.217569   13.313720   0.068000
1882.227231   13.440770   0.118740
1882.236839   13.374700   0.117640
1882.275432   13.237560   0.063200
1882.285148   13.376710   0.077200
1882.295361   13.451700   0.102680
1882.325032   13.496240   0.102650
1882.334886   13.379530   0.114380
1882.344919   13.385750   0.068600
1882.364587   13.381820   0.115590
1882.374737   13.418870   0.120030
1883.093660   13.427450   0.058310
1883.103366   13.411570   0.085760
1883.112818   13.433080   0.062270
1883.122237   13.334570   0.070110
1883.131900   13.367620   0.056420
1883.141295   13.454100   0.065470
1883.150882   13.284560   0.068050
1883.160374   13.377060   0.076300
1883.169871   13.393980   0.078840
1883.179271   13.369720   0.058780
1883.188727   13.353560   0.057940
1883.198404   13.416340   0.075600
1883.207904   13.367790   0.074250
1883.217549   13.376520   0.075280
1883.226897   13.416610   0.076840
1883.236210   13.357300   0.076310
1883.245790   13.360810   0.074380
1883.255334   13.391390   0.080050
1883.265175   13.381060   0.082850
1883.274780   13.366710   0.080180
1883.284849   13.443560   0.101640
1883.294394   13.413670   0.105330
1883.304305   13.380650   0.100370
1883.314234   13.478070   0.065100
1883.323720   13.415710   0.107630
1883.333437   13.391100   0.094160
1883.343435   13.313900   0.096480
1883.353548   13.380470   0.104820
1883.363493   13.365370   0.090610
1883.373027   13.331270   0.093430
1883.382657   13.349040   0.098870
1883.392439   13.351720   0.095300
1883.402040   13.300550   0.090930
1883.410061   13.417130   0.108630
1883.417485   13.402470   0.108250
1883.423677   13.403640   0.098920
1883.428949   13.315070   0.098740
1883.433223   13.358580   0.087470
1883.436812   13.367180   0.099530
1883.440325   13.384060   0.106020
1883.443180   13.398840   0.103300
1883.444926   13.442600   0.107800
1883.446707   13.429890   0.099490
1883.448508   13.425960   0.095560
1883.507335   13.414320   0.110210
1883.517022   13.428710   0.111030
1883.526655   13.409300   0.121790
1883.536232   13.351190   0.073900
1883.545818   13.465820   0.130150
1883.555341   13.428060   0.117790
1883.565051   13.320600   0.118460
1883.574608   13.464150   0.124710
1883.584302   13.425150   0.121210
1883.593915   13.402620   0.106950
1884.099534   13.376000   0.028360
1884.109140   13.380770   0.028240
1884.118686   13.368830   0.035630
1884.128292   13.410840   0.045040
1884.137551   13.385210   0.031030
1884.147279   13.389340   0.037380
1884.156774   13.373970   0.039180
1884.166197   13.444010   0.047320
1884.175960   13.396590   0.048260
1884.185414   13.397540   0.041900
1884.194977   13.381400   0.032540
1884.204574   13.378200   0.036500
1884.214174   13.390040   0.033090
1884.223839   13.404620   0.038100
1884.233272   13.368470   0.053730
1884.242628   13.383970   0.029390
1884.252195   13.368730   0.028640
1884.261682   13.369660   0.029110
1884.271201   13.374540   0.030090
1884.280876   13.394200   0.032920
1884.290846   13.365500   0.034950
1884.300573   13.369140   0.039520
1884.310420   13.378100   0.058670
1884.320206   13.366780   0.037660
1884.330156   13.369670   0.036260
1884.340081   13.405860   0.047750
1884.350052   13.335310   0.045040
1884.360119   13.352000   0.036930
1884.370060   13.389480   0.036910
1884.379738   13.387350   0.039380
1884.389528   13.378940   0.031650
1884.399065   13.353710   0.034990
1884.406881   13.361480   0.038780
1884.413865   13.375360   0.049730
1884.420368   13.388900   0.052610
1884.425635   13.404060   0.034930
1884.430150   13.376480   0.031650
1884.433678   13.398970   0.036350
1884.437202   13.388480   0.034010
1884.439908   13.377700   0.037260
1884.441669   13.406120   0.037600
1884.443407   13.380440   0.036680
1884.445186   13.367890   0.033770
1884.446926   13.390870   0.049200
1884.503638   13.393380   0.032270
1884.513187   13.394200   0.040330
1884.522993   13.395370   0.033260
1884.532900   13.382720   0.029910
1884.542819   13.377110   0.037900
1884.552706   13.405090   0.044740
1884.562458   13.371160   0.026730
1884.572213   13.403050   0.033890
1884.581820   13.386200   0.027540
1884.591479   13.431200   0.038810
1884.600983   13.419830   0.031760
1884.610820   13.406470   0.029910
1884.886961   13.354520   0.081990
1884.896459   13.376450   0.085380
1884.906042   13.354350   0.078000
1884.915643   13.406430   0.094960
1884.925737   13.376080   0.073820
1884.935570   13.338420   0.090940
1884.945448   13.328410   0.078910
1884.954875   13.379370   0.085940
1884.964329   13.393570   0.083570
1884.974229   13.427020   0.096780
1884.983546   13.393460   0.100320
1884.993441   13.412470   0.088210
1885.003341   13.431600   0.088440
1885.013229   13.426250   0.098320
1885.022911   13.403930   0.094720
1885.032502   13.424880   0.107680
1885.042137   13.334050   0.106640
1885.052183   13.430930   0.107600
1885.061957   13.428740   0.114420
1885.071678   13.465220   0.122290
1885.090973   13.375850   0.120900
1885.100847   13.505050   0.122800
1885.278794   13.378630   0.071880
1885.288696   13.369840   0.089940
1885.298475   13.376470   0.076570
1885.308250   13.416990   0.082920
1885.318087   13.391600   0.081310
1885.328301   13.413440   0.091050
1885.347960   13.385530   0.109670
1885.357853   13.338430   0.113230
1885.367424   13.541820   0.072200
1885.396599   13.256630   0.061600
1885.404395   13.501040   0.112520
1885.411445   13.381230   0.067000
1885.430989   13.363120   0.106580
1885.434561   13.394970   0.089680
1885.439092   13.367440   0.088330
1885.440855   13.371240   0.060800
1885.442624   13.386210   0.109980
1885.444416   13.405810   0.110060
1885.502228   13.341120   0.065500
1885.551133   13.399840   0.115640
1885.560860   13.353270   0.115340
1885.570601   13.448320   0.115240
1885.590133   13.417000   0.104240
1886.072366   13.368430   0.025230
1886.082057   13.373740   0.028300
1886.091456   13.373120   0.029340
1886.101064   13.380510   0.030560
1886.110701   13.387450   0.029930
1886.120214   13.384440   0.030670
1886.129544   13.384210   0.031740
1886.138882   13.391360   0.031760
1886.148233   13.378780   0.031650
1886.157943   13.391360   0.032860
1886.167550   13.385950   0.036810
1886.177101   13.384540   0.036260
1886.186997   13.372300   0.038770
1886.196609   13.402790   0.040890
1886.206153   13.390530   0.045690
1886.215757   13.379790   0.049210
1886.225422   13.426830   0.066950
1886.234829   13.389890   0.068000
1886.244630   13.398970   0.071600
1886.254426   13.369460   0.047470
1886.263771   13.360330   0.038900
1886.273578   13.406370   0.071880
1886.283270   13.363050   0.036900
1886.293134   13.381110   0.040000
1886.303115   13.393910   0.046840
1886.312914   13.386290   0.043180
1886.322818   13.362450   0.045850
1886.332859   13.374030   0.044110
1886.342543   13.375530   0.042860
1886.352534   13.386650   0.041120
1886.362281   13.366250   0.045360
1886.372003   13.380130   0.048360
1886.381496   13.366680   0.050850
1886.391198   13.368830   0.057580
1886.399994   13.377750   0.054610
1886.408171   13.391270   0.056270
1886.414363   13.388890   0.072790
1886.419581   13.399330   0.073480
1886.423873   13.423910   0.062570
1886.427459   13.436980   0.065160
1886.431086   13.426920   0.061660
1886.433748   13.386570   0.073690
1886.435540   13.434930   0.076530
1886.437293   13.414800   0.064570
1886.439058   13.317490   0.066490
1886.441348   13.388390   0.138150
