1863.169882   12.640810   0.023730
1863.179028   12.644170   0.026100
1863.188111   12.634530   0.029560
1863.197263   12.650430   0.027140
1863.206453   12.627610   0.026500
1863.215516   12.644890   0.031760
1863.224486   12.650080   0.030600
1863.233708   12.637460   0.031930
1863.243026   12.640710   0.032810
1863.252052   12.644260   0.029530
1863.260978   12.639500   0.028000
1863.270074   12.666680   0.032360
1863.279229   12.620030   0.028410
1863.288341   12.629940   0.027980
1863.297662   12.637600   0.025640
1863.306748   12.615700   0.029420
1863.315898   12.627970   0.029040
1863.325261   12.621080   0.028990
1863.334632   12.627070   0.030260
1863.344416   12.637960   0.029220
1863.353962   12.638510   0.028410
1863.363511   12.621120   0.025410
1863.372640   12.633100   0.024140
1863.381795   12.646900   0.024480
1863.391577   12.624490   0.025750
1863.400670   12.612130   0.026500
1863.410157   12.627820   0.027200
1863.419415   12.612240   0.027610
1863.428728   12.640730   0.030200
1863.438171   12.631410   0.032110
1863.447725   12.623170   0.034130
1863.457038   12.649300   0.037380
1863.464667   12.669620   0.047080
1863.471563   12.674500   0.049140
1863.477686   12.620560   0.046150
1863.482900   12.611560   0.046160
1863.487037   12.619300   0.049400
1863.490505   12.605550   0.047590
1863.494064   12.616470   0.047920
1863.496621   12.652800   0.049130
1863.498272   12.641050   0.048670
1863.500087   12.644160   0.050060
1863.501889   12.613380   0.051890
1863.503937   12.651010   0.071100
1864.122118   12.625910   0.019520
1864.131216   12.638550   0.025820
1864.140349   12.635460   0.022930
1864.149328   12.641800   0.022810
1864.158727   12.634310   0.021830
1864.168077   12.641140   0.027020
1864.177441   12.621770   0.025790
1864.186471   12.627370   0.020900
1864.195786   12.635890   0.026210
1864.204761   12.648590   0.023900
1864.213956   12.637230   0.022350
1864.223275   12.647430   0.021880
1864.232312   12.620200   0.025460
1864.241734   12.643440   0.025920
1864.250994   12.639270   0.022460
1864.260292   12.606940   0.026220
1864.269452   12.627430   0.023040
1864.278712   12.643930   0.027020
1864.288040   12.629220   0.027080
1864.297228   12.634970   0.026160
1864.306786   12.629320   0.026620
1864.315982   12.627190   0.027140
1864.325240   12.647060   0.026670
1864.334830   12.637270   0.025920
1864.344223   12.658010   0.034810
1864.353629   12.623070   0.033670
1864.362884   12.637780   0.037200
1864.372284   12.630500   0.044820
1864.381718   12.601460   0.037840
1864.391386   12.624790   0.034330
1864.401175   12.636590   0.041080
1864.410777   12.643070   0.038450
1864.420158   12.607530   0.036100
1864.429378   12.631370   0.039650
1864.438639   12.599430   0.047760
1864.448098   12.637280   0.054960
1864.457409   12.666220   0.058060
1864.465120   12.682640   0.055100
1864.472313   12.624840   0.065500
1864.477494   12.620460   0.071440
1864.482643   12.638310   0.094590
1864.486002   12.567370   0.107160
1864.489646   12.596410   0.103180
1864.492216   12.596450   0.081320
1864.494776   12.657040   0.087660
1864.496480   12.671800   0.092490
1864.498365   12.605630   0.088570
1864.500091   12.597350   0.094590
1864.501760   12.644120   0.089630
1865.081649   12.641400   0.030980
1865.090914   12.635050   0.030400
1865.103000   12.624190   0.029110
1865.112265   12.636730   0.028530
1865.121493   12.619660   0.033780
1865.180915   12.641730   0.019920
1865.189934   12.650700   0.016280
1865.199137   12.642070   0.020150
1865.208040   12.641680   0.016050
1865.217207   12.623170   0.023640
1865.226382   12.621730   0.022290
1865.235932   12.627530   0.024310
1865.245886   12.631610   0.025880
1865.255783   12.637290   0.024080
1865.265750   12.625830   0.032570
1865.275774   12.649320   0.028410
1865.285892   12.619560   0.025130
1865.295973   12.628270   0.027770
1865.306185   12.629380   0.027310
1865.316145   12.625630   0.026870
1865.326150   12.619570   0.028410
1865.336276   12.641900   0.033980
1865.346577   12.637320   0.031010
1865.356675   12.630980   0.030110
1865.366659   12.619960   0.034370
1865.376904   12.625800   0.033000
1865.387088   12.615380   0.033800
1865.397153   12.633480   0.035620
1865.407149   12.630540   0.033490
1865.417333   12.605860   0.032520
1865.427630   12.613680   0.032740
1865.437669   12.616070   0.033320
1865.448171   12.656490   0.039280
1865.457324   12.634030   0.044850
1865.465615   12.632380   0.047220
1865.471988   12.599900   0.059950
1865.477591   12.634180   0.074970
1865.482335   12.636310   0.060850
1865.486159   12.605250   0.069260
1865.489785   12.640950   0.058430
1865.492667   12.675630   0.053050
1865.494427   12.637420   0.055750
1865.496283   12.612850   0.049400
1865.498551   12.609070   0.089750
1866.165339   12.633210   0.017670
1866.174723   12.624270   0.017840
1866.184057   12.637920   0.018010
1866.193410   12.657340   0.018940
1866.202706   12.622100   0.019110
1866.212035   12.626630   0.019400
1866.221409   12.624830   0.019750
1866.230791   12.638140   0.019520
1866.240551   12.618560   0.019340
1866.250004   12.624880   0.019340
1866.259354   12.635300   0.019920
1867.193045   12.628950   0.013450
1867.202355   12.669830   0.014550
1867.211516   12.628340   0.013910
1867.220585   12.636670   0.014840
1867.230131   12.642500   0.015070
1867.239707   12.641270   0.014900
1867.249230   12.629220   0.014660
1867.258785   12.636900   0.015010
1867.268385   12.637510   0.015240
1867.277702   12.634130   0.015590
1867.287153   12.638720   0.015710
1867.296854   12.631470   0.015990
1867.306121   12.633510   0.015990
1867.315500   12.622210   0.016220
1867.325094   12.633580   0.016740
1867.334502   12.637220   0.017260
1867.344482   12.644060   0.017900
1867.353953   12.632100   0.014430
1867.363492   12.621090   0.020530
1867.372735   12.621570   0.018820
1867.382212   12.639330   0.019000
1867.391671   12.632910   0.020550
1867.401392   12.607090   0.019520
1867.410805   12.626930   0.019340
1867.420288   12.632890   0.023220
1867.429722   12.631690   0.024890
1867.439192   12.632370   0.024020
1867.448574   12.639690   0.026730
1867.456168   12.623860   0.022810
1867.463320   12.625130   0.024020
1867.469421   12.627770   0.024650
1867.473939   12.637180   0.020500
1867.478291   12.632450   0.018650
1867.481655   12.629850   0.019110
1867.484335   12.620660   0.020210
1867.486951   12.631180   0.020260
1867.488639   12.626180   0.020150
1867.490315   12.610310   0.021660
1867.492002   12.648980   0.020440
1867.493724   12.630460   0.020210
1868.197661   12.650610   0.023960
1868.207123   12.641430   0.024200
1868.216495   12.642890   0.031860
1868.225986   12.632340   0.029170
1868.235811   12.660250   0.032890
1868.245580   12.608440   0.030390
1868.255259   12.652720   0.031930
1868.264815   12.619340   0.032620
1868.274279   12.605570   0.036490
1868.283929   12.627700   0.032970
1868.293537   12.619410   0.048730
1868.303104   12.619990   0.054570
1868.312574   12.615560   0.049270
1868.322548   12.633190   0.037950
1868.332083   12.611890   0.035630
1868.341800   12.641260   0.038340
1868.351466   12.609920   0.048420
1868.360837   12.644170   0.049960
1868.370659   12.653360   0.044360
1868.380417   12.631950   0.045140
1868.390367   12.621050   0.044830
1868.399668   12.637170   0.042690
1868.409622   12.608360   0.045730
1868.419023   12.615540   0.043840
1868.428372   12.643870   0.042780
1868.437691   12.614860   0.045010
1868.446987   12.659350   0.045100
1868.454949   12.654420   0.048170
1868.461066   12.614600   0.047080
1868.467151   12.624150   0.049490
1868.471440   12.605830   0.052060
1868.475710   12.638840   0.056200
1868.479187   12.625300   0.058130
1868.481793   12.588130   0.050070
1868.484421   12.670330   0.059200
1868.486154   12.653320   0.052670
1868.487874   12.635550   0.059320
1868.489584   12.610850   0.056940
1868.491280   12.615450   0.055480
1868.552972   12.707580   0.099380
1868.562396   12.639300   0.089190
1869.239644   12.604730   0.068790
1869.249027   12.637870   0.069470
1869.258676   12.635000   0.078940
1869.268460   12.661060   0.092440
1869.278238   12.599730   0.102170
1869.287800   12.628460   0.104120
1869.297392   12.600280   0.106820
1869.307040   12.675010   0.114650
1869.326741   12.617650   0.071400
1870.219778   12.633990   0.016400
1870.229270   12.635760   0.016920
1870.238762   12.647340   0.018250
1870.248135   12.633330   0.017380
1870.257691   12.629900   0.019460
1870.267266   12.636680   0.018880
1870.276950   12.634100   0.019050
1870.286498   12.641800   0.019570
1870.295849   12.628990   0.018190
1870.305565   12.624490   0.019110
1870.315197   12.637080   0.021360
1870.325274   12.634600   0.022060
1870.335174   12.620660   0.020610
1870.344892   12.627860   0.021710
1870.354573   12.625330   0.025130
1870.364104   12.641750   0.032810
1870.373603   12.631470   0.031880
1870.383600   12.621460   0.036410
1870.393243   12.663450   0.046430
1870.402820   12.629480   0.064320
1870.412418   12.643810   0.058720
1870.421719   12.630560   0.059880
1870.431056   12.664670   0.059450
1870.440608   12.666640   0.051470
1870.448993   12.678140   0.043700
1870.456179   12.643930   0.043100
1870.461756   12.670860   0.055510
1870.466593   12.622240   0.063690
1870.470290   12.619540   0.053130
1870.474034   12.620540   0.061540
1870.476825   12.624410   0.068680
1870.478569   12.650250   0.065640
1870.480341   12.614290   0.061840
1870.482097   12.657250   0.062410
1870.483838   12.607410   0.067140
1870.485602   12.617660   0.063480
1871.136689   12.621870   0.019300
1871.146179   12.644180   0.018070
1871.155384   12.642520   0.018250
1871.164955   12.643590   0.019980
1871.174269   12.627350   0.019980
1871.183469   12.613660   0.020440
1871.192872   12.643680   0.019520
1871.202392   12.623590   0.020630
1871.211865   12.620600   0.024260
1871.221273   12.633940   0.023850
1871.230922   12.621210   0.020840
1871.240394   12.614620   0.020210
1871.250018   12.618090   0.022070
1871.259511   12.635210   0.020970
1871.269122   12.640800   0.021590
1871.278903   12.631390   0.021250
1871.288648   12.622390   0.022690
1871.298226   12.616310   0.021660
1871.307789   12.632910   0.023390
1871.317562   12.630670   0.024370
1871.327342   12.628750   0.024430
1871.337079   12.620980   0.027320
1871.346725   12.632180   0.028010
1871.356495   12.644130   0.026500
1871.366277   12.647140   0.029790
1871.375944   12.612420   0.029870
1871.385808   12.638450   0.033440
1871.395399   12.620800   0.034190
1871.404882   12.644580   0.038970
1871.414342   12.642590   0.038080
1871.423744   12.618720   0.038010
1871.433495   12.661060   0.036890
1871.442405   12.631050   0.035920
1871.449670   12.640400   0.035880
1871.455742   12.631960   0.038530
1871.461191   12.634940   0.040820
1871.465968   12.635670   0.037920
1871.469461   12.675460   0.038970
1871.472994   12.652640   0.038290
1871.476070   12.596400   0.036490
1871.477819   12.659760   0.037670
1871.479709   12.607270   0.035690
1871.481438   12.641340   0.036610
1871.550420   12.653670   0.042920
1871.559908   12.635330   0.044020
1871.569340   12.616140   0.044240
1871.578835   12.617170   0.046530
1871.588334   12.598380   0.051170
1871.597765   12.596480   0.061060
1871.607264   12.639830   0.071400
1871.616819   12.588200   0.091340
1871.626324   12.579020   0.105290
1872.324463   12.629010   0.021770
1872.334315   12.630660   0.021940
1872.344041   12.633120   0.022230
1872.353623   12.622970   0.022580
1872.363427   12.628230   0.021360
1872.373279   12.648830   0.021310
1872.383099   12.628130   0.021590
1872.392766   12.625960   0.021360
1872.402203   12.611470   0.022350
1872.412032   12.622250   0.022750
1872.421585   12.625580   0.023270
1872.431130   12.658430   0.025170
1872.439874   12.639110   0.025700
1872.447517   12.627840   0.024890
1872.454162   12.641560   0.026390
1872.459603   12.653860   0.028120
1872.463903   12.634190   0.029850
1872.467716   12.644680   0.027310
1872.470496   12.630130   0.027720
1872.473152   12.639310   0.028890
1872.474857   12.635510   0.028640
1872.476617   12.639440   0.029390
1872.478370   12.635030   0.029100
1872.480228   12.624530   0.028240
1872.541663   12.645900   0.035510
1872.550845   12.621380   0.036560
1872.560270   12.617150   0.039330
1872.569828   12.622540   0.039150
1872.579400   12.633670   0.043490
1872.588943   12.627530   0.048040
1872.598488   12.666200   0.054170
1872.608116   12.603360   0.061030
1872.617527   12.691900   0.073810
1872.627101   12.670230   0.080070
1872.636625   12.649500   0.112590
1873.229437   12.639670   0.024080
1873.238826   12.649790   0.025520
1873.248403   12.657360   0.025000
1873.258009   12.632330   0.025120
1873.267456   12.640210   0.025640
1873.276959   12.631140   0.026100
1873.286788   12.647620   0.026800
1873.296275   12.635890   0.027050
1873.305896   12.644070   0.029990
1873.315548   12.646930   0.030000
1873.325684   12.653720   0.030840
1873.335346   12.613030   0.032980
1873.344943   12.637970   0.035800
1873.354842   12.648880   0.032180
1873.364691   12.651400   0.036730
1873.374458   12.660650   0.033220
1873.383960   12.639360   0.031410
1873.393856   12.648300   0.031640
1873.403606   12.620150   0.033970
1873.413210   12.610740   0.039270
1873.422938   12.623350   0.037600
1873.432622   12.648550   0.034020
1873.441010   12.618670   0.031590
1873.447044   12.650450   0.030430
1873.453044   12.629840   0.031260
1873.457630   12.633870   0.031530
1873.462090   12.651130   0.031990
1873.465548   12.632300   0.032450
1873.468261   12.654250   0.033260
1873.470892   12.613560   0.035440
1873.472722   12.642070   0.033960
1873.474437   12.636880   0.033690
1873.476606   12.627140   0.046800
1873.539458   12.558180   0.110530
1873.548852   12.705870   0.104030
1873.558313   12.625560   0.078650
1873.567696   12.617040   0.078130
1873.577180   12.636830   0.086160
1873.586745   12.666170   0.073920
1873.596227   12.643440   0.099170
1873.605773   12.605250   0.096610
1873.615321   12.646940   0.084470
1873.624816   12.657990   0.090810
1874.032527   12.636010   0.016570
1874.041923   12.651600   0.017610
1874.051714   12.630330   0.017210
1874.061193   12.625070   0.016920
1874.070741   12.628150   0.018250
1874.080230   12.640420   0.018070
1874.089638   12.637940   0.017670
1874.098984   12.627920   0.018770
1874.108441   12.626800   0.018020
1874.117749   12.635700   0.019120
1874.127103   12.639030   0.018940
1874.136654   12.633820   0.018940
1874.145982   12.641600   0.019800
1874.155173   12.634930   0.021310
1874.164605   12.631080   0.023330
1874.174153   12.660930   0.026900
1874.183645   12.643330   0.035310
1874.193053   12.653570   0.048630
1874.202515   12.650150   0.049280
1874.212179   12.688210   0.053160
1874.222051   12.646920   0.046240
1874.593715   12.654340   0.091010
1874.603390   12.674120   0.077550
1874.613039   12.595830   0.098180
1876.992585   12.640730   0.018190
1877.002277   12.634750   0.018130
1877.012009   12.634890   0.019170
1877.021623   12.633830   0.018540
1877.031340   12.623640   0.020730
1877.041094   12.634540   0.019880
1877.050632   12.650400   0.017380
1877.060512   12.632420   0.018300
1877.070280   12.627640   0.018830
1877.080037   12.643610   0.018830
1877.089835   12.634550   0.018770
1877.099542   12.619760   0.019710
1877.109324   12.637980   0.022880
1877.119234   12.635450   0.022760
1877.128562   12.635590   0.021440
1877.137988   12.621520   0.021200
1877.147449   12.628630   0.025830
1877.157081   12.628300   0.023100
1877.166590   12.626980   0.018530
1877.175811   12.635500   0.020840
1877.185180   12.629540   0.022990
1877.194638   12.640950   0.021210
1877.204359   12.650510   0.021250
1877.213829   12.635780   0.020090
1877.223290   12.637030   0.021540
1877.232928   12.640320   0.020790
1877.242583   12.632480   0.023330
1877.252102   12.654840   0.023690
1877.261424   12.639770   0.023390
1877.271317   12.637320   0.021380
1877.280810   12.636220   0.019980
1877.290913   12.618570   0.022360
1877.300784   12.599180   0.026270
1877.310552   12.629200   0.021830
1877.320329   12.619240   0.026040
1877.330019   12.630600   0.022990
1877.339609   12.621440   0.020270
1877.349339   12.632700   0.022880
1877.359563   12.623450   0.020260
1877.369289   12.606130   0.023110
1877.379166   12.620500   0.022700
1877.389199   12.645100   0.025710
1877.398748   12.626450   0.027720
1877.408188   12.622120   0.026310
1877.417610   12.625200   0.025130
1877.426444   12.640930   0.022750
1877.433416   12.632910   0.024310
1877.439426   12.628900   0.027610
1877.444578   12.627850   0.027210
1877.449101   12.641320   0.024130
1877.452622   12.653250   0.029290
1877.456119   12.640780   0.025600
1877.458826   12.623610   0.024420
1877.460660   12.636000   0.025060
1877.462441   12.616650   0.024770
1877.464144   12.647750   0.025230
1877.465872   12.621790   0.025920
1877.528546   12.612040   0.030780
1877.538164   12.644370   0.032620
1877.547759   12.636580   0.033780
1877.557433   12.623520   0.036380
1877.566991   12.641070   0.036140
1877.956588   12.628440   0.027440
1877.966360   12.644380   0.025640
1877.975795   12.641320   0.019860
1877.985575   12.625160   0.017840
1877.995071   12.634190   0.017150
1878.004964   12.622570   0.016570
1878.014335   12.649430   0.018190
1878.023915   12.634760   0.015060
1878.033403   12.632440   0.016860
1878.042881   12.631550   0.016510
1878.052477   12.631490   0.018650
1878.062202   12.628720   0.018070
1878.072038   12.633380   0.018650
1878.081838   12.625510   0.019050
1878.091595   12.643530   0.018190
1878.101204   12.630540   0.018710
1878.111056   12.635190   0.019230
1878.120475   12.636220   0.019340
1878.129972   12.629180   0.020900
1878.139452   12.625180   0.023960
1878.148981   12.625500   0.039800
1878.158293   12.640600   0.035640
1878.167692   12.614740   0.021250
1878.177309   12.631680   0.020730
1878.186872   12.641960   0.026680
1878.196273   12.636560   0.026040
1878.206054   12.610080   0.029280
1878.215833   12.656070   0.033100
1878.225557   12.617020   0.031760
1878.235117   12.637790   0.026850
1878.244657   12.643880   0.027140
1878.254352   12.625130   0.029230
1878.263984   12.652130   0.031870
1878.273770   12.630830   0.032160
1878.283405   12.623520   0.035420
1878.293079   12.629170   0.034790
1878.302887   12.617490   0.041340
1878.312828   12.633260   0.042730
1878.322431   12.632240   0.044030
1878.332111   12.668140   0.045300
1878.342126   12.584150   0.030050
1878.351898   12.630750   0.035450
1878.361666   12.622550   0.034820
1878.371492   12.608300   0.036090
1878.381052   12.659310   0.037590
1878.390611   12.654980   0.030780
1878.400035   12.631400   0.035450
1878.409523   12.638910   0.035470
1878.419250   12.628720   0.038410
1878.427139   12.625320   0.039660
1878.434256   12.597460   0.034010
1878.439734   12.648030   0.039870
1878.444205   12.623060   0.033730
1878.448555   12.630950   0.033390
1878.452064   12.614050   0.038520
1878.454721   12.627520   0.039620
1878.457364   12.652160   0.038180
1878.459093   12.636470   0.038870
1878.460943   12.616740   0.039720
1878.463071   12.604920   0.053360
1878.523903   12.636680   0.041150
1878.533380   12.610590   0.040820
1878.542754   12.655660   0.040530
1878.552323   12.633260   0.042330
1878.561961   12.650730   0.047750
1878.571685   12.622430   0.067960
1878.581234   12.614500   0.065470
1878.590773   12.653040   0.069710
1878.600390   12.663710   0.091100
1878.885725   12.612260   0.054540
1878.896259   12.620170   0.041630
1878.907039   12.619270   0.039980
1878.917827   12.628860   0.039900
1878.928636   12.626040   0.041230
1878.939490   12.626280   0.033370
1878.950209   12.643100   0.027770
1878.960985   12.621210   0.026620
1878.971663   12.647450   0.025000
1878.982256   12.631310   0.025170
1878.992862   12.637050   0.024370
1879.003349   12.622680   0.025990
1879.014056   12.634180   0.026210
1879.024781   12.636910   0.026380
1879.035403   12.629660   0.029450
1879.046338   12.625500   0.029560
1879.056998   12.636220   0.030380
1879.067120   12.632800   0.030670
1879.077625   12.639250   0.031180
1879.087804   12.644760   0.031640
1879.097718   12.618340   0.034540
1879.108265   12.625820   0.036970
1879.118677   12.611570   0.038980
1879.128946   12.653940   0.032530
1879.138951   12.626740   0.036550
1879.148948   12.615770   0.043150
1879.158753   12.680890   0.044750
1879.168681   12.626950   0.042720
1879.178653   12.605570   0.043600
1879.188532   12.631150   0.047340
1879.198658   12.639770   0.046660
1879.208980   12.635730   0.045620
1879.219105   12.614590   0.049290
1879.229198   12.626440   0.047520
1879.239692   12.613290   0.045500
1879.249885   12.622050   0.048790
1879.259988   12.605060   0.044510
1879.270136   12.639790   0.045700
1879.279998   12.638910   0.037340
1879.290256   12.632320   0.043130
1879.300321   12.612250   0.046110
1879.310604   12.616290   0.044950
1879.321132   12.620040   0.044180
1879.331398   12.607910   0.043840
1879.341711   12.621580   0.044940
1879.352168   12.640280   0.045800
1879.362239   12.651400   0.045030
1879.372581   12.657030   0.049260
1879.383093   12.653970   0.026300
1879.393142   12.601260   0.047630
1879.403333   12.657500   0.049930
1879.413718   12.655100   0.048330
1879.422210   12.646720   0.053280
1879.430290   12.661250   0.056860
1879.436891   12.654190   0.055030
1879.441492   12.635550   0.058280
1879.445571   12.609900   0.056830
1879.449457   12.610890   0.058220
1879.452342   12.615290   0.050880
1879.454194   12.637010   0.060330
1879.456055   12.606100   0.050150
1879.457932   12.637830   0.055260
1879.460282   12.625530   0.087960
1879.524043   12.638020   0.078630
1879.534146   12.658010   0.080980
1879.544253   12.657320   0.085240
1879.554321   12.548290   0.048600
1879.564508   12.682450   0.088020
1879.574677   12.608900   0.091500
1879.584814   12.672970   0.096990
1879.594935   12.645940   0.090810
1879.605121   12.716420   0.097890
1879.615186   12.668890   0.104110
1879.625350   12.623230   0.114390
1879.885631   12.614040   0.065190
1879.895153   12.622290   0.054470
1879.904711   12.632690   0.039670
1879.914664   12.634250   0.033280
1879.924232   12.649070   0.026160
1879.933937   12.627010   0.023630
1879.943742   12.624970   0.019750
1879.953255   12.647620   0.018710
1879.962965   12.630700   0.017150
1879.972299   12.642300   0.017150
1879.982133   12.626880   0.017670
1879.991480   12.635230   0.018250
1880.001350   12.624550   0.018590
1880.010995   12.618690   0.020570
1880.020489   12.649450   0.020800
1880.030167   12.631780   0.021480
1880.040004   12.624520   0.020670
1880.050020   12.625840   0.020560
1880.059700   12.623490   0.020970
1880.069635   12.617520   0.021200
1880.079469   12.639880   0.022460
1880.089000   12.626360   0.021830
1880.098524   12.631540   0.023160
1880.108072   12.646010   0.024310
1880.117530   12.636530   0.021770
1880.127140   12.634250   0.024140
1880.200091   12.633080   0.024960
1880.209735   12.598500   0.027960
1880.219431   12.633500   0.026470
1880.229324   12.617270   0.023850
1880.238989   12.627200   0.023740
1880.248836   12.631700   0.022750
1880.258298   12.635930   0.024950
1880.267686   12.634350   0.024830
1880.277275   12.646410   0.025470
1880.286928   12.626890   0.030200
1880.306613   12.633120   0.025870
1880.369120   12.626530   0.024030
1880.684731   12.704080   0.070450
1880.693935   12.634920   0.069140
1880.703424   12.590940   0.082490
1880.712965   12.611130   0.101130
1880.722822   12.614940   0.109900
1880.967707   12.643770   0.025700
1880.977730   12.620760   0.026860
1880.987626   12.642800   0.021770
1880.997175   12.614540   0.020790
1881.007352   12.640230   0.021430
1881.017262   12.625510   0.021620
1881.027023   12.631260   0.023850
1881.036583   12.635920   0.022640
1881.046307   12.638220   0.023910
1881.055914   12.630380   0.026910
1881.065565   12.643310   0.026450
1881.075352   12.640200   0.028010
1881.085120   12.651670   0.026340
1881.094964   12.630000   0.024950
1881.104801   12.641990   0.021370
1881.114937   12.634790   0.031410
1881.124474   12.635700   0.027850
1881.134326   12.649360   0.029450
1881.143810   12.618290   0.021480
1881.153419   12.651450   0.028660
1881.163015   12.647390   0.025460
1881.171357   12.652580   0.022350
1881.180981   12.631620   0.023150
1881.190627   12.627300   0.019630
1881.200550   12.623770   0.021190
1881.210473   12.628290   0.023040
1881.220305   12.636990   0.024540
1881.230199   12.651560   0.024650
1881.239668   12.654640   0.025750
1881.249328   12.631810   0.025000
1881.258917   12.626550   0.024770
1881.268352   12.629890   0.025460
1881.278189   12.639370   0.025640
1881.288137   12.640360   0.026270
1881.297680   12.613950   0.025920
1881.307337   12.632650   0.027030
1881.317394   12.632030   0.027830
1881.327336   12.636650   0.028930
1881.337373   12.652790   0.029390
1881.347129   12.621740   0.028810
1881.357110   12.636510   0.029850
1881.366722   12.631890   0.030310
1881.376276   12.610000   0.031120
1881.386104   12.621970   0.032280
1881.395996   12.620110   0.031750
1881.405772   12.644940   0.033780
1881.414838   12.645950   0.033370
1881.422098   12.646520   0.034590
1881.428287   12.633660   0.034030
1881.433496   12.644200   0.034240
1881.437835   12.629150   0.034850
1881.441542   12.635610   0.036580
1881.445078   12.657580   0.037440
1881.447777   12.633580   0.035580
1881.449541   12.648070   0.036260
1881.451276   12.622550   0.035980
1881.453055   12.633220   0.036730
1881.455245   12.646030   0.051410
1881.512259   12.631020   0.038000
1881.522032   12.625270   0.040940
1881.531584   12.633870   0.042930
1881.541053   12.637660   0.041710
1881.550943   12.658960   0.042150
1881.560601   12.623260   0.043320
1881.570473   12.644020   0.044190
1881.580253   12.649850   0.050130
1881.589860   12.642640   0.045030
1881.599577   12.626160   0.050700
1881.609472   12.665890   0.049310
1881.619114   12.632390   0.056370
1881.628942   12.652190   0.058150
1881.638590   12.611910   0.068650
1881.648351   12.587710   0.070040
1881.797650   12.538590   0.065900
1881.807277   12.663740   0.116460
1881.816745   12.577730   0.102450
1881.826319   12.672650   0.069870
1881.835921   12.642690   0.061690
1881.845731   12.627960   0.053660
1881.855252   12.622830   0.049980
1881.864967   12.646220   0.045680
1881.874874   12.633740   0.038740
1881.884546   12.617860   0.032220
1881.894462   12.615280   0.028930
1881.904494   12.628520   0.025980
1881.914271   12.619200   0.024830
1881.923884   12.650000   0.025110
1881.933466   12.638850   0.023560
1881.943231   12.662790   0.024360
1881.952875   12.643840   0.030370
1881.962633   12.644940   0.033780
1881.972149   12.619800   0.035340
1881.982098   12.619750   0.037300
1881.992169   12.640730   0.047350
1882.001889   12.624720   0.052840
1882.011594   12.616330   0.054070
1882.021627   12.661580   0.039610
1882.031644   12.651410   0.046770
1882.041324   12.612920   0.045630
1882.051198   12.601810   0.039760
1882.060871   12.651790   0.043000
1882.070527   12.605280   0.077250
1882.080330   12.640940   0.032750
1882.090096   12.651820   0.067580
1882.099569   12.571420   0.105300
1882.109365   12.629180   0.054340
1882.121972   12.630260   0.047860
1882.131558   12.638720   0.036610
1882.141120   12.654600   0.061570
1882.150540   12.616810   0.038600
1882.160119   12.637750   0.042050
1882.169652   12.588900   0.042780
1882.179008   12.638980   0.042270
1882.188466   12.644640   0.048310
1882.198063   12.628600   0.054050
1882.208031   12.594060   0.093850
1882.217722   12.649810   0.078540
1882.227231   12.621920   0.066740
1882.236839   12.587410   0.067210
1882.246327   12.650520   0.095240
1882.256107   12.638410   0.089510
1882.266006   12.639310   0.088710
1882.275585   12.650340   0.074160
1882.285301   12.630840   0.076040
1882.295361   12.626460   0.070620
1882.305067   12.570590   0.096380
1882.315073   12.621330   0.113160
1882.325032   12.647860   0.071480
1882.334886   12.664030   0.068040
1882.344919   12.620690   0.078580
1882.354771   12.656970   0.086000
1882.364587   12.612850   0.069200
1882.374737   12.671080   0.065460
1883.093660   12.628360   0.029740
1883.103366   12.652420   0.050720
1883.112818   12.625040   0.032590
1883.122237   12.630340   0.037270
1883.131900   12.629160   0.032080
1883.141295   12.620150   0.033490
1883.150882   12.627920   0.037970
1883.160374   12.607720   0.042170
1883.169871   12.599740   0.041860
1883.179271   12.622310   0.032170
1883.188727   12.619500   0.032720
1883.198404   12.650340   0.038860
1883.207904   12.615010   0.040860
1883.217549   12.657690   0.039070
1883.226897   12.601100   0.042190
1883.236210   12.617500   0.042880
1883.245790   12.640220   0.041470
1883.255334   12.636160   0.042890
1883.265175   12.632780   0.043130
1883.274780   12.665140   0.043650
1883.284849   12.658460   0.058640
1883.294394   12.591420   0.063370
1883.304305   12.647390   0.058350
1883.314080   12.580480   0.068100
1883.323720   12.619600   0.059400
1883.333437   12.634370   0.051230
1883.343435   12.631770   0.053370
1883.353548   12.664800   0.063440
1883.363493   12.643890   0.047870
1883.373027   12.665210   0.052440
1883.382657   12.667070   0.055200
1883.392439   12.626200   0.050690
1883.402040   12.651060   0.051140
1883.410061   12.674380   0.055920
1883.417485   12.671200   0.060800
1883.423677   12.604120   0.056060
1883.428949   12.651760   0.056420
1883.433300   12.629080   0.064440
1883.436812   12.654070   0.052500
1883.440325   12.638640   0.061040
1883.443180   12.597380   0.052550
1883.444926   12.661920   0.058640
1883.446707   12.583910   0.050350
1883.448508   12.620320   0.052100
1883.507335   12.672140   0.060100
1883.517022   12.656710   0.056100
1883.526655   12.642040   0.066310
1883.536232   12.612280   0.067140
1883.545818   12.640950   0.071910
1883.555341   12.620720   0.064150
1883.565051   12.651760   0.074190
1883.574608   12.610530   0.064570
1883.584302   12.658390   0.066250
1883.593915   12.629420   0.056130
1884.099534   12.618660   0.015650
1884.109140   12.646710   0.015590
1884.118686   12.636480   0.018770
1884.128292   12.615430   0.025080
1884.137551   12.633570   0.017620
1884.147279   12.637940   0.019570
1884.156774   12.646160   0.020960
1884.166197   12.633370   0.025690
1884.175960   12.615420   0.025010
1884.185414   12.616310   0.021780
1884.194977   12.625830   0.018130
1884.204574   12.662370   0.019860
1884.214174   12.629300   0.017670
1884.223839   12.628030   0.020730
1884.233272   12.642690   0.028590
1884.242628   12.633950   0.016570
1884.252195   12.634570   0.016170
1884.261682   12.632070   0.016400
1884.271201   12.637240   0.016230
1884.280876   12.628150   0.017680
1884.290846   12.636270   0.019170
1884.300573   12.629840   0.020960
1884.310420   12.617740   0.032810
1884.320206   12.639890   0.019920
1884.330156   12.640070   0.020620
1884.340081   12.637400   0.024540
1884.350052   12.645810   0.024160
1884.360119   12.617690   0.020320
1884.370060   12.616960   0.020090
1884.379738   12.627840   0.021710
1884.389528   12.646200   0.017490
1884.399065   12.630250   0.018360
1884.406881   12.648990   0.021310
1884.413865   12.622780   0.024770
1884.420368   12.624780   0.027820
1884.425635   12.628790   0.019170
1884.430150   12.637770   0.017550
1884.433678   12.642590   0.019800
1884.437202   12.632090   0.019520
1884.439908   12.622560   0.020210
1884.441669   12.645270   0.020090
1884.443407   12.618810   0.019400
1884.445186   12.647870   0.018830
1884.446926   12.645180   0.025830
1884.503638   12.640430   0.017730
1884.513187   12.629090   0.020970
1884.522993   12.630570   0.017730
1884.532900   12.631830   0.016340
1884.542819   12.635650   0.020050
1884.552706   12.640450   0.021560
1884.562458   12.632650   0.015300
1884.572213   12.645590   0.018290
1884.581820   12.635570   0.015880
1884.591479   12.631700   0.019690
1884.600983   12.627420   0.017900
1884.610820   12.624800   0.016750
1884.886961   12.597340   0.043370
1884.896459   12.619380   0.048010
1884.906042   12.612730   0.042060
1884.915643   12.597810   0.053080
1884.925737   12.644000   0.039450
1884.935570   12.652310   0.054770
1884.945448   12.670480   0.042950
1884.954875   12.667100   0.048390
1884.964329   12.627700   0.042760
1884.974229   12.627500   0.054850
1884.983546   12.613560   0.054410
1884.993441   12.641700   0.049340
1885.003341   12.619770   0.043080
1885.013229   12.650600   0.054270
1885.022911   12.638640   0.048560
1885.032502   12.617140   0.061940
1885.042137   12.661940   0.061700
1885.052183   12.649970   0.063010
1885.061957   12.695050   0.071650
1885.071678   12.630630   0.073130
1885.081285   12.645390   0.079810
1885.090973   12.622280   0.070130
1885.100847   12.643310   0.069480
1885.278794   12.663420   0.038810
1885.288696   12.647720   0.050510
1885.298475   12.631590   0.043320
1885.308250   12.634620   0.041920
1885.318087   12.658210   0.042070
1885.328301   12.604950   0.051060
1885.338173   12.684820   0.077810
1885.347960   12.595810   0.061730
1885.357853   12.625060   0.069290
1885.367578   12.623580   0.069650
1885.377344   12.642970   0.083570
1885.386938   12.588220   0.088150
1885.396599   12.690930   0.070730
1885.404395   12.622420   0.067240
1885.411445   12.612720   0.068210
1885.417511   12.670330   0.079310
1885.422892   12.617570   0.081690
1885.427461   12.684000   0.076460
1885.430989   12.649320   0.064800
1885.434637   12.637730   0.073980
1885.437356   12.692940   0.074910
1885.439093   12.616070   0.069630
1885.440855   12.580910   0.067230
1885.442624   12.621730   0.063020
1885.444416   12.611040   0.064340
1885.502228   12.692250   0.070920
1885.511985   12.672500   0.096450
1885.521821   12.576300   0.072860
1885.531512   12.601760   0.068340
1885.541243   12.612020   0.076670
1885.551133   12.614160   0.063820
1885.560860   12.643290   0.067690
1885.570601   12.635160   0.064180
1885.580236   12.637120   0.080100
1885.590133   12.631970   0.049900
1886.072366   12.622910   0.014550
1886.082057   12.630660   0.015880
1886.091456   12.621950   0.016460
1886.101064   12.642470   0.017330
1886.110701   12.639750   0.016630
1886.120214   12.621050   0.016740
1886.129544   12.633740   0.017490
1886.138882   12.631790   0.017900
1886.148233   12.631830   0.017900
1886.157943   12.624410   0.018530
1886.167550   12.625440   0.021030
1886.177101   12.642130   0.021020
1886.186997   12.632880   0.021880
1886.196609   12.616550   0.023440
1886.206153   12.610300   0.025520
1886.215757   12.658450   0.027310
1886.225422   12.647680   0.035750
1886.234829   12.612560   0.036620
1886.244630   12.634940   0.036140
1886.254426   12.628690   0.026170
1886.263771   12.636420   0.021480
1886.273578   12.635880   0.037540
1886.283270   12.641010   0.021070
1886.293134   12.645890   0.022350
1886.303115   12.634780   0.025930
1886.312914   12.643810   0.022980
1886.322818   12.625580   0.023850
1886.332859   12.631420   0.024080
1886.342543   12.620600   0.022980
1886.352534   12.649910   0.023500
1886.362281   12.629620   0.024710
1886.372003   12.629490   0.025750
1886.381496   12.641840   0.027870
1886.391198   12.634990   0.030960
1886.399994   12.641880   0.029040
1886.408171   12.612640   0.029870
1886.414363   12.639180   0.036330
1886.419581   12.635400   0.039980
1886.423873   12.629420   0.035630
1886.427459   12.621230   0.033560
1886.431086   12.661020   0.033730
1886.433748   12.634900   0.038610
1886.435540   12.617550   0.041580
1886.437293   12.639410   0.035380
1886.439058   12.630920   0.035640
1886.441348   12.625570   0.074210
