1863.169882   14.495070   0.095640
1863.179028   14.464220   0.107120
1863.188111   14.576350   0.117970
1863.197263   14.530200   0.105070
1863.206453   14.519330   0.100570
1863.215516   14.532920   0.126340
1863.224486   14.608280   0.128840
1863.233708   14.613450   0.132340
1863.242950   14.575120   0.106500
1863.252052   14.522890   0.121050
1863.260978   14.490370   0.112070
1864.122118   14.512570   0.081700
1864.131216   14.500760   0.106640
1864.140349   14.513030   0.098650
1864.149328   14.464840   0.091330
1864.158727   14.516780   0.091120
1864.168077   14.495550   0.114120
1864.177441   14.488870   0.111560
1864.186471   14.484070   0.087940
1864.195786   14.526510   0.107780
1864.204761   14.505810   0.101680
1864.213956   14.485970   0.095870
1864.223275   14.476320   0.089430
1864.232312   14.527550   0.109800
1864.241734   14.539440   0.100760
1864.250994   14.523130   0.089780
1865.081496   14.713200   0.073800
1865.090914   14.572540   0.128990
1865.103000   14.491820   0.115450
1865.112265   14.524580   0.121470
1865.180915   14.540640   0.084710
1865.189934   14.489500   0.066890
1865.199137   14.552850   0.088230
1865.208040   14.502820   0.068300
1865.217207   14.489570   0.103160
1865.226382   14.481890   0.097620
1865.235932   14.559540   0.111400
1865.245886   14.449450   0.107110
1865.255783   14.493970   0.104030
1865.265750   14.536440   0.132850
1865.275774   14.566160   0.123410
1865.285892   14.608730   0.110340
1865.295973   14.599430   0.122320
1865.306185   14.518030   0.114680
1865.316145   14.569560   0.108030
1865.417333   14.526790   0.101330
1865.427553   14.547600   0.108030
1865.437669   14.547440   0.111510
1866.165339   14.603170   0.073330
1866.174723   14.540270   0.073560
1866.184057   14.518800   0.076580
1866.193410   14.593350   0.076100
1866.202706   14.542710   0.079340
1866.221409   14.498540   0.081080
1866.230791   14.550190   0.077630
1866.240551   14.567400   0.074170
1866.250004   14.600810   0.080570
1866.259354   14.549840   0.082760
1867.193045   14.554180   0.055080
1867.202355   14.499310   0.057580
1867.211516   14.547460   0.054880
1867.220585   14.524970   0.064600
1867.230131   14.508900   0.064300
1867.239707   14.489800   0.062320
1867.249230   14.561560   0.060910
1867.258785   14.537100   0.061570
1867.268385   14.525800   0.061560
1867.277702   14.513540   0.064340
1867.287153   14.544920   0.071300
1867.296854   14.515700   0.066650
1867.306121   14.494730   0.066400
1867.315500   14.501650   0.062440
1867.325094   14.521710   0.069010
1867.334502   14.542230   0.075180
1867.344482   14.541030   0.079180
1867.354030   14.513480   0.074370
1867.363492   14.502880   0.088610
1867.372735   14.575450   0.079910
1867.382212   14.572280   0.086290
1867.391671   14.517010   0.090380
1867.401392   14.448130   0.083960
1867.410805   14.532110   0.082220
1867.420288   14.495420   0.101180
1867.429722   14.639160   0.116380
1867.439192   14.531340   0.104800
1867.448574   14.553290   0.111730
1867.456168   14.517230   0.098370
1867.463320   14.577480   0.103590
1867.469421   14.506980   0.100540
1867.473939   14.515160   0.083100
1867.478291   14.571410   0.079140
1867.481655   14.569180   0.080540
1867.484335   14.492220   0.087890
1867.486951   14.561700   0.091410
1867.488639   14.530270   0.092440
1867.490315   14.548960   0.095740
1867.492002   14.612090   0.093260
1867.493724   14.482520   0.085870
1868.197661   14.550510   0.102750
1868.207123   14.527700   0.101520
1868.216418   14.620880   0.099420
1868.225986   14.542550   0.119500
1868.235964   14.469900   0.062500
1868.245580   14.510770   0.119740
1868.255259   14.524040   0.123620
1868.274355   14.475150   0.110060
1868.283929   14.530950   0.130060
1868.332236   14.469740   0.075600
1870.219778   14.494820   0.066860
1870.229270   14.501950   0.071900
1870.238762   14.519490   0.072380
1870.248135   14.472080   0.068730
1870.276950   14.574410   0.074860
1870.286498   14.514060   0.080930
1870.295849   14.538440   0.072560
1870.315197   14.546530   0.092240
1870.325274   14.535530   0.096860
1870.335174   14.513910   0.087380
1871.136689   14.544540   0.084600
1871.146179   14.496330   0.073070
1871.155384   14.480280   0.077830
1871.164955   14.476030   0.086050
1871.174269   14.538860   0.087180
1871.183469   14.510470   0.090260
1871.202392   14.516000   0.088050
1871.211865   14.566160   0.106740
1871.221273   14.502430   0.100080
1871.230922   14.570320   0.088740
1871.240394   14.510490   0.088170
1871.250018   14.539590   0.095120
1871.259511   14.490970   0.088470
1871.278903   14.521170   0.091880
1871.288648   14.538890   0.099720
1871.298226   14.574400   0.095050
1871.327342   14.521120   0.106040
1871.337079   14.509730   0.110770
1871.346725   14.599090   0.121580
1871.395399   14.467340   0.130080
1871.455589   14.476120   0.078600
1871.479709   14.430820   0.076400
1872.324463   14.644260   0.054000
1872.344041   14.521410   0.095680
1872.353623   14.555140   0.095650
1872.363427   14.463940   0.089350
1872.431130   14.490240   0.103300
1872.439874   14.547890   0.103780
1872.447517   14.508680   0.098440
1872.454162   14.491530   0.103710
1872.459603   14.537010   0.114330
1872.463903   14.540570   0.118130
1872.467716   14.571670   0.117730
1872.470496   14.503530   0.114680
1872.473152   14.579530   0.116920
1872.474857   14.530610   0.118960
1872.476617   14.549110   0.116200
1872.478370   14.464540   0.114530
1872.480228   14.514130   0.114300
1872.541663   14.459070   0.106440
1873.238826   14.537830   0.106910
1873.248403   14.533950   0.100490
1873.258009   14.429680   0.102430
1873.276959   14.558900   0.109100
1873.286788   14.567560   0.114270
1873.296275   14.454700   0.111550
1873.305896   14.519270   0.115010
1873.354842   14.624270   0.101420
1873.383960   14.591150   0.129410
1873.441010   14.556510   0.127050
1873.447044   14.526370   0.120840
1873.453044   14.524490   0.123350
1873.457630   14.534340   0.126620
1873.462090   14.505050   0.124200
1873.465548   14.565400   0.132200
1873.468337   14.498200   0.104680
1873.472798   14.456640   0.103250
1873.474437   14.580340   0.130830
1873.476352   14.523960   0.148160
1874.032527   14.533830   0.065540
1874.041923   14.519460   0.072030
1874.061193   14.528950   0.071360
1874.070741   14.537430   0.081570
1874.080230   14.552150   0.079490
1874.089638   14.551760   0.076500
1874.098984   14.488940   0.082410
1874.108441   14.503030   0.075470
1874.117749   14.516930   0.077270
1874.127103   14.561600   0.084950
1874.136654   14.602360   0.086370
1874.145982   14.530130   0.082820
1874.155173   14.545300   0.090320
1874.164605   14.551850   0.097370
1874.174153   14.463790   0.113820
1876.992585   14.494430   0.079670
1877.002277   14.452320   0.078890
1877.012009   14.569610   0.084500
1877.021623   14.465550   0.078730
1877.031340   14.511160   0.094120
1877.041094   14.506060   0.086780
1877.060512   14.519150   0.079450
1877.070280   14.525990   0.082350
1877.080037   14.477970   0.079590
1877.089835   14.566160   0.081600
1877.099542   14.576410   0.084000
1877.128562   14.480860   0.090040
1877.137988   14.554040   0.096010
1877.147449   14.489520   0.100520
1877.166514   14.587620   0.097960
1877.175811   14.530040   0.092430
1877.185180   14.554070   0.101070
1877.194638   14.547040   0.096720
1877.204359   14.497480   0.086720
1877.213829   14.588410   0.090700
1877.223290   14.495270   0.093960
1877.232928   14.555650   0.094000
1877.242583   14.533370   0.099330
1877.252102   14.486310   0.098640
1877.261424   14.571090   0.103730
1877.271317   14.581200   0.096770
1877.280810   14.545490   0.083350
1877.290913   14.533050   0.100580
1877.300784   14.478390   0.098340
1877.310552   14.619270   0.100850
1877.320329   14.561430   0.102640
1877.330019   14.510880   0.095020
1877.339609   14.508650   0.088810
1877.369289   14.497560   0.101650
1877.379166   14.548510   0.092730
1877.389199   14.561860   0.107510
1877.433416   14.555380   0.108190
1877.444578   14.547170   0.114520
1877.452699   14.580780   0.095040
1877.456119   14.515360   0.105330
1877.462441   14.461280   0.104290
1877.464144   14.533220   0.110410
1877.465872   14.547910   0.113790
1877.538164   14.505930   0.126080
1877.547759   14.550650   0.078000
1877.956588   14.500130   0.120550
1877.985575   14.514170   0.074490
1877.995071   14.506480   0.072300
1878.004964   14.564050   0.073280
1878.023915   14.506870   0.065550
1878.033403   14.481890   0.063070
1878.052477   14.527390   0.075880
1878.062202   14.561330   0.076290
1878.072038   14.540170   0.078910
1878.081838   14.528570   0.086630
1878.091595   14.505770   0.071890
1878.101204   14.536730   0.078050
1878.111056   14.517200   0.084070
1878.120475   14.469660   0.078290
1878.129972   14.519540   0.085710
1878.139452   14.460340   0.101580
1878.158293   14.542850   0.108280
1878.167692   14.528120   0.088480
1878.177309   14.510380   0.085620
1878.186872   14.562810   0.107030
1878.196273   14.535880   0.105540
1878.206054   14.478390   0.120570
1878.215833   14.481670   0.124030
1878.225557   14.553840   0.129730
1878.235117   14.590940   0.110170
1878.244657   14.513260   0.113790
1878.254352   14.539670   0.121750
1878.273770   14.548850   0.133720
1878.283405   14.466170   0.102590
1878.292926   14.486490   0.074100
1878.371492   14.540960   0.105790
1878.939490   14.510470   0.134530
1878.950209   14.497280   0.115160
1878.960985   14.544070   0.113400
1878.971663   14.547750   0.105270
1878.982256   14.564250   0.108150
1878.992862   14.606520   0.102790
1879.003349   14.515080   0.109630
1879.014056   14.561410   0.115690
1879.024781   14.536570   0.108820
1879.035403   14.482260   0.122420
1879.046338   14.560830   0.117320
1879.056998   14.549390   0.123310
1879.067120   14.597030   0.130510
1879.077625   14.526930   0.127090
1879.087804   14.587100   0.129040
1879.097794   14.363840   0.104030
1879.139104   14.454200   0.077000
1879.933937   14.502210   0.100040
1879.943742   14.494630   0.089110
1879.953255   14.545820   0.083180
1879.972299   14.580470   0.073100
1879.982133   14.514870   0.075240
1879.991480   14.535590   0.084160
1880.001350   14.546060   0.082400
1880.010995   14.544030   0.092220
1880.020489   14.507140   0.089660
1880.030167   14.576560   0.096870
1880.040004   14.551850   0.092040
1880.050020   14.466350   0.090140
1880.059700   14.530290   0.095800
1880.069635   14.588390   0.098110
1880.079469   14.536020   0.101620
1880.089000   14.563880   0.097790
1880.098524   14.585490   0.105250
1880.108072   14.453720   0.101460
1880.117530   14.596350   0.096590
1880.127140   14.519600   0.100870
1880.200091   14.508720   0.105110
1880.209735   14.485620   0.105310
1880.219431   14.471580   0.109360
1880.229324   14.518540   0.103870
1880.238989   14.591340   0.106650
1880.248836   14.568260   0.103490
1880.258298   14.584190   0.107450
1880.267686   14.554120   0.109700
1880.277275   14.514100   0.107640
1880.286928   14.548690   0.114600
1880.306613   14.508810   0.110800
1880.369120   14.566550   0.106350
1880.967707   14.600420   0.056400
1880.977577   14.525170   0.059200
1880.997175   14.516410   0.098930
1881.007352   14.518510   0.097090
1881.017262   14.488710   0.098530
1881.027023   14.479910   0.101830
1881.036583   14.480790   0.096500
1881.046307   14.594060   0.106580
1881.055914   14.535670   0.107470
1881.065565   14.525100   0.108690
1881.075352   14.514840   0.108260
1881.085120   14.573620   0.110690
1881.094964   14.446090   0.102520
1881.104801   14.544050   0.096240
1881.134326   14.531840   0.115330
1881.143810   14.556590   0.094120
1881.153343   14.499750   0.093720
1881.163015   14.471230   0.106780
1881.171357   14.491430   0.092870
1881.180981   14.533440   0.102120
1881.190627   14.503550   0.082920
1881.200550   14.584230   0.098360
1881.210473   14.524250   0.103450
1881.220305   14.556330   0.104720
1881.230199   14.519530   0.100380
1881.239668   14.499340   0.107990
1881.249328   14.535600   0.108870
1881.258917   14.535460   0.101570
1881.268352   14.524130   0.112250
1881.278189   14.558790   0.110850
1881.288137   14.527730   0.109880
1881.297680   14.483980   0.105700
1881.307337   14.524880   0.112080
1881.317394   14.506920   0.112990
1881.376276   14.513950   0.122170
1881.386104   14.560270   0.131120
1881.395996   14.498540   0.130410
1881.405772   14.434350   0.125110
1881.422022   14.492940   0.106510
1881.433496   14.555060   0.074900
1881.441542   14.503780   0.079100
1881.449694   14.542570   0.079400
1881.455536   14.437610   0.075700
1881.933389   14.571960   0.085850
1881.952875   14.514720   0.123850
1881.962786   14.349550   0.072300
1883.093736   14.518960   0.099830
1883.131900   14.526070   0.072300
1883.179194   14.564450   0.106280
1883.188803   14.517630   0.103680
1884.099534   14.529060   0.073730
1884.109140   14.541170   0.072300
1884.118686   14.558750   0.088380
1884.128292   14.619050   0.099590
1884.147279   14.522740   0.091320
1884.156774   14.498610   0.098200
1884.166197   14.566020   0.081040
1884.185414   14.512690   0.098590
1884.194977   14.513270   0.080280
1884.204574   14.607990   0.092410
1884.233348   14.521590   0.095960
1884.242628   14.586330   0.078180
1884.252195   14.518080   0.073910
1884.261682   14.523290   0.069850
1884.280876   14.498580   0.084640
1884.290846   14.550020   0.088970
1884.300573   14.541940   0.096130
1884.320206   14.441120   0.088370
1884.330156   14.461270   0.091540
1884.360119   14.574010   0.096000
1884.370060   14.575430   0.089760
1884.399065   14.528760   0.085870
1884.406881   14.475240   0.094870
1884.413865   14.528160   0.110340
1884.420522   14.514220   0.056800
1884.430150   14.556460   0.074480
1884.433678   14.477930   0.086610
1884.437202   14.472840   0.088290
1884.439908   14.562150   0.096420
1884.441669   14.520660   0.093060
1884.443407   14.547300   0.087760
1884.445186   14.515540   0.084550
1884.446926   14.516800   0.084860
1884.503638   14.512140   0.079510
1884.513187   14.588630   0.093840
1884.522993   14.584150   0.085210
1884.532900   14.565950   0.074770
1884.542819   14.561580   0.092750
1884.562458   14.529750   0.062750
1884.572213   14.510750   0.084890
1884.581820   14.545340   0.063850
1884.600983   14.526830   0.078050
1884.610820   14.541230   0.073950
1886.072366   14.503860   0.061980
1886.082057   14.537000   0.069450
1886.091456   14.454830   0.069930
1886.101064   14.501890   0.074470
1886.120214   14.481850   0.072300
1886.129544   14.512370   0.078710
1886.138882   14.498750   0.076590
1886.148233   14.526110   0.077890
1886.157943   14.531970   0.080290
1886.167550   14.590470   0.084850
1886.177101   14.498870   0.088740
1886.186997   14.548190   0.095680
1886.196609   14.504620   0.100930
1886.206153   14.537030   0.112250
1886.225422   14.369630   0.103250
1886.254426   14.546180   0.119190
1886.293134   14.487230   0.095940
1886.303115   14.519890   0.111740
1886.312914   14.488310   0.101330
1886.322818   14.520790   0.105300
1886.391275   14.605510   0.102040
1886.399994   14.568820   0.123280
1886.439058   14.474540   0.073700
