1863.169882   12.634010   0.023960
1863.179028   12.621410   0.026160
1863.188111   12.619990   0.029680
1863.197263   12.622420   0.027420
1863.206453   12.603900   0.026620
1863.215516   12.618330   0.031700
1863.224486   12.608830   0.030320
1863.233708   12.623700   0.032390
1863.243026   12.631800   0.033680
1863.252052   12.632750   0.030110
1863.260978   12.630980   0.028460
1863.270074   12.592350   0.032630
1863.279229   12.629430   0.028980
1863.288341   12.643450   0.027600
1863.297662   12.621100   0.025400
1863.306748   12.635010   0.029390
1863.315898   12.611320   0.030110
1863.325261   12.618290   0.029440
1863.334632   12.625840   0.030140
1863.344416   12.620500   0.029390
1863.353962   12.614960   0.029390
1863.363511   12.627060   0.025750
1863.372640   12.612450   0.024420
1863.381795   12.622850   0.024890
1863.391577   12.624550   0.026270
1863.400670   12.633330   0.027540
1863.410157   12.618180   0.027670
1863.419415   12.597320   0.028360
1863.428728   12.620760   0.030200
1863.438171   12.618370   0.030660
1863.447725   12.617790   0.034700
1863.457038   12.622240   0.038140
1863.464667   12.608700   0.042520
1863.471563   12.635370   0.045760
1863.477686   12.658950   0.042720
1863.482900   12.621390   0.043910
1863.487037   12.602460   0.047790
1863.490505   12.640490   0.047630
1863.494064   12.630530   0.043530
1863.496621   12.643500   0.049270
1863.498272   12.620360   0.047620
1863.500087   12.642100   0.048900
1863.501889   12.635440   0.051160
1863.503937   12.613680   0.070740
1864.122118   12.632820   0.019690
1864.131216   12.633000   0.025880
1864.140349   12.613820   0.022920
1864.149328   12.637850   0.022810
1864.158727   12.620510   0.021710
1864.168077   12.636810   0.027370
1864.177441   12.634230   0.025120
1864.186471   12.641100   0.020910
1864.195786   12.646110   0.026150
1864.204761   12.631580   0.023730
1864.213956   12.621060   0.022400
1864.223275   12.608310   0.022120
1864.232312   12.618890   0.025520
1864.241734   12.609470   0.025930
1864.250994   12.613780   0.022810
1864.260292   12.615930   0.026330
1864.269452   12.642290   0.023380
1864.278712   12.616530   0.027840
1864.288040   12.624990   0.027250
1864.297228   12.606300   0.025810
1864.306786   12.623610   0.027190
1864.315982   12.611260   0.027680
1864.325240   12.628610   0.026900
1864.334830   12.622990   0.026040
1864.344223   12.637810   0.034930
1864.353629   12.654140   0.034530
1864.362884   12.624980   0.039170
1864.372284   12.648190   0.043950
1864.381718   12.598460   0.039110
1864.391386   12.605070   0.033040
1864.401175   12.622500   0.042240
1864.410777   12.621700   0.037520
1864.420158   12.595650   0.038520
1864.429378   12.611250   0.040780
1864.438639   12.624290   0.047750
1864.448098   12.596810   0.055910
1864.457409   12.632960   0.059830
1864.465120   12.668510   0.056200
1864.472313   12.651100   0.064240
1864.477494   12.613880   0.072060
1864.482643   12.544810   0.091210
1864.486002   12.652360   0.116570
1864.489646   12.660010   0.108370
1864.492216   12.612940   0.081770
1864.494776   12.684930   0.093130
1864.496480   12.654470   0.094650
1864.498365   12.586940   0.089730
1864.500091   12.554360   0.092610
1864.501760   12.662260   0.092250
1865.081649   12.616250   0.031120
1865.090914   12.624950   0.030780
1865.103000   12.624660   0.029040
1865.112265   12.615640   0.028060
1865.121493   12.658320   0.033030
1865.180915   12.615480   0.019630
1865.189934   12.629680   0.015880
1865.199137   12.623110   0.019920
1865.208040   12.618860   0.015880
1865.217207   12.629110   0.023900
1865.226382   12.635380   0.022410
1865.235932   12.624970   0.024250
1865.245886   12.627240   0.024880
1865.255783   12.615560   0.024420
1865.265750   12.639920   0.033640
1865.275774   12.609160   0.027560
1865.285892   12.635900   0.024480
1865.295973   12.653090   0.028180
1865.306185   12.620150   0.026100
1865.316145   12.651250   0.025640
1865.326150   12.613690   0.028060
1865.336276   12.619770   0.033020
1865.346577   12.612390   0.030720
1865.356675   12.619310   0.029270
1865.366659   12.616880   0.031710
1865.376904   12.590380   0.031880
1865.387088   12.621100   0.033790
1865.397153   12.642300   0.035100
1865.407149   12.632210   0.031350
1865.417333   12.605720   0.030080
1865.427630   12.640240   0.032000
1865.437669   12.621450   0.031230
1865.448171   12.643160   0.039620
1865.457324   12.628930   0.043160
1865.465615   12.591830   0.047080
1865.471988   12.670220   0.057490
1865.477591   12.660210   0.068500
1865.482335   12.615870   0.055160
1865.486159   12.613210   0.066000
1865.489785   12.663480   0.057300
1865.492667   12.647660   0.058340
1865.494427   12.592860   0.054500
1865.496283   12.639170   0.052590
1865.498551   12.619240   0.087990
1866.165339   12.623200   0.017610
1866.174723   12.619940   0.017670
1866.184057   12.615650   0.017960
1866.193410   12.621830   0.018300
1866.202706   12.625050   0.019110
1866.212035   12.628600   0.019460
1866.221409   12.617520   0.019630
1866.230791   12.623770   0.019460
1866.240551   12.621750   0.019280
1866.250004   12.632620   0.019520
1866.259354   12.643380   0.020150
1867.193045   12.627620   0.013400
1867.202355   12.625730   0.013860
1867.211516   12.626980   0.013860
1867.220585   12.634980   0.014720
1867.230131   12.631960   0.014900
1867.239707   12.611310   0.014780
1867.249230   12.629930   0.014550
1867.258785   12.620070   0.014780
1867.268385   12.616970   0.014840
1867.277702   12.616360   0.015240
1867.287153   12.632120   0.015590
1867.296854   12.618690   0.015710
1867.306121   12.611290   0.015820
1867.315500   12.620570   0.016110
1867.325094   12.620870   0.016510
1867.334502   12.630220   0.017030
1867.344482   12.613100   0.017610
1867.354030   12.629160   0.017550
1867.363492   12.638120   0.020330
1867.372735   12.606480   0.018360
1867.382212   12.617070   0.018650
1867.391671   12.612720   0.020090
1867.401392   12.604040   0.019570
1867.410805   12.626170   0.019520
1867.420288   12.612180   0.022630
1867.429722   12.632220   0.025420
1867.439192   12.613570   0.023670
1867.448574   12.620990   0.025520
1867.456168   12.603170   0.022810
1867.463320   12.634830   0.023850
1867.469421   12.639010   0.023850
1867.473939   12.617630   0.020030
1867.478291   12.643430   0.018820
1867.481655   12.646570   0.018940
1867.484335   12.638190   0.020210
1867.486951   12.659400   0.020210
1867.488639   12.645620   0.020260
1867.490315   12.641810   0.021190
1867.492002   12.643530   0.020380
1867.493724   12.642650   0.020380
1868.197661   12.621350   0.023850
1868.207123   12.631300   0.024130
1868.216495   12.626550   0.031330
1868.225986   12.608740   0.027250
1868.235811   12.611470   0.033220
1868.245580   12.645930   0.031320
1868.255259   12.624950   0.031730
1868.264815   12.628260   0.032790
1868.274279   12.588540   0.036280
1868.283929   12.613830   0.032450
1868.293537   12.649670   0.047040
1868.303104   12.647080   0.056260
1868.312574   12.643550   0.048730
1868.322548   12.658070   0.037480
1868.332083   12.633300   0.036200
1868.341800   12.606450   0.038520
1868.351466   12.631510   0.046700
1868.360837   12.640280   0.046470
1868.370659   12.606500   0.044760
1868.380417   12.621020   0.045210
1868.390367   12.605780   0.044560
1868.399668   12.605230   0.042960
1868.409622   12.630640   0.050480
1868.419023   12.631760   0.043710
1868.428372   12.634590   0.045910
1868.437691   12.649160   0.048370
1868.446987   12.636970   0.045650
1868.454949   12.649430   0.046710
1868.461066   12.632320   0.046550
1868.467151   12.610590   0.050090
1868.471440   12.603900   0.054930
1868.475710   12.636510   0.062700
1868.479187   12.633670   0.061970
1868.481793   12.602740   0.059250
1868.484421   12.604320   0.055030
1868.486154   12.616440   0.054050
1868.487874   12.646290   0.057190
1868.489584   12.623100   0.059160
1868.491280   12.622460   0.057640
1868.552972   12.609410   0.093420
1868.562396   12.617080   0.087810
1869.239644   12.617670   0.075290
1869.249027   12.618320   0.073700
1869.258676   12.567870   0.083350
1869.268460   12.616820   0.097180
1869.278238   12.657410   0.105760
1869.287800   12.692200   0.108010
1869.297392   12.699410   0.112690
1869.307040   12.606180   0.115430
1869.326741   12.528450   0.068300
1870.219778   12.617270   0.016400
1870.229270   12.620930   0.017090
1870.238762   12.616810   0.018130
1870.248135   12.631880   0.017490
1870.257691   12.616920   0.019690
1870.267266   12.634120   0.019110
1870.276950   12.625990   0.019230
1870.286498   12.622040   0.019690
1870.295849   12.623280   0.018530
1870.305565   12.612220   0.019230
1870.315197   12.618290   0.021710
1870.325274   12.636180   0.022120
1870.335174   12.628090   0.020960
1870.344892   12.603780   0.021820
1870.354573   12.599950   0.025000
1870.364104   12.639990   0.033680
1870.373603   12.612530   0.033320
1870.383600   12.644360   0.036030
1870.393243   12.609060   0.046390
1870.402820   12.611130   0.065130
1870.412418   12.617840   0.059940
1870.421719   12.615770   0.061490
1870.431056   12.578560   0.061180
1870.440608   12.606580   0.051960
1870.448993   12.596480   0.045860
1870.456179   12.596300   0.045120
1870.461756   12.642320   0.056670
1870.466593   12.666090   0.064210
1870.470290   12.635560   0.054380
1870.474034   12.649590   0.062100
1870.476825   12.640230   0.070830
1870.478569   12.595870   0.066030
1870.480341   12.629450   0.064310
1870.482097   12.636860   0.066540
1870.483838   12.643800   0.068080
1870.485602   12.656730   0.064980
1871.136689   12.632340   0.019870
1871.146179   12.611840   0.017960
1871.155384   12.631280   0.018070
1871.164955   12.599280   0.020560
1871.174269   12.629220   0.019800
1871.183469   12.635640   0.020900
1871.192872   12.622440   0.019630
1871.202392   12.642460   0.020320
1871.211865   12.619550   0.024490
1871.221273   12.596110   0.024310
1871.230922   12.625610   0.021190
1871.240394   12.627800   0.020670
1871.250018   12.608350   0.022060
1871.259511   12.629510   0.020840
1871.269122   12.603850   0.022230
1871.278903   12.627190   0.021530
1871.288648   12.637450   0.023110
1871.298226   12.611270   0.022170
1871.307789   12.601250   0.023150
1871.317562   12.603630   0.024250
1871.327342   12.633660   0.025000
1871.337079   12.621790   0.026910
1871.346725   12.619380   0.028880
1871.356495   12.621230   0.026790
1871.366277   12.648060   0.030380
1871.375944   12.625670   0.029740
1871.385808   12.626460   0.033380
1871.395399   12.617670   0.034820
1871.404882   12.610490   0.042960
1871.414342   12.609220   0.039130
1871.423744   12.631370   0.038060
1871.433495   12.601990   0.039490
1871.442405   12.618250   0.036920
1871.449670   12.620260   0.036800
1871.455742   12.629640   0.038010
1871.461191   12.588940   0.041860
1871.465968   12.624130   0.037760
1871.469461   12.611890   0.038870
1871.472994   12.615380   0.038570
1871.476070   12.638690   0.036840
1871.477819   12.638360   0.037300
1871.479709   12.621120   0.037120
1871.481438   12.604620   0.036640
1871.550420   12.653710   0.041080
1871.559908   12.638480   0.042570
1871.569340   12.618580   0.042880
1871.578835   12.637300   0.048060
1871.588334   12.614610   0.052460
1871.597765   12.627970   0.068040
1871.607264   12.596860   0.068300
1871.616819   12.604480   0.085470
1871.626324   12.648660   0.104540
1872.324463   12.622000   0.021770
1872.334315   12.613980   0.022470
1872.344041   12.609940   0.022410
1872.353623   12.629410   0.022520
1872.363427   12.615730   0.021650
1872.373279   12.612850   0.021590
1872.383099   12.599610   0.021710
1872.392766   12.619670   0.021770
1872.402203   12.599780   0.022290
1872.412032   12.616150   0.023150
1872.421585   12.605710   0.023380
1872.431130   12.601410   0.027370
1872.439874   12.630790   0.025810
1872.447517   12.643150   0.025870
1872.454162   12.634360   0.026680
1872.459603   12.633100   0.029690
1872.463903   12.623160   0.028640
1872.467716   12.624990   0.028010
1872.470496   12.619930   0.028230
1872.473152   12.616070   0.029680
1872.474857   12.628910   0.029050
1872.476617   12.604730   0.028930
1872.478370   12.630870   0.029800
1872.480228   12.626200   0.029680
1872.541663   12.602030   0.036440
1872.550845   12.629660   0.037660
1872.560270   12.640930   0.040530
1872.569828   12.626510   0.041230
1872.579400   12.626350   0.043420
1872.588943   12.631490   0.047760
1872.598488   12.640890   0.056690
1872.608116   12.616950   0.061740
1872.617527   12.659370   0.068830
1872.627101   12.604660   0.092090
1872.636625   12.617540   0.124160
1873.229437   12.656490   0.024540
1873.238826   12.643680   0.025700
1873.248403   12.615870   0.025290
1873.258009   12.616460   0.024890
1873.267456   12.603870   0.025400
1873.276959   12.608320   0.026480
1873.286788   12.632160   0.026160
1873.296275   12.604840   0.026800
1873.305896   12.618160   0.029750
1873.315548   12.615750   0.030040
1873.325684   12.598190   0.030320
1873.335346   12.617350   0.032810
1873.344943   12.663870   0.032930
1873.354842   12.616720   0.030720
1873.364691   12.605500   0.034880
1873.374458   12.625890   0.034190
1873.383960   12.628450   0.029400
1873.393856   12.626840   0.032970
1873.403606   12.634270   0.033490
1873.413210   12.590890   0.038090
1873.422938   12.603850   0.037120
1873.432622   12.618960   0.034420
1873.441010   12.623140   0.030430
1873.447044   12.642600   0.030950
1873.453044   12.641830   0.031650
1873.457630   12.611660   0.031640
1873.462090   12.609640   0.032000
1873.465548   12.631910   0.032560
1873.468261   12.625760   0.033510
1873.470892   12.646720   0.034720
1873.472722   12.606300   0.034070
1873.474437   12.601370   0.033150
1873.476606   12.629800   0.047410
1873.539305   12.607740   0.065500
1873.548852   12.665240   0.101590
1873.558313   12.615250   0.081800
1873.567696   12.610560   0.079200
1873.577180   12.594140   0.084060
1873.586745   12.598440   0.070390
1873.596227   12.638600   0.098850
1873.605773   12.655400   0.100020
1873.615321   12.601050   0.083790
1873.624816   12.579230   0.086790
1874.032527   12.625880   0.016450
1874.041923   12.619560   0.017150
1874.051714   12.627780   0.017090
1874.061193   12.621320   0.016740
1874.070741   12.625240   0.017780
1874.080230   12.618050   0.018020
1874.089638   12.616490   0.017440
1874.098984   12.617770   0.018070
1874.108441   12.619100   0.017850
1874.117749   12.635150   0.018770
1874.127103   12.633950   0.018820
1874.136654   12.630490   0.018940
1874.145982   12.626270   0.019690
1874.155173   12.633540   0.021250
1874.164605   12.617120   0.022630
1874.174153   12.609950   0.027480
1874.183645   12.611460   0.033900
1874.193053   12.602450   0.048040
1874.202515   12.605830   0.048510
1874.212179   12.615700   0.053090
1874.222051   12.625080   0.046290
1874.593715   12.667390   0.094410
1874.603390   12.646030   0.076750
1874.613039   12.674420   0.100580
1876.992585   12.630570   0.017560
1877.002277   12.625550   0.017490
1877.012009   12.616720   0.018480
1877.021623   12.609810   0.018190
1877.031340   12.606390   0.020330
1877.041094   12.607060   0.019400
1877.050632   12.613490   0.017380
1877.060512   12.612720   0.018070
1877.070280   12.627000   0.018540
1877.080037   12.630140   0.018770
1877.089835   12.627710   0.018770
1877.099542   12.638560   0.019590
1877.109324   12.609870   0.023100
1877.119234   12.606130   0.022840
1877.128562   12.623800   0.020620
1877.137988   12.607540   0.021370
1877.147449   12.617130   0.025110
1877.157081   12.633530   0.023270
1877.166514   12.627950   0.021600
1877.175811   12.621890   0.020560
1877.185180   12.627440   0.022860
1877.194638   12.625500   0.021320
1877.204359   12.621310   0.021020
1877.213829   12.614440   0.020090
1877.223290   12.615350   0.021200
1877.232928   12.613010   0.020380
1877.242583   12.607150   0.022750
1877.252102   12.649620   0.022460
1877.261424   12.631260   0.022810
1877.271317   12.631370   0.020960
1877.280810   12.631570   0.019750
1877.290913   12.634690   0.021770
1877.300784   12.626190   0.025180
1877.310552   12.644360   0.021480
1877.320329   12.603420   0.024650
1877.330019   12.639150   0.021770
1877.339609   12.611240   0.019630
1877.349339   12.614440   0.022720
1877.359563   12.627040   0.020390
1877.369289   12.632310   0.022930
1877.379166   12.641880   0.021480
1877.389199   12.626820   0.024950
1877.398748   12.627710   0.026740
1877.408188   12.616510   0.025390
1877.417610   12.620460   0.024490
1877.426444   12.614430   0.022690
1877.433416   12.629840   0.024480
1877.439426   12.623680   0.027010
1877.444578   12.615730   0.027380
1877.449101   12.631970   0.024420
1877.452622   12.634120   0.027490
1877.456119   12.618910   0.024770
1877.458826   12.616480   0.024540
1877.460660   12.607730   0.024950
1877.462441   12.637300   0.025460
1877.464144   12.617060   0.025110
1877.465872   12.644380   0.026210
1877.528546   12.623410   0.031300
1877.538164   12.616720   0.034010
1877.547759   12.605060   0.034020
1877.557433   12.635100   0.037220
1877.566991   12.621020   0.036990
1877.956588   12.635690   0.027250
1877.966360   12.620800   0.026040
1877.975795   12.602390   0.019920
1877.985575   12.616320   0.017900
1877.995071   12.632950   0.017260
1878.004964   12.629220   0.016920
1878.014335   12.610050   0.017840
1878.023915   12.616910   0.014990
1878.033403   12.630890   0.017090
1878.042881   12.615090   0.016400
1878.052477   12.627940   0.018710
1878.062202   12.618770   0.018240
1878.072038   12.608340   0.018480
1878.081838   12.605820   0.019110
1878.091595   12.610650   0.018070
1878.101204   12.626480   0.018770
1878.111056   12.604760   0.019000
1878.120475   12.638910   0.019460
1878.129972   12.623100   0.021020
1878.139452   12.619270   0.024600
1878.148981   12.624440   0.040480
1878.158293   12.626670   0.035460
1878.167692   12.634960   0.021830
1878.177309   12.623160   0.020960
1878.186872   12.622930   0.026620
1878.196273   12.637440   0.026330
1878.206054   12.610030   0.029160
1878.215833   12.625980   0.031290
1878.225557   12.633750   0.033040
1878.235117   12.638950   0.027140
1878.244657   12.637740   0.027660
1878.254352   12.628000   0.029050
1878.263984   12.632220   0.032110
1878.273770   12.627840   0.031990
1878.283405   12.648780   0.034200
1878.293079   12.659280   0.034130
1878.302887   12.613110   0.042400
1878.312828   12.653320   0.043770
1878.322431   12.611810   0.043790
1878.332111   12.642880   0.044350
1878.342126   12.624910   0.031700
1878.351898   12.639490   0.035280
1878.361666   12.623720   0.035060
1878.371492   12.649550   0.034650
1878.381052   12.604820   0.037470
1878.390611   12.636090   0.028430
1878.400035   12.617280   0.035340
1878.409523   12.613020   0.034540
1878.419250   12.619110   0.038380
1878.427139   12.604850   0.040040
1878.434256   12.609790   0.032670
1878.439734   12.612460   0.041230
1878.444205   12.621970   0.031320
1878.448555   12.619330   0.033730
1878.452064   12.613610   0.038250
1878.454721   12.607160   0.038180
1878.457364   12.638450   0.037540
1878.459093   12.621220   0.039010
1878.460943   12.604270   0.038380
1878.463071   12.627180   0.054810
1878.523903   12.615590   0.038860
1878.533380   12.630770   0.040670
1878.542754   12.636350   0.041280
1878.552323   12.631040   0.042800
1878.561961   12.643190   0.049590
1878.571685   12.653350   0.070790
1878.581234   12.640310   0.065240
1878.590773   12.605130   0.067790
1878.600390   12.596440   0.087760
1878.885725   12.607950   0.051580
1878.896259   12.649550   0.043070
1878.907039   12.626920   0.038390
1878.917827   12.610660   0.037880
1878.928636   12.631960   0.038160
1878.939490   12.620250   0.032560
1878.950209   12.629900   0.028410
1878.960985   12.616270   0.026220
1878.971663   12.628740   0.024890
1878.982256   12.616310   0.025520
1878.992862   12.638790   0.024600
1879.003349   12.621640   0.026220
1879.014056   12.622420   0.026040
1879.024781   12.633010   0.026620
1879.035403   12.622930   0.029620
1879.046338   12.638540   0.029800
1879.056998   12.638580   0.031060
1879.067120   12.613960   0.032230
1879.077625   12.613640   0.030950
1879.087804   12.594030   0.031580
1879.097718   12.625860   0.035570
1879.108265   12.612730   0.037930
1879.118677   12.617300   0.039890
1879.128946   12.625020   0.033170
1879.138951   12.612600   0.036550
1879.148948   12.609650   0.043220
1879.158753   12.618120   0.046080
1879.168681   12.631020   0.044280
1879.178653   12.630970   0.044460
1879.188532   12.634000   0.049760
1879.198658   12.624740   0.047470
1879.208980   12.643030   0.048280
1879.219105   12.625310   0.049440
1879.229198   12.587690   0.049140
1879.239692   12.629660   0.049810
1879.249885   12.596490   0.047930
1879.259988   12.624670   0.046900
1879.270136   12.639370   0.044230
1879.279998   12.613690   0.036570
1879.290256   12.608690   0.043950
1879.300321   12.632070   0.044170
1879.310604   12.631290   0.046600
1879.321132   12.610540   0.044210
1879.331398   12.629950   0.044230
1879.341711   12.648340   0.044170
1879.352168   12.652160   0.047950
1879.362239   12.586900   0.048410
1879.372581   12.618460   0.046630
1879.383093   12.606860   0.029000
1879.393142   12.652860   0.046820
1879.403333   12.651120   0.054680
1879.413718   12.629880   0.056430
1879.422210   12.614770   0.057010
1879.430290   12.600910   0.057140
1879.436891   12.662820   0.058490
1879.441492   12.618590   0.055950
1879.445571   12.619950   0.060130
1879.449457   12.658100   0.062830
1879.452342   12.577890   0.047910
1879.454194   12.590160   0.061880
1879.456055   12.666750   0.049810
1879.457932   12.585910   0.063300
1879.460282   12.597920   0.094200
1879.524043   12.646990   0.079970
1879.534146   12.603040   0.080480
1879.544253   12.641320   0.088540
1879.554321   12.645790   0.052500
1879.564508   12.671790   0.089840
1879.574677   12.596940   0.092350
1879.584814   12.676640   0.099420
1879.594935   12.657180   0.098750
1879.605121   12.630370   0.103500
1879.615186   12.576060   0.107580
1879.625350   12.648140   0.120500
1879.885631   12.627810   0.058530
1879.895153   12.598990   0.051880
1879.904711   12.600690   0.038220
1879.914664   12.608740   0.032710
1879.924232   12.608990   0.025820
1879.933937   12.619180   0.022580
1879.943742   12.630330   0.019920
1879.953255   12.622070   0.018650
1879.962965   12.615690   0.017150
1879.972299   12.624340   0.017030
1879.982133   12.631120   0.017780
1879.991480   12.628100   0.018480
1880.001350   12.626730   0.019000
1880.010995   12.623150   0.021070
1880.020489   12.602440   0.020320
1880.030167   12.634990   0.021080
1880.040004   12.610780   0.020450
1880.050020   12.622940   0.020440
1880.059700   12.614440   0.021130
1880.069635   12.617400   0.021710
1880.079469   12.611080   0.023040
1880.089000   12.614710   0.021590
1880.098524   12.628300   0.022400
1880.108072   12.616010   0.025120
1880.117530   12.607220   0.021420
1880.127140   12.612700   0.022920
1880.200091   12.621590   0.025820
1880.209735   12.622340   0.026440
1880.219431   12.631880   0.026060
1880.229324   12.639180   0.022750
1880.238989   12.617880   0.023100
1880.248836   12.608270   0.022360
1880.258298   12.634890   0.023440
1880.267686   12.601300   0.023960
1880.277275   12.603300   0.024480
1880.286928   12.617730   0.029280
1880.306613   12.627540   0.024830
1880.369120   12.635170   0.024080
1880.684731   12.637020   0.068420
1880.693935   12.628040   0.067550
1880.703424   12.641890   0.085880
1880.712965   12.580230   0.088380
1880.722745   12.633940   0.125080
1880.967707   12.614330   0.025640
1880.977730   12.617510   0.025990
1880.987626   12.627480   0.022230
1880.997175   12.628540   0.021310
1881.007352   12.608920   0.021780
1881.017262   12.606990   0.021780
1881.027023   12.620160   0.022870
1881.036583   12.614940   0.022920
1881.046307   12.618870   0.023170
1881.055914   12.620750   0.026790
1881.065565   12.623980   0.025640
1881.075352   12.597350   0.027370
1881.085120   12.657860   0.024190
1881.094964   12.620840   0.025000
1881.104801   12.635210   0.021490
1881.114937   12.613880   0.031290
1881.124474   12.611060   0.027680
1881.134326   12.608030   0.029760
1881.143810   12.625740   0.021770
1881.153419   12.630510   0.029190
1881.163015   12.609530   0.025640
1881.171357   12.612810   0.021940
1881.180981   12.618740   0.023040
1881.190627   12.619680   0.019800
1881.200550   12.631820   0.021480
1881.210473   12.630520   0.022980
1881.220305   12.617770   0.024540
1881.230199   12.612820   0.024650
1881.239668   12.636090   0.025810
1881.249328   12.613880   0.025000
1881.258917   12.642920   0.025350
1881.268352   12.626450   0.025750
1881.278189   12.620010   0.025980
1881.288137   12.616960   0.026380
1881.297680   12.610410   0.026330
1881.307337   12.616290   0.027200
1881.317394   12.643920   0.027830
1881.327336   12.631840   0.030550
1881.337373   12.644110   0.030320
1881.347129   12.654130   0.030680
1881.357110   12.645700   0.030200
1881.366722   12.644700   0.031010
1881.376276   12.668380   0.031990
1881.386104   12.651800   0.032850
1881.395996   12.618700   0.032740
1881.405772   12.673060   0.034120
1881.414838   12.627490   0.034080
1881.422098   12.647620   0.034410
1881.428287   12.627750   0.034760
1881.433496   12.636150   0.035290
1881.437835   12.648970   0.035630
1881.441542   12.612050   0.036240
1881.445078   12.606990   0.038120
1881.447777   12.629900   0.037090
1881.449541   12.621680   0.037480
1881.451276   12.598700   0.036490
1881.453055   12.621410   0.037180
1881.455245   12.616480   0.051700
1881.512259   12.619670   0.040020
1881.522032   12.633130   0.044400
1881.531584   12.646090   0.042580
1881.541053   12.621040   0.043060
1881.550943   12.588660   0.045500
1881.560601   12.604950   0.045520
1881.570473   12.624220   0.044130
1881.580253   12.633150   0.054390
1881.589860   12.606420   0.045500
1881.599577   12.606460   0.055520
1881.609472   12.621730   0.051170
1881.619114   12.600540   0.057410
1881.628942   12.620560   0.063970
1881.638590   12.630240   0.066700
1881.648351   12.600730   0.070980
1881.807277   12.655040   0.119830
1881.816745   12.622120   0.106060
1881.826319   12.572280   0.082500
1881.835921   12.619180   0.060340
1881.845731   12.619430   0.055210
1881.855252   12.694230   0.049360
1881.864967   12.634540   0.048200
1881.874874   12.627240   0.038910
1881.884546   12.650220   0.034060
1881.894462   12.612050   0.029100
1881.904494   12.617240   0.026390
1881.914271   12.617210   0.025580
1881.923884   12.633100   0.026330
1881.933466   12.624760   0.023960
1881.943231   12.632740   0.024480
1881.952875   12.628370   0.031990
1881.962633   12.645350   0.036320
1881.972149   12.621940   0.035340
1881.982098   12.631340   0.037300
1881.992169   12.618230   0.046570
1882.001889   12.618350   0.053910
1882.011594   12.653260   0.053650
1882.021627   12.618850   0.041370
1882.031644   12.585650   0.043770
1882.041324   12.627930   0.047150
1882.051198   12.618340   0.038680
1882.060871   12.650030   0.043150
1882.070527   12.580410   0.080820
1882.080330   12.599540   0.032480
1882.090096   12.698310   0.064400
1882.099569   12.626260   0.110960
1882.109365   12.658290   0.057670
1882.121972   12.625130   0.044930
1882.131558   12.627890   0.037280
1882.141120   12.571220   0.057820
1882.150540   12.633220   0.039990
1882.160119   12.595430   0.041920
1882.169652   12.607050   0.042420
1882.179008   12.617210   0.041470
1882.188466   12.640370   0.048230
1882.198063   12.631590   0.054960
1882.208031   12.604050   0.092700
1882.217722   12.664780   0.078520
1882.227231   12.648200   0.067960
1882.236839   12.639430   0.066270
1882.246327   12.611390   0.093080
1882.256107   12.592000   0.088010
1882.266006   12.558500   0.087980
1882.275585   12.639890   0.077530
1882.285301   12.610300   0.078420
1882.295361   12.634940   0.072980
1882.305067   12.695390   0.096430
1882.315073   12.687140   0.116970
1882.325032   12.655310   0.074520
1882.334886   12.583810   0.068280
1882.344919   12.558550   0.076090
1882.354771   12.558150   0.080110
1882.364587   12.638610   0.069980
1882.374737   12.590670   0.068890
1883.093660   12.606870   0.028840
1883.103366   12.590510   0.049340
1883.112818   12.627090   0.032340
1883.122237   12.655940   0.038220
1883.131900   12.641080   0.031180
1883.141295   12.654490   0.033430
1883.150882   12.632590   0.037130
1883.160374   12.622230   0.039330
1883.169871   12.681750   0.041360
1883.179271   12.628170   0.031960
1883.188727   12.649010   0.032690
1883.198404   12.631150   0.037930
1883.207904   12.631960   0.039010
1883.217549   12.639740   0.040380
1883.226897   12.631700   0.042390
1883.236210   12.641470   0.043600
1883.245790   12.619380   0.039820
1883.255334   12.636170   0.044180
1883.274780   12.617430   0.044130
1883.284849   12.593790   0.058970
1883.294394   12.615660   0.061860
1883.304305   12.679980   0.060390
1883.314080   12.675370   0.072620
1883.323720   12.603720   0.057530
1883.333437   12.618700   0.051680
1883.343435   12.622420   0.055100
1883.353548   12.618610   0.059230
1883.363493   12.635600   0.047120
1883.373027   12.631560   0.051300
1883.382657   12.586420   0.056430
1883.392439   12.610470   0.048800
1883.402040   12.617120   0.051350
1883.410061   12.606630   0.056090
1883.417485   12.614010   0.054920
1883.423677   12.606190   0.052350
1883.428949   12.589780   0.057020
1883.433300   12.629970   0.059670
1883.436812   12.630360   0.053260
1883.440325   12.616940   0.054770
1883.443180   12.620140   0.051770
1883.444926   12.611260   0.056050
1883.446707   12.617530   0.047870
1883.448508   12.657180   0.052850
1883.507335   12.629430   0.058070
1883.517022   12.621120   0.056100
1883.526655   12.628470   0.064320
1883.536232   12.569940   0.064070
1883.545818   12.700590   0.070440
1883.555341   12.648270   0.065920
1883.565051   12.600060   0.067900
1883.574608   12.609860   0.063940
1883.584302   12.620550   0.067430
1883.593915   12.606220   0.054390
1884.099534   12.635350   0.015530
1884.109140   12.628270   0.015360
1884.118686   12.628030   0.018760
1884.128292   12.614290   0.024190
1884.137551   12.621900   0.017210
1884.147279   12.624760   0.019400
1884.156774   12.626120   0.020850
1884.166197   12.627390   0.024490
1884.175960   12.618020   0.024770
1884.185414   12.614730   0.021980
1884.194977   12.636690   0.018070
1884.204574   12.621970   0.019460
1884.214174   12.617760   0.017790
1884.223839   12.627740   0.020510
1884.233272   12.618330   0.028850
1884.242628   12.626520   0.016510
1884.252195   12.635390   0.016110
1884.261682   12.623400   0.016110
1884.271201   12.617910   0.016170
1884.280876   12.615760   0.017670
1884.290846   12.614030   0.018880
1884.300573   12.633330   0.021140
1884.310420   12.607690   0.031800
1884.320206   12.615820   0.019690
1884.330156   12.619170   0.020090
1884.340081   12.602760   0.025250
1884.350052   12.608290   0.023620
1884.360119   12.626570   0.019980
1884.370060   12.635060   0.020610
1884.379738   12.626040   0.021650
1884.389528   12.624610   0.017320
1884.399065   12.627490   0.018300
1884.406881   12.628980   0.020730
1884.413865   12.634110   0.024650
1884.420368   12.632480   0.027290
1884.425635   12.620930   0.019050
1884.430150   12.630580   0.017440
1884.433678   12.635140   0.019520
1884.437202   12.624880   0.019110
1884.439908   12.635880   0.020440
1884.441669   12.629470   0.019920
1884.443407   12.625900   0.019340
1884.445186   12.620700   0.018480
1884.446926   12.626520   0.025290
1884.503638   12.622510   0.017490
1884.513187   12.623450   0.020760
1884.522993   12.613610   0.017550
1884.532900   12.618550   0.016170
1884.542819   12.618160   0.019690
1884.552706   12.608740   0.022410
1884.562458   12.619400   0.015070
1884.572213   12.615790   0.018120
1884.581820   12.614440   0.015700
1884.591479   12.619160   0.019630
1884.600983   12.621870   0.017960
1884.610820   12.624040   0.016860
1884.886961   12.612390   0.043080
1884.896459   12.608460   0.042590
1884.906042   12.634370   0.041580
1884.915643   12.586790   0.050820
1884.925737   12.638350   0.037770
1884.935570   12.621140   0.052450
1884.945448   12.634900   0.042900
1884.954875   12.649610   0.046120
1884.964329   12.625970   0.043480
1884.974229   12.617240   0.051540
1884.983546   12.612010   0.050120
1884.993441   12.614860   0.046960
1885.003341   12.607300   0.042610
1885.013229   12.659450   0.052350
1885.022911   12.629720   0.050660
1885.032502   12.627500   0.056580
1885.042137   12.630240   0.056020
1885.052183   12.625810   0.061330
1885.061957   12.630730   0.068550
1885.071678   12.604150   0.068950
1885.081285   12.604150   0.079310
1885.090973   12.630120   0.069530
1885.100847   12.622970   0.074760
1885.278794   12.604490   0.037610
1885.288696   12.521470   0.051620
1885.298475   12.553980   0.042200
1885.308250   12.600810   0.039500
1885.318087   12.577160   0.043840
1885.328301   12.582770   0.051420
1885.338173   12.663880   0.076860
1885.347960   12.591630   0.060020
1885.357853   12.636390   0.070910
1885.367578   12.682490   0.074520
1885.377344   12.585220   0.084830
1885.386938   12.605300   0.084680
1885.396599   12.583290   0.068650
1885.404395   12.582130   0.060160
1885.411445   12.677780   0.074950
1885.417511   12.588420   0.074800
1885.422892   12.691240   0.086510
1885.427461   12.654310   0.074650
1885.430989   12.625630   0.060190
1885.434637   12.607470   0.068870
1885.437356   12.586020   0.068550
1885.439093   12.634000   0.069160
1885.440855   12.657000   0.069040
1885.442624   12.635880   0.062910
1885.444416   12.583770   0.062660
1885.502228   12.626550   0.069530
1885.511985   12.682830   0.098530
1885.521821   12.571080   0.067840
1885.531512   12.603350   0.068190
1885.541243   12.632390   0.077800
1885.551133   12.617580   0.064060
1885.560860   12.656360   0.066520
1885.570601   12.620420   0.060820
1885.580236   12.605880   0.078120
1885.590133   12.586980   0.056620
1886.072366   12.627500   0.014610
1886.082057   12.627510   0.015820
1886.091456   12.611680   0.016340
1886.101064   12.671470   0.017320
1886.110701   12.609640   0.016460
1886.120214   12.616960   0.016690
1886.129544   12.620980   0.017670
1886.138882   12.620070   0.017900
1886.148233   12.608920   0.017670
1886.157943   12.626790   0.018590
1886.167550   12.614130   0.021160
1886.177101   12.616260   0.020840
1886.186997   12.627890   0.021890
1886.196609   12.629120   0.022920
1886.206153   12.624340   0.025120
1886.215757   12.612860   0.026580
1886.225422   12.620700   0.037060
1886.234829   12.623670   0.035050
1886.244630   12.605490   0.035510
1886.254426   12.622410   0.025640
1886.263771   12.628890   0.021070
1886.273578   12.586490   0.035810
1886.283270   12.609860   0.020790
1886.293134   12.617300   0.021720
1886.303115   12.634750   0.024890
1886.312914   12.621050   0.022580
1886.322818   12.626350   0.023220
1886.332859   12.629620   0.023620
1886.342543   12.628120   0.022400
1886.352534   12.622330   0.023280
1886.362281   12.636340   0.025120
1886.372003   12.614980   0.025930
1886.381496   12.601990   0.026680
1886.391198   12.607110   0.028230
1886.399994   12.628180   0.029330
1886.408171   12.640610   0.028980
1886.414363   12.629570   0.037320
1886.419581   12.618960   0.036300
1886.423873   12.625940   0.033150
1886.427459   12.615810   0.032970
1886.431086   12.605950   0.031750
1886.433748   12.599050   0.035910
1886.435540   12.638080   0.039150
1886.437293   12.650100   0.034010
1886.439058   12.656860   0.034640
1886.441348   12.607330   0.066570
