1863.169882   14.890280   0.120600
1863.179028   14.875340   0.131800
1863.197339   14.768830   0.104230
1863.206453   14.844580   0.131860
1863.260978   14.839710   0.111440
1863.288417   14.792520   0.105860
1863.297662   14.786000   0.124770
1863.306901   14.765330   0.083100
1863.325108   14.786990   0.080900
1863.344263   14.733910   0.081000
1863.353962   14.785100   0.132320
1863.363511   14.781160   0.128270
1863.372640   14.798770   0.116610
1863.381795   14.853580   0.124920
1863.391577   14.752950   0.123100
1863.400517   14.790990   0.075700
1863.410157   14.806610   0.104470
1864.122118   14.814080   0.097770
1864.131139   14.814010   0.098120
1864.140349   14.843860   0.121260
1864.149328   14.886010   0.117100
1864.158727   14.905830   0.110760
1864.168231   14.841770   0.078000
1864.177441   14.791060   0.127690
1864.186471   14.854400   0.105980
1864.195786   14.752610   0.126070
1864.204761   14.802110   0.116780
1864.213956   14.825070   0.114850
1864.223275   14.809890   0.109130
1864.232312   14.876570   0.130140
1864.241734   14.788470   0.125470
1864.250994   14.888020   0.117090
1864.269452   14.810700   0.115390
1864.278789   14.813410   0.106350
1864.297229   14.835560   0.103600
1864.306709   14.830080   0.105080
1864.315982   14.807960   0.103490
1864.325317   14.816620   0.102820
1864.334830   14.816930   0.128860
1865.112418   14.720750   0.067800
1865.180915   14.816380   0.108420
1865.189934   14.815080   0.084180
1865.199137   14.838450   0.106560
1865.208040   14.846580   0.085700
1865.217207   14.804420   0.120720
1865.226382   14.786970   0.114320
1865.235932   14.799920   0.120180
1865.245963   14.860660   0.106430
1865.255783   14.793030   0.121990
1865.285815   14.719940   0.096790
1865.306185   14.830320   0.075900
1865.316068   14.862860   0.105010
1865.326150   14.674940   0.103530
1866.165339   14.873250   0.088020
1866.174723   14.845720   0.092230
1866.184057   14.788090   0.086330
1866.193410   14.816910   0.092350
1866.202706   14.796310   0.096050
1866.212035   14.802520   0.097740
1866.221409   14.757640   0.095220
1866.230791   14.844930   0.096750
1866.240551   14.832130   0.092700
1866.250004   14.846180   0.094310
1866.259354   14.851350   0.091010
1867.193045   14.823850   0.067900
1867.202355   14.813310   0.068180
1867.211516   14.825240   0.072180
1867.220585   14.781470   0.074330
1867.230131   14.865510   0.077890
1867.239707   14.785950   0.077000
1867.249230   14.779520   0.070850
1867.258785   14.825900   0.075580
1867.268385   14.793090   0.076980
1867.277702   14.788330   0.080460
1867.287153   14.830410   0.081920
1867.296854   14.785830   0.080470
1867.306121   14.840420   0.080170
1867.315500   14.845290   0.083080
1867.325094   14.809050   0.091070
1867.334502   14.807200   0.088820
1867.344482   14.847880   0.091270
1867.354030   14.830180   0.093880
1867.363492   14.895560   0.107600
1867.372735   14.760230   0.092850
1867.382212   14.860480   0.099120
1867.391671   14.874900   0.109300
1867.401392   14.849070   0.104790
1867.410805   14.926110   0.106510
1867.420288   14.814590   0.115910
1867.429722   14.836080   0.122590
1867.439192   14.821180   0.122820
1867.448574   14.885880   0.132270
1867.456168   14.764190   0.118650
1867.463320   14.892240   0.122920
1867.469421   14.762420   0.127490
1867.473939   14.805780   0.102010
1867.478291   14.824430   0.093410
1867.481655   14.735810   0.098280
1867.484335   14.900310   0.117110
1867.486951   14.873190   0.108410
1867.488639   14.869120   0.115040
1867.490315   14.860280   0.122670
1867.492002   14.903640   0.115860
1867.493724   14.880070   0.109430
1868.197661   14.822760   0.121770
1868.207123   14.774200   0.119690
1870.219778   14.812180   0.083460
1870.229270   14.815490   0.081410
1870.238762   14.824890   0.094160
1870.248135   14.835800   0.088160
1870.257691   14.863080   0.100430
1870.267266   14.834750   0.096310
1870.276950   14.797950   0.091730
1870.286498   14.849990   0.099820
1870.295849   14.903950   0.091270
1870.305565   14.829480   0.098760
1870.315197   14.894790   0.113310
1870.325274   14.812490   0.112030
1870.335174   14.816110   0.103450
1870.344892   14.815440   0.112380
1870.354573   14.866010   0.123420
1871.136689   14.855770   0.102180
1871.146179   14.803170   0.089560
1871.155384   14.953160   0.096420
1871.164955   14.884660   0.110530
1871.174269   14.791120   0.099980
1871.183469   14.832010   0.112060
1871.192872   14.843020   0.106310
1871.202392   14.728370   0.102560
1871.211865   14.756590   0.122340
1871.221273   14.793290   0.114930
1871.230922   14.868150   0.110010
1871.240394   14.742540   0.103210
1871.250018   14.740320   0.111460
1871.259511   14.915450   0.111470
1871.269122   14.816210   0.114280
1871.278903   14.762290   0.107980
1871.288648   14.931100   0.120170
1871.298226   14.838330   0.115640
1871.307789   14.853430   0.120250
1871.317562   14.744840   0.111520
1871.327341   14.859520   0.106230
1871.337232   14.752400   0.070400
1871.356419   14.891670   0.109840
1871.375944   14.732170   0.074000
1872.324463   14.854600   0.109940
1872.334315   14.913490   0.120660
1872.344041   14.870810   0.114260
1872.353623   14.860250   0.115120
1872.363427   14.913790   0.114340
1872.373279   14.822120   0.105900
1872.383099   14.809410   0.114050
1872.392766   14.814910   0.114200
1872.402203   14.808450   0.111950
1872.412032   14.796400   0.116630
1872.421585   14.793760   0.117750
1872.431130   14.872760   0.129990
1872.439797   14.870380   0.099950
1872.447517   14.785710   0.125220
1872.454163   14.785920   0.103180
1872.459756   14.905720   0.079700
1872.467562   14.824710   0.080700
1872.480381   14.837350   0.075800
1873.229514   14.776890   0.097870
1873.238826   14.882960   0.123310
1873.248403   14.894690   0.130340
1873.258009   14.824710   0.124390
1873.267457   14.835120   0.104770
1873.276959   14.783670   0.103990
1873.286711   14.882700   0.103540
1873.296275   14.733390   0.101990
1873.305819   14.672330   0.100440
1874.032527   14.776370   0.083060
1874.041923   14.853260   0.088740
1874.051714   14.794710   0.085630
1874.061193   14.782900   0.088640
1874.070741   14.800980   0.093500
1874.080230   14.799910   0.086630
1874.089638   14.830360   0.093510
1874.098984   14.781610   0.094400
1874.108441   14.837130   0.090620
1874.117749   14.800100   0.096460
1874.127103   14.814750   0.096500
1874.136654   14.872630   0.101290
1874.145982   14.864040   0.103270
1874.155173   14.870100   0.114010
1874.164605   14.895460   0.123330
1876.992585   14.849300   0.096730
1877.002277   14.826760   0.097220
1877.012009   14.758870   0.099500
1877.021623   14.786880   0.097170
1877.031340   14.740280   0.100990
1877.041094   14.874710   0.108820
1877.050632   14.753790   0.080020
1877.060512   14.719260   0.091330
1877.070280   14.839370   0.100560
1877.080037   14.842200   0.100170
1877.089835   14.779100   0.096930
1877.099542   14.783960   0.102900
1877.109324   14.818960   0.112040
1877.119234   14.858190   0.116200
1877.128562   14.856190   0.114420
1877.137988   14.870680   0.111080
1877.157005   14.873200   0.092800
1877.166514   14.774920   0.110000
1877.175811   14.864350   0.110470
1877.185103   14.932190   0.093070
1877.194638   14.882720   0.117400
1877.204359   14.818380   0.111090
1877.213829   14.810280   0.107090
1877.223290   14.810890   0.107300
1877.232928   14.802000   0.111690
1877.242583   14.805670   0.117320
1877.252255   14.793640   0.063600
1877.261424   14.924370   0.099100
1877.271317   14.865580   0.119370
1877.280810   14.779570   0.104100
1877.290913   14.830980   0.117160
1877.300631   14.723250   0.061400
1877.310552   14.877060   0.122560
1877.330019   14.796100   0.115690
1877.339609   14.861190   0.104380
1877.349339   14.818080   0.114750
1877.359563   14.812690   0.104900
1877.369289   14.844980   0.120980
1877.379166   14.813290   0.113530
1877.417763   14.746590   0.072700
1877.426444   14.835970   0.111300
1877.433416   14.773890   0.098850
1877.439579   14.778970   0.073100
1877.444502   14.709510   0.101460
1877.449101   14.861630   0.119940
1877.456042   14.840450   0.107400
1877.458826   14.873020   0.128140
1877.460660   14.796940   0.128470
1877.462518   14.795110   0.108400
1877.464144   14.811450   0.126290
1877.465719   14.799850   0.080600
1877.966436   14.885550   0.105080
1877.975795   14.846480   0.106020
1877.985575   14.813620   0.087970
1877.995071   14.817120   0.083110
1878.004964   14.796880   0.081510
1878.014335   14.781120   0.092890
1878.023915   14.939690   0.076940
1878.033403   14.785030   0.078820
1878.042881   14.778020   0.074600
1878.052477   14.831150   0.094580
1878.062202   14.806990   0.086690
1878.072038   14.842190   0.093590
1878.081838   14.775720   0.095680
1878.091595   14.864160   0.093550
1878.101204   14.818340   0.082600
1878.111056   14.794400   0.097570
1878.120475   14.814450   0.096910
1878.129972   14.932150   0.112600
1878.139452   14.892480   0.116050
1878.167692   14.777390   0.107100
1878.177309   14.796860   0.103700
1878.186872   14.800810   0.127910
1878.196273   14.770270   0.129330
1878.205901   14.802010   0.078500
1878.235117   14.732810   0.099720
1878.254506   14.803500   0.080500
1878.950362   14.690300   0.071700
1878.961138   14.748800   0.079600
1878.971663   14.931930   0.131300
1878.982256   14.837130   0.119520
1878.992862   14.899460   0.120630
1879.003349   14.785010   0.121970
1879.014056   14.865700   0.127460
1879.024781   14.767390   0.123310
1879.933937   14.936170   0.098920
1879.943742   14.921190   0.109680
1879.953255   14.793230   0.097750
1879.962965   14.790220   0.089100
1879.972299   14.840770   0.081960
1879.982133   14.870350   0.094490
1879.991480   14.799410   0.095690
1880.001350   14.778490   0.100120
1880.010995   14.841990   0.114520
1880.020489   14.879680   0.114570
1880.030167   14.865700   0.116890
1880.040004   14.783300   0.106210
1880.050020   14.843710   0.110620
1880.059700   14.919120   0.114440
1880.069635   14.860100   0.112380
1880.079469   14.850310   0.119630
1880.089000   14.906760   0.124630
1880.098524   14.897110   0.123560
1880.108225   14.833580   0.078800
1880.117530   14.919610   0.118310
1880.127140   14.840040   0.122650
1880.200244   14.924350   0.072600
1880.229324   14.764510   0.120450
1880.238989   14.750950   0.119810
1880.248836   14.815860   0.123130
1880.258298   14.843520   0.125130
1880.267533   14.752040   0.073500
1880.306613   14.816650   0.127160
1880.369120   14.905080   0.127720
1880.987626   14.949550   0.119440
1880.997175   14.769850   0.109690
1881.007352   14.893950   0.118320
1881.017262   14.881360   0.125850
1881.027023   14.921520   0.124790
1881.036583   14.830420   0.124610
1881.046307   14.795770   0.118300
1881.085120   14.918970   0.073000
1881.095040   14.770490   0.098930
1881.104801   14.826850   0.123230
1881.124321   14.698250   0.070300
1881.143810   14.820360   0.119100
1881.171357   14.750370   0.114720
1881.180981   14.757080   0.122550
1881.190627   14.767890   0.099020
1881.200550   14.749800   0.108380
1881.210473   14.788660   0.121580
1881.220305   14.790780   0.124730
1881.230199   14.861370   0.129270
1881.239591   14.816060   0.110590
1881.249328   14.808450   0.131380
1881.258917   14.808180   0.129690
1881.268352   14.796700   0.107750
1881.278189   14.848630   0.103640
1881.288136   14.751000   0.106650
1881.297757   14.791880   0.113620
1881.357110   14.657480   0.077400
1881.904494   14.830010   0.110440
1881.914348   14.974040   0.109040
1881.923884   14.746610   0.121020
1881.933466   14.914680   0.127040
1881.943231   14.905020   0.132950
1884.099534   14.887210   0.086940
1884.109140   14.785500   0.085350
1884.118686   14.813190   0.107380
1884.137551   14.804260   0.098930
1884.147279   14.870060   0.111540
1884.156774   14.828340   0.112010
1884.185414   14.862830   0.114230
1884.194977   14.775990   0.100620
1884.204574   14.829440   0.101060
1884.214174   14.879170   0.100630
1884.223915   14.973100   0.094540
1884.242628   14.832790   0.086160
1884.252195   14.818020   0.088920
1884.261682   14.790710   0.088920
1884.271201   14.815380   0.086760
1884.280876   14.843400   0.096770
1884.290846   14.824770   0.107230
1884.300573   14.858320   0.118180
1884.320206   14.805960   0.110580
1884.330156   14.829670   0.114300
1884.350052   14.778870   0.070500
1884.360119   14.817630   0.114320
1884.370060   14.815950   0.111400
1884.379738   14.797770   0.118780
1884.389528   14.772950   0.094540
1884.399065   14.835250   0.103690
1884.406881   14.905300   0.123510
1884.413865   14.839080   0.102480
1884.425635   14.888020   0.116770
1884.430150   14.755950   0.091660
1884.433678   14.781150   0.108730
1884.437202   14.763740   0.103590
1884.439908   14.809800   0.109130
1884.441669   14.848210   0.116010
1884.443407   14.823010   0.112780
1884.445186   14.914100   0.114500
1884.503638   14.807390   0.099740
1884.513111   14.838040   0.094260
1884.522993   14.782320   0.098080
1884.532900   14.868800   0.085940
1884.542819   14.838120   0.111410
1884.552782   14.803860   0.058100
1884.562458   14.833980   0.074340
1884.572213   14.829990   0.100590
1884.581820   14.858980   0.084910
1884.591479   14.799430   0.112320
1884.600983   14.835220   0.086110
1884.610820   14.873320   0.085790
1886.072366   14.835140   0.073750
1886.082057   14.831250   0.080210
1886.091456   14.817670   0.084540
1886.101064   14.892190   0.094410
1886.110701   14.830180   0.085810
1886.120214   14.791510   0.085270
1886.129544   14.861110   0.093600
1886.138882   14.860990   0.098090
1886.148233   14.787330   0.093590
1886.157943   14.843650   0.100150
1886.167550   14.827300   0.113290
1886.177101   14.874060   0.114390
1886.186997   14.805910   0.103180
1886.196609   14.871510   0.124880
1886.206153   14.898020   0.135050
1886.215757   14.833910   0.075100
1886.254273   14.774440   0.067600
1886.263771   14.880960   0.116820
1886.283270   14.841360   0.112690
1886.293134   14.866450   0.123020
1886.302962   14.842900   0.074000
1886.312914   14.858160   0.127440
1886.322818   14.788920   0.119440
1886.332859   14.825230   0.123770
1886.342543   14.860980   0.122480
1886.352534   14.777600   0.117730
1886.362357   14.794370   0.104140
