1863.169882   13.803750   0.054810
1863.179028   13.818840   0.058650
1863.188111   13.793780   0.067340
1863.197263   13.772750   0.062930
1863.206453   13.792130   0.058610
1863.215516   13.774640   0.071070
1863.224486   13.800530   0.071430
1863.233708   13.852360   0.075760
1863.243026   13.809850   0.079630
1863.252052   13.799700   0.066810
1863.260978   13.772200   0.059150
1863.270074   13.795060   0.077090
1863.279229   13.789800   0.067770
1863.288341   13.799970   0.062680
1863.297662   13.802500   0.059840
1863.306748   13.804310   0.068760
1863.315898   13.820300   0.066760
1863.325261   13.784730   0.065780
1863.334632   13.805300   0.067600
1863.344416   13.824700   0.070150
1863.353962   13.819920   0.062730
1863.363511   13.826380   0.057770
1863.372640   13.782890   0.052210
1863.381795   13.751960   0.055100
1863.391577   13.795140   0.057520
1863.400670   13.849310   0.061490
1863.410157   13.795230   0.057840
1863.419415   13.763340   0.066170
1863.428728   13.734220   0.071250
1863.438171   13.812110   0.074720
1863.447725   13.810330   0.077890
1863.457038   13.806910   0.088180
1863.464667   13.816620   0.107060
1863.471563   13.744400   0.110500
1863.477686   13.819410   0.103980
1863.482900   13.922090   0.114780
1863.487037   13.816860   0.110490
1863.490505   13.748210   0.112300
1863.494064   13.834910   0.109010
1863.496621   13.753290   0.112270
1863.498272   13.818310   0.112660
1863.500087   13.865980   0.121330
1863.501889   13.771280   0.117110
1863.503937   13.822590   0.169290
1864.122118   13.829410   0.044410
1864.131216   13.788470   0.056510
1864.140349   13.799140   0.051860
1864.149328   13.799110   0.052790
1864.158727   13.804150   0.047590
1864.168077   13.824360   0.066030
1864.177441   13.824840   0.060370
1864.186471   13.793430   0.046100
1864.195786   13.815490   0.059840
1864.204761   13.802380   0.053370
1864.213956   13.805100   0.049840
1864.223275   13.819130   0.047690
1864.232312   13.853830   0.058980
1864.241734   13.761520   0.056670
1864.250994   13.815050   0.050040
1864.260292   13.789930   0.060270
1864.269452   13.808730   0.053980
1864.278712   13.808830   0.062610
1864.288040   13.809900   0.066490
1864.297228   13.792870   0.058310
1864.306786   13.774640   0.062790
1864.315982   13.799330   0.059910
1864.325240   13.767310   0.062660
1864.334830   13.835130   0.059490
1864.344223   13.875430   0.091010
1864.353629   13.839670   0.077980
1864.362884   13.744310   0.087120
1864.372284   13.852490   0.105440
1864.381718   13.814810   0.087340
1864.391386   13.801960   0.079890
1864.401175   13.813200   0.098620
1864.410777   13.801090   0.082300
1864.420158   13.818920   0.094950
1864.429378   13.768540   0.101670
1864.438639   13.777500   0.110640
1864.448098   13.749220   0.126220
1864.457409   13.781890   0.128090
1864.465120   13.803920   0.123850
1864.472467   13.797450   0.073300
1865.081649   13.777630   0.075300
1865.090914   13.750930   0.072340
1865.103000   13.783530   0.073430
1865.112265   13.790210   0.063090
1865.121493   13.796910   0.086110
1865.180915   13.783260   0.045710
1865.189934   13.798630   0.036150
1865.199137   13.784240   0.043710
1865.208040   13.824200   0.035920
1865.217207   13.826710   0.055280
1865.226382   13.857120   0.053790
1865.235932   13.815940   0.059310
1865.245886   13.826830   0.060810
1865.255783   13.785160   0.059700
1865.265750   13.832220   0.084970
1865.275774   13.791420   0.067780
1865.285892   13.803470   0.060090
1865.295973   13.798490   0.068860
1865.306185   13.730500   0.065780
1865.316145   13.844250   0.063460
1865.326150   13.829470   0.072100
1865.336276   13.821090   0.079030
1865.346577   13.844560   0.071250
1865.356675   13.768040   0.070270
1865.366659   13.843520   0.078450
1865.376904   13.787660   0.077180
1865.387088   13.787040   0.080720
1865.397153   13.787600   0.085410
1865.407149   13.825200   0.081140
1865.417333   13.789530   0.074830
1865.427630   13.815320   0.080600
1865.437669   13.817900   0.084250
1865.448171   13.828330   0.104580
1865.457324   13.819470   0.106580
1865.465615   13.861840   0.122150
1865.471835   13.771430   0.073400
1865.482488   13.706820   0.067700
1865.489785   13.833150   0.102960
1865.492744   13.739720   0.102960
1865.494427   13.879520   0.130850
1865.496283   13.793930   0.121660
1865.498283   13.688730   0.141290
1866.165339   13.795290   0.040790
1866.174723   13.791390   0.039730
1866.184057   13.798470   0.039440
1866.193410   13.794270   0.040480
1866.202706   13.793640   0.042580
1866.212035   13.799250   0.044700
1866.221409   13.797990   0.043240
1866.230791   13.811540   0.043190
1866.240551   13.794220   0.042380
1866.250004   13.811440   0.043010
1866.259354   13.781940   0.045110
1867.193045   13.804050   0.029390
1867.202355   13.806030   0.030540
1867.211516   13.804170   0.030660
1867.220585   13.775780   0.032910
1867.230131   13.801750   0.033320
1867.239707   13.765170   0.031880
1867.249230   13.788170   0.031410
1867.258785   13.786830   0.033230
1867.268385   13.797920   0.033810
1867.277702   13.821050   0.034240
1867.287153   13.798760   0.035220
1867.296854   13.808820   0.035630
1867.306121   13.802790   0.036210
1867.315500   13.786250   0.035690
1867.325094   13.775040   0.037250
1867.334502   13.824450   0.039520
1867.344482   13.788390   0.040880
1867.354030   13.803910   0.040620
1867.363492   13.772080   0.048270
1867.372735   13.794780   0.041290
1867.382212   13.773300   0.044010
1867.391671   13.822330   0.048450
1867.401392   13.827750   0.045500
1867.410805   13.777370   0.044720
1867.420288   13.825950   0.057110
1867.429722   13.797670   0.061340
1867.439192   13.822140   0.054750
1867.448574   13.779370   0.064100
1867.456168   13.786970   0.051910
1867.463320   13.814920   0.056200
1867.469421   13.775800   0.057620
1867.473939   13.827920   0.046270
1867.478291   13.802310   0.040990
1867.481655   13.800690   0.043720
1867.484335   13.766520   0.049090
1867.486951   13.786680   0.046380
1867.488639   13.802900   0.046020
1867.490315   13.809290   0.051060
1867.492002   13.801110   0.045810
1867.493724   13.802450   0.045390
1868.197661   13.803150   0.053620
1868.207123   13.793240   0.053790
1868.216495   13.823030   0.078170
1868.225986   13.805050   0.066970
1868.235811   13.786340   0.079170
1868.245580   13.928100   0.074170
1868.255259   13.837540   0.079460
1868.264815   13.789380   0.077630
1868.274279   13.816320   0.081800
1868.283929   13.804960   0.071160
1868.293537   13.779620   0.117030
1868.303181   13.903060   0.101400
1868.312574   13.869530   0.127520
1868.322548   13.780840   0.089680
1868.332083   13.803100   0.077520
1868.341800   13.833950   0.088980
1868.351466   13.866920   0.116980
1868.360837   13.834960   0.115180
1868.370659   13.770180   0.099860
1868.380417   13.893360   0.114820
1868.390367   13.909260   0.110740
1868.399668   13.746540   0.101400
1868.409622   13.791420   0.108990
1868.419023   13.698350   0.105810
1868.428372   13.763080   0.102830
1868.437691   13.873530   0.112890
1868.446987   13.758780   0.097880
1868.454949   13.786240   0.113240
1868.461066   13.810350   0.104480
1868.467151   13.791460   0.116790
1868.471440   13.870620   0.126260
1868.475863   13.781230   0.070500
1868.481793   13.792720   0.108090
1868.484421   13.793290   0.128130
1868.486154   13.817110   0.131190
1868.487874   13.776670   0.129000
1868.489584   13.748530   0.132270
1868.491280   13.817140   0.077600
1870.219778   13.860840   0.036550
1870.229270   13.834200   0.036950
1870.238762   13.771340   0.041250
1870.248135   13.787810   0.039530
1870.257691   13.796810   0.043070
1870.267266   13.798220   0.041920
1870.276950   13.785960   0.040820
1870.286498   13.797560   0.042450
1870.295849   13.804200   0.041290
1870.305565   13.817520   0.042610
1870.315197   13.806260   0.046770
1870.325274   13.815620   0.051780
1870.335174   13.814570   0.045510
1870.344892   13.810090   0.048980
1870.354573   13.816480   0.056850
1870.364104   13.806190   0.081460
1870.373603   13.809170   0.078370
1870.383600   13.780810   0.088090
1870.393243   13.796550   0.109600
1870.412418   13.832360   0.124800
1870.421719   13.811640   0.108330
1870.431056   13.732710   0.135830
1870.440608   13.755070   0.114070
1870.448993   13.764700   0.097520
1870.456179   13.727290   0.099980
1870.461756   13.807450   0.124010
1870.466440   13.645710   0.070200
1870.470290   13.818480   0.120360
1870.474035   13.746600   0.106090
1870.478722   13.680350   0.075600
1870.480188   13.873320   0.076500
1870.485449   13.749320   0.076100
1871.136689   13.806460   0.042350
1871.146179   13.806020   0.042840
1871.155384   13.786490   0.042040
1871.164955   13.835300   0.047240
1871.174269   13.794590   0.046420
1871.183469   13.825690   0.050450
1871.192872   13.790800   0.045280
1871.202392   13.790520   0.048570
1871.211865   13.817570   0.061060
1871.221273   13.799140   0.056900
1871.230922   13.788190   0.048450
1871.240394   13.806980   0.046730
1871.250018   13.824090   0.053750
1871.259511   13.812780   0.049810
1871.269122   13.777710   0.048820
1871.278903   13.801090   0.048450
1871.288648   13.792340   0.052710
1871.298226   13.777010   0.050590
1871.307789   13.800610   0.055870
1871.317562   13.852300   0.055320
1871.327342   13.829840   0.056250
1871.337079   13.828340   0.065770
1871.346725   13.830840   0.067810
1871.356495   13.807190   0.066200
1871.366277   13.846280   0.072250
1871.375944   13.842100   0.075560
1871.385808   13.791210   0.072340
1871.395399   13.803010   0.077150
1871.404882   13.759840   0.088850
1871.414342   13.802060   0.092780
1871.423744   13.820230   0.091780
1871.433495   13.783320   0.093670
1871.442405   13.767220   0.085700
1871.449670   13.742290   0.083200
1871.455742   13.769250   0.090200
1871.461191   13.798690   0.094250
1871.465968   13.806470   0.093270
1871.469461   13.732610   0.094420
1871.472994   13.843190   0.093490
1871.476070   13.790140   0.086060
1871.477819   13.786900   0.086120
1871.479709   13.795080   0.085590
1871.481438   13.855170   0.090420
1871.550420   13.830950   0.091330
1871.559908   13.778250   0.098120
1871.569340   13.824950   0.107170
1871.578835   13.822800   0.110160
1871.588334   13.793230   0.121190
1871.597689   13.706640   0.104260
1872.324463   13.780680   0.049740
1872.334315   13.816970   0.050470
1872.344041   13.809290   0.052680
1872.353623   13.827480   0.051590
1872.363427   13.782610   0.049550
1872.373279   13.763290   0.048470
1872.383099   13.815420   0.050250
1872.392766   13.815000   0.050560
1872.402203   13.829650   0.051710
1872.412032   13.838690   0.051960
1872.421585   13.817750   0.057890
1872.431130   13.767230   0.059810
1872.439874   13.781620   0.059480
1872.447517   13.816570   0.058380
1872.454162   13.767050   0.061410
1872.459603   13.786900   0.066660
1872.463903   13.818820   0.069610
1872.467716   13.787460   0.066640
1872.470496   13.795520   0.068380
1872.473152   13.771990   0.069220
1872.474857   13.783440   0.066960
1872.476617   13.849440   0.064990
1872.478370   13.805980   0.066050
1872.480228   13.779450   0.064250
1872.541663   13.781280   0.085700
1872.550845   13.806770   0.084510
1872.560270   13.779200   0.091060
1872.569828   13.755540   0.091220
1872.579400   13.830770   0.095840
1872.588943   13.775260   0.109600
1872.598565   13.861390   0.110660
1873.229437   13.814270   0.054100
1873.238826   13.800500   0.056310
1873.248403   13.762020   0.053380
1873.258009   13.777910   0.060350
1873.267456   13.827610   0.059350
1873.276959   13.777800   0.054740
1873.286788   13.800670   0.063880
1873.296275   13.786120   0.063010
1873.305896   13.776640   0.071460
1873.315548   13.834450   0.073950
1873.325684   13.784600   0.076970
1873.335346   13.820050   0.081070
1873.344943   13.841720   0.082740
1873.354842   13.763810   0.078550
1873.364691   13.835530   0.088710
1873.374458   13.846670   0.083430
1873.383960   13.811070   0.070960
1873.393856   13.798180   0.079130
1873.403606   13.792200   0.083610
1873.413210   13.740780   0.088360
1873.422938   13.768500   0.088540
1873.432622   13.790900   0.078270
1873.441010   13.817720   0.071370
1873.447044   13.786490   0.068040
1873.453044   13.821040   0.078360
1873.457630   13.799190   0.075750
1873.462090   13.866810   0.071730
1873.465548   13.816320   0.075950
1873.468261   13.847010   0.082510
1873.470892   13.788830   0.081640
1873.472722   13.824250   0.081180
1873.474437   13.807600   0.080100
1873.476606   13.817700   0.107540
1874.032527   13.798770   0.036960
1874.041923   13.776270   0.038570
1874.051714   13.821210   0.040270
1874.061193   13.822470   0.037650
1874.070741   13.802090   0.040470
1874.080230   13.774060   0.041490
1874.089638   13.801840   0.039720
1874.098984   13.812810   0.040650
1874.108441   13.791850   0.040080
1874.117749   13.799930   0.045210
1874.127103   13.806880   0.043430
1874.136654   13.853970   0.043490
1874.145982   13.803710   0.046020
1874.155173   13.780390   0.046020
1874.164605   13.789320   0.053780
1874.174153   13.822540   0.064640
1874.183645   13.750720   0.080690
1874.193053   13.740770   0.108040
1874.202515   13.785130   0.111240
1874.212179   13.766670   0.119930
1874.222051   13.695940   0.104070
1876.992585   13.809440   0.039620
1877.002277   13.812610   0.042130
1877.012009   13.799700   0.043960
1877.021623   13.784420   0.044330
1877.031340   13.835110   0.048270
1877.041094   13.805670   0.045910
1877.050632   13.774180   0.037760
1877.060512   13.773100   0.040770
1877.070280   13.799670   0.042460
1877.080037   13.838130   0.043650
1877.089835   13.788110   0.041690
1877.099542   13.795240   0.045190
1877.109324   13.831160   0.057030
1877.119234   13.812280   0.056130
1877.128562   13.839520   0.053200
1877.137988   13.765340   0.048550
1877.147449   13.782140   0.061550
1877.157081   13.850090   0.056820
1877.166514   13.793260   0.052720
1877.175811   13.819470   0.049630
1877.185180   13.827990   0.057050
1877.194638   13.832130   0.052480
1877.204359   13.761980   0.050300
1877.213829   13.774520   0.049030
1877.223290   13.799130   0.046950
1877.232928   13.882870   0.047980
1877.242583   13.783310   0.055160
1877.252102   13.804570   0.058260
1877.261424   13.799070   0.055140
1877.271317   13.765950   0.050310
1877.280810   13.823540   0.047140
1877.290913   13.805990   0.054850
1877.300784   13.803370   0.064720
1877.310552   13.827920   0.052370
1877.320329   13.762840   0.059830
1877.330019   13.783380   0.053670
1877.339609   13.802760   0.047130
1877.349339   13.802820   0.056660
1877.359563   13.792400   0.048450
1877.369289   13.815240   0.058000
1877.379166   13.768830   0.053660
1877.389199   13.794440   0.059700
1877.398748   13.850780   0.068730
1877.408188   13.840360   0.067040
1877.417610   13.766090   0.060350
1877.426444   13.795770   0.052570
1877.433416   13.782380   0.057200
1877.439426   13.854350   0.063300
1877.444578   13.833370   0.062770
1877.449101   13.794550   0.057800
1877.452622   13.835560   0.071970
1877.456119   13.780800   0.058510
1877.458826   13.835140   0.057110
1877.460660   13.805990   0.055900
1877.462441   13.821560   0.055310
1877.464144   13.835930   0.058810
1877.465872   13.805350   0.060820
1877.528546   13.832540   0.076750
1877.538164   13.831550   0.081880
1877.547759   13.804370   0.080070
1877.557433   13.822580   0.086470
1877.566991   13.884860   0.086490
1877.956588   13.840710   0.067740
1877.966360   13.785520   0.062350
1877.975795   13.800790   0.045510
1877.985575   13.791160   0.039490
1877.995071   13.809830   0.037700
1878.004964   13.809720   0.037540
1878.014335   13.831060   0.040010
1878.023915   13.825920   0.033660
1878.033403   13.805390   0.037250
1878.042881   13.786530   0.035510
1878.052477   13.803620   0.042390
1878.062202   13.809740   0.041460
1878.072038   13.777740   0.040530
1878.081838   13.817060   0.042150
1878.091595   13.764240   0.040370
1878.101204   13.807010   0.041110
1878.111056   13.806090   0.041630
1878.120475   13.781580   0.042810
1878.129972   13.754330   0.045760
1878.139452   13.804290   0.052600
1878.148981   13.793110   0.087750
1878.158293   13.780470   0.082660
1878.167692   13.781370   0.046090
1878.177309   13.802830   0.044690
1878.186872   13.828770   0.060230
1878.196273   13.795430   0.057050
1878.206054   13.806890   0.065300
1878.215833   13.831950   0.075990
1878.225557   13.864430   0.073000
1878.235117   13.828890   0.061580
1878.244657   13.832430   0.062640
1878.254352   13.815210   0.064900
1878.263984   13.785480   0.071790
1878.273770   13.770860   0.070980
1878.283405   13.794250   0.074810
1878.293079   13.781820   0.078570
1878.302887   13.719440   0.095700
1878.312828   13.834830   0.102320
1878.322431   13.778630   0.097100
1878.332111   13.764900   0.107450
1878.342126   13.772620   0.070090
1878.351898   13.782400   0.084400
1878.361666   13.880010   0.076750
1878.371492   13.834750   0.089470
1878.381052   13.823270   0.093520
1878.390611   13.803950   0.071070
1878.400035   13.784740   0.079260
1878.409523   13.811740   0.082560
1878.419250   13.788090   0.095330
1878.427139   13.769790   0.095450
1878.434256   13.847680   0.075790
1878.439734   13.699920   0.090360
1878.444205   13.798080   0.081810
1878.448555   13.827180   0.076830
1878.452064   13.787040   0.093510
1878.454721   13.763640   0.093690
1878.457364   13.831140   0.095430
1878.459093   13.795340   0.095450
1878.460943   13.743530   0.094980
1878.463071   13.774040   0.127670
1878.523903   13.756370   0.093760
1878.533380   13.833740   0.096680
1878.542754   13.749800   0.095940
1878.552323   13.795940   0.097940
1878.561961   13.792000   0.114380
1878.581310   13.733620   0.108690
1878.896259   13.885210   0.117510
1878.907039   13.786340   0.098880
1878.917827   14.025740   0.112640
1878.928636   13.756370   0.095320
1878.939490   13.790770   0.076840
1878.950209   13.794790   0.066690
1878.960985   13.772020   0.063280
1878.971663   13.802910   0.055650
1878.982256   13.771140   0.054400
1878.992862   13.788410   0.055600
1879.003349   13.760040   0.061660
1879.014056   13.767730   0.058270
1879.024781   13.783540   0.058810
1879.035403   13.750640   0.065620
1879.046338   13.776940   0.065740
1879.056998   13.746480   0.070140
1879.067120   13.769490   0.072360
1879.077625   13.817790   0.068030
1879.087804   13.783780   0.067930
1879.097718   13.808190   0.080370
1879.108265   13.738500   0.085240
1879.118677   13.777160   0.088650
1879.128946   13.792030   0.072470
1879.138951   13.793140   0.080280
1879.148948   13.800600   0.099940
1879.158753   13.781330   0.095580
1879.168681   13.801530   0.103090
1879.178653   13.752140   0.098840
1879.188532   13.742510   0.113290
1879.198658   13.751580   0.112620
1879.208980   13.822170   0.111550
1879.219105   13.852940   0.115750
1879.229198   13.742780   0.110770
1879.239692   13.761460   0.107190
1879.249885   13.807800   0.112530
1879.259988   13.822350   0.112740
1879.270136   13.793860   0.103730
1879.279998   13.856970   0.086440
1879.290256   13.811660   0.103530
1879.300321   13.772310   0.100310
1879.310604   13.816290   0.110920
1879.321132   13.794630   0.101280
1879.331398   13.792650   0.108540
1879.341711   13.839510   0.110950
1879.352168   13.817510   0.114390
1879.362239   13.776070   0.113200
1879.372581   13.798140   0.113620
1879.383093   13.927890   0.068800
1879.393142   13.814190   0.113010
1879.403333   13.845050   0.115630
1879.413718   13.692120   0.116030
1879.422210   13.837200   0.126020
1879.430290   13.842290   0.126500
1879.436815   13.862000   0.114210
1879.441415   13.922600   0.107480
1879.445648   13.782730   0.101300
1879.449457   13.842280   0.136600
1879.452495   13.902230   0.079300
1879.455902   13.817280   0.074700
1879.457932   13.708720   0.134230
1879.459809   13.953570   0.081400
1879.460754   13.770890   0.131020
1879.904711   13.894170   0.102160
1879.914664   13.741550   0.079900
1879.924232   13.811090   0.067690
1879.933937   13.826210   0.054970
1879.943742   13.781650   0.047210
1879.953255   13.777420   0.041990
1879.962965   13.783410   0.041110
1879.972299   13.796940   0.038280
1879.982133   13.775300   0.039960
1879.991480   13.780840   0.042790
1880.001350   13.811930   0.044770
1880.010995   13.828520   0.049020
1880.020489   13.772940   0.049050
1880.030167   13.808420   0.050470
1880.040004   13.778590   0.048250
1880.050020   13.748680   0.049580
1880.059700   13.789390   0.049130
1880.069635   13.812690   0.051450
1880.079469   13.873490   0.054990
1880.089000   13.794980   0.052070
1880.098524   13.761230   0.054190
1880.108072   13.808330   0.062040
1880.117530   13.811610   0.051960
1880.127140   13.814480   0.054390
1880.200091   13.731960   0.060020
1880.209735   13.814190   0.066960
1880.219431   13.787670   0.063420
1880.229324   13.777120   0.055840
1880.238989   13.784120   0.054590
1880.248836   13.802060   0.050940
1880.258298   13.764260   0.055560
1880.267686   13.793250   0.062010
1880.277275   13.795360   0.062300
1880.286928   13.804190   0.070910
1880.306613   13.777290   0.058900
1880.369120   13.788970   0.053250
1880.694088   13.591600   0.079000
1880.967707   13.856040   0.066830
1880.977730   13.764560   0.068360
1880.987626   13.827970   0.056010
1880.997175   13.807450   0.050060
1881.007352   13.775840   0.053210
1881.017262   13.803470   0.054450
1881.027023   13.824190   0.058610
1881.036583   13.820040   0.056200
1881.046307   13.725760   0.058780
1881.055914   13.826480   0.063240
1881.065565   13.796890   0.062820
1881.075352   13.799790   0.069430
1881.085120   13.839150   0.062770
1881.094964   13.776730   0.059240
1881.104801   13.760680   0.051900
1881.114937   13.767980   0.072590
1881.124474   13.802880   0.066540
1881.134326   13.827310   0.071440
1881.143810   13.759700   0.052530
1881.153419   13.793500   0.067360
1881.163015   13.778810   0.060890
1881.171357   13.773590   0.048400
1881.180981   13.835920   0.056360
1881.190627   13.773610   0.046250
1881.200550   13.789510   0.047290
1881.210473   13.820090   0.053540
1881.220305   13.853620   0.059270
1881.230199   13.840880   0.054160
1881.239668   13.829230   0.058140
1881.249328   13.810700   0.056420
1881.258917   13.875700   0.054740
1881.268352   13.849400   0.062300
1881.278189   13.837210   0.060940
1881.288137   13.870310   0.062380
1881.297680   13.844950   0.058140
1881.307337   13.809290   0.058990
1881.317394   13.770070   0.064790
1881.327336   13.808280   0.066140
1881.337373   13.810180   0.067700
1881.347129   13.837460   0.064230
1881.357110   13.800640   0.070420
1881.366722   13.813030   0.071630
1881.376276   13.795500   0.072040
1881.386104   13.752160   0.073570
1881.395996   13.827720   0.078140
1881.405772   13.811660   0.071170
1881.414838   13.751280   0.077380
1881.422098   13.811580   0.083660
1881.428287   13.802070   0.074410
1881.433496   13.779520   0.086450
1881.437835   13.818080   0.079600
1881.441542   13.831000   0.088710
1881.445078   13.788580   0.078660
1881.447777   13.753230   0.082930
1881.449541   13.823120   0.089150
1881.451276   13.791680   0.088170
1881.453055   13.834340   0.091230
1881.455245   13.809980   0.125160
1881.512259   13.804490   0.094500
1881.522032   13.796620   0.093030
1881.531584   13.802960   0.091870
1881.541053   13.837230   0.106720
1881.550943   13.750770   0.097150
1881.560601   13.795310   0.097480
1881.570473   13.797880   0.096310
1881.580253   13.839440   0.116620
1881.589860   13.816810   0.103290
1881.599577   13.824050   0.114000
1881.609472   13.782880   0.108950
1881.619114   13.796260   0.126990
1881.628942   13.705040   0.122700
1881.845884   13.779550   0.072600
1881.855252   13.773100   0.115110
1881.864967   13.769210   0.108780
1881.874874   13.836750   0.101090
1881.884546   13.821400   0.078930
1881.894462   13.847860   0.073760
1881.904494   13.795110   0.064180
1881.914271   13.791720   0.055730
1881.923884   13.819160   0.062870
1881.933466   13.748930   0.054760
1881.943231   13.834200   0.060630
1881.952875   13.826220   0.068610
1881.962633   13.850180   0.083090
1881.972149   13.850420   0.084530
1881.982098   13.880760   0.092440
1881.992169   13.863040   0.122650
1882.001889   13.833740   0.129560
1882.011594   13.768850   0.121310
1882.021627   13.716440   0.090810
1882.031644   13.943680   0.128120
1882.041324   13.803190   0.106880
1882.051198   13.792760   0.099420
1882.060871   13.801680   0.105350
1882.080330   13.805920   0.079660
1882.109365   13.788850   0.125990
1882.121972   13.775230   0.111130
1882.131558   13.740660   0.092310
1882.141120   13.907320   0.076500
1882.150540   13.851270   0.105450
1882.160119   13.794410   0.101180
1882.169652   13.780310   0.103000
1882.179008   13.796500   0.105170
1882.188466   13.805030   0.117210
1882.198063   13.664530   0.115010
1883.093660   13.844520   0.073310
1883.103366   13.740160   0.056100
1883.112818   13.756290   0.077860
1883.122237   13.896260   0.093860
1883.131900   13.838540   0.078990
1883.141295   13.740080   0.085620
1883.150882   13.778200   0.091800
1883.160374   13.780340   0.097520
1883.169871   13.800390   0.103820
1883.179271   13.747620   0.081960
1883.188727   13.836530   0.088390
1883.198404   13.749040   0.096910
1883.207904   13.770070   0.096980
1883.217549   13.808470   0.098250
1883.226897   13.828210   0.098980
1883.236210   13.938910   0.111020
1883.245790   13.787570   0.100850
1883.255334   13.787840   0.108260
1883.265175   13.818440   0.107280
1883.274780   13.760040   0.105390
1883.323643   13.686290   0.095820
1883.333437   13.796560   0.121460
1883.343435   13.745840   0.071300
1883.363493   13.777730   0.116610
1883.373027   13.846130   0.122560
1883.382657   13.776910   0.067300
1883.392439   13.758990   0.117600
1883.402117   13.714940   0.095610
1883.410061   13.745680   0.122440
1883.417408   13.821960   0.106980
1883.423677   13.743520   0.126490
1883.428873   13.900650   0.105570
1883.436812   13.861560   0.079800
1883.443256   13.765130   0.097090
1883.446707   13.871850   0.122930
1883.448508   13.793520   0.121670
1883.507335   13.758270   0.067200
1883.517022   13.798840   0.105950
1883.593915   13.915390   0.071300
1884.099534   13.794430   0.040330
1884.109140   13.813270   0.035930
1884.118686   13.826180   0.045680
1884.128292   13.786070   0.059710
1884.137551   13.793400   0.043080
1884.147279   13.777040   0.049330
1884.156774   13.768000   0.052440
1884.166197   13.785600   0.063910
1884.175960   13.788340   0.061770
1884.185414   13.839530   0.060210
1884.194977   13.792270   0.047370
1884.204574   13.819150   0.049340
1884.214174   13.816000   0.043780
1884.223839   13.826120   0.053950
1884.233272   13.759100   0.072230
1884.242628   13.802310   0.038520
1884.252195   13.779080   0.039780
1884.261682   13.777750   0.040820
1884.271201   13.834750   0.041060
1884.280876   13.797880   0.042960
1884.290846   13.781270   0.047990
1884.300573   13.794370   0.052030
1884.310420   13.865300   0.083020
1884.320206   13.769100   0.049770
1884.330156   13.766370   0.050010
1884.340081   13.802170   0.061580
1884.350052   13.769690   0.057010
1884.360119   13.789410   0.052250
1884.370060   13.765460   0.048560
1884.379738   13.814590   0.052270
1884.389528   13.795240   0.041080
1884.399065   13.821570   0.045590
1884.406881   13.766800   0.055020
1884.413865   13.791980   0.062810
1884.420368   13.768850   0.070890
1884.425635   13.852090   0.049790
1884.430150   13.798040   0.042280
1884.433678   13.775100   0.049230
1884.437202   13.836590   0.046620
1884.439908   13.795220   0.052840
1884.441669   13.793740   0.050430
1884.443407   13.811080   0.050190
1884.445186   13.797130   0.044480
1884.446926   13.789420   0.064310
1884.503638   13.759500   0.044640
1884.513187   13.771290   0.055160
1884.522993   13.804420   0.044080
1884.532900   13.793270   0.041690
1884.542819   13.785790   0.051870
1884.552706   13.779940   0.056670
1884.562458   13.756600   0.035240
1884.572213   13.782070   0.048000
1884.581820   13.817700   0.036610
1884.591479   13.798860   0.050580
1884.600983   13.801650   0.042260
1884.610820   13.798820   0.039050
1884.886961   13.770360   0.104840
1884.896459   13.786840   0.106230
1884.906042   13.776780   0.102310
1884.925737   13.868000   0.096380
1884.945448   13.784620   0.099680
1884.954875   13.924320   0.114770
1884.964329   13.748580   0.104460
1884.974229   13.896380   0.098870
1884.983546   13.859980   0.121850
1884.993441   13.821310   0.114340
1885.003341   13.661640   0.097560
1885.013229   13.814560   0.123250
1885.022911   13.750650   0.117430
1885.032503   13.774700   0.105350
1885.042137   13.834250   0.131150
1885.052107   13.855410   0.113300
1885.278794   13.730370   0.090920
1885.288849   13.776660   0.061800
1885.298475   13.738070   0.101240
1885.308250   13.832000   0.102280
1885.318087   13.740610   0.101750
1885.328301   13.840220   0.095180
1885.590133   13.912400   0.069100
1886.072366   13.825610   0.033840
1886.082057   13.805170   0.038000
1886.091456   13.797660   0.037590
1886.101064   13.787580   0.039610
1886.110701   13.801760   0.040100
1886.120214   13.797970   0.038130
1886.129544   13.804340   0.041260
1886.138882   13.749170   0.044230
1886.148233   13.782250   0.040420
1886.157943   13.795530   0.043630
1886.167550   13.787360   0.053610
1886.177101   13.812370   0.050690
1886.186997   13.816580   0.051060
1886.196609   13.809930   0.054300
1886.206153   13.805100   0.065980
1886.215757   13.782730   0.063770
1886.225422   13.721570   0.086720
1886.234829   13.803860   0.092070
1886.244630   13.774950   0.091680
1886.254426   13.832490   0.067520
1886.263771   13.826940   0.054220
1886.273578   13.793210   0.092210
1886.283270   13.781290   0.050000
1886.293134   13.778340   0.052240
1886.303115   13.813650   0.064450
1886.312914   13.844380   0.057520
1886.322818   13.820210   0.060050
1886.332859   13.810880   0.059570
1886.342543   13.794530   0.057810
1886.352534   13.810950   0.056450
1886.362281   13.795050   0.061220
1886.372003   13.826920   0.064050
1886.381496   13.810650   0.067990
1886.391198   13.839310   0.074810
1886.399994   13.802150   0.073710
1886.408171   13.874680   0.075800
1886.414363   13.854760   0.097390
1886.419581   13.780750   0.099410
1886.423873   13.770830   0.088390
1886.427459   13.820310   0.088800
1886.431086   13.785960   0.080890
1886.433748   13.818710   0.100720
1886.435540   13.777590   0.103580
1886.437293   13.788270   0.083490
1886.439058   13.796170   0.082210
1886.441348   13.866010   0.173580
