1863.169882   13.545200   0.047730
1863.179028   13.526620   0.052390
1863.188111   13.559420   0.061560
1863.197263   13.583740   0.056450
1863.206453   13.560190   0.058050
1863.215516   13.570100   0.063530
1863.224486   13.541580   0.061610
1863.233708   13.508280   0.068120
1863.243026   13.542960   0.068850
1863.252052   13.540520   0.060010
1863.260978   13.547870   0.056300
1863.270074   13.546920   0.069940
1863.279229   13.577720   0.058270
1863.288341   13.538110   0.056600
1863.297662   13.534160   0.053720
1863.306748   13.524760   0.058640
1863.315898   13.516740   0.060030
1863.325261   13.591610   0.057450
1863.334632   13.533700   0.061210
1863.344416   13.534690   0.059780
1863.353962   13.517580   0.060370
1863.363511   13.528350   0.050510
1863.372640   13.556930   0.047250
1863.381795   13.574440   0.050210
1863.391577   13.547230   0.052870
1863.400670   13.545890   0.057570
1863.410157   13.558660   0.057200
1863.419415   13.517310   0.062980
1863.428728   13.563110   0.057830
1863.438171   13.607110   0.069660
1863.447725   13.559190   0.067120
1863.457038   13.563700   0.081280
1863.464667   13.615090   0.094120
1863.471563   13.606660   0.100860
1863.477686   13.527480   0.090240
1863.482900   13.557690   0.096480
1863.487037   13.603640   0.093950
1863.490505   13.548390   0.100480
1863.494064   13.480330   0.088800
1863.496621   13.509350   0.099490
1863.498272   13.511550   0.098980
1863.500087   13.501490   0.101360
1863.501889   13.485900   0.104670
1863.503937   13.527460   0.148680
1864.122118   13.537020   0.037820
1864.131216   13.560990   0.050380
1864.140349   13.551990   0.047810
1864.149328   13.544560   0.048100
1864.158727   13.542870   0.043260
1864.168077   13.564070   0.058260
1864.177441   13.544470   0.054170
1864.186471   13.558960   0.042740
1864.195786   13.574330   0.055490
1864.204761   13.573030   0.046790
1864.213956   13.588050   0.044620
1864.223275   13.535490   0.044090
1864.232312   13.521470   0.054360
1864.241734   13.563540   0.051230
1864.250994   13.552330   0.045500
1864.260292   13.518120   0.054630
1864.269452   13.550280   0.048390
1864.278712   13.546780   0.060620
1864.288040   13.536310   0.058020
1864.297228   13.548700   0.055180
1864.306786   13.557680   0.057530
1864.315982   13.548430   0.053900
1864.325240   13.554810   0.052480
1864.334830   13.556780   0.052550
1864.344223   13.557920   0.071430
1864.353629   13.527850   0.071430
1864.362884   13.521130   0.079550
1864.372284   13.535250   0.090840
1864.381718   13.560100   0.084790
1864.391386   13.526330   0.071120
1864.401175   13.561910   0.084430
1864.410777   13.576860   0.078940
1864.420158   13.559230   0.074910
1864.429378   13.513580   0.084390
1864.438639   13.545420   0.100190
1864.448098   13.587870   0.113850
1864.457409   13.662430   0.121000
1864.465120   13.582660   0.116960
1864.472237   13.623170   0.104510
1865.081649   13.548640   0.064890
1865.090914   13.536060   0.065930
1865.103000   13.556550   0.062700
1865.112265   13.549970   0.060630
1865.121493   13.569990   0.072810
1865.180915   13.522610   0.042000
1865.189934   13.546270   0.033720
1865.199137   13.538050   0.043700
1865.208040   13.541280   0.032750
1865.217207   13.557210   0.048920
1865.226382   13.549650   0.046270
1865.235932   13.549110   0.053430
1865.245886   13.563050   0.054780
1865.255783   13.537020   0.052530
1865.265750   13.493850   0.070800
1865.275774   13.530530   0.059910
1865.285892   13.531320   0.051620
1865.295973   13.562050   0.058750
1865.306185   13.526240   0.059940
1865.316145   13.520610   0.054090
1865.326150   13.532960   0.060600
1865.336276   13.537830   0.074600
1865.346577   13.535330   0.063090
1865.356675   13.503930   0.061430
1865.366659   13.555130   0.071130
1865.376904   13.573110   0.069550
1865.387088   13.521570   0.066990
1865.397153   13.621640   0.075690
1865.407149   13.548360   0.070320
1865.417333   13.568730   0.067640
1865.427630   13.523040   0.070450
1865.437669   13.585470   0.070860
1865.448171   13.521150   0.086660
1865.457324   13.540380   0.093240
1865.465615   13.627440   0.107200
1865.471988   13.540440   0.116090
1865.482335   13.519990   0.111450
1865.489785   13.501340   0.113880
1865.492667   13.555580   0.115970
1865.494427   13.523630   0.112670
1865.496283   13.521190   0.108540
1865.498459   13.490610   0.148880
1866.165339   13.537650   0.036660
1866.174723   13.557880   0.035920
1866.184057   13.544630   0.035930
1866.193410   13.535590   0.037760
1866.202706   13.543610   0.038110
1866.212035   13.548020   0.039480
1866.221409   13.534880   0.038660
1866.230791   13.538460   0.037010
1866.240551   13.556690   0.037430
1866.250004   13.556930   0.037970
1866.259354   13.542660   0.039880
1867.193045   13.553830   0.026170
1867.202355   13.559290   0.027320
1867.211516   13.561080   0.027660
1867.220585   13.550120   0.030890
1867.230131   13.538120   0.030490
1867.239707   13.534530   0.029730
1867.249230   13.551970   0.029340
1867.258785   13.537350   0.030780
1867.268385   13.541600   0.030100
1867.277702   13.551900   0.032280
1867.287153   13.557390   0.031700
1867.296854   13.553310   0.032400
1867.306121   13.551920   0.031650
1867.315500   13.569650   0.032850
1867.325094   13.538130   0.034040
1867.334502   13.541970   0.033970
1867.344482   13.537960   0.036940
1867.354030   13.520390   0.036390
1867.363492   13.527480   0.042670
1867.372735   13.558930   0.036680
1867.382212   13.555140   0.039440
1867.391671   13.594650   0.044980
1867.401392   13.541450   0.042270
1867.410805   13.579370   0.040760
1867.420288   13.540570   0.050320
1867.429722   13.559990   0.054770
1867.439192   13.549970   0.051770
1867.448574   13.587570   0.054700
1867.456168   13.553060   0.047230
1867.463320   13.562880   0.050000
1867.469421   13.547660   0.048680
1867.473939   13.547790   0.039780
1867.478291   13.571390   0.038150
1867.481655   13.547160   0.038000
1867.484335   13.559890   0.040320
1867.486951   13.540170   0.040680
1867.488639   13.535520   0.043010
1867.490315   13.532700   0.043820
1867.492002   13.511510   0.043020
1867.493724   13.499450   0.040340
1868.197661   13.525940   0.049090
1868.207123   13.548180   0.052050
1868.216495   13.539460   0.066120
1868.225986   13.520820   0.062070
1868.235811   13.550220   0.068670
1868.245580   13.580720   0.067490
1868.255259   13.576180   0.069090
1868.264815   13.560990   0.073680
1868.274279   13.549660   0.078950
1868.283929   13.478320   0.064550
1868.293537   13.575530   0.100940
1868.303104   13.529450   0.107280
1868.312574   13.578240   0.105690
1868.322548   13.505140   0.078160
1868.332083   13.572150   0.074800
1868.341800   13.505410   0.079550
1868.351466   13.572210   0.099680
1868.360837   13.551000   0.098540
1868.370659   13.499050   0.091440
1868.380417   13.583680   0.094910
1868.390367   13.567880   0.090230
1868.399668   13.599110   0.089660
1868.409622   13.527010   0.095670
1868.419023   13.628430   0.087190
1868.428372   13.571660   0.096140
1868.437691   13.537060   0.096590
1868.446987   13.522950   0.097880
1868.454949   13.568710   0.096450
1868.461066   13.584740   0.090510
1868.467151   13.529320   0.102830
1868.471440   13.546660   0.112460
1868.475710   13.535020   0.113080
1868.479187   13.550170   0.123800
1868.481793   13.560830   0.121840
1868.484421   13.511920   0.114040
1868.486154   13.592140   0.107820
1868.487874   13.560540   0.117730
1868.489584   13.561520   0.121390
1868.491280   13.495080   0.116050
1869.239644   13.491830   0.100780
1869.249027   13.490100   0.131570
1870.219778   13.541430   0.033550
1870.229270   13.573010   0.032560
1870.238762   13.566090   0.038320
1870.248135   13.533750   0.034940
1870.257691   13.557580   0.039120
1870.267266   13.554020   0.040030
1870.276950   13.548000   0.037030
1870.286498   13.542380   0.039340
1870.295849   13.567760   0.035940
1870.305565   13.529550   0.038340
1870.315197   13.565770   0.044300
1870.325274   13.545740   0.044070
1870.335174   13.536050   0.041240
1870.344892   13.541640   0.043140
1870.354573   13.536920   0.048740
1870.364104   13.595190   0.071870
1870.373603   13.530220   0.067040
1870.383600   13.537640   0.074490
1870.393243   13.567110   0.092260
1870.402820   13.577740   0.119230
1870.412418   13.587080   0.114060
1870.421719   13.569870   0.108380
1870.431056   13.586230   0.113530
1870.440608   13.541400   0.104840
1870.448993   13.601300   0.091200
1870.456179   13.516910   0.080160
1870.461756   13.528690   0.105070
1870.466593   13.578830   0.117620
1870.470290   13.571610   0.107970
1870.474034   13.526700   0.124420
1870.476825   13.544100   0.126460
1870.478569   13.507910   0.124360
1870.480341   13.554670   0.119580
1870.482097   13.564230   0.126650
1870.483762   13.538130   0.104590
1870.485602   13.633370   0.130510
1871.136689   13.558370   0.039850
1871.146179   13.556190   0.037480
1871.155384   13.562680   0.035750
1871.164955   13.591500   0.041400
1871.174269   13.572590   0.040370
1871.183469   13.528680   0.045320
1871.192872   13.577340   0.041880
1871.202392   13.572410   0.044800
1871.211865   13.580930   0.051920
1871.221273   13.527080   0.049830
1871.230922   13.524090   0.044260
1871.240394   13.571200   0.043190
1871.250018   13.568580   0.045580
1871.259511   13.560650   0.044860
1871.269122   13.536110   0.044010
1871.278903   13.551250   0.044760
1871.288648   13.568740   0.047840
1871.298226   13.580680   0.046250
1871.307789   13.500930   0.046810
1871.317562   13.517170   0.049210
1871.327342   13.539800   0.051910
1871.337079   13.536770   0.055380
1871.346725   13.507870   0.057120
1871.356495   13.565690   0.057110
1871.366277   13.555040   0.060550
1871.375944   13.538350   0.061530
1871.385808   13.593310   0.068530
1871.395399   13.571060   0.070510
1871.404882   13.576050   0.079920
1871.414342   13.547530   0.076170
1871.423744   13.525380   0.078810
1871.433495   13.551060   0.072360
1871.442405   13.590370   0.073510
1871.449670   13.500520   0.068770
1871.455742   13.578720   0.079120
1871.461191   13.575260   0.087040
1871.465968   13.550270   0.081430
1871.469461   13.509050   0.075140
1871.472994   13.550050   0.076990
1871.476070   13.587550   0.075200
1871.477819   13.547420   0.076560
1871.479709   13.556650   0.078410
1871.481438   13.572330   0.079480
1871.550420   13.595970   0.084980
1871.559908   13.554330   0.084360
1871.569340   13.571990   0.090540
1871.578835   13.548940   0.094400
1871.588334   13.492000   0.109210
1871.597689   13.557780   0.102260
1872.324463   13.563380   0.044050
1872.334315   13.538250   0.046150
1872.344041   13.549780   0.045560
1872.353623   13.567550   0.048000
1872.363427   13.526760   0.044610
1872.373279   13.540810   0.043750
1872.383099   13.582440   0.043480
1872.392766   13.528030   0.044340
1872.402203   13.571410   0.044410
1872.412032   13.562640   0.046190
1872.421585   13.550580   0.049480
1872.431130   13.583270   0.053810
1872.439874   13.584950   0.049630
1872.447517   13.589680   0.048740
1872.454162   13.569510   0.051930
1872.459603   13.585140   0.058400
1872.463903   13.554770   0.060400
1872.467716   13.609780   0.055250
1872.470496   13.528090   0.055840
1872.473152   13.539340   0.058470
1872.474857   13.508060   0.056120
1872.476617   13.533720   0.055900
1872.478370   13.552020   0.057380
1872.480228   13.535930   0.060490
1872.541663   13.533270   0.069560
1872.550845   13.579920   0.071620
1872.560270   13.521250   0.073920
1872.569828   13.528940   0.077540
1872.579400   13.532700   0.079060
1872.588943   13.536650   0.100640
1872.598488   13.569920   0.106430
1872.608116   13.542300   0.131140
1873.229437   13.524400   0.046460
1873.238826   13.530580   0.051930
1873.248403   13.552850   0.051930
1873.258009   13.538910   0.052370
1873.267456   13.552310   0.052260
1873.276959   13.541620   0.053480
1873.286788   13.565450   0.056360
1873.296275   13.562300   0.056340
1873.305896   13.517570   0.060010
1873.315548   13.555690   0.062010
1873.325684   13.538980   0.062500
1873.335346   13.466460   0.068370
1873.344943   13.439880   0.067700
1873.354842   13.533400   0.065640
1873.364691   13.633690   0.075560
1873.374458   13.518030   0.069700
1873.383960   13.524000   0.063920
1873.393856   13.526870   0.066400
1873.403606   13.544830   0.068540
1873.413210   13.524550   0.079100
1873.422938   13.593970   0.079800
1873.432622   13.541590   0.066820
1873.441010   13.595140   0.065170
1873.447044   13.557980   0.059410
1873.453044   13.583370   0.063190
1873.457630   13.531670   0.063840
1873.462090   13.562870   0.063280
1873.465548   13.546220   0.064740
1873.468261   13.528890   0.066590
1873.470892   13.525230   0.067740
1873.472722   13.511110   0.070260
1873.474437   13.520240   0.065800
1873.476606   13.567590   0.095950
1874.032527   13.568010   0.033610
1874.041923   13.529640   0.035340
1874.051714   13.529500   0.034440
1874.061193   13.548890   0.034700
1874.070741   13.532250   0.037610
1874.080230   13.556050   0.035110
1874.089638   13.539790   0.034470
1874.098984   13.544260   0.036950
1874.108441   13.530570   0.036410
1874.117749   13.541120   0.039440
1874.127103   13.576540   0.040880
1874.136654   13.552690   0.041060
1874.145982   13.565930   0.040370
1874.155173   13.561510   0.043870
1874.164605   13.529790   0.050120
1874.174153   13.558580   0.056700
1874.183645   13.542330   0.073280
1874.193053   13.506160   0.092040
1874.202515   13.575590   0.098320
1874.212179   13.618670   0.109280
1874.222051   13.533300   0.092790
1876.992585   13.541370   0.035390
1877.002277   13.539230   0.037260
1877.012009   13.555260   0.039890
1877.021623   13.570130   0.039260
1877.031340   13.526050   0.043600
1877.041094   13.552420   0.039160
1877.050632   13.531060   0.034700
1877.060512   13.526770   0.036270
1877.070280   13.515370   0.037880
1877.080037   13.527890   0.037960
1877.089835   13.544200   0.039150
1877.099542   13.531700   0.039110
1877.109324   13.545340   0.050020
1877.119234   13.551250   0.048370
1877.128562   13.529190   0.045730
1877.137988   13.569520   0.043300
1877.147449   13.549830   0.053410
1877.157081   13.579220   0.048730
1877.166590   13.548910   0.038320
1877.175811   13.589510   0.044820
1877.185180   13.568810   0.048110
1877.194638   13.535230   0.045730
1877.204359   13.538440   0.044230
1877.213829   13.545020   0.041570
1877.223290   13.564090   0.044750
1877.232928   13.543890   0.044370
1877.242583   13.526570   0.049080
1877.252102   13.539140   0.050310
1877.261424   13.540040   0.041300
1877.271317   13.535490   0.044840
1877.280810   13.553320   0.040410
1877.290913   13.558900   0.046480
1877.300784   13.593900   0.055140
1877.310552   13.499060   0.044130
1877.320329   13.551920   0.054000
1877.330019   13.529580   0.045860
1877.339609   13.533540   0.041120
1877.349339   13.523290   0.047960
1877.359563   13.550440   0.043770
1877.369289   13.553940   0.048060
1877.379166   13.560790   0.046540
1877.389199   13.532560   0.052680
1877.398748   13.596480   0.059240
1877.408188   13.490220   0.055870
1877.417610   13.560780   0.052090
1877.426444   13.567720   0.046890
1877.433416   13.561800   0.051520
1877.439426   13.561420   0.057990
1877.444578   13.541930   0.055920
1877.449101   13.525800   0.049960
1877.452622   13.532760   0.059180
1877.456119   13.559710   0.050660
1877.458826   13.524500   0.048930
1877.460660   13.548530   0.052090
1877.462441   13.538520   0.053200
1877.464144   13.548610   0.049560
1877.465872   13.535320   0.055720
1877.528546   13.554340   0.060770
1877.538164   13.602460   0.070580
1877.547759   13.575530   0.071250
1877.557433   13.567520   0.073180
1877.566991   13.595450   0.073040
1877.956588   13.513540   0.062420
1877.966360   13.564260   0.054520
1877.975795   13.534190   0.039000
1877.985575   13.570160   0.034760
1877.995071   13.543810   0.033610
1878.004964   13.540290   0.032970
1878.014335   13.532280   0.036950
1878.023915   13.562180   0.030070
1878.033403   13.551760   0.034060
1878.042881   13.570130   0.031410
1878.052477   13.549050   0.035980
1878.062202   13.547080   0.036690
1878.072038   13.526130   0.037060
1878.081838   13.560890   0.038360
1878.091595   13.552890   0.035310
1878.101204   13.545290   0.036450
1878.111056   13.543820   0.037770
1878.120475   13.538350   0.040260
1878.129972   13.579370   0.039840
1878.139452   13.578160   0.049370
1878.148981   13.509110   0.085030
1878.158293   13.583380   0.071570
1878.167692   13.570680   0.043270
1878.177309   13.561020   0.040130
1878.186872   13.573710   0.054720
1878.196273   13.552030   0.052800
1878.206054   13.569150   0.061680
1878.215833   13.583590   0.065670
1878.225557   13.531270   0.067630
1878.235117   13.560230   0.055900
1878.244657   13.534880   0.058500
1878.254352   13.524670   0.060860
1878.263984   13.521260   0.067850
1878.273770   13.543070   0.065230
1878.283405   13.573700   0.073810
1878.293079   13.541670   0.070980
1878.302887   13.532630   0.088430
1878.312828   13.481970   0.090820
1878.322431   13.522340   0.089920
1878.332111   13.500610   0.088560
1878.342126   13.559990   0.063400
1878.351898   13.591530   0.073010
1878.361666   13.534840   0.070730
1878.371492   13.545320   0.072430
1878.381052   13.591040   0.084810
1878.390611   13.597730   0.061670
1878.400035   13.543390   0.073580
1878.409523   13.527870   0.071370
1878.419250   13.562110   0.081680
1878.427139   13.537610   0.078630
1878.434256   13.559130   0.068450
1878.439734   13.534460   0.082560
1878.444205   13.521710   0.063220
1878.448555   13.575390   0.060770
1878.452064   13.596700   0.080710
1878.454721   13.554020   0.074320
1878.457364   13.633390   0.079520
1878.459093   13.550720   0.080390
1878.460943   13.553310   0.078540
1878.463071   13.516340   0.113570
1878.523903   13.560180   0.078450
1878.533380   13.573940   0.085340
1878.542754   13.559460   0.078220
1878.552323   13.513990   0.088460
1878.561961   13.605950   0.100850
1878.571532   13.434570   0.071700
1878.581158   13.615390   0.103110
1878.590696   13.560680   0.106640
1878.885725   13.667740   0.125310
1878.896259   13.496840   0.087860
1878.907039   13.565430   0.089510
1878.917827   13.556430   0.084930
1878.928636   13.498850   0.082810
1878.939490   13.536390   0.070930
1878.950209   13.573570   0.058320
1878.960985   13.547380   0.057190
1878.971663   13.557000   0.050870
1878.982256   13.565840   0.053600
1878.992862   13.566790   0.047660
1879.003349   13.548930   0.052060
1879.014056   13.527100   0.053850
1879.024781   13.559290   0.051660
1879.035403   13.550790   0.061620
1879.046338   13.565050   0.057050
1879.056998   13.526560   0.061790
1879.067120   13.525390   0.062580
1879.077625   13.537160   0.060160
1879.087804   13.516990   0.065560
1879.097718   13.525190   0.070270
1879.108265   13.601670   0.077560
1879.118677   13.540520   0.081530
1879.128946   13.505690   0.067710
1879.138951   13.548960   0.077670
1879.148948   13.567300   0.089040
1879.158753   13.444890   0.091030
1879.168681   13.591480   0.091940
1879.178653   13.499170   0.095850
1879.188532   13.529960   0.097940
1879.198658   13.541670   0.096940
1879.208980   13.585720   0.097870
1879.219105   13.605160   0.104650
1879.229198   13.573280   0.099030
1879.239692   13.598140   0.103160
1879.249885   13.536050   0.099680
1879.259988   13.525420   0.093650
1879.270136   13.539650   0.093700
1879.279998   13.582630   0.073830
1879.290256   13.544720   0.087130
1879.300321   13.569060   0.094300
1879.310604   13.485820   0.088630
1879.321132   13.547200   0.091140
1879.331398   13.582550   0.094600
1879.341711   13.533170   0.095460
1879.352168   13.521090   0.093940
1879.362239   13.540430   0.094020
1879.372581   13.555520   0.098690
1879.383093   13.595610   0.056200
1879.393142   13.581900   0.097860
1879.403333   13.518180   0.102630
1879.413718   13.471860   0.101860
1879.422210   13.544290   0.109480
1879.430290   13.525390   0.107190
1879.436891   13.512380   0.109000
1879.441492   13.513390   0.113690
1879.445571   13.527070   0.118390
1879.449457   13.491270   0.110570
1879.452342   13.551950   0.095980
1879.454194   13.622290   0.128100
1879.456055   13.612130   0.100000
1879.457932   13.531280   0.120510
1879.460282   13.559460   0.177060
1879.895306   13.699270   0.069700
1879.904711   13.497390   0.089700
1879.914664   13.551290   0.072540
1879.924232   13.542280   0.055030
1879.933937   13.539310   0.046530
1879.943742   13.548910   0.042580
1879.953255   13.555350   0.039030
1879.962965   13.544680   0.034180
1879.972299   13.552520   0.034940
1879.982133   13.553470   0.034600
1879.991480   13.553770   0.037600
1880.001350   13.551340   0.040160
1880.010995   13.569920   0.045300
1880.020489   13.538540   0.045210
1880.030167   13.578740   0.047100
1880.040004   13.542190   0.043390
1880.050020   13.501320   0.042250
1880.059700   13.547220   0.044980
1880.069635   13.536320   0.045270
1880.079469   13.535590   0.045960
1880.089000   13.535780   0.045100
1880.098524   13.518290   0.051740
1880.108072   13.542350   0.052780
1880.117530   13.523070   0.043110
1880.127140   13.562430   0.050250
1880.200091   13.536580   0.054950
1880.209735   13.551010   0.060090
1880.219431   13.560490   0.058050
1880.229324   13.534300   0.051880
1880.238989   13.557700   0.047680
1880.248836   13.572580   0.047760
1880.258298   13.586790   0.051320
1880.267686   13.561900   0.052770
1880.277275   13.587730   0.057680
1880.286928   13.518750   0.064500
1880.306613   13.517380   0.050810
1880.369120   13.541170   0.052280
1880.967707   13.545930   0.057640
1880.977730   13.603650   0.056610
1880.987626   13.565300   0.046960
1880.997175   13.567020   0.042220
1881.007352   13.537130   0.045110
1881.017262   13.526090   0.048640
1881.027023   13.592770   0.050910
1881.036583   13.560380   0.049610
1881.046307   13.546350   0.049630
1881.055914   13.503840   0.054660
1881.065565   13.551220   0.052770
1881.075352   13.573410   0.055810
1881.085120   13.542390   0.051780
1881.094964   13.520560   0.050590
1881.104801   13.569170   0.046760
1881.114937   13.565580   0.064160
1881.124474   13.557130   0.056750
1881.134326   13.575740   0.060060
1881.143810   13.538590   0.046090
1881.153419   13.549570   0.059730
1881.163015   13.554580   0.052800
1881.171357   13.532120   0.045920
1881.180981   13.541690   0.047930
1881.190627   13.540920   0.040190
1881.200550   13.535580   0.042160
1881.210473   13.593020   0.046490
1881.220305   13.539440   0.049850
1881.230199   13.562120   0.050310
1881.239668   13.571290   0.050780
1881.249328   13.570510   0.053680
1881.258917   13.531450   0.049680
1881.268352   13.545110   0.052100
1881.278189   13.564510   0.051380
1881.288137   13.530870   0.049800
1881.297680   13.530300   0.051740
1881.307337   13.572000   0.055540
1881.317394   13.569710   0.054410
1881.327336   13.564510   0.057090
1881.337373   13.553630   0.057540
1881.347129   13.565110   0.061520
1881.357110   13.521760   0.060370
1881.366722   13.593970   0.057930
1881.376276   13.575670   0.061320
1881.386104   13.525170   0.069480
1881.395996   13.572670   0.068930
1881.405772   13.558230   0.066150
1881.414838   13.557870   0.064460
1881.422098   13.518740   0.071440
1881.428287   13.534600   0.065580
1881.433496   13.518880   0.073220
1881.437835   13.514250   0.071330
1881.441542   13.568980   0.079240
1881.445078   13.501180   0.071860
1881.447777   13.507370   0.074950
1881.449541   13.508350   0.073080
1881.451276   13.564070   0.078910
1881.453055   13.538340   0.077150
1881.455245   13.556740   0.110360
1881.512259   13.590630   0.072820
1881.522032   13.515100   0.086420
1881.531584   13.554430   0.084520
1881.541053   13.560820   0.081900
1881.550943   13.587870   0.078760
1881.560601   13.585940   0.090470
1881.570473   13.532870   0.088730
1881.580253   13.551670   0.097910
1881.589860   13.529110   0.087650
1881.599577   13.512490   0.100780
1881.609472   13.643040   0.090480
1881.619114   13.549950   0.110530
1881.628942   13.636480   0.132900
1881.638590   13.543550   0.128820
1881.648351   13.496310   0.106930
1881.845731   13.507870   0.123040
1881.855252   13.600090   0.103690
1881.864967   13.539870   0.092810
1881.874874   13.580370   0.077120
1881.884546   13.543450   0.067950
1881.894462   13.546910   0.061630
1881.904494   13.553550   0.051970
1881.914271   13.514160   0.050120
1881.923884   13.521290   0.051440
1881.933466   13.539360   0.050350
1881.943231   13.544890   0.047230
1881.952875   13.557480   0.064430
1881.962633   13.602100   0.074280
1881.972149   13.538050   0.074480
1881.982098   13.609350   0.082220
1881.992169   13.599170   0.105720
1882.001889   13.619210   0.109590
1882.011594   13.547620   0.110800
1882.021627   13.625470   0.089860
1882.031644   13.546540   0.100960
1882.041324   13.535330   0.095530
1882.051198   13.529920   0.086000
1882.060871   13.569660   0.091970
1882.080330   13.573940   0.071790
1882.090096   13.566100   0.099490
1882.109365   13.527260   0.115300
1882.121972   13.561450   0.098640
1882.131558   13.578710   0.081490
1882.141120   13.499430   0.113680
1882.150540   13.561400   0.086170
1882.160119   13.518280   0.084410
1882.169652   13.504160   0.087950
1882.179008   13.529950   0.089920
1882.188466   13.500360   0.096880
1882.198063   13.586690   0.109610
1882.227077   13.496480   0.068000
1882.236992   13.563700   0.071800
1882.295514   13.440730   0.069400
1882.334963   13.645640   0.098880
1882.364587   13.447030   0.092430
1883.093660   13.550230   0.067120
1883.103290   13.568690   0.077010
1883.112818   13.495350   0.069820
1883.122237   13.538250   0.081190
1883.131900   13.534600   0.067530
1883.141295   13.531570   0.077710
1883.150882   13.545780   0.077840
1883.160374   13.523060   0.084720
1883.169871   13.644110   0.094450
1883.179271   13.611130   0.065760
1883.188727   13.538200   0.074330
1883.198404   13.559870   0.091350
1883.207904   13.537030   0.083490
1883.217549   13.551830   0.089000
1883.226897   13.498740   0.085860
1883.236210   13.543610   0.091990
1883.245790   13.570670   0.089260
1883.255334   13.570210   0.094920
1883.265175   13.530500   0.089400
1883.274780   13.534150   0.090500
1883.284696   13.582320   0.069400
1883.294394   13.528330   0.118360
1883.304305   13.490320   0.113580
1883.323643   13.579210   0.094490
1883.333437   13.593570   0.110490
1883.343435   13.541770   0.112930
1883.353625   13.524620   0.093620
1883.363493   13.574850   0.104870
1883.373027   13.575020   0.113400
1883.382657   13.613690   0.114920
1883.392439   13.545270   0.103150
1883.402040   13.568680   0.108600
1883.410061   13.624600   0.119650
1883.417485   13.647330   0.126840
1883.423677   13.519030   0.111100
1883.428949   13.502280   0.110740
1883.433147   13.567250   0.068400
1883.436812   13.627500   0.116880
1883.440325   13.512770   0.115400
1883.443180   13.598390   0.114920
1883.444926   13.574070   0.119510
1883.446707   13.488180   0.105960
1883.448508   13.510880   0.110040
1883.507335   13.552260   0.123070
1883.517022   13.491790   0.116590
1883.526808   13.538590   0.075500
1883.574761   13.562460   0.072700
1883.584455   13.552560   0.074500
1883.593915   13.604080   0.126580
1884.099534   13.543970   0.033380
1884.109140   13.524990   0.033210
1884.118686   13.544040   0.044000
1884.128292   13.558710   0.052280
1884.137551   13.528860   0.037770
1884.147279   13.504150   0.041460
1884.156774   13.532860   0.046770
1884.166197   13.515960   0.053340
1884.175960   13.543260   0.054880
1884.185414   13.565410   0.048680
1884.194977   13.539400   0.039440
1884.204574   13.557610   0.044580
1884.214174   13.526170   0.038250
1884.223839   13.534070   0.043780
1884.233272   13.524160   0.063990
1884.242628   13.562810   0.034710
1884.252195   13.542100   0.034610
1884.261682   13.540030   0.035570
1884.271201   13.541600   0.033470
1884.280876   13.528480   0.037400
1884.290846   13.550360   0.040060
1884.300573   13.538990   0.046160
1884.310420   13.559580   0.069610
1884.320206   13.518580   0.040610
1884.330156   13.523180   0.042730
1884.340081   13.565060   0.056590
1884.350052   13.538360   0.048960
1884.360119   13.554610   0.045610
1884.370060   13.556520   0.042150
1884.379738   13.556750   0.046300
1884.389528   13.543470   0.034470
1884.399065   13.559560   0.038320
1884.406881   13.539080   0.046080
1884.413865   13.562060   0.056780
1884.420368   13.590390   0.059060
1884.425635   13.584730   0.040100
1884.430150   13.551980   0.036090
1884.433678   13.547090   0.039040
1884.437202   13.532260   0.040210
1884.439908   13.534020   0.042570
1884.441669   13.525410   0.042380
1884.443407   13.547170   0.041570
1884.445186   13.544620   0.038280
1884.446926   13.614660   0.057300
1884.503638   13.560090   0.036910
1884.513187   13.540080   0.043940
1884.522993   13.540720   0.037420
1884.532900   13.547070   0.033450
1884.542819   13.572610   0.041630
1884.552706   13.555810   0.050720
1884.562458   13.548970   0.030080
1884.572213   13.561400   0.039410
1884.581820   13.568900   0.031230
1884.591479   13.531210   0.041300
1884.600983   13.588950   0.035820
1884.610820   13.569250   0.033380
1884.886961   13.503050   0.094020
1884.896459   13.468050   0.094560
1884.906042   13.444000   0.089000
1884.915643   13.662390   0.106840
1884.925737   13.489820   0.081740
1884.935570   13.572590   0.103930
1884.945448   13.555000   0.093710
1884.954875   13.531250   0.097270
1884.964329   13.594740   0.096420
1884.974229   13.497250   0.103240
1884.983546   13.523230   0.104800
1884.993441   13.631810   0.102210
1885.003341   13.577190   0.089650
1885.013229   13.545210   0.107460
1885.022911   13.564980   0.110300
1885.032502   13.561210   0.116640
1885.042137   13.547790   0.116900
1885.052183   13.530710   0.115570
1885.062033   13.574630   0.099490
1885.090896   13.581570   0.105230
1885.100847   13.479550   0.100530
1885.278794   13.611580   0.084340
1885.288696   13.473200   0.099440
1885.298475   13.524830   0.086410
1885.308250   13.552090   0.087190
1885.318087   13.570920   0.090630
1885.328301   13.660750   0.109820
1885.347807   13.482090   0.064100
1885.404395   13.591870   0.096070
1885.430989   13.568080   0.117670
1885.551209   13.619280   0.099960
1885.570754   13.504740   0.073000
1885.590133   13.539510   0.111340
1886.072366   13.522440   0.030320
1886.082057   13.548240   0.031900
1886.091456   13.551490   0.034360
1886.101064   13.534770   0.035400
1886.110701   13.538520   0.033800
1886.120214   13.555540   0.034700
1886.129544   13.556940   0.035700
1886.138882   13.556030   0.038000
1886.148233   13.549230   0.037380
1886.157943   13.552180   0.038250
1886.167550   13.569030   0.044660
1886.177101   13.541130   0.045850
1886.186997   13.522280   0.047170
1886.196609   13.538120   0.049060
1886.206153   13.550720   0.052920
1886.215757   13.555010   0.059450
1886.225422   13.518490   0.076030
1886.234829   13.533560   0.078360
1886.244630   13.511900   0.079680
1886.254426   13.562140   0.060050
1886.263771   13.587960   0.045310
1886.273578   13.541230   0.079390
1886.283270   13.523270   0.042170
1886.293134   13.526310   0.046540
1886.303115   13.527680   0.055390
1886.312914   13.547930   0.048610
1886.322818   13.559930   0.052370
1886.332859   13.583310   0.051870
1886.342543   13.583280   0.049380
1886.352534   13.574950   0.051660
1886.362281   13.535620   0.052770
1886.372003   13.586970   0.056270
1886.381496   13.546750   0.057750
1886.391198   13.549830   0.066190
1886.399994   13.564990   0.065560
1886.408171   13.482410   0.062120
1886.414363   13.560840   0.081760
1886.419581   13.589930   0.077370
1886.423873   13.613430   0.073520
1886.427459   13.572360   0.068010
1886.431086   13.576360   0.072710
1886.433748   13.520310   0.078990
1886.435540   13.535950   0.084890
1886.437293   13.561800   0.078260
1886.439058   13.542050   0.077400
1886.441348   13.538760   0.154350
