1863.169882   13.512300   0.044180
1863.179028   13.502300   0.049000
1863.188111   13.538680   0.063270
1863.197263   13.515660   0.055330
1863.206453   13.522420   0.051850
1863.215516   13.560280   0.063150
1863.224486   13.526000   0.063810
1863.233708   13.470260   0.063860
1863.243026   13.489340   0.066260
1863.252052   13.514690   0.059380
1863.260978   13.442420   0.056930
1863.270074   13.517830   0.065160
1863.279229   13.533340   0.056210
1863.288341   13.536110   0.054710
1863.297662   13.538360   0.050440
1863.306748   13.557270   0.057040
1863.315898   13.521830   0.058420
1863.325261   13.483370   0.061030
1863.334632   13.539770   0.062600
1863.344416   13.517050   0.059680
1863.353962   13.535650   0.059440
1863.363511   13.522470   0.052760
1863.372640   13.526550   0.047290
1863.381795   13.523490   0.048640
1863.391577   13.555610   0.052830
1863.400670   13.547890   0.055630
1863.410157   13.485690   0.054710
1863.419415   13.538110   0.055580
1863.428728   13.536690   0.058320
1863.438171   13.525950   0.064060
1863.447725   13.514890   0.069870
1863.457038   13.492040   0.075450
1863.464667   13.467580   0.089240
1863.471563   13.566050   0.094170
1863.477686   13.538000   0.095560
1863.482900   13.479790   0.090160
1863.487037   13.517290   0.097440
1863.490505   13.518210   0.103740
1863.494064   13.516480   0.093970
1863.496621   13.526690   0.098570
1863.498272   13.541930   0.099840
1863.500087   13.516080   0.094800
1863.501889   13.464960   0.103170
1863.503937   13.498850   0.146760
1864.122118   13.510640   0.037190
1864.131216   13.509220   0.052940
1864.140349   13.516640   0.044340
1864.149328   13.546460   0.044350
1864.158727   13.544210   0.041920
1864.168077   13.524230   0.054290
1864.177441   13.491160   0.052440
1864.186471   13.501140   0.041800
1864.195786   13.543660   0.050880
1864.204761   13.543700   0.044060
1864.213956   13.533110   0.042450
1864.223275   13.539410   0.042450
1864.232312   13.563880   0.050010
1864.241734   13.525930   0.049090
1864.250994   13.531650   0.043550
1864.260292   13.531960   0.052900
1864.269452   13.544300   0.043360
1864.278712   13.523130   0.054890
1864.288040   13.519630   0.056550
1864.297228   13.530570   0.051640
1864.306786   13.510710   0.055020
1864.315982   13.539600   0.056360
1864.325240   13.527000   0.052810
1864.334830   13.518130   0.053170
1864.344223   13.479390   0.072130
1864.353629   13.555840   0.072990
1864.362884   13.484030   0.074030
1864.372284   13.515390   0.092480
1864.381718   13.544670   0.079810
1864.391386   13.516450   0.068450
1864.401175   13.582980   0.090590
1864.410777   13.530760   0.078050
1864.420158   13.523550   0.078010
1864.429378   13.518270   0.086300
1864.438639   13.499210   0.096990
1864.448098   13.492290   0.107230
1864.457409   13.538470   0.119400
1864.465120   13.526870   0.111910
1864.472313   13.559640   0.098580
1865.081649   13.517050   0.062870
1865.090914   13.495860   0.061210
1865.103000   13.522050   0.059170
1865.112265   13.484150   0.059250
1865.121493   13.492280   0.070130
1865.180915   13.536700   0.041060
1865.189934   13.521000   0.031220
1865.199137   13.537950   0.040760
1865.208040   13.537290   0.030200
1865.217207   13.510070   0.046070
1865.226382   13.523270   0.044650
1865.235932   13.517500   0.052370
1865.245886   13.503250   0.048680
1865.255783   13.498230   0.050580
1865.265750   13.558850   0.063490
1865.275774   13.516250   0.058800
1865.285892   13.522760   0.051170
1865.295973   13.503620   0.058260
1865.306185   13.524670   0.055400
1865.316145   13.501600   0.053480
1865.326150   13.498300   0.055510
1865.336276   13.551550   0.072590
1865.346577   13.470080   0.063010
1865.356675   13.480520   0.062130
1865.366659   13.470150   0.066070
1865.376904   13.516550   0.068470
1865.387088   13.493450   0.067800
1865.397153   13.539070   0.071150
1865.407149   13.479530   0.066260
1865.417333   13.468000   0.064560
1865.427630   13.494010   0.069710
1865.437669   13.505380   0.067150
1865.448171   13.484830   0.083860
1865.457324   13.469850   0.088640
1865.465615   13.431420   0.096100
1865.471988   13.527940   0.117510
1865.482335   13.646290   0.122470
1865.486159   13.453980   0.072600
1865.489785   13.532680   0.119550
1865.492667   13.567710   0.113780
1865.494427   13.537170   0.113270
1865.496283   13.550010   0.105700
1865.498459   13.574230   0.154840
1866.165339   13.526010   0.033950
1866.174723   13.515700   0.034360
1866.184057   13.493570   0.034840
1866.193410   13.520410   0.034420
1866.202706   13.531890   0.037160
1866.212035   13.505140   0.037590
1866.221409   13.517320   0.037010
1866.230791   13.534120   0.037240
1866.240551   13.530970   0.036670
1866.250004   13.496060   0.035870
1866.259354   13.530990   0.038810
1867.193045   13.515270   0.025410
1867.202355   13.541090   0.026270
1867.211516   13.529900   0.026270
1867.220585   13.541600   0.028470
1867.230131   13.525960   0.028480
1867.239707   13.552150   0.028520
1867.249230   13.522880   0.028180
1867.258785   13.542090   0.028980
1867.268385   13.528330   0.030010
1867.277702   13.535100   0.030340
1867.287153   13.542890   0.029570
1867.296854   13.544170   0.032120
1867.306121   13.519720   0.031300
1867.315500   13.518940   0.031850
1867.325094   13.515420   0.032700
1867.334502   13.517500   0.033150
1867.344482   13.518240   0.035680
1867.354030   13.515350   0.035750
1867.363492   13.503040   0.042410
1867.372735   13.518120   0.037880
1867.382212   13.502730   0.037770
1867.391671   13.495180   0.041920
1867.401392   13.469290   0.039210
1867.410805   13.467650   0.040020
1867.420288   13.529660   0.049810
1867.429722   13.500940   0.054040
1867.439192   13.499690   0.049370
1867.448574   13.515160   0.052820
1867.456168   13.532970   0.044870
1867.463320   13.519760   0.046480
1867.469421   13.516670   0.050270
1867.473939   13.512100   0.038860
1867.478291   13.517760   0.037410
1867.481655   13.493680   0.039420
1867.484335   13.563120   0.040820
1867.486951   13.505640   0.040950
1867.488639   13.509940   0.041960
1867.490315   13.543790   0.044860
1867.492002   13.556660   0.042850
1867.493724   13.520610   0.041030
1868.197661   13.546940   0.045510
1868.207123   13.532630   0.048450
1868.216495   13.498600   0.063180
1868.225986   13.513590   0.060280
1868.235811   13.501060   0.068060
1868.245580   13.501760   0.066170
1868.255259   13.564340   0.065560
1868.264815   13.582650   0.063450
1868.274279   13.551530   0.071810
1868.283929   13.532520   0.067180
1868.293537   13.511580   0.099560
1868.303104   13.436370   0.106820
1868.312574   13.502580   0.104830
1868.322548   13.547940   0.073580
1868.332083   13.541300   0.068460
1868.341800   13.560840   0.076230
1868.351466   13.558880   0.099200
1868.360837   13.509710   0.096440
1868.370659   13.482040   0.089340
1868.380417   13.541340   0.090980
1868.390367   13.481050   0.091420
1868.399668   13.514090   0.092020
1868.409622   13.565950   0.099690
1868.419023   13.559660   0.092110
1868.428372   13.535210   0.090780
1868.437691   13.580030   0.094990
1868.446987   13.515670   0.093210
1868.454949   13.469750   0.096170
1868.461066   13.528740   0.092840
1868.467151   13.563360   0.106140
1868.471440   13.551510   0.107710
1868.475710   13.496210   0.113680
1868.479187   13.493090   0.116480
1868.481793   13.538530   0.118310
1868.484421   13.452520   0.113800
1868.486154   13.493490   0.103540
1868.487874   13.538780   0.109350
1868.489584   13.513280   0.109280
1868.491280   13.573860   0.123100
1869.239720   13.498700   0.103330
1869.249027   13.365490   0.072200
1870.219778   13.516470   0.030780
1870.229270   13.525930   0.031880
1870.238762   13.512020   0.036120
1870.248135   13.546730   0.033260
1870.257691   13.544270   0.037950
1870.267266   13.522750   0.035220
1870.276950   13.533770   0.035940
1870.286498   13.516900   0.037370
1870.295849   13.514420   0.034200
1870.305565   13.550270   0.037240
1870.315197   13.533870   0.040630
1870.325274   13.518530   0.042330
1870.335174   13.516660   0.040040
1870.344892   13.516000   0.045180
1870.354573   13.570020   0.048040
1870.364104   13.563880   0.063350
1870.373603   13.527330   0.066420
1870.383600   13.565100   0.077210
1870.393243   13.520760   0.091130
1870.402820   13.542480   0.122000
1870.412418   13.489700   0.108450
1870.421719   13.578500   0.111790
1870.431056   13.598670   0.118140
1870.440608   13.505350   0.099020
1870.448993   13.493730   0.085180
1870.456179   13.538330   0.092770
1870.461756   13.560880   0.109360
1870.466593   13.410540   0.112050
1870.470290   13.439700   0.104020
1870.474034   13.534910   0.118490
1870.476825   13.551010   0.128430
1870.478569   13.520010   0.122520
1870.480341   13.445960   0.110170
1870.482097   13.408950   0.114900
1870.483838   13.461200   0.123090
1870.485602   13.581320   0.130090
1871.136689   13.541550   0.037780
1871.146179   13.526690   0.036230
1871.155384   13.541120   0.036060
1871.164955   13.546300   0.040130
1871.174269   13.515390   0.038860
1871.183469   13.514420   0.041740
1871.192872   13.491650   0.036730
1871.202392   13.501330   0.040960
1871.211865   13.574640   0.050150
1871.221273   13.525840   0.050530
1871.230922   13.542970   0.041510
1871.240394   13.501410   0.041010
1871.250018   13.485850   0.044690
1871.259511   13.505540   0.042730
1871.269122   13.560890   0.041740
1871.278903   13.502460   0.042090
1871.288648   13.512050   0.047120
1871.298226   13.519330   0.043080
1871.307789   13.536470   0.046920
1871.317562   13.525140   0.047550
1871.327342   13.518330   0.051230
1871.337079   13.495040   0.055110
1871.346725   13.524410   0.057240
1871.356495   13.505280   0.053820
1871.366277   13.581680   0.062300
1871.375944   13.505980   0.058850
1871.385808   13.489650   0.064820
1871.395399   13.516740   0.069380
1871.404882   13.478050   0.080840
1871.414342   13.529840   0.079690
1871.423744   13.469620   0.076760
1871.433495   13.485100   0.077840
1871.442405   13.525310   0.071540
1871.449670   13.470730   0.072350
1871.455742   13.554150   0.078430
1871.461191   13.540350   0.085980
1871.465968   13.554030   0.075770
1871.469461   13.581600   0.078560
1871.472994   13.521020   0.079000
1871.476070   13.448540   0.068550
1871.477819   13.498550   0.074550
1871.479709   13.559910   0.069800
1871.481438   13.424330   0.076530
1871.550420   13.599280   0.083920
1871.559908   13.540770   0.083970
1871.569340   13.578960   0.093260
1871.578835   13.473880   0.099050
1871.588334   13.558020   0.119910
1871.597765   13.477720   0.073500
1872.324463   13.494900   0.044970
1872.334315   13.534300   0.046160
1872.344041   13.497210   0.046230
1872.353623   13.506460   0.046100
1872.363427   13.498470   0.043990
1872.373279   13.540880   0.040710
1872.383099   13.508580   0.044640
1872.392766   13.511720   0.042680
1872.402203   13.482890   0.043600
1872.412032   13.500190   0.046190
1872.421585   13.524510   0.047230
1872.431130   13.557010   0.052730
1872.439874   13.491820   0.051370
1872.447517   13.512640   0.051450
1872.454162   13.543110   0.055030
1872.459603   13.532590   0.058280
1872.463903   13.570970   0.054400
1872.467716   13.487270   0.057510
1872.470496   13.596860   0.057950
1872.473152   13.526930   0.058950
1872.474857   13.535310   0.056720
1872.476617   13.582830   0.057980
1872.478370   13.518120   0.053840
1872.480228   13.559750   0.057770
1872.541663   13.538020   0.066000
1872.550845   13.558820   0.069700
1872.560270   13.478660   0.080460
1872.569828   13.551220   0.081840
1872.579400   13.506890   0.080340
1872.588943   13.540110   0.100080
1872.598488   13.490230   0.112580
1872.608116   13.514240   0.133450
1873.229437   13.492910   0.048430
1873.238826   13.549560   0.051200
1873.248403   13.543780   0.047000
1873.258009   13.505660   0.049890
1873.267456   13.529400   0.053590
1873.276959   13.497300   0.054290
1873.286788   13.542160   0.055300
1873.296275   13.546840   0.058720
1873.305896   13.469770   0.059820
1873.315548   13.577070   0.061680
1873.325684   13.519230   0.060080
1873.335346   13.478550   0.068370
1873.344943   13.448110   0.068590
1873.354842   13.535720   0.065430
1873.364691   13.521800   0.071720
1873.374458   13.503390   0.067920
1873.383960   13.498970   0.065080
1873.393856   13.567240   0.066120
1873.403606   13.490080   0.068120
1873.413210   13.452740   0.074730
1873.422938   13.502680   0.079690
1873.432622   13.518960   0.069050
1873.441010   13.514130   0.065530
1873.447044   13.551080   0.062960
1873.453044   13.546590   0.063410
1873.457630   13.462980   0.069550
1873.462090   13.558230   0.062590
1873.465548   13.512060   0.069000
1873.468261   13.547220   0.069630
1873.470892   13.508320   0.071520
1873.472722   13.568250   0.067160
1873.474437   13.565120   0.064560
1873.476606   13.496640   0.095430
1873.586745   13.454470   0.070500
1874.032527   13.523640   0.032910
1874.041923   13.534100   0.034450
1874.051714   13.528420   0.033840
1874.061193   13.522570   0.034190
1874.070741   13.510370   0.036950
1874.080230   13.515550   0.035350
1874.089638   13.511570   0.034830
1874.098984   13.505600   0.036910
1874.108441   13.529880   0.034880
1874.117749   13.498610   0.038640
1874.127103   13.503820   0.038160
1874.136654   13.521420   0.036960
1874.145982   13.550090   0.038630
1874.155173   13.501870   0.044100
1874.164605   13.521070   0.047050
1874.174153   13.537210   0.055350
1874.183645   13.516340   0.074490
1874.193053   13.519690   0.093040
1874.202515   13.519540   0.099440
1874.212179   13.599900   0.110360
1874.222051   13.493600   0.091230
1876.992585   13.544940   0.035220
1877.002277   13.565320   0.037610
1877.012009   13.551930   0.039150
1877.021623   13.543290   0.036550
1877.031340   13.466300   0.038400
1877.041094   13.568740   0.039900
1877.050632   13.522050   0.032680
1877.060512   13.492060   0.036440
1877.070280   13.510580   0.038870
1877.080037   13.513530   0.036470
1877.089835   13.509180   0.038070
1877.099542   13.531170   0.039610
1877.109324   13.533530   0.047430
1877.119234   13.553290   0.046330
1877.128562   13.519030   0.042620
1877.137988   13.529770   0.039090
1877.147449   13.514340   0.052890
1877.157081   13.502100   0.046680
1877.166514   13.532150   0.044970
1877.175811   13.483650   0.041950
1877.185180   13.562500   0.048510
1877.194638   13.509240   0.042980
1877.204359   13.504000   0.043200
1877.213829   13.487370   0.042410
1877.223290   13.538220   0.045160
1877.232928   13.509080   0.043510
1877.242583   13.525110   0.048170
1877.252102   13.481720   0.047400
1877.261424   13.519040   0.047750
1877.271317   13.528280   0.045130
1877.280810   13.508170   0.037820
1877.290913   13.548260   0.046020
1877.300784   13.514520   0.054460
1877.310552   13.538620   0.043390
1877.320329   13.504590   0.054390
1877.330019   13.516790   0.044980
1877.339609   13.501980   0.040680
1877.349339   13.497960   0.047110
1877.359563   13.517230   0.039660
1877.369289   13.483910   0.046340
1877.379166   13.477320   0.043890
1877.389199   13.469150   0.052160
1877.398748   13.588710   0.060420
1877.408188   13.534290   0.055010
1877.417610   13.527830   0.051190
1877.426444   13.522900   0.044760
1877.433416   13.536430   0.048360
1877.439426   13.514190   0.058620
1877.444578   13.511780   0.052780
1877.449101   13.502130   0.048460
1877.452622   13.476270   0.059100
1877.456119   13.472960   0.050650
1877.458826   13.495380   0.050700
1877.460660   13.506870   0.050670
1877.462441   13.480510   0.050070
1877.464144   13.528730   0.048850
1877.465872   13.523030   0.052000
1877.528546   13.585990   0.062150
1877.538164   13.533760   0.067300
1877.547759   13.460630   0.064360
1877.557433   13.511720   0.069610
1877.566991   13.464380   0.066390
1877.956588   13.505550   0.056280
1877.966360   13.526960   0.052680
1877.975795   13.514580   0.040530
1877.985575   13.509520   0.036330
1877.995071   13.541990   0.032560
1878.004964   13.506990   0.032870
1878.014335   13.511590   0.033840
1878.023915   13.503190   0.028000
1878.033403   13.514320   0.031350
1878.042881   13.502690   0.030950
1878.052477   13.515360   0.036560
1878.062202   13.505040   0.036220
1878.072038   13.501950   0.036560
1878.081838   13.517920   0.039740
1878.091595   13.502540   0.036370
1878.101204   13.507550   0.035690
1878.111056   13.522900   0.036560
1878.120475   13.499970   0.037470
1878.129972   13.492890   0.040410
1878.139452   13.505230   0.046140
1878.148981   13.518730   0.083150
1878.158293   13.526030   0.068440
1878.167692   13.515040   0.041430
1878.177309   13.501010   0.039910
1878.186872   13.519820   0.052220
1878.196273   13.522590   0.052260
1878.206054   13.517840   0.059360
1878.215833   13.498530   0.064670
1878.225557   13.525660   0.067970
1878.235117   13.517630   0.051640
1878.244657   13.535620   0.055500
1878.254352   13.516840   0.056800
1878.263984   13.552280   0.069160
1878.273770   13.582690   0.065280
1878.283405   13.553490   0.073530
1878.293079   13.511120   0.068900
1878.302887   13.517830   0.083930
1878.312828   13.498730   0.083070
1878.322431   13.515870   0.088110
1878.332111   13.569690   0.101190
1878.342126   13.544320   0.066820
1878.351898   13.538450   0.070220
1878.361666   13.537660   0.062000
1878.371492   13.507410   0.072690
1878.381052   13.498040   0.078160
1878.390611   13.565800   0.062930
1878.400035   13.495730   0.073710
1878.409523   13.537370   0.073690
1878.419250   13.560710   0.079850
1878.427139   13.571150   0.084840
1878.434256   13.537440   0.068380
1878.439734   13.564270   0.084930
1878.444205   13.500470   0.061860
1878.448555   13.513900   0.063510
1878.452064   13.547570   0.079720
1878.454721   13.615180   0.079980
1878.457364   13.512370   0.078630
1878.459093   13.503560   0.074170
1878.460943   13.564530   0.078560
1878.463071   13.552560   0.113030
1878.523903   13.578310   0.085680
1878.533380   13.537580   0.084460
1878.542754   13.486090   0.073880
1878.552323   13.465390   0.084620
1878.561961   13.563990   0.099830
1878.571608   13.484640   0.105320
1878.581234   13.600300   0.131330
1878.885725   13.631000   0.125980
1878.896259   13.522530   0.094200
1878.907039   13.552360   0.083600
1878.917827   13.526480   0.084060
1878.928636   13.498920   0.083270
1878.939490   13.496930   0.071540
1878.950209   13.470380   0.058220
1878.960985   13.491510   0.055350
1878.971663   13.524960   0.052250
1878.982256   13.491600   0.051870
1878.992862   13.513000   0.048390
1879.003349   13.488580   0.052330
1879.014056   13.523930   0.053000
1879.024781   13.513590   0.052840
1879.035403   13.519890   0.060280
1879.046338   13.524740   0.062690
1879.056998   13.476700   0.060230
1879.067120   13.503810   0.062040
1879.077625   13.494080   0.065420
1879.087804   13.523360   0.065530
1879.097718   13.506640   0.071770
1879.108265   13.489380   0.073360
1879.118677   13.509570   0.085010
1879.128946   13.411680   0.064240
1879.138951   13.466050   0.078430
1879.148948   13.527220   0.087130
1879.158753   13.537100   0.095720
1879.168681   13.599480   0.093210
1879.178653   13.519620   0.098640
1879.188532   13.514570   0.101440
1879.198658   13.555660   0.103420
1879.208980   13.471270   0.098760
1879.219105   13.547670   0.098750
1879.229198   13.530230   0.100020
1879.239692   13.507890   0.101240
1879.249885   13.522620   0.096240
1879.259988   13.524580   0.095800
1879.270136   13.504500   0.089610
1879.279998   13.570770   0.069930
1879.290256   13.553660   0.091660
1879.300321   13.444750   0.089340
1879.310604   13.534620   0.093770
1879.321132   13.530640   0.092640
1879.331398   13.512940   0.090410
1879.341711   13.503070   0.092470
1879.352168   13.574810   0.093240
1879.362239   13.475280   0.092490
1879.372581   13.464650   0.092640
1879.383093   13.490290   0.048900
1879.393142   13.539320   0.075270
1879.403333   13.483600   0.102890
1879.413718   13.519570   0.103970
1879.422210   13.569790   0.109350
1879.430290   13.604390   0.113690
1879.436891   13.507490   0.108320
1879.441492   13.547620   0.115840
1879.445571   13.549310   0.117270
1879.449457   13.587800   0.119150
1879.452342   13.581250   0.098860
1879.454194   13.512810   0.114550
1879.456055   13.573200   0.101260
1879.457932   13.436010   0.115690
1879.460282   13.457760   0.165480
1879.895306   13.326990   0.054500
1879.904711   13.491700   0.090520
1879.914664   13.559610   0.070260
1879.924232   13.479000   0.058630
1879.933937   13.533110   0.049200
1879.943742   13.521810   0.041860
1879.953255   13.525100   0.038130
1879.962965   13.542980   0.035230
1879.972299   13.537030   0.033780
1879.982133   13.515840   0.035850
1879.991480   13.515330   0.038800
1880.001350   13.533040   0.041110
1880.010995   13.503940   0.044070
1880.020489   13.528320   0.047060
1880.030167   13.544890   0.044060
1880.040004   13.513510   0.043940
1880.050020   13.505230   0.044650
1880.059700   13.529450   0.045610
1880.069635   13.486850   0.046660
1880.079469   13.519890   0.048850
1880.089000   13.500890   0.045480
1880.098524   13.528300   0.049850
1880.108072   13.551400   0.052770
1880.117530   13.518070   0.045800
1880.127140   13.502030   0.048160
1880.200091   13.541220   0.054290
1880.209735   13.483570   0.058260
1880.219431   13.521050   0.056490
1880.229324   13.506360   0.051120
1880.238989   13.546550   0.051040
1880.248836   13.571260   0.045320
1880.258298   13.575990   0.050690
1880.267686   13.546910   0.053890
1880.277275   13.524630   0.055280
1880.286928   13.532980   0.063750
1880.306613   13.529170   0.054350
1880.369120   13.494250   0.052130
1880.967707   13.576170   0.057400
1880.977730   13.604770   0.058800
1880.987626   13.509190   0.047050
1880.997175   13.521180   0.044930
1881.007352   13.545490   0.044380
1881.017262   13.543110   0.046310
1881.027023   13.475240   0.050070
1881.036583   13.491200   0.050290
1881.046307   13.511080   0.050930
1881.055914   13.514350   0.056730
1881.065565   13.493300   0.052520
1881.075352   13.525450   0.058090
1881.085120   13.452310   0.052790
1881.094964   13.546940   0.049410
1881.104801   13.502800   0.044130
1881.114937   13.550100   0.064020
1881.124474   13.517580   0.057280
1881.134326   13.427290   0.056420
1881.143810   13.486650   0.043960
1881.153419   13.523850   0.059730
1881.163015   13.519460   0.053480
1881.171357   13.481300   0.043770
1881.180981   13.514740   0.045570
1881.190627   13.507680   0.040320
1881.200550   13.500840   0.043330
1881.210473   13.481830   0.047560
1881.220305   13.548540   0.049080
1881.230199   13.535660   0.051510
1881.239668   13.498060   0.052110
1881.249328   13.499040   0.050530
1881.258917   13.530030   0.051600
1881.268352   13.485560   0.054750
1881.278189   13.511400   0.052790
1881.288137   13.526540   0.052590
1881.297680   13.502240   0.051170
1881.307337   13.544610   0.054540
1881.317394   13.525430   0.059320
1881.327336   13.519630   0.064620
1881.337373   13.510130   0.058390
1881.347129   13.544730   0.059840
1881.357110   13.504320   0.057170
1881.366722   13.521740   0.058330
1881.376276   13.510150   0.065850
1881.386104   13.484190   0.069540
1881.395996   13.547010   0.069250
1881.405772   13.493070   0.069530
1881.414838   13.482190   0.070680
1881.422098   13.541850   0.068370
1881.428287   13.521410   0.073910
1881.433496   13.521820   0.067250
1881.437835   13.506880   0.072040
1881.441542   13.587520   0.079230
1881.445078   13.557010   0.077810
1881.447777   13.585100   0.080020
1881.449541   13.473560   0.069880
1881.451276   13.565640   0.075670
1881.453055   13.519980   0.070040
1881.455245   13.570390   0.109490
1881.512259   13.455440   0.071900
1881.522032   13.584180   0.079620
1881.531584   13.513610   0.086680
1881.541053   13.576280   0.075690
1881.550943   13.444650   0.086220
1881.560601   13.545540   0.089310
1881.570473   13.483500   0.084870
1881.580253   13.505540   0.092620
1881.589860   13.548650   0.088020
1881.599577   13.617890   0.110590
1881.609472   13.469680   0.093340
1881.619114   13.532590   0.115520
1881.628942   13.503940   0.123810
1881.638590   13.430780   0.127020
1881.845884   13.506280   0.071000
1881.855252   13.456240   0.104450
1881.864967   13.507670   0.093160
1881.874874   13.482350   0.085690
1881.884546   13.517950   0.068100
1881.894462   13.519210   0.063010
1881.904494   13.477260   0.052600
1881.914271   13.476100   0.053710
1881.923884   13.539700   0.053530
1881.933466   13.520560   0.048620
1881.943231   13.543110   0.046830
1881.952875   13.531870   0.068550
1881.962633   13.505910   0.070550
1881.972149   13.530280   0.075410
1881.982098   13.539800   0.082080
1881.992169   13.482200   0.100000
1882.001889   13.438210   0.104530
1882.011594   13.509120   0.108510
1882.021627   13.558290   0.084080
1882.031644   13.546710   0.098540
1882.041324   13.536130   0.093910
1882.051198   13.528080   0.090770
1882.060871   13.551480   0.088100
1882.080330   13.527640   0.067430
1882.090096   13.527410   0.123130
1882.109365   13.520110   0.117270
1882.121972   13.577670   0.098820
1882.131558   13.577540   0.082100
1882.141120   13.652070   0.125280
1882.150540   13.540240   0.080620
1882.160119   13.546250   0.085570
1882.169652   13.553360   0.090320
1882.179008   13.529910   0.088200
1882.188466   13.585070   0.095940
1882.198063   13.590690   0.116380
1882.227308   13.571520   0.099860
1882.236839   13.468830   0.102190
1882.295514   13.492700   0.072300
1882.335039   13.305570   0.064200
1882.374890   13.503940   0.070200
1883.093660   13.500660   0.065590
1883.103290   13.487660   0.076130
1883.112818   13.544060   0.065440
1883.122237   13.421830   0.077770
1883.131900   13.506680   0.067780
1883.141295   13.538250   0.069180
1883.150882   13.536280   0.076820
1883.160374   13.594810   0.085010
1883.169871   13.515160   0.089040
1883.179271   13.506010   0.061520
1883.188727   13.521070   0.065650
1883.198404   13.561140   0.087790
1883.207904   13.591390   0.085770
1883.217549   13.558130   0.091400
1883.226897   13.495650   0.088990
1883.236210   13.534480   0.086080
1883.245790   13.518350   0.087020
1883.255334   13.534180   0.094500
1883.265175   13.473820   0.089900
1883.274780   13.506850   0.091280
1883.284849   13.562200   0.111340
1883.294470   13.566400   0.099400
1883.304305   13.533760   0.115160
1883.323720   13.494040   0.110610
1883.333437   13.568870   0.105250
1883.343435   13.565450   0.113110
1883.353625   13.525860   0.089740
1883.363493   13.459280   0.097930
1883.373027   13.476350   0.106120
1883.382657   13.439620   0.108230
1883.392439   13.554730   0.105550
1883.402040   13.480030   0.103770
1883.410061   13.634530   0.119920
1883.417485   13.529980   0.116740
1883.423677   13.626490   0.111450
1883.428949   13.475800   0.107030
1883.433223   13.480050   0.091570
1883.436812   13.562990   0.118750
1883.440324   13.486460   0.089470
1883.443180   13.516240   0.111140
1883.444849   13.501060   0.090820
1883.446707   13.568230   0.111210
1883.448508   13.490260   0.108840
1883.507335   13.603970   0.120920
1883.517022   13.558610   0.118360
1883.526655   13.602360   0.077100
1883.536079   13.472460   0.078100
1883.574455   13.340430   0.073600
1883.584378   13.516750   0.100640
1883.593915   13.518080   0.119920
1884.099534   13.524950   0.032230
1884.109140   13.507810   0.030670
1884.118686   13.518930   0.037530
1884.128292   13.512740   0.051160
1884.137551   13.493170   0.035120
1884.147279   13.488770   0.043130
1884.156774   13.493150   0.041360
1884.166197   13.494950   0.051690
1884.175960   13.556080   0.048370
1884.185414   13.501040   0.048120
1884.194977   13.511200   0.035220
1884.204574   13.484260   0.040420
1884.214174   13.496750   0.035630
1884.223839   13.564310   0.044320
1884.233272   13.520360   0.064210
1884.242628   13.524630   0.032220
1884.252195   13.531110   0.032180
1884.261682   13.534080   0.034100
1884.271201   13.541580   0.033870
1884.280876   13.517980   0.037420
1884.290846   13.510740   0.039830
1884.300573   13.519510   0.044450
1884.310420   13.595530   0.067370
1884.320206   13.497440   0.041920
1884.330156   13.558990   0.045430
1884.340081   13.565390   0.054970
1884.350052   13.491150   0.049620
1884.360119   13.480410   0.044510
1884.370060   13.493000   0.044050
1884.379738   13.517230   0.044930
1884.389528   13.500640   0.034870
1884.399065   13.532980   0.041000
1884.406881   13.556790   0.044620
1884.413865   13.524920   0.055090
1884.420368   13.555530   0.059920
1884.425635   13.509200   0.040200
1884.430150   13.508540   0.033950
1884.433678   13.506160   0.041810
1884.437202   13.527160   0.041740
1884.439908   13.550660   0.039440
1884.441669   13.510520   0.041230
1884.443407   13.538530   0.038390
1884.445186   13.481420   0.038570
1884.446926   13.452970   0.054180
1884.503638   13.533940   0.035220
1884.513187   13.524650   0.041560
1884.522993   13.506050   0.035290
1884.532900   13.502470   0.032100
1884.542819   13.522870   0.039120
1884.552706   13.563080   0.048940
1884.562458   13.515000   0.030080
1884.572213   13.539160   0.036480
1884.581820   13.531270   0.031640
1884.591479   13.551720   0.039210
1884.600983   13.501760   0.035390
1884.610820   13.488560   0.033030
1884.886961   13.564680   0.079620
1884.896459   13.504200   0.095840
1884.906042   13.559700   0.091480
1884.915643   13.525670   0.103230
1884.925737   13.469930   0.080200
1884.935570   13.494600   0.098480
1884.945448   13.525210   0.089090
1884.954875   13.523240   0.095880
1884.964329   13.509980   0.091310
1884.974229   13.538420   0.107630
1884.983546   13.510990   0.103750
1884.993441   13.518380   0.096660
1885.003341   13.533460   0.084660
1885.013229   13.543260   0.106290
1885.022911   13.553090   0.106030
1885.032502   13.486710   0.115720
1885.042137   13.528580   0.118990
1885.052183   13.455590   0.111510
1885.062033   13.660340   0.107510
1885.071678   13.418620   0.069300
1885.100770   13.437730   0.099210
1885.278794   13.484200   0.079600
1885.288696   13.608340   0.101970
1885.298475   13.534480   0.089060
1885.308250   13.546560   0.088370
1885.318087   13.552360   0.089920
1885.328301   13.526220   0.098690
1885.347960   13.418670   0.107370
1885.367424   13.490540   0.064900
1885.404395   13.453240   0.109940
1885.430989   13.507480   0.112560
1885.434484   13.405070   0.062600
1885.438939   13.574620   0.068100
1885.440855   13.583110   0.066400
1885.570754   13.635020   0.075700
1885.590133   13.583640   0.116410
1886.072366   13.544040   0.028700
1886.082057   13.534720   0.032470
1886.091456   13.517430   0.032740
1886.101064   13.504940   0.034540
1886.110701   13.528640   0.033450
1886.120214   13.538130   0.033020
1886.129544   13.525860   0.035670
1886.138882   13.511630   0.036260
1886.148233   13.484020   0.036160
1886.157943   13.500160   0.035860
1886.167550   13.515470   0.046160
1886.177101   13.521050   0.043540
1886.186997   13.492610   0.043890
1886.196609   13.499940   0.048400
1886.206153   13.450970   0.053740
1886.215757   13.609290   0.059710
1886.225422   13.545560   0.072100
1886.234829   13.503390   0.079500
1886.244630   13.477160   0.077620
1886.254426   13.491040   0.055570
1886.263771   13.514560   0.042270
1886.273578   13.497500   0.077780
1886.283270   13.488180   0.041950
1886.293134   13.502270   0.045900
1886.303115   13.516720   0.052840
1886.312914   13.571100   0.048390
1886.322818   13.486720   0.050850
1886.332859   13.512430   0.051980
1886.342543   13.501090   0.047960
1886.352534   13.497120   0.047970
1886.362281   13.497930   0.054170
1886.372003   13.536550   0.055810
1886.381496   13.497210   0.057240
1886.391198   13.590110   0.063070
1886.399994   13.510330   0.061510
1886.408171   13.512610   0.062830
1886.414363   13.466100   0.081240
1886.419581   13.585970   0.081440
1886.423873   13.583890   0.072460
1886.427459   13.449640   0.070870
1886.431086   13.541250   0.073740
1886.433748   13.508230   0.080430
1886.435540   13.600480   0.087630
1886.437293   13.554590   0.069390
1886.439058   13.567420   0.077940
1886.441348   13.393720   0.140590
