1864.122118   10.993850   0.006640
1864.131216   10.983690   0.008260
1864.140349   10.980190   0.007450
1865.081649   10.978160   0.008720
1865.090914   10.990360   0.009410
1865.103000   10.997890   0.009070
1865.112265   10.988430   0.008830
1865.121493   10.987230   0.010280
1865.180915   10.986620   0.006530
1865.189934   10.983570   0.005540
1865.199137   10.983450   0.006750
1865.208040   10.985890   0.005540
1865.217207   10.983260   0.007800
1865.226382   10.994130   0.007510
1865.235932   10.987470   0.007970
1865.245886   10.990440   0.008140
1865.255783   10.988270   0.007910
1865.265750   10.985300   0.009870
1865.275774   10.989680   0.009010
1865.285892   10.991350   0.007850
1865.295973   10.981190   0.008660
1865.306185   10.996940   0.008600
1865.316145   11.001980   0.008490
1865.326150   10.994300   0.009070
1865.336276   10.988400   0.010280
1865.346577   10.979380   0.009240
1865.356675   10.995240   0.009240
1865.366659   10.987830   0.010100
1865.376904   10.987160   0.010050
1865.387088   10.983290   0.010220
1865.397153   10.981520   0.010340
1865.407149   10.994190   0.009930
1865.417333   10.991000   0.009700
1865.427630   10.992070   0.010160
1865.437669   10.978160   0.009990
1865.448171   10.985430   0.012130
1865.457324   11.007290   0.012530
1865.465615   10.985870   0.013510
1865.471988   11.004080   0.016050
1865.477591   11.005470   0.019110
1865.482335   10.978120   0.016230
1865.486159   10.999470   0.018950
1865.489785   10.991560   0.016110
1865.492667   10.993050   0.015650
1865.494427   10.997430   0.015300
1865.496283   10.988560   0.014320
1865.498551   10.981230   0.024020
1866.165339   10.994330   0.006240
1866.174723   10.986210   0.006240
1866.184057   10.994960   0.006290
1866.193410   10.986120   0.006410
1866.202706   10.989090   0.006580
1866.212035   10.985350   0.006700
1866.221409   10.983680   0.006810
1866.230791   10.998160   0.006750
1866.240551   10.988190   0.006700
1866.250004   10.996430   0.006750
1866.259354   10.995420   0.006930
1867.193045   10.985190   0.004850
1867.202355   10.986700   0.005020
1867.211516   10.993480   0.005020
1867.220585   10.979660   0.005200
1867.230131   10.981980   0.005200
1867.239707   10.992080   0.005260
1867.249230   10.991230   0.005200
1867.258785   10.987830   0.005370
1867.268385   10.989200   0.005370
1867.277702   10.987500   0.005490
1867.287153   10.987650   0.005430
1867.296854   10.990180   0.005600
1867.306121   10.985760   0.005540
1867.315500   10.987910   0.005720
1867.325094   10.986160   0.005720
1867.334502   10.987410   0.005890
1867.344482   10.981570   0.005950
1867.354030   10.995460   0.006060
1867.363492   10.983600   0.006470
1867.372735   10.996180   0.006240
1867.382212   11.000260   0.006410
1867.391671   10.987130   0.006640
1867.401239   10.987550   0.003800
1867.410805   11.002560   0.006580
1867.420442   10.978240   0.004100
1868.207123   10.982380   0.007850
1868.216495   10.989670   0.009080
1868.225986   10.986020   0.008890
1868.245580   10.982880   0.009640
1868.255259   10.988780   0.009930
1868.303104   10.987160   0.014900
1868.312574   10.977800   0.015070
1868.360837   10.980330   0.013510
1868.370659   10.988630   0.013160
1868.419023   10.984320   0.013220
1869.249027   10.993900   0.020040
1869.258676   10.993710   0.022000
1869.268460   10.991870   0.025410
1869.297392   10.984050   0.030200
1869.326588   10.992810   0.039730
1869.336211   11.009140   0.036370
1869.356015   10.995150   0.063140
1869.365769   10.978750   0.028200
1869.375686   10.965450   0.053970
1869.394424   10.970130   0.074360
1869.403876   10.980980   0.061310
1869.422812   10.982540   0.080560
1869.468262   11.018880   0.074400
1870.238762   10.991730   0.006120
1870.248135   10.988960   0.006000
1870.257691   10.986710   0.006580
1870.276950   10.980530   0.006350
1870.286498   10.989080   0.006580
1870.295849   10.990000   0.006240
1870.305565   10.987910   0.006410
1870.325274   10.992070   0.007280
1870.335174   10.992680   0.006930
1870.344892   11.001060   0.007220
1870.354573   11.000500   0.008200
1870.393243   10.988010   0.012940
1870.456179   10.984760   0.012530
1871.136689   10.979310   0.006240
1871.146179   10.988800   0.006060
1871.155384   10.992800   0.006180
1871.164955   10.988760   0.006580
1871.174269   10.995160   0.006580
1871.183469   10.977050   0.006750
1871.192872   10.986740   0.006530
1871.202392   10.990910   0.006810
1871.211865   10.994120   0.007620
1871.221273   10.983270   0.007560
1871.230922   10.982620   0.007100
1871.240394   10.988500   0.006930
1871.250018   10.987250   0.007100
1871.259511   10.984240   0.006930
1871.278903   10.990160   0.007100
1871.288648   10.996550   0.007450
1871.307789   10.989390   0.007620
1871.317562   10.985430   0.007790
1871.327342   10.989720   0.008030
1871.337079   10.984310   0.008550
1871.346725   10.965660   0.008720
1871.356495   10.999180   0.008660
1871.455742   10.970730   0.011200
1871.477819   10.982670   0.011030
1872.324463   10.991690   0.007040
1872.353623   10.983600   0.007220
1872.363427   10.998990   0.007100
1872.412032   10.989860   0.007450
1873.229437   10.994840   0.007790
1873.258009   10.991990   0.008030
1873.267456   10.991210   0.008310
1873.296275   10.988900   0.008550
1873.305896   10.992340   0.009010
1873.315548   10.978570   0.009070
1873.344943   10.981950   0.009870
1873.354842   10.981880   0.009410
1873.413210   10.992270   0.010680
1874.032527   10.985000   0.005600
1874.061193   10.982510   0.005720
1874.070741   10.988720   0.006000
1874.080230   10.993480   0.006060
1874.089638   10.985200   0.005950
1874.098984   10.984470   0.006060
1874.108441   10.989580   0.006060
1874.117749   10.988990   0.006290
1874.136654   10.985220   0.006350
1874.145982   10.995370   0.006640
1874.155173   10.990510   0.006990
1874.164605   10.986110   0.007330
1874.183645   10.985600   0.010450
1874.193053   10.990470   0.013450
1876.992585   10.988600   0.005720
1877.002277   10.987950   0.005890
1877.012009   10.984380   0.005950
1877.031340   10.982200   0.006290
1877.041094   10.989540   0.006120
1877.060512   10.991980   0.005950
1877.070280   10.983240   0.006120
1877.089835   10.986030   0.006120
1877.099542   10.994940   0.006290
1877.128562   10.986740   0.006580
1877.137988   10.993540   0.006580
1877.147449   10.984480   0.007280
1877.166514   10.993480   0.006810
1877.175811   10.986520   0.006700
1877.185180   10.990530   0.006990
1877.194638   10.984540   0.006810
1877.204359   10.986710   0.006750
1877.213829   10.984300   0.006580
1877.223290   10.981580   0.006750
1877.232928   10.979380   0.006750
1877.242583   10.985040   0.007100
1877.252102   10.983970   0.007160
1877.261424   10.982570   0.007100
1877.271317   10.987570   0.006870
1877.280810   10.981120   0.006580
1877.290913   10.992700   0.007040
1877.300784   10.981650   0.007510
1877.310552   10.985080   0.006870
1877.320329   10.990810   0.007450
1877.330019   10.983830   0.006930
1877.369289   10.995680   0.007160
1877.379166   10.992450   0.007100
1877.433416   10.981140   0.007740
1877.444578   10.979130   0.008140
1877.464144   10.980410   0.007910
1877.465872   10.984740   0.008080
1877.956588   10.982810   0.008200
1877.966360   10.975700   0.007560
1877.975795   10.980380   0.006530
1877.985575   10.986810   0.006060
1878.004964   10.985360   0.005720
1878.014335   10.984720   0.006060
1878.033403   10.987590   0.005770
1878.042881   10.986870   0.005720
1878.052477   10.994960   0.006410
1878.062202   10.980450   0.006180
1878.072038   10.988960   0.006290
1878.081838   10.990570   0.006470
1878.091595   10.993660   0.006240
1878.101204   10.989100   0.006410
1878.120475   10.991890   0.006580
1878.129972   10.992440   0.007100
1878.139452   10.975200   0.007850
1878.158293   10.986630   0.010910
1878.167692   10.991010   0.007220
1878.177309   10.986550   0.006990
1878.186872   10.982560   0.008490
1878.196273   10.989760   0.008430
1878.206054   10.994290   0.009350
1878.225557   10.982570   0.009930
1878.235117   11.008410   0.008660
1878.244657   10.994880   0.008720
1878.254352   10.984560   0.009240
1878.263984   10.992280   0.009930
1878.293079   10.983990   0.010450
1878.302887   10.984530   0.012590
1878.332111   10.976150   0.013280
1878.351898   10.994590   0.010970
1878.434256   10.995160   0.009620
1878.439734   10.999130   0.012010
1878.448555   10.985160   0.009190
1878.452064   10.987470   0.011260
1878.457364   10.985200   0.011320
1878.459093   10.991090   0.011200
1878.982256   10.971910   0.007790
1878.992862   10.991540   0.007680
1879.003349   10.985470   0.008260
1879.014056   10.979600   0.008260
1879.024781   10.989820   0.008310
1879.035403   10.994830   0.009180
1879.046338   10.989000   0.009120
1879.056998   10.995690   0.009470
1879.067120   10.988290   0.009580
1879.077625   10.996720   0.009700
1879.087804   10.986560   0.009870
1879.097718   10.992470   0.010740
1879.108265   10.977840   0.011260
1879.118677   10.980910   0.011780
1879.128946   10.994520   0.009830
1879.138951   10.980540   0.011260
1879.148948   10.991610   0.012760
1879.158753   10.999670   0.013280
1879.168681   10.986720   0.013050
1879.178653   10.986710   0.013400
1879.188532   10.982340   0.013740
1879.198658   10.990670   0.013800
1879.208980   10.992820   0.013910
1879.219105   10.996280   0.014090
1879.229198   10.978450   0.014090
1879.239692   10.993820   0.014200
1879.249885   10.986490   0.013860
1879.259988   10.995500   0.013510
1879.270136   10.990110   0.013340
1879.279998   10.981840   0.010750
1879.290256   10.990710   0.013280
1879.300321   10.974350   0.013220
1879.310604   10.991030   0.013400
1879.321132   10.980700   0.013340
1879.331398   10.980370   0.013400
1879.341711   10.991900   0.013680
1879.352168   10.987490   0.013740
1879.372581   10.996310   0.013970
1879.885631   11.007870   0.016630
1879.914664   10.999020   0.008490
1879.943742   10.982950   0.006000
1879.953255   10.979660   0.005720
1879.962965   10.988940   0.005540
1879.972299   10.992910   0.005540
1879.982133   10.983150   0.005720
1879.991480   10.985350   0.005890
1880.001350   10.989080   0.006060
1880.010995   10.984740   0.006470
1880.020489   10.981580   0.006410
1880.030167   10.989300   0.006530
1880.050020   10.981090   0.006410
1880.059700   10.982570   0.006530
1880.069635   10.982490   0.006640
1880.079469   10.984940   0.006930
1880.089000   10.984980   0.006700
1880.117530   10.986500   0.006810
1880.127140   10.993260   0.006990
1880.248836   10.991020   0.007160
1880.258298   10.982220   0.007450
1880.977730   10.996280   0.007560
1880.987626   10.993720   0.006580
1881.007352   10.988700   0.006530
1881.017262   10.986170   0.006640
1881.027023   10.992290   0.006930
1881.046307   10.989980   0.006990
1881.055914   11.002080   0.007450
1881.065565   10.988740   0.007280
1881.085120   10.984820   0.007400
1881.094964   10.992760   0.007160
1881.104801   10.978670   0.006640
1881.114937   10.990750   0.008430
1881.134326   10.997150   0.008030
1881.143810   10.991310   0.006750
1881.153419   10.985470   0.008090
1881.163015   10.974540   0.007620
1881.171357   10.993430   0.006990
1881.180981   10.980500   0.007160
1881.190627   10.993080   0.006530
1881.200550   10.993210   0.006930
1881.210473   10.988590   0.007160
1881.220305   10.983290   0.007510
1881.230199   10.988310   0.007450
1881.239668   10.991110   0.007740
1881.249328   10.987460   0.007680
1881.258917   10.984690   0.007620
1881.268352   10.988160   0.007790
1881.288137   10.974230   0.007790
1881.297680   10.985150   0.007910
1881.307337   10.992510   0.008140
1881.366722   10.986780   0.009010
1881.376276   10.991900   0.009240
1881.386104   10.996710   0.009700
1881.422098   10.984750   0.010100
1881.433496   10.988550   0.010160
1881.445078   10.980980   0.010620
1881.447777   10.978410   0.010510
1881.835768   10.996220   0.010700
1881.845884   10.983950   0.009000
1881.914348   10.991330   0.006080
1881.923884   10.994400   0.007620
1881.933466   10.994510   0.007330
1881.943231   10.991660   0.007450
1881.952875   10.989500   0.009180
1881.962633   10.998470   0.009990
1881.992169   10.980150   0.013400
1882.001889   10.984730   0.014490
1882.011594   10.974470   0.014490
1882.051198   10.984760   0.011430
1882.060871   10.981190   0.011840
1882.070527   10.993250   0.021210
1882.080330   10.981410   0.009580
1882.099569   11.005180   0.028980
1882.109365   10.980040   0.015420
1882.121972   11.000370   0.013110
1882.131558   10.974720   0.010450
1882.141120   10.980020   0.016180
1882.150540   10.998970   0.011370
1882.160119   10.987750   0.011490
1882.169652   10.980950   0.012130
1882.179008   10.980470   0.011890
1882.188466   10.989320   0.013050
1882.198063   10.993040   0.014950
1882.208031   10.985080   0.026680
1882.217722   10.970100   0.021590
1882.227231   10.990060   0.018590
1882.236839   11.012450   0.018190
1882.246327   10.969000   0.027030
1882.256107   10.984520   0.024770
1882.266006   10.994460   0.025080
1882.275585   10.987560   0.021090
1882.305067   10.966840   0.027030
1882.315073   11.012730   0.032170
1882.325032   10.986450   0.019700
1882.394964   10.972810   0.040610
1883.112818   11.004040   0.009130
1883.122237   10.986280   0.010230
1883.131900   10.987890   0.008720
1883.141372   10.987930   0.007920
1883.150882   10.993790   0.010220
1883.179271   10.995180   0.009410
1883.188727   10.997740   0.009530
1883.198404   10.987560   0.011150
1883.207904   10.987210   0.010910
1883.236210   10.992100   0.011490
1883.245790   10.984650   0.011430
1883.294394   10.981940   0.016680
1883.304305   10.989540   0.015830
1883.343435   10.989580   0.014840
1883.353548   10.982090   0.015750
1883.410061   10.981070   0.015240
1884.109140   10.988540   0.004970
1884.118686   10.988550   0.005890
1884.128292   10.982540   0.006640
1884.137551   10.988460   0.005490
1884.156774   10.975690   0.006290
1884.166197   11.000200   0.006880
1884.175960   10.987230   0.007450
1884.185414   10.987980   0.006470
1884.194977   10.988370   0.005720
1884.214174   10.981710   0.005660
1884.223839   10.994920   0.006060
1884.233272   10.987070   0.008150
1884.271201   10.987890   0.005310
1884.280876   10.985860   0.005600
1884.310420   11.000560   0.008730
1884.360119   10.983910   0.006180
1884.399065   10.988870   0.005770
1884.925737   10.986790   0.011030
1884.935570   10.975740   0.014490
1884.945448   10.988350   0.011840
1884.954875   10.974040   0.012880
1884.964329   11.000070   0.012360
1884.974229   10.981680   0.014210
1884.983546   10.973930   0.014210
1884.993441   10.979180   0.012990
1885.003341   10.997550   0.012930
1885.013229   10.994580   0.014490
1885.022911   10.994410   0.014430
1885.032502   10.985990   0.016280
1885.042137   11.014100   0.016050
1885.052183   10.985450   0.016170
1885.061957   10.973400   0.018490
1885.071678   10.974190   0.018590
1885.081285   10.987910   0.020670
1885.090973   11.008790   0.019170
1885.100847   10.991230   0.019000
1885.298475   10.984340   0.011320
1885.338173   10.983140   0.019770
1885.347960   10.985420   0.016280
1885.367578   10.966510   0.018590
1886.072366   10.992760   0.004910
1886.082057   10.995900   0.005200
1886.091456   10.999480   0.005430
1886.101064   10.993280   0.005540
1886.120214   10.987570   0.005540
1886.129544   10.998030   0.005770
1886.138882   10.985440   0.005890
1886.148233   10.990070   0.005890
1886.157943   10.985360   0.006120
1886.167550   10.985560   0.006700
1886.186997   10.986670   0.007100
1886.196609   10.987420   0.007330
1886.206153   10.985740   0.008080
1886.234829   10.987660   0.010800
1886.244630   10.988130   0.010620
1886.254426   10.997470   0.008140
1886.293134   10.990690   0.006990
1886.312914   11.004300   0.007330
1886.322818   10.985410   0.007450
1886.332859   10.983430   0.007510
1886.342543   10.986100   0.007160
1886.391198   10.990980   0.008830
1886.399994   10.989470   0.008950
1886.423873   10.991970   0.010100
1886.435540   10.979240   0.011490
1886.437293   10.991500   0.010280
