1863.169882   14.858470   0.111060
1863.179028   14.842480   0.123390
1863.197263   14.819960   0.128060
1863.206453   14.813550   0.130720
1863.224639   14.670280   0.077800
1863.260978   14.641320   0.103680
1863.279229   14.802830   0.073800
1863.288341   14.767270   0.130850
1863.297662   14.885840   0.129560
1863.315975   14.724240   0.105430
1863.325261   14.687090   0.074000
1863.344263   14.754590   0.080600
1863.354039   14.791720   0.107080
1863.363511   14.759290   0.122750
1863.372640   14.817860   0.121930
1863.381795   14.741740   0.112870
1863.391577   14.881660   0.131530
1863.400670   14.777250   0.128420
1863.410157   14.721770   0.128570
1863.428805   14.710730   0.107790
1864.122118   14.792230   0.093960
1864.131139   14.838690   0.101820
1864.140349   14.810930   0.117260
1864.149328   14.742800   0.111920
1864.158727   14.796800   0.106230
1864.168154   14.829460   0.109130
1864.177441   14.771140   0.128620
1864.186471   14.842120   0.102100
1864.195786   14.845930   0.122870
1864.204761   14.873870   0.116580
1864.213956   14.814810   0.111460
1864.223275   14.833310   0.108540
1864.232312   14.894810   0.133480
1864.241734   14.773020   0.125130
1864.250994   14.873520   0.114820
1864.260292   14.819980   0.125700
1864.269452   14.864360   0.117610
1864.278712   14.761710   0.127360
1864.288116   14.761460   0.101740
1864.297228   14.879010   0.131490
1864.306786   14.793920   0.126940
1864.315982   14.777480   0.131790
1864.325240   14.897360   0.135200
1864.334830   14.783650   0.124680
1865.090914   14.794350   0.077900
1865.103000   14.771340   0.074500
1865.112112   14.722830   0.071200
1865.180915   14.831590   0.103410
1865.189934   14.797710   0.080380
1865.199137   14.800950   0.103590
1865.208040   14.731360   0.082220
1865.217207   14.771480   0.117440
1865.226382   14.865780   0.114880
1865.235932   14.795150   0.123650
1865.245886   14.765470   0.120870
1865.255783   14.721760   0.119020
1865.285892   14.736530   0.117270
1865.306185   14.780960   0.069900
1865.316221   14.785890   0.099640
1866.165339   14.823950   0.085980
1866.174723   14.858950   0.090020
1866.184057   14.822600   0.093710
1866.193410   14.818040   0.089330
1866.202706   14.820530   0.090020
1866.212035   14.822940   0.090380
1866.221409   14.908800   0.104440
1866.230791   14.838610   0.099880
1866.240551   14.799810   0.090840
1866.250004   14.808290   0.091620
1866.259354   14.788900   0.092750
1867.193045   14.781080   0.062300
1867.202355   14.742150   0.060470
1867.211516   14.789240   0.067440
1867.220585   14.759270   0.073110
1867.230131   14.840760   0.077200
1867.239707   14.817640   0.072830
1867.249230   14.826920   0.071970
1867.258785   14.795950   0.071250
1867.268385   14.789450   0.074130
1867.277702   14.759440   0.076760
1867.287153   14.786810   0.079640
1867.296854   14.821490   0.080370
1867.306121   14.821170   0.082230
1867.315500   14.843200   0.083860
1867.325094   14.853880   0.086720
1867.334502   14.842940   0.087780
1867.344482   14.843030   0.089210
1867.354030   14.784030   0.086910
1867.363492   14.853050   0.107870
1867.372735   14.796570   0.093000
1867.382212   14.806030   0.093620
1867.391671   14.833450   0.110980
1867.401392   14.777760   0.099080
1867.410805   14.844050   0.098850
1867.420288   14.764070   0.122290
1867.429645   14.801910   0.099750
1867.439192   14.852880   0.126510
1867.448574   14.766600   0.125990
1867.456168   14.919890   0.120330
1867.463320   14.873800   0.118670
1867.469421   14.828810   0.122540
1867.473939   14.797060   0.106200
1867.478291   14.780630   0.097220
1867.481655   14.805360   0.097960
1867.484335   14.805730   0.104050
1867.486951   14.823210   0.104820
1867.488639   14.750520   0.101980
1867.490315   14.815720   0.110760
1867.492002   14.751180   0.108150
1867.493724   14.855130   0.100200
1868.197661   14.796510   0.119700
1868.207123   14.832920   0.116780
1868.216342   14.794770   0.071800
1868.225986   14.744080   0.066800
1870.219778   14.763030   0.075680
1870.229270   14.735640   0.081830
1870.238762   14.825930   0.089270
1870.248135   14.815140   0.082170
1870.257691   14.858830   0.099280
1870.267266   14.854090   0.095500
1870.276950   14.840320   0.089750
1870.286498   14.892670   0.101400
1870.295849   14.841100   0.085060
1870.305565   14.880170   0.101170
1870.315197   14.769110   0.104680
1870.325274   14.786970   0.105090
1870.335174   14.806160   0.102230
1870.344892   14.813070   0.109750
1870.354573   14.837950   0.124020
1871.136689   14.882990   0.102010
1871.146179   14.819420   0.091110
1871.155384   14.841440   0.090830
1871.164955   14.815390   0.102640
1871.174269   14.819210   0.097360
1871.183469   14.840960   0.107740
1871.192872   14.791660   0.100290
1871.202392   14.795850   0.103390
1871.211865   14.845100   0.121800
1871.221350   14.810090   0.099210
1871.230922   14.850000   0.109630
1871.240394   14.836080   0.104520
1871.250018   14.775870   0.112400
1871.259511   14.741760   0.101700
1871.269122   14.709030   0.102090
1871.278903   14.765960   0.103510
1871.288648   14.830780   0.112240
1871.298226   14.868320   0.115460
1871.307789   14.897350   0.117290
1871.317562   14.874010   0.126850
1871.327342   14.832240   0.119390
1871.336925   14.830240   0.072900
1871.346648   14.789240   0.106850
1871.356495   14.851200   0.106570
1871.376097   14.747410   0.075600
1872.324463   14.820200   0.107130
1872.334315   14.815590   0.110100
1872.344041   14.877070   0.115180
1872.353623   14.832880   0.111630
1872.363427   14.845660   0.109630
1872.373279   14.767240   0.105770
1872.383099   14.817680   0.112550
1872.392766   14.759290   0.104260
1872.402203   14.895500   0.117170
1872.412032   14.822250   0.117940
1872.421585   14.811920   0.119540
1872.431130   14.831450   0.124940
1872.439874   14.891590   0.128420
1872.447517   14.770770   0.114610
1872.454162   14.877310   0.131620
1872.459603   14.860330   0.104570
1872.464056   14.831320   0.076200
1872.467716   14.752580   0.127710
1872.470419   14.760820   0.110310
1872.473229   14.764040   0.107780
1872.474857   14.734030   0.105870
1872.476617   14.770420   0.134180
1872.478370   14.725680   0.131430
1872.480228   14.789230   0.111230
1873.229437   14.847180   0.127400
1873.238750   14.730460   0.099500
1873.248403   14.882420   0.127830
1873.258009   14.719080   0.116640
1873.267456   14.634580   0.117510
1873.276959   14.772380   0.122460
1873.286864   14.807520   0.104020
1873.296275   14.767450   0.068900
1873.446891   14.739390   0.078700
1874.032527   14.796550   0.080630
1874.041923   14.834390   0.082920
1874.051714   14.787500   0.083600
1874.061193   14.796800   0.081020
1874.070741   14.766350   0.090840
1874.080230   14.758830   0.086820
1874.089638   14.773090   0.082700
1874.098984   14.851750   0.089300
1874.108441   14.795700   0.087800
1874.117749   14.785000   0.096650
1874.127103   14.758990   0.094580
1874.136654   14.777400   0.092380
1874.145982   14.824030   0.098250
1874.155173   14.772330   0.099750
1874.164605   14.840220   0.117950
1874.174076   14.837020   0.106910
1876.992585   14.793870   0.085570
1877.002277   14.761470   0.094920
1877.012009   14.836140   0.101910
1877.021623   14.854700   0.101750
1877.031340   14.805590   0.105960
1877.041094   14.858310   0.106480
1877.050632   14.817960   0.091580
1877.060512   14.794260   0.095510
1877.070280   14.805610   0.098180
1877.080037   14.834250   0.098960
1877.089835   14.757130   0.090110
1877.099542   14.795900   0.099660
1877.109324   14.877000   0.122610
1877.119234   14.793800   0.117370
1877.128562   14.794040   0.110160
1877.137988   14.816790   0.105260
1877.157081   14.832850   0.117160
1877.166514   14.772390   0.109680
1877.175811   14.840540   0.111460
1877.185180   14.828540   0.064400
1877.194638   14.740500   0.108180
1877.204359   14.757620   0.107570
1877.213829   14.852820   0.104630
1877.223290   14.726830   0.109600
1877.232928   14.743390   0.104130
1877.242583   14.751380   0.116660
1877.252102   14.920550   0.096440
1877.261501   14.891940   0.097320
1877.271317   14.883070   0.112160
1877.280810   14.807900   0.103380
1877.290913   14.837060   0.115740
1877.310552   14.819310   0.111630
1877.330019   14.738740   0.108780
1877.339609   14.860850   0.104740
1877.349339   14.866380   0.120390
1877.359563   14.809240   0.103530
1877.369289   14.749400   0.115000
1877.379166   14.798510   0.112740
1877.389122   14.783870   0.098850
1877.408341   14.948670   0.073400
1877.417609   14.877090   0.105910
1877.426444   14.805390   0.116640
1877.433416   14.823630   0.126510
1877.439579   14.805840   0.075700
1877.444732   14.762740   0.075600
1877.449101   14.870480   0.126120
1877.456119   14.783020   0.121790
1877.458826   14.816960   0.120570
1877.460660   14.826200   0.128430
1877.462441   14.790440   0.125420
1877.464144   14.794290   0.124950
1877.465872   14.797020   0.132920
1877.956588   14.798530   0.078200
1877.966360   14.902490   0.106580
1877.975795   14.824020   0.088740
1877.985575   14.723610   0.082200
1877.995071   14.805500   0.081530
1878.004964   14.824530   0.083260
1878.014335   14.780150   0.088710
1878.023915   14.861630   0.076170
1878.033403   14.782920   0.083190
1878.042881   14.737190   0.075400
1878.052477   14.750300   0.083750
1878.062202   14.768030   0.090410
1878.072038   14.797110   0.092060
1878.081838   14.766230   0.089070
1878.091595   14.838650   0.083500
1878.101204   14.891630   0.087320
1878.111056   14.838750   0.092980
1878.120475   14.818340   0.093830
1878.129972   14.851660   0.106210
1878.139452   14.705280   0.110000
1878.167692   14.833860   0.100660
1878.177309   14.824290   0.097870
1878.186872   14.900520   0.125030
1878.196273   14.826110   0.123980
1878.235117   14.793860   0.127050
1878.244657   14.815800   0.131230
1878.254353   14.711170   0.106910
1878.950286   14.793500   0.112290
1878.960908   14.771990   0.103730
1878.971663   14.841170   0.118250
1878.982256   14.814130   0.127330
1878.992862   14.816490   0.119880
1879.003349   14.891110   0.125440
1879.014056   14.799470   0.129620
1879.024781   14.816660   0.125890
1879.035403   14.740080   0.076200
1879.046262   14.783760   0.109960
1879.057151   14.723350   0.079600
1879.087650   14.745470   0.076900
1879.933937   14.900600   0.103750
1879.943742   14.868260   0.107890
1879.953255   14.828010   0.092640
1879.962965   14.862570   0.089520
1879.972299   14.761230   0.082710
1879.982133   14.842030   0.087750
1879.991480   14.820730   0.093860
1880.001350   14.851430   0.101990
1880.010995   14.832450   0.112680
1880.020489   14.820970   0.110730
1880.030167   14.859260   0.114340
1880.040004   14.783350   0.105700
1880.050020   14.888920   0.115260
1880.059700   14.813440   0.111640
1880.069635   14.838530   0.117720
1880.079545   14.857300   0.094890
1880.089000   14.750030   0.111440
1880.098524   14.740240   0.115250
1880.107996   14.679040   0.095210
1880.117530   14.905180   0.114390
1880.127140   14.816480   0.120550
1880.200091   14.881940   0.119520
1880.219278   14.807360   0.072900
1880.229324   14.777180   0.119000
1880.238989   14.796850   0.124370
1880.248836   14.755110   0.116460
1880.258298   14.864220   0.130420
1880.267686   14.779980   0.130250
1880.277275   14.738930   0.102530
1880.306613   14.822430   0.127260
1880.369120   14.722240   0.119620
1880.987626   14.883230   0.121760
1880.997175   14.754090   0.109830
1881.007352   14.808380   0.111700
1881.017262   14.926620   0.121590
1881.027023   14.842940   0.121850
1881.036583   14.860010   0.122350
1881.046307   14.759170   0.117110
1881.065411   14.759050   0.065700
1881.085120   14.848830   0.070300
1881.095117   14.957550   0.075600
1881.104801   14.801040   0.105160
1881.124397   14.682000   0.108290
1881.143810   14.871420   0.119000
1881.163015   14.815270   0.108910
1881.171357   14.828340   0.110610
1881.180981   14.747730   0.118040
1881.190627   14.822530   0.099620
1881.200550   14.750070   0.094760
1881.210473   14.800100   0.117730
1881.220305   14.795420   0.115160
1881.230199   14.794320   0.109810
1881.239668   14.814410   0.125770
1881.249328   14.793040   0.112980
1881.258917   14.836420   0.123700
1881.268352   14.745890   0.131070
1881.278189   14.816880   0.120950
1881.288137   14.790030   0.119170
1881.297680   14.887380   0.127340
1881.307337   14.822090   0.081200
1881.317547   14.708190   0.078300
1881.327336   14.760390   0.081400
1881.337526   14.778260   0.081100
1881.914271   14.847310   0.107870
1881.923884   14.773190   0.129900
1881.933466   14.797730   0.122120
1881.943231   14.890630   0.126580
1884.099534   14.807180   0.087170
1884.109140   14.741300   0.082390
1884.118686   14.822470   0.108380
1884.137551   14.761620   0.091830
1884.147279   14.836700   0.104190
1884.156774   14.814670   0.111310
1884.166044   14.927390   0.065300
1884.176113   14.867390   0.072500
1884.185338   14.868780   0.091760
1884.194977   14.771020   0.101060
1884.204574   14.812780   0.109190
1884.214174   14.892810   0.103520
1884.223839   14.863870   0.110120
1884.242628   14.793780   0.088010
1884.252195   14.798160   0.085110
1884.261682   14.718250   0.087790
1884.271201   14.819430   0.090990
1884.280876   14.821750   0.092610
1884.290846   14.868340   0.110310
1884.300573   14.792700   0.118800
1884.320206   14.801790   0.111340
1884.330156   14.767510   0.114420
1884.350052   14.793770   0.127780
1884.360119   14.844260   0.117130
1884.370060   14.885800   0.108820
1884.379738   14.808530   0.116850
1884.389528   14.803610   0.097120
1884.399065   14.806040   0.100140
1884.406881   14.766730   0.116360
1884.425635   14.861860   0.112380
1884.430150   14.764410   0.090380
1884.433678   14.740680   0.107390
1884.437202   14.808400   0.109970
1884.439908   14.795740   0.117190
1884.441669   14.839510   0.111450
1884.443407   14.841140   0.108370
1884.445186   14.837110   0.107490
1884.503638   14.700690   0.094770
1884.513187   14.784850   0.116560
1884.522993   14.751510   0.091400
1884.532900   14.783110   0.089550
1884.542819   14.860400   0.110650
1884.552782   14.833480   0.055100
1884.562458   14.792110   0.073240
1884.572213   14.832600   0.096610
1884.581820   14.850000   0.086290
1884.591479   14.791520   0.111450
1884.600983   14.803420   0.092520
1884.610820   14.763170   0.085630
1886.072366   14.781620   0.076320
1886.082057   14.797900   0.079080
1886.091456   14.821580   0.081060
1886.101064   14.850980   0.090880
1886.110701   14.834630   0.087880
1886.120214   14.777180   0.086330
1886.129544   14.833080   0.092400
1886.138882   14.793650   0.098620
1886.148233   14.812950   0.093400
1886.157943   14.802790   0.093050
1886.167550   14.762990   0.107910
1886.177101   14.854470   0.113640
1886.186997   14.813890   0.112050
1886.196609   14.782840   0.122230
1886.206230   14.868740   0.110880
1886.215757   14.790650   0.133130
1886.254349   14.760330   0.104440
1886.263771   14.794700   0.113100
1886.283270   14.835280   0.111650
1886.293134   14.822340   0.113880
1886.312914   14.797440   0.121600
1886.322818   14.798350   0.124570
1886.332859   14.843440   0.132230
1886.342543   14.741560   0.118330
1886.352534   14.932840   0.131190
1886.362281   14.718930   0.074700
