1863.169882   14.080570   0.073110
1863.179028   14.104930   0.077700
1863.188111   14.074170   0.090920
1863.197263   14.045660   0.076560
1863.206453   14.046190   0.083510
1863.215516   14.144130   0.104480
1863.224486   14.095620   0.094820
1863.233708   14.139180   0.103580
1863.243026   14.109080   0.106530
1863.252052   14.024750   0.094840
1863.260978   14.086900   0.091370
1863.270074   14.091770   0.099640
1863.279229   14.071310   0.092280
1863.288341   14.090720   0.082030
1863.297662   14.087490   0.079760
1863.306748   14.033820   0.087300
1863.315898   14.042710   0.085410
1863.325261   14.053970   0.088990
1863.334632   14.099760   0.091260
1863.344416   14.117220   0.086170
1863.353962   14.102980   0.087260
1863.363511   14.116600   0.078910
1863.372640   14.080750   0.075330
1863.381795   14.054640   0.070090
1863.391577   14.076350   0.079850
1863.400670   14.101950   0.086180
1863.410157   14.065510   0.082880
1863.419415   14.105370   0.088390
1863.428728   14.084160   0.096140
1863.438171   14.089400   0.091290
1863.447725   14.078210   0.103350
1863.457038   14.095090   0.113900
1863.464743   14.035240   0.099110
1863.477762   14.075400   0.103310
1863.482899   14.109360   0.102480
1863.487037   13.962070   0.070600
1863.493988   14.107050   0.101580
1863.498272   14.014930   0.074200
1863.504496   14.004860   0.074600
1864.122118   14.060360   0.056020
1864.131216   14.048010   0.074460
1864.140349   14.049670   0.073330
1864.149328   14.066650   0.072910
1864.158727   14.068740   0.064480
1864.168077   14.119360   0.083490
1864.177441   14.060580   0.081450
1864.186471   14.061970   0.061780
1864.195786   14.135780   0.082120
1864.204761   14.101520   0.070310
1864.213956   14.032490   0.069850
1864.223275   14.065230   0.065170
1864.232312   14.083370   0.083720
1864.241734   14.111960   0.073000
1864.250994   14.080450   0.064450
1864.260292   14.113180   0.085830
1864.269452   14.031350   0.071030
1864.278712   14.056150   0.087540
1864.288040   14.061570   0.085120
1864.297228   14.055420   0.077540
1864.306786   14.093980   0.084510
1864.315982   14.039400   0.080160
1864.325240   14.050230   0.082240
1864.334830   14.068410   0.082290
1864.344223   14.096080   0.115500
1864.353629   14.024850   0.106750
1864.362884   14.114830   0.117780
1864.372361   14.120230   0.110050
1864.381718   14.047270   0.118140
1864.391386   14.126890   0.109180
1864.401175   14.120440   0.128510
1864.410777   14.078700   0.110850
1864.420158   14.139170   0.118770
1864.429455   14.053180   0.101050
1865.081649   14.066750   0.094770
1865.090914   14.052650   0.094950
1865.103000   14.104120   0.095030
1865.112265   14.039460   0.088100
1865.121493   14.072580   0.109260
1865.180915   14.048090   0.064260
1865.189934   14.065200   0.051910
1865.199137   14.081500   0.061390
1865.208040   14.064550   0.046840
1865.217207   14.078630   0.076840
1865.226382   14.090990   0.073330
1865.235932   14.089050   0.079630
1865.245886   14.102540   0.080100
1865.255783   14.115950   0.079730
1865.265750   14.044310   0.101320
1865.275774   14.107570   0.088480
1865.285892   14.034540   0.078550
1865.295973   14.032730   0.085390
1865.306185   14.092560   0.083140
1865.316145   14.035020   0.081340
1865.326150   14.162160   0.097210
1865.336276   14.089000   0.106830
1865.346577   14.084190   0.096530
1865.356675   14.065220   0.092250
1865.366659   14.110220   0.102800
1865.376904   14.060440   0.103020
1865.387088   14.126000   0.104010
1865.397153   14.051610   0.106020
1865.407149   14.119290   0.108150
1865.417333   14.121160   0.100580
1865.427630   14.088930   0.106230
1865.437669   14.096300   0.105740
1865.448247   13.916860   0.095720
1866.165339   14.028640   0.053930
1866.174723   14.093930   0.054530
1866.184057   14.031500   0.053080
1866.193410   14.093350   0.053350
1866.202706   14.043280   0.057830
1866.212035   14.060330   0.062360
1866.221409   14.111590   0.060330
1866.230791   14.112330   0.056260
1866.240551   14.082440   0.058190
1866.250004   14.045430   0.056800
1866.259354   14.067540   0.059810
1867.193045   14.072760   0.039440
1867.202355   14.068340   0.042740
1867.211516   14.061110   0.041240
1867.220585   14.067110   0.047070
1867.230131   14.075240   0.046610
1867.239707   14.066360   0.046030
1867.249230   14.070360   0.041760
1867.258785   14.077380   0.042390
1867.268385   14.075470   0.044940
1867.277702   14.092840   0.048980
1867.287153   14.077190   0.046200
1867.296854   14.074770   0.050990
1867.306121   14.053890   0.048960
1867.315500   14.049890   0.050440
1867.325094   14.068540   0.054680
1867.334502   14.088100   0.057230
1867.344482   14.107920   0.058760
1867.354030   14.084070   0.057110
1867.363492   14.032800   0.063740
1867.372735   14.047360   0.059440
1867.382212   14.091420   0.062310
1867.391671   14.083920   0.068480
1867.401392   14.071180   0.065490
1867.410805   14.055880   0.059840
1867.420288   14.122220   0.076620
1867.429722   14.085500   0.083150
1867.439192   14.072970   0.074850
1867.448574   14.025710   0.080740
1867.456168   14.083920   0.067090
1867.463320   14.044660   0.075120
1867.469421   14.034690   0.076360
1867.473939   14.060700   0.061220
1867.478291   14.068180   0.058430
1867.481655   14.064600   0.059700
1867.484335   14.089410   0.066900
1867.486951   14.101650   0.066220
1867.488639   14.032180   0.064470
1867.490315   14.039600   0.068740
1867.492002   14.062740   0.068210
1867.493724   14.070830   0.065660
1868.197661   14.107750   0.076000
1868.207123   14.110720   0.071950
1868.216495   14.095990   0.098150
1868.225986   14.063600   0.088180
1868.235811   14.091890   0.101380
1868.245580   14.099040   0.099000
1868.255259   14.061540   0.102080
1868.264815   14.135110   0.105470
1868.274279   14.144500   0.115890
1868.283929   14.081260   0.098230
1868.322548   14.089220   0.117230
1868.332083   14.204980   0.117630
1868.341800   14.077800   0.123010
1868.370659   14.043840   0.128590
1868.380417   14.085060   0.074800
1868.390290   13.969690   0.102980
1868.399822   14.111230   0.073200
1868.409775   13.991140   0.075400
1868.419023   13.995200   0.125760
1868.428526   14.200340   0.069800
1868.437691   14.024470   0.084600
1868.446987   14.116710   0.107770
1868.461066   14.028920   0.076700
1868.466998   13.890690   0.074300
1870.219778   14.075360   0.048920
1870.229270   14.039730   0.048970
1870.238762   14.091790   0.055020
1870.248135   14.084370   0.052460
1870.257691   14.054210   0.060340
1870.267266   14.087890   0.056880
1870.276950   14.052250   0.054850
1870.286498   14.072330   0.060810
1870.295849   14.051990   0.057010
1870.305565   14.094150   0.060170
1870.315197   14.117080   0.061890
1870.325274   14.050980   0.065120
1870.335174   14.111770   0.066760
1870.344892   14.091250   0.066200
1870.354573   14.125680   0.076910
1870.364104   14.023260   0.099340
1870.373603   14.091930   0.101000
1870.383600   14.091590   0.113010
1870.393396   13.905840   0.070000
1870.448993   14.088870   0.128820
1870.456255   14.153970   0.104470
1871.136689   14.097580   0.062320
1871.146179   14.093300   0.059760
1871.155384   14.039330   0.054130
1871.164955   14.067470   0.065030
1871.174269   14.026400   0.061150
1871.183469   14.067380   0.067360
1871.192872   14.081930   0.064670
1871.202392   14.102350   0.064360
1871.211865   14.072010   0.074880
1871.221273   14.099450   0.076810
1871.230922   14.037900   0.066950
1871.240394   14.080810   0.066680
1871.250018   14.124800   0.069480
1871.259511   14.065020   0.065050
1871.269122   14.065440   0.064650
1871.278903   14.052240   0.062490
1871.288648   14.095450   0.073520
1871.298226   14.072250   0.067640
1871.307789   14.080960   0.075010
1871.317562   14.120140   0.076530
1871.327342   14.052720   0.079480
1871.337079   14.095220   0.087010
1871.346725   14.032820   0.083670
1871.356495   14.097590   0.082880
1871.366277   14.112440   0.095140
1871.375944   14.056890   0.092240
1871.385808   14.120600   0.106060
1871.395399   14.027280   0.103920
1871.404882   14.047450   0.119450
1871.414342   14.048460   0.119200
1871.423744   14.045700   0.113340
1871.433495   14.072880   0.113240
1871.442405   14.050720   0.110700
1871.449670   14.021380   0.106830
1871.455742   14.004160   0.112720
1871.461191   14.023530   0.118330
1871.465968   14.112170   0.115830
1871.469461   14.100550   0.119200
1871.472994   13.991750   0.113160
1871.476070   14.150670   0.117030
1871.477819   13.979710   0.109210
1871.479709   14.051920   0.113730
1871.481438   14.141970   0.114000
1871.550497   14.045710   0.100060
1871.559908   14.088590   0.122350
1871.569341   14.158110   0.107150
1872.324463   14.073160   0.067810
1872.334315   14.009430   0.069810
1872.344041   14.087620   0.069750
1872.353623   14.072190   0.069450
1872.363427   14.053540   0.066010
1872.373279   14.059670   0.067980
1872.383099   14.069000   0.070560
1872.392766   14.085500   0.070330
1872.402203   14.118990   0.072330
1872.412032   14.086510   0.072760
1872.421585   14.072380   0.072590
1872.431130   14.091280   0.081900
1872.439874   14.041850   0.074920
1872.447517   14.095670   0.077520
1872.454162   14.067520   0.080140
1872.459603   14.130740   0.091980
1872.463903   14.118690   0.094720
1872.467716   14.121900   0.086390
1872.470496   14.088100   0.085270
1872.473152   14.024200   0.085010
1872.474857   14.038390   0.083890
1872.476617   14.065400   0.090590
1872.478370   14.009120   0.086440
1872.480228   14.096840   0.096460
1872.541663   14.127390   0.107390
1872.550845   14.139810   0.120910
1872.560270   14.139070   0.119410
1872.569828   14.132230   0.128090
1872.579400   14.039900   0.129030
1872.589096   13.991790   0.079400
1873.229437   14.058960   0.074500
1873.238826   14.120330   0.080730
1873.248403   14.102440   0.077390
1873.258009   14.049380   0.076970
1873.267456   14.117230   0.078100
1873.276959   14.085000   0.080840
1873.286788   14.045130   0.083330
1873.296275   14.109640   0.087680
1873.305896   14.134030   0.095730
1873.315548   14.154960   0.096300
1873.325684   14.063170   0.096130
1873.335346   14.105010   0.101880
1873.344943   14.092550   0.104660
1873.354842   14.131890   0.099970
1873.364691   14.121820   0.105060
1873.374458   13.964290   0.096920
1873.383960   14.055900   0.093840
1873.393856   14.048750   0.095300
1873.403606   14.088960   0.102850
1873.413210   14.026040   0.088390
1873.422938   14.061400   0.108550
1873.432622   14.067280   0.102160
1873.441010   14.087580   0.096740
1873.447044   14.065260   0.089100
1873.453044   14.038460   0.091430
1873.457630   14.078580   0.095520
1873.462090   14.093660   0.094420
1873.465548   14.140100   0.103700
1873.468261   14.051900   0.095660
1873.470892   14.149150   0.108030
1873.472722   14.111050   0.106560
1873.474437   14.080760   0.098140
1873.476606   14.056390   0.139980
1874.032527   14.066110   0.052200
1874.041923   14.068340   0.054620
1874.051714   14.078380   0.050580
1874.061193   14.087790   0.052890
1874.070741   14.086330   0.059060
1874.080230   14.089110   0.057280
1874.089638   14.065690   0.056580
1874.098984   14.066470   0.058470
1874.108441   14.091890   0.055190
1874.117749   14.098710   0.060150
1874.127103   14.091450   0.062010
1874.136654   14.045970   0.061710
1874.145982   14.078980   0.058700
1874.155173   14.083630   0.067210
1874.164605   14.088320   0.074340
1874.174153   14.078540   0.084170
1874.183645   14.100230   0.108410
1874.222051   14.032380   0.128240
1876.992585   14.054150   0.055020
1877.002277   14.057600   0.058090
1877.012009   14.068020   0.061370
1877.021623   14.047210   0.059260
1877.031340   14.070400   0.064640
1877.041094   14.059930   0.065070
1877.050632   14.037720   0.056010
1877.060512   14.071850   0.057760
1877.070280   14.053060   0.060610
1877.080037   14.052530   0.061440
1877.089835   14.083900   0.061040
1877.099542   14.044220   0.064010
1877.109324   14.079330   0.073100
1877.119234   14.039160   0.073350
1877.128562   14.075260   0.068190
1877.137988   14.093360   0.067970
1877.147449   14.173380   0.082050
1877.157081   14.013950   0.071220
1877.166514   14.050220   0.071070
1877.175811   14.095310   0.069920
1877.185180   14.059780   0.074310
1877.194638   14.052670   0.065730
1877.204359   14.094270   0.067570
1877.213829   14.100300   0.065150
1877.223290   14.125470   0.068740
1877.232928   14.084830   0.069960
1877.242583   14.064920   0.073160
1877.252102   14.029910   0.074050
1877.261424   14.104160   0.075690
1877.271317   14.077090   0.069880
1877.280810   14.064380   0.065240
1877.290913   14.043050   0.071840
1877.300784   14.119450   0.082100
1877.310552   14.036470   0.069060
1877.320329   14.054310   0.078130
1877.330019   14.080090   0.069520
1877.339609   14.066450   0.063210
1877.349339   13.971940   0.068840
1877.359563   14.017000   0.064670
1877.369289   14.076130   0.074680
1877.379166   14.005870   0.071720
1877.389199   14.086410   0.080060
1877.398748   13.977090   0.080740
1877.408188   14.106020   0.084030
1877.417610   14.032410   0.080410
1877.426444   14.069100   0.071210
1877.433416   14.058580   0.080510
1877.439426   14.051830   0.083570
1877.444578   14.046420   0.085690
1877.449101   14.098310   0.075160
1877.452622   14.142960   0.091100
1877.456119   14.021480   0.076950
1877.458826   14.076230   0.074520
1877.460660   14.070340   0.075940
1877.462441   14.025350   0.075490
1877.464144   14.103550   0.077760
1877.465872   14.054510   0.082330
1877.528546   14.120810   0.091520
1877.538164   14.134520   0.100920
1877.547759   14.089400   0.107270
1877.557433   14.110000   0.111900
1877.566991   14.109340   0.114570
1877.956588   14.094950   0.090300
1877.966360   14.046890   0.078990
1877.975795   14.103060   0.062060
1877.985575   14.095610   0.054160
1877.995071   14.086080   0.054240
1878.004964   14.061350   0.051200
1878.014335   14.070580   0.056270
1878.023915   14.073160   0.046570
1878.033403   14.053210   0.051170
1878.042881   14.125440   0.051070
1878.052477   14.090080   0.055210
1878.062202   14.086480   0.056100
1878.072038   14.096910   0.057280
1878.081838   14.052860   0.060090
1878.091595   14.085380   0.053440
1878.101204   14.067590   0.055920
1878.111056   14.067770   0.058550
1878.120475   14.103560   0.058640
1878.129972   14.088620   0.058620
1878.139452   14.125060   0.074730
1878.148981   14.050650   0.112310
1878.158293   14.154420   0.108960
1878.167692   14.114030   0.064690
1878.177309   14.077700   0.059960
1878.186872   14.149920   0.078230
1878.196273   14.075800   0.079210
1878.206054   14.053700   0.087240
1878.215833   14.133760   0.098460
1878.225557   14.089800   0.098340
1878.235117   14.049270   0.082500
1878.244657   14.087060   0.082340
1878.254352   14.083460   0.091370
1878.263984   14.110600   0.097760
1878.273770   14.053450   0.099440
1878.283405   14.127220   0.101870
1878.293079   14.056780   0.100820
1878.302887   14.023270   0.121060
1878.312828   14.163710   0.104680
1878.322508   14.017780   0.101230
1878.331957   14.017710   0.071000
1878.342126   14.046370   0.092150
1878.351898   14.162900   0.110530
1878.361666   14.143690   0.107740
1878.371492   14.090450   0.109640
1878.381052   14.090390   0.117840
1878.390611   14.123900   0.089250
1878.400035   14.106420   0.115080
1878.409523   14.108010   0.106730
1878.419250   14.150210   0.117210
1878.427139   14.149720   0.121520
1878.434179   14.034120   0.064100
1878.439734   13.986110   0.120950
1878.444205   14.150900   0.091010
1878.448555   14.157560   0.099880
1878.452064   14.082120   0.116250
1878.454721   14.057490   0.110250
1878.457364   14.047070   0.114190
1878.459093   14.034060   0.115220
1878.460943   14.065750   0.114040
1878.463071   14.105970   0.165720
1878.523826   14.002050   0.097230
1878.533380   14.110450   0.126010
1878.542754   14.128720   0.121750
1878.552323   14.114880   0.126230
1878.896336   14.001480   0.094380
1878.907039   14.079080   0.071500
1878.917827   14.035480   0.116470
1878.928636   14.076330   0.119060
1878.939490   14.002700   0.105880
1878.950209   14.047740   0.087070
1878.960985   14.084430   0.081610
1878.971663   14.102740   0.072330
1878.982256   14.072200   0.079050
1878.992862   14.082030   0.075070
1879.003349   14.118540   0.077050
1879.014056   14.055190   0.074590
1879.024781   14.036800   0.074830
1879.035403   14.051360   0.088310
1879.046338   14.061670   0.086340
1879.056998   14.157180   0.102490
1879.067120   14.055310   0.092320
1879.077625   14.120010   0.087060
1879.087804   14.104700   0.097100
1879.097718   14.058120   0.106690
1879.108265   14.076550   0.114320
1879.118677   14.123770   0.118250
1879.128946   14.102110   0.092640
1879.138951   14.110700   0.107230
1879.148948   14.083350   0.128410
1879.158676   14.122880   0.109110
1879.168681   14.099150   0.131770
1879.178500   14.080820   0.071000
1879.218952   13.885700   0.073900
1879.229352   13.983020   0.074000
1879.259988   14.006840   0.102040
1879.270289   14.046970   0.076500
1879.279921   13.896980   0.065100
1879.290333   14.037260   0.102660
1879.300244   14.084850   0.102750
1879.310758   14.104870   0.078900
1879.321056   14.087350   0.109220
1879.352321   13.899470   0.071800
1879.362086   13.912160   0.074600
1879.372658   14.017170   0.107390
1879.904864   14.222160   0.062000
1879.914664   14.035640   0.097970
1879.924232   14.082010   0.087700
1879.933937   14.064520   0.076160
1879.943742   14.090720   0.068510
1879.953255   14.049780   0.058180
1879.962965   14.097040   0.054870
1879.972299   14.056300   0.054320
1879.982133   14.075430   0.054410
1879.991480   14.107090   0.058300
1880.001350   14.091260   0.061680
1880.010995   14.086790   0.070530
1880.020489   14.086520   0.069290
1880.030167   14.108860   0.071550
1880.040004   14.067520   0.066350
1880.050020   14.101480   0.068470
1880.059700   14.054020   0.069590
1880.069635   14.125810   0.075280
1880.079469   14.117590   0.077210
1880.089000   14.085440   0.073210
1880.098524   14.133850   0.078140
1880.108072   14.080370   0.078900
1880.117530   14.078920   0.067480
1880.127140   14.048760   0.075470
1880.200168   14.059560   0.066200
1880.209735   14.096770   0.089670
1880.219431   14.133370   0.085820
1880.229324   14.076830   0.073250
1880.238989   14.058260   0.075190
1880.248836   14.103760   0.077220
1880.258298   14.050420   0.074270
1880.267686   14.090000   0.082000
1880.277275   14.070250   0.082710
1880.286928   14.204450   0.095270
1880.306613   14.078430   0.082110
1880.369120   14.011170   0.076160
1880.967707   14.096220   0.087040
1880.977730   14.086760   0.082780
1880.987626   14.094700   0.073980
1880.997175   14.128130   0.070350
1881.007352   14.074400   0.070640
1881.017262   14.101500   0.074080
1881.027023   14.113990   0.077270
1881.036583   14.055560   0.073040
1881.046307   14.085990   0.076810
1881.055914   14.134910   0.085690
1881.065565   14.073070   0.081480
1881.075352   14.122860   0.086430
1881.085120   14.128620   0.081110
1881.094964   14.045240   0.078290
1881.104801   14.021920   0.071150
1881.114937   13.986930   0.087180
1881.124474   14.108200   0.085410
1881.134326   14.025890   0.085270
1881.143810   14.074720   0.067050
1881.153419   14.038240   0.085120
1881.163015   14.076480   0.080490
1881.171357   14.051140   0.068650
1881.180981   14.069160   0.076430
1881.190627   14.053410   0.061350
1881.200550   14.072800   0.063570
1881.210473   14.089130   0.070880
1881.220305   14.071840   0.078550
1881.230199   14.058040   0.069870
1881.239668   14.047430   0.079180
1881.249328   14.096940   0.074950
1881.258917   14.098250   0.074760
1881.268352   14.099020   0.084240
1881.278189   14.119050   0.082830
1881.288137   14.107970   0.083660
1881.297680   14.110650   0.081820
1881.307337   14.116000   0.087290
1881.317394   14.016580   0.085730
1881.327336   14.067570   0.088950
1881.337373   14.074890   0.088210
1881.347129   14.040560   0.091930
1881.357110   14.043770   0.090630
1881.366722   14.002640   0.089340
1881.376276   14.107260   0.098860
1881.386104   14.109980   0.102450
1881.395996   14.056010   0.096020
1881.405772   14.004750   0.102910
1881.414838   14.078140   0.104390
1881.422098   14.122480   0.108070
1881.428287   14.047710   0.107750
1881.433496   14.084700   0.109430
1881.437835   14.107400   0.110700
1881.441542   14.064400   0.107980
1881.445078   14.072440   0.109700
1881.447777   14.017150   0.111030
1881.449541   14.038630   0.108820
1881.451276   14.015480   0.110450
1881.453055   14.061350   0.110020
1881.455245   14.047150   0.153680
1881.512259   14.049920   0.109650
1881.521955   14.074340   0.097490
1881.531584   14.043540   0.125170
1881.541053   14.032420   0.124230
1881.550943   14.064060   0.117000
1881.560601   14.054730   0.105080
1881.570397   14.095450   0.103080
1881.589860   13.943210   0.069700
1881.609625   14.042620   0.073100
1881.864891   14.013630   0.100700
1881.874874   14.082690   0.118650
1881.884546   14.120670   0.103070
1881.894462   14.093980   0.092700
1881.904494   14.052920   0.085400
1881.914271   14.071710   0.082150
1881.923884   14.088930   0.077250
1881.933466   14.061020   0.075770
1881.943231   14.079340   0.077430
1881.952875   14.075090   0.097860
1881.962633   14.083470   0.108160
1881.972149   14.071400   0.110810
1881.982098   14.114610   0.117670
1882.021627   14.044300   0.120390
1882.051122   14.038510   0.093840
1882.060871   14.177960   0.072200
1882.080330   14.163360   0.100360
1882.131558   14.125260   0.117780
1882.150540   14.130750   0.120620
1882.160119   14.058910   0.117040
1882.169576   14.116440   0.099910
1882.179008   13.848040   0.062500
1883.093660   14.118830   0.099670
1883.112818   13.998880   0.097540
1883.122237   14.021340   0.107150
1883.131900   14.082940   0.099030
1883.141295   13.991350   0.104460
1883.150882   14.104440   0.113690
1883.160221   14.058900   0.067400
1883.169718   14.088190   0.068100
1883.179271   14.040290   0.102560
1883.188727   14.094850   0.105250
1883.198404   14.003630   0.117510
1883.207904   14.054110   0.119840
1883.217549   14.097450   0.115770
1883.226896   14.141550   0.098460
1883.236134   14.062710   0.100070
1883.245867   14.104730   0.096270
1883.265175   14.104450   0.068200
1883.274703   14.088560   0.105080
1884.099534   14.086650   0.053180
1884.109140   14.069420   0.050580
1884.118686   14.094520   0.065540
1884.128292   14.173120   0.081110
1884.137551   14.082300   0.055980
1884.147279   14.073220   0.064680
1884.156774   14.074870   0.068110
1884.166197   14.108700   0.079730
1884.175960   14.072940   0.083270
1884.185414   14.063990   0.071970
1884.194977   14.031850   0.058440
1884.204574   14.107750   0.066570
1884.214174   14.067830   0.057560
1884.223839   14.132330   0.069020
1884.233272   14.067090   0.092700
1884.242628   14.083680   0.053190
1884.252195   14.040020   0.052660
1884.261682   14.074940   0.053760
1884.271201   14.103490   0.055200
1884.280876   14.107360   0.061140
1884.290846   14.072660   0.062690
1884.300573   14.100590   0.070970
1884.310420   14.079810   0.093860
1884.320206   14.051180   0.066670
1884.330156   14.089310   0.069210
1884.340081   14.046720   0.080310
1884.350052   14.065410   0.078180
1884.360119   14.050190   0.067900
1884.370060   14.095410   0.066290
1884.379738   14.060150   0.070890
1884.389528   14.054660   0.057110
1884.399065   14.064210   0.062380
1884.406881   14.187350   0.074410
1884.413865   14.118500   0.083290
1884.420368   14.110250   0.085100
1884.425635   14.048860   0.067070
1884.430150   14.049310   0.057860
1884.433678   14.122850   0.069640
1884.437202   14.033300   0.065580
1884.439908   14.071750   0.067670
1884.441669   14.100300   0.067380
1884.443407   14.105010   0.067110
1884.445186   14.064640   0.063510
1884.446926   14.110830   0.084810
1884.503638   14.093880   0.056220
1884.513187   14.099230   0.072550
1884.522993   14.069720   0.057590
1884.532900   14.084230   0.053080
1884.542819   14.139900   0.067660
1884.552706   14.106130   0.076880
1884.562458   14.093120   0.048150
1884.572213   14.109640   0.062020
1884.581820   14.095390   0.048960
1884.591479   14.064320   0.066710
1884.600983   14.085450   0.057930
1884.610820   14.091760   0.054470
1884.887038   14.114410   0.102690
1884.906042   14.077330   0.096630
1884.925737   14.125520   0.120700
1884.945295   13.992480   0.066100
1884.993441   14.073530   0.105290
1885.003188   14.043480   0.073800
1885.023064   13.983050   0.073600
1885.278794   14.033040   0.110060
1885.308327   14.068370   0.091380
1885.318240   14.004140   0.061900
1886.072366   14.065310   0.045590
1886.082057   14.066540   0.050710
1886.091456   14.057560   0.053550
1886.101064   14.065860   0.055300
1886.110701   14.097370   0.050720
1886.120214   14.061620   0.055540
1886.129544   14.043520   0.059820
1886.138882   14.073650   0.055960
1886.148233   14.079000   0.054620
1886.157943   14.058540   0.060570
1886.167550   14.097290   0.061800
1886.177101   14.102150   0.065500
1886.186997   14.044560   0.068470
1886.196609   14.096680   0.074430
1886.206153   14.141210   0.090140
1886.215757   14.038930   0.085750
1886.225422   14.017140   0.106650
1886.234829   14.087100   0.119130
1886.244630   14.112920   0.111000
1886.254426   14.063140   0.086660
1886.263771   14.086430   0.071240
1886.273578   14.133850   0.117340
1886.283270   14.076070   0.068600
1886.293134   14.067750   0.071890
1886.303115   14.087170   0.082420
1886.312914   14.051300   0.074650
1886.322818   14.098980   0.078040
1886.332859   14.058000   0.076290
1886.342543   14.118260   0.078180
1886.352534   14.050930   0.075460
1886.362281   14.056220   0.081250
1886.372003   14.158680   0.090140
1886.381496   14.048940   0.084930
1886.391198   14.095630   0.095860
1886.399994   14.086700   0.098100
1886.408171   14.063790   0.096700
1886.414363   14.041480   0.113900
1886.419581   14.076480   0.111880
1886.423873   14.094070   0.112130
1886.427459   14.106510   0.109240
1886.431086   14.120860   0.107340
1886.433595   14.149730   0.066100
1886.435540   13.988690   0.116920
1886.437293   14.050950   0.112040
1886.439058   14.033350   0.110570
