1863.169882   13.816760   0.058750
1863.179028   13.799670   0.063620
1863.188111   13.805390   0.077480
1863.197263   13.812090   0.072470
1863.206453   13.840870   0.063680
1863.215516   13.818150   0.082990
1863.224486   13.822920   0.075760
1863.233708   13.861870   0.083510
1863.243026   13.869860   0.080180
1863.252052   13.927070   0.078940
1863.260978   13.787090   0.068900
1863.270074   13.769240   0.082790
1863.279229   13.822100   0.072940
1863.288341   13.796970   0.069080
1863.297662   13.790170   0.061380
1863.306748   13.834240   0.070820
1863.315898   13.787190   0.073670
1863.325261   13.812850   0.069110
1863.334632   13.780130   0.075450
1863.344416   13.832140   0.075780
1863.353962   13.807300   0.071930
1863.363511   13.781890   0.062240
1863.372640   13.829270   0.058230
1863.381795   13.837300   0.060680
1863.391577   13.821780   0.062150
1863.400670   13.850990   0.066710
1863.410157   13.818920   0.071290
1863.419415   13.792950   0.073570
1863.428728   13.841690   0.079760
1863.438171   13.876040   0.080310
1863.447725   13.821820   0.086960
1863.457038   13.816810   0.094930
1863.464667   13.799850   0.109270
1863.471563   13.808450   0.109700
1863.477686   13.750420   0.105470
1863.482900   13.798300   0.109680
1863.487037   13.851720   0.115180
1863.490505   13.902570   0.117320
1863.494064   13.796980   0.108210
1863.496621   13.706760   0.108220
1863.498272   13.777110   0.114160
1863.500087   13.795450   0.113460
1863.501889   13.763990   0.112890
1863.503937   13.780560   0.167390
1864.122118   13.821620   0.044920
1864.131216   13.828400   0.066800
1864.140349   13.852290   0.054220
1864.149328   13.827410   0.056900
1864.158727   13.829250   0.051810
1864.168077   13.805120   0.070260
1864.177441   13.854770   0.067960
1864.186471   13.830520   0.050040
1864.195786   13.790890   0.067050
1864.204761   13.789090   0.057850
1864.213956   13.828050   0.055210
1864.223275   13.822510   0.054620
1864.232312   13.878100   0.066140
1864.241734   13.850750   0.067510
1864.250994   13.858390   0.056200
1864.260292   13.841890   0.069850
1864.269452   13.852270   0.054450
1864.278712   13.832480   0.071250
1864.288040   13.837960   0.071070
1864.297228   13.835890   0.062300
1864.306786   13.808500   0.071140
1864.315982   13.879200   0.070100
1864.325240   13.794380   0.067210
1864.334830   13.865580   0.068140
1864.344223   13.914580   0.098740
1864.353629   13.750990   0.088600
1864.362884   13.819610   0.096800
1864.372284   13.870360   0.110870
1864.381718   13.768560   0.094020
1864.391386   13.774880   0.081770
1864.401175   13.793420   0.104390
1864.410777   13.849240   0.098240
1864.420158   13.847890   0.097390
1864.429378   13.830200   0.100140
1864.438639   13.780020   0.108610
1864.448098   13.804430   0.121470
1864.465043   13.880380   0.105640
1864.472160   13.854410   0.074200
1865.081649   13.863920   0.080170
1865.090914   13.818670   0.079570
1865.103000   13.767870   0.076350
1865.112265   13.760960   0.072050
1865.121493   13.803600   0.089330
1865.180915   13.805990   0.051390
1865.189934   13.821340   0.039090
1865.199137   13.851470   0.051290
1865.208040   13.801340   0.039660
1865.217207   13.819760   0.062330
1865.226382   13.842990   0.054590
1865.235932   13.832450   0.065280
1865.245886   13.804820   0.063270
1865.255783   13.840990   0.066820
1865.265750   13.768290   0.082170
1865.275774   13.822690   0.072390
1865.285892   13.790230   0.065130
1865.295973   13.795680   0.070440
1865.306185   13.800530   0.069430
1865.316145   13.810880   0.068850
1865.326150   13.826420   0.075280
1865.336276   13.848640   0.086210
1865.346577   13.840290   0.080140
1865.356675   13.834410   0.077590
1865.366659   13.773800   0.079000
1865.376904   13.815940   0.084270
1865.387088   13.780980   0.084140
1865.397153   13.735900   0.087480
1865.407149   13.798390   0.083350
1865.417333   13.855490   0.083400
1865.427630   13.869110   0.086420
1865.437669   13.832640   0.083460
1865.448171   13.804790   0.101220
1865.457324   13.950990   0.111190
1865.465615   13.826040   0.118470
1865.471988   13.829950   0.076600
1865.482335   13.801300   0.121740
1865.489785   13.773960   0.069300
1865.492821   13.825110   0.073800
1865.494427   13.808080   0.120910
1865.496283   13.806890   0.121440
1865.498091   13.755670   0.099940
1866.165339   13.809540   0.043240
1866.174723   13.714210   0.041340
1866.184057   13.824810   0.045470
1866.193410   13.804650   0.042220
1866.202706   13.864050   0.048790
1866.212035   13.812610   0.045700
1866.221409   13.811020   0.045340
1866.230791   13.797310   0.045550
1866.240551   13.812260   0.044760
1866.250004   13.811750   0.045780
1866.259354   13.841520   0.050410
1867.193045   13.826090   0.030430
1867.202355   13.793410   0.032970
1867.211516   13.827140   0.033910
1867.220585   13.839400   0.035420
1867.230131   13.803320   0.036360
1867.239707   13.831070   0.036270
1867.249230   13.815410   0.034130
1867.258785   13.803290   0.035800
1867.268385   13.829990   0.036240
1867.277702   13.852560   0.038990
1867.287153   13.819510   0.036260
1867.296854   13.807720   0.038270
1867.306121   13.838570   0.039790
1867.315500   13.815250   0.040530
1867.325094   13.815700   0.042070
1867.334502   13.836110   0.044410
1867.344482   13.821070   0.046620
1867.354030   13.812570   0.043260
1867.363492   13.858910   0.052800
1867.372735   13.829410   0.048500
1867.382212   13.826460   0.049850
1867.391671   13.853620   0.054070
1867.401392   13.822340   0.049540
1867.410805   13.830480   0.048440
1867.420288   13.826150   0.059770
1867.429722   13.825770   0.067900
1867.439192   13.795810   0.061380
1867.448574   13.891300   0.069880
1867.456168   13.887850   0.061490
1867.463320   13.859440   0.064440
1867.469421   13.829550   0.063360
1867.473939   13.821380   0.049830
1867.478291   13.846280   0.046410
1867.481655   13.854750   0.049330
1867.484335   13.860920   0.049830
1867.486951   13.886520   0.052680
1867.488639   13.867480   0.051880
1867.490315   13.901300   0.056880
1867.492002   13.823440   0.053060
1867.493724   13.816410   0.051290
1868.197661   13.814180   0.062250
1868.207123   13.837450   0.062730
1868.216495   13.807600   0.079590
1868.225986   13.829440   0.074330
1868.235811   13.864000   0.089680
1868.245580   13.726310   0.077000
1868.255259   13.811290   0.082670
1868.264815   13.756720   0.080650
1868.274279   13.806470   0.095140
1868.283929   13.811350   0.082310
1868.293537   13.822820   0.118830
1868.312574   13.977490   0.132550
1868.322548   13.836930   0.095790
1868.332083   13.770480   0.093950
1868.341800   13.795230   0.100410
1868.351466   13.879430   0.121400
1868.360837   13.751580   0.114900
1868.370659   13.855140   0.116820
1868.380417   13.825240   0.110690
1868.390367   13.844010   0.110940
1868.399668   13.735230   0.106440
1868.409622   13.791120   0.112420
1868.419023   13.858810   0.111920
1868.428372   13.828040   0.111310
1868.437691   13.794400   0.110400
1868.446987   13.846660   0.117640
1868.454949   13.819380   0.115820
1868.461066   13.819870   0.107610
1868.467151   13.828370   0.118200
1868.471440   13.865350   0.129070
1868.475786   13.763830   0.106730
1868.481793   13.833920   0.131700
1868.484421   13.805320   0.078000
1868.486154   13.849480   0.129720
1868.487874   13.869000   0.126970
1868.489584   13.825010   0.127640
1868.491280   13.733720   0.072200
1870.219778   13.827770   0.039220
1870.229270   13.821290   0.038690
1870.238762   13.796260   0.043500
1870.248135   13.798740   0.041380
1870.257691   13.797400   0.046500
1870.267266   13.822990   0.044620
1870.276950   13.795690   0.044940
1870.286498   13.825790   0.048660
1870.295849   13.820370   0.042760
1870.305565   13.829650   0.045890
1870.315197   13.865950   0.052540
1870.325274   13.861660   0.053940
1870.335174   13.821180   0.050070
1870.344892   13.793350   0.053060
1870.354573   13.797230   0.063760
1870.364104   13.820890   0.086290
1870.373603   13.781270   0.083220
1870.383600   13.856700   0.090820
1870.393243   13.740690   0.110910
1870.412571   13.845150   0.073900
1870.421872   13.894780   0.076300
1870.430979   13.788380   0.103330
1870.440608   13.734110   0.117110
1870.448993   13.828400   0.110640
1870.456179   13.783560   0.105280
1870.461756   13.881560   0.126930
1870.470290   13.804760   0.121440
1870.474034   13.921380   0.077100
1870.480188   13.855760   0.071400
1871.136689   13.827590   0.049440
1871.146179   13.808630   0.045530
1871.155384   13.811010   0.046300
1871.164955   13.822880   0.053320
1871.174269   13.796970   0.049770
1871.183469   13.845090   0.055070
1871.192872   13.774110   0.049590
1871.202392   13.841450   0.052290
1871.211865   13.904110   0.063630
1871.221273   13.811160   0.061970
1871.230922   13.804420   0.053990
1871.240394   13.800340   0.052300
1871.250018   13.787520   0.056950
1871.259511   13.818540   0.054810
1871.269122   13.842280   0.052800
1871.278903   13.815910   0.054230
1871.288648   13.829410   0.057420
1871.298226   13.781420   0.054370
1871.307789   13.827480   0.062300
1871.317562   13.807760   0.059560
1871.327342   13.829790   0.066170
1871.337079   13.830680   0.070450
1871.346725   13.812980   0.071150
1871.356495   13.747850   0.068330
1871.366277   13.787950   0.076540
1871.375944   13.832520   0.077440
1871.385808   13.792890   0.080980
1871.395399   13.837680   0.091920
1871.404882   13.825350   0.101750
1871.414342   13.734020   0.095100
1871.423744   13.772800   0.089820
1871.433495   13.819340   0.098540
1871.442405   13.780300   0.089350
1871.449670   13.854800   0.095220
1871.455742   13.801680   0.092290
1871.461191   13.771010   0.102110
1871.465968   13.866240   0.097750
1871.469461   13.880680   0.100300
1871.472994   13.787090   0.095640
1871.476070   13.813600   0.097730
1871.477819   13.842180   0.096610
1871.479709   13.856640   0.093750
1871.481438   13.793800   0.092140
1871.550420   13.801470   0.102850
1871.559908   13.822650   0.106610
1871.569340   13.782850   0.108770
1871.578835   13.857050   0.116570
1871.588334   13.755150   0.123910
1872.324463   13.833950   0.052610
1872.334315   13.867380   0.055020
1872.344041   13.818980   0.053870
1872.353623   13.823520   0.055270
1872.363427   13.804810   0.053500
1872.373279   13.835770   0.050420
1872.383099   13.830770   0.052420
1872.392766   13.775830   0.052250
1872.402203   13.774070   0.054450
1872.412032   13.819540   0.059900
1872.421585   13.812570   0.061460
1872.431130   13.816080   0.061150
1872.439874   13.862610   0.065340
1872.447517   13.817870   0.061690
1872.454162   13.791030   0.063350
1872.459603   13.769350   0.070440
1872.463903   13.851580   0.075580
1872.467716   13.864920   0.074210
1872.470496   13.791140   0.068850
1872.473152   13.808700   0.075230
1872.474857   13.813550   0.071560
1872.476617   13.832020   0.071540
1872.478370   13.864360   0.075290
1872.480228   13.843200   0.074880
1872.541663   13.739820   0.090950
1872.550845   13.820590   0.092130
1872.560270   13.840290   0.097040
1872.569828   13.801190   0.103610
1872.579400   13.848150   0.108900
1872.588943   13.808870   0.117670
1872.598488   13.806980   0.122290
1873.229437   13.786780   0.059640
1873.238826   13.856920   0.064490
1873.248403   13.813680   0.063220
1873.258009   13.795680   0.060880
1873.267456   13.774130   0.064870
1873.276959   13.815120   0.066370
1873.286788   13.802770   0.068880
1873.296275   13.838140   0.070820
1873.305896   13.910520   0.079230
1873.315548   13.849630   0.075610
1873.325684   13.778570   0.077810
1873.335346   13.862760   0.084800
1873.344943   13.800130   0.086740
1873.354842   13.883740   0.081980
1873.364691   13.699380   0.085360
1873.374458   13.826300   0.086770
1873.383960   13.803490   0.076600
1873.393856   13.807040   0.081190
1873.403606   13.825800   0.086930
1873.413210   13.950020   0.099430
1873.422938   13.901910   0.098480
1873.432622   13.813750   0.086300
1873.441010   13.832160   0.080660
1873.447044   13.798040   0.077030
1873.453044   13.830910   0.077230
1873.457630   13.805810   0.081400
1873.462090   13.869700   0.086030
1873.465548   13.843390   0.082050
1873.468261   13.893090   0.084530
1873.470892   13.832180   0.084060
1873.472722   13.802110   0.084220
1873.474437   13.782920   0.084080
1873.476606   13.790000   0.121350
1874.032527   13.839340   0.041870
1874.041923   13.829400   0.042020
1874.051714   13.818340   0.043130
1874.061193   13.805190   0.039980
1874.070741   13.816860   0.043480
1874.080230   13.797110   0.045870
1874.089638   13.802200   0.044950
1874.098984   13.792010   0.046050
1874.108441   13.794330   0.044120
1874.117749   13.783880   0.047860
1874.127103   13.814820   0.047470
1874.136654   13.844750   0.047950
1874.145982   13.823040   0.048900
1874.155173   13.825200   0.051240
1874.164605   13.861670   0.058780
1874.174153   13.839220   0.075020
1874.183645   13.828100   0.092690
1874.193053   13.758210   0.112700
1874.202515   13.774430   0.116550
1874.212179   13.798870   0.125010
1874.222051   13.853020   0.111600
1876.992585   13.809910   0.045220
1877.002277   13.827330   0.047130
1877.012009   13.834700   0.049990
1877.021623   13.894860   0.045870
1877.031340   13.792950   0.052510
1877.041094   13.784180   0.049260
1877.050632   13.853760   0.041080
1877.060512   13.768780   0.045810
1877.070280   13.794400   0.049550
1877.080037   13.838110   0.047530
1877.089835   13.793390   0.045710
1877.099542   13.763600   0.052030
1877.109324   13.847760   0.064090
1877.119234   13.833920   0.055830
1877.128562   13.780510   0.052960
1877.137988   13.783400   0.052710
1877.147449   13.815190   0.065130
1877.157081   13.830860   0.058500
1877.166514   13.800150   0.057540
1877.175811   13.779010   0.053990
1877.185180   13.848540   0.059710
1877.194638   13.760330   0.055270
1877.204359   13.861890   0.053580
1877.213829   13.840620   0.051860
1877.223290   13.788730   0.054340
1877.232928   13.805620   0.054460
1877.242583   13.853350   0.061910
1877.252102   13.884630   0.061900
1877.261424   13.810290   0.063520
1877.271317   13.805390   0.056640
1877.280810   13.777090   0.048690
1877.290913   13.811200   0.055720
1877.300784   13.783240   0.067020
1877.310552   13.812520   0.055680
1877.320329   13.822890   0.066350
1877.330019   13.772880   0.054690
1877.339609   13.830260   0.051570
1877.349339   13.810010   0.057910
1877.359563   13.800210   0.050660
1877.369289   13.799680   0.059530
1877.379166   13.805460   0.057360
1877.389199   13.787630   0.065300
1877.398748   13.790220   0.070300
1877.408188   13.796960   0.069750
1877.417610   13.786830   0.063360
1877.426444   13.792340   0.057500
1877.433416   13.774250   0.065390
1877.439426   13.775280   0.068290
1877.444578   13.816690   0.070620
1877.449101   13.828120   0.062090
1877.452622   13.781210   0.074470
1877.456119   13.778070   0.063430
1877.458826   13.776950   0.061010
1877.460660   13.810100   0.064720
1877.462441   13.805640   0.064580
1877.464144   13.856820   0.067670
1877.465872   13.799500   0.069110
1877.528546   13.820070   0.080410
1877.538164   13.815910   0.082710
1877.547759   13.799570   0.088010
1877.557433   13.789130   0.091050
1877.566991   13.788070   0.089780
1877.956588   13.809210   0.075180
1877.966360   13.809960   0.067060
1877.975795   13.808500   0.048820
1877.985575   13.800990   0.044230
1877.995071   13.796420   0.040210
1878.004964   13.805980   0.039730
1878.014335   13.829420   0.044190
1878.023915   13.825420   0.037360
1878.033403   13.828730   0.038510
1878.042881   13.833730   0.038930
1878.052477   13.824980   0.044270
1878.062202   13.823280   0.043880
1878.072038   13.791750   0.044980
1878.081838   13.824870   0.047380
1878.091595   13.837230   0.041750
1878.101204   13.830410   0.043380
1878.111056   13.785500   0.045250
1878.120475   13.822010   0.045130
1878.129972   13.827670   0.049960
1878.139452   13.823770   0.058970
1878.148981   13.883750   0.104940
1878.158293   13.810190   0.089220
1878.167692   13.800620   0.052260
1878.177309   13.792270   0.046960
1878.186872   13.842270   0.066120
1878.196273   13.784130   0.063360
1878.206054   13.822500   0.073870
1878.215833   13.819220   0.079400
1878.225557   13.812350   0.084600
1878.235117   13.842320   0.070150
1878.244657   13.792990   0.069180
1878.254352   13.842760   0.072970
1878.263984   13.844080   0.083460
1878.273770   13.830800   0.084260
1878.283405   13.809070   0.083910
1878.293079   13.776050   0.084610
1878.302887   13.808340   0.104570
1878.312828   13.870440   0.110280
1878.322431   13.709300   0.102210
1878.332111   13.851330   0.114960
1878.342126   13.830140   0.077190
1878.351898   13.832060   0.086740
1878.361666   13.756920   0.087630
1878.371492   13.885310   0.091620
1878.381052   13.840970   0.096540
1878.390611   13.859010   0.075650
1878.400035   13.814330   0.090770
1878.409523   13.840370   0.089230
1878.419250   13.806390   0.096860
1878.427139   13.780440   0.100230
1878.434256   13.755370   0.080890
1878.439734   13.833410   0.103510
1878.444205   13.799900   0.080410
1878.448555   13.817350   0.078640
1878.452064   13.807610   0.097980
1878.454721   13.892840   0.096270
1878.457364   13.848430   0.098290
1878.459093   13.844790   0.098510
1878.460943   13.751190   0.095230
1878.463071   13.843160   0.139430
1878.523903   13.857790   0.102910
1878.533380   13.826540   0.100710
1878.542754   13.866630   0.100940
1878.552323   13.796480   0.105000
1878.561961   13.848530   0.112310
1878.581081   13.735520   0.072400
1878.885649   13.712920   0.100350
1878.896259   13.773360   0.110510
1878.907039   13.856020   0.105610
1878.917827   13.793880   0.100670
1878.928636   13.797740   0.098220
1878.939490   13.814300   0.083510
1878.950209   13.793240   0.068500
1878.960985   13.806530   0.067780
1878.971663   13.851290   0.060670
1878.982256   13.749010   0.060750
1878.992862   13.822800   0.058390
1879.003349   13.786580   0.065720
1879.014056   13.849680   0.064540
1879.024781   13.849630   0.068720
1879.035403   13.783470   0.071880
1879.046338   13.783890   0.070220
1879.056998   13.808260   0.073390
1879.067120   13.833440   0.076940
1879.077625   13.802340   0.073050
1879.087804   13.794270   0.074930
1879.097718   13.808720   0.083770
1879.108265   13.832620   0.096960
1879.118677   13.772140   0.094940
1879.128946   13.874850   0.088960
1879.138951   13.809520   0.087460
1879.148948   13.829410   0.109700
1879.158753   13.747380   0.111340
1879.168681   13.843730   0.114140
1879.178653   13.688620   0.108540
1879.188532   13.863620   0.119630
1879.198658   13.817700   0.115100
1879.208980   13.796850   0.111940
1879.219105   13.874680   0.123100
1879.229198   13.836760   0.123520
1879.239692   13.810170   0.118780
1879.249885   13.847130   0.115550
1879.259988   13.827790   0.117830
1879.270136   13.799440   0.111060
1879.279998   13.805090   0.088470
1879.290256   13.819170   0.111380
1879.300321   13.843340   0.108750
1879.310604   13.759950   0.104240
1879.321132   13.737240   0.106650
1879.331398   13.770660   0.111910
1879.341711   13.809780   0.114510
1879.352168   13.796370   0.116940
1879.362239   13.873690   0.116170
1879.372581   13.822080   0.117160
1879.383093   13.910860   0.072100
1879.393142   13.764280   0.118850
1879.403333   13.811860   0.123230
1879.413718   13.748600   0.124920
1879.422210   13.809670   0.127270
1879.430290   13.765120   0.125730
1879.436815   13.873030   0.108700
1879.441492   13.855490   0.133200
1879.445571   13.764510   0.131380
1879.449457   13.859220   0.108810
1879.452342   13.813520   0.106170
1879.454194   13.812910   0.111980
1879.455902   13.762540   0.074300
1879.457932   13.787670   0.107840
1879.459885   13.843180   0.109970
1879.460754   13.763720   0.074200
1879.904711   13.854060   0.104690
1879.914664   13.813330   0.082690
1879.924232   13.888320   0.075370
1879.933937   13.832270   0.063520
1879.943742   13.827570   0.053120
1879.953255   13.815520   0.046950
1879.962965   13.818370   0.042280
1879.972299   13.813110   0.040600
1879.982133   13.796760   0.041640
1879.991480   13.777740   0.048100
1880.001350   13.810840   0.049110
1880.010995   13.808910   0.055950
1880.020489   13.809360   0.053330
1880.030167   13.838710   0.055150
1880.040004   13.854130   0.052050
1880.050020   13.846060   0.052040
1880.059700   13.821430   0.057390
1880.069635   13.816560   0.056850
1880.079469   13.796600   0.060800
1880.089000   13.781950   0.058480
1880.098524   13.839660   0.060650
1880.108072   13.848320   0.066740
1880.117530   13.789030   0.058580
1880.127140   13.798270   0.059460
1880.200091   13.932470   0.063080
1880.209735   13.936070   0.076290
1880.219431   13.819780   0.064870
1880.229324   13.827890   0.060480
1880.238989   13.822300   0.062620
1880.248836   13.822710   0.063530
1880.258298   13.786950   0.057850
1880.267686   13.786710   0.064610
1880.277275   13.817970   0.065430
1880.286928   13.884040   0.078470
1880.306613   13.811000   0.061840
1880.369120   13.818520   0.058960
1880.967707   13.903230   0.072190
1880.977730   13.881400   0.073040
1880.987626   13.824570   0.057640
1880.997175   13.814300   0.056770
1881.007352   13.821560   0.058650
1881.017262   13.802080   0.060120
1881.027023   13.835390   0.062540
1881.036583   13.842820   0.061320
1881.046307   13.846370   0.062810
1881.055914   13.866680   0.071300
1881.065565   13.823670   0.066640
1881.075352   13.826780   0.070560
1881.085120   13.792880   0.067210
1881.094964   13.810510   0.066000
1881.104801   13.783400   0.054880
1881.114937   13.903250   0.079910
1881.124474   13.796210   0.070040
1881.134326   13.780380   0.074420
1881.143810   13.817960   0.055360
1881.153419   13.807900   0.074590
1881.163015   13.803850   0.067380
1881.171357   13.837720   0.055900
1881.180981   13.811150   0.060620
1881.190627   13.821410   0.047760
1881.200550   13.794560   0.052700
1881.210473   13.853040   0.062900
1881.220305   13.809070   0.059020
1881.230199   13.787150   0.059670
1881.239668   13.795110   0.063150
1881.249328   13.815490   0.060970
1881.258917   13.808540   0.060020
1881.268352   13.831220   0.068970
1881.278189   13.791460   0.059840
1881.288137   13.843140   0.067330
1881.297680   13.823430   0.064270
1881.307337   13.827890   0.070630
1881.317394   13.799270   0.067610
1881.327336   13.804410   0.071070
1881.337373   13.810590   0.072020
1881.347129   13.756600   0.074610
1881.357110   13.761310   0.075320
1881.366722   13.795350   0.076660
1881.376276   13.802190   0.079160
1881.386104   13.848270   0.088150
1881.395996   13.822030   0.085320
1881.405772   13.863710   0.085160
1881.414838   13.794680   0.085590
1881.422098   13.856130   0.087400
1881.428287   13.891200   0.097430
1881.433496   13.814210   0.087710
1881.437835   13.851500   0.093050
1881.441542   13.893910   0.100780
1881.445078   13.845960   0.098090
1881.447777   13.795160   0.095880
1881.449541   13.794020   0.089950
1881.451276   13.815540   0.088000
1881.453055   13.797710   0.095780
1881.455245   13.818410   0.133700
1881.512259   13.794550   0.097950
1881.522032   13.821430   0.102430
1881.531584   13.847830   0.102720
1881.541053   13.829150   0.101480
1881.550943   13.864790   0.103570
1881.560601   13.918630   0.110850
1881.570473   13.907190   0.111090
1881.580253   13.851260   0.121340
1881.589860   13.874280   0.115040
1881.599577   13.880230   0.124770
1881.609472   13.869520   0.116580
1881.619114   13.807160   0.124710
1881.628866   13.807140   0.112150
1881.855252   13.877150   0.130780
1881.864967   13.844430   0.114490
1881.874874   13.862020   0.104580
1881.884546   13.834790   0.087300
1881.894462   13.854480   0.079610
1881.904494   13.839650   0.064260
1881.914271   13.816160   0.061990
1881.923884   13.813160   0.065480
1881.933466   13.777450   0.059120
1881.943231   13.815680   0.062730
1881.952875   13.876180   0.086990
1881.962633   13.832920   0.094180
1881.972149   13.821130   0.093990
1881.982098   13.790520   0.096280
1881.992169   13.820900   0.118510
1882.001889   13.822680   0.125850
1882.011671   13.743660   0.097800
1882.021627   13.850460   0.108310
1882.031644   13.858720   0.118460
1882.041324   13.918630   0.117700
1882.051198   13.889790   0.105940
1882.060871   13.860670   0.109550
1882.080330   13.856920   0.089180
1882.121972   13.808480   0.119170
1882.131558   13.760690   0.096780
1882.140967   13.737250   0.069700
1882.150540   13.852750   0.102510
1882.160119   13.847280   0.112140
1882.169652   13.787260   0.108770
1882.179008   13.824670   0.110990
1882.188466   13.832830   0.114910
1882.198063   13.766240   0.104230
1883.093660   13.827380   0.080540
1883.112818   13.811010   0.086040
1883.122237   13.800220   0.098920
1883.131900   13.860660   0.084730
1883.141295   13.824810   0.093020
1883.150882   13.836650   0.096210
1883.160374   13.746410   0.100980
1883.169871   13.889920   0.112610
1883.179271   13.827250   0.086010
1883.188727   13.897400   0.088640
1883.198404   13.792610   0.102780
1883.207904   13.885030   0.105820
1883.217549   13.827360   0.108480
1883.226897   13.788320   0.104010
1883.236210   13.784870   0.107740
1883.245790   13.826900   0.108900
1883.255334   13.822210   0.110380
1883.265175   13.828840   0.114150
1883.274780   13.836590   0.114130
1883.323643   13.808570   0.105280
1883.333437   13.809760   0.123950
1883.343359   13.879660   0.098080
1883.363493   13.887340   0.121140
1883.373104   13.827420   0.099210
1883.392439   13.775170   0.120440
1883.402040   13.851450   0.124420
1883.417332   13.741380   0.073400
1883.423524   13.858570   0.074200
1883.429102   13.810960   0.074400
1883.436812   13.756640   0.061700
1883.443180   13.886960   0.074200
1883.446707   13.805980   0.121440
1883.448508   13.859860   0.097670
1883.516946   13.836140   0.106220
1883.584455   13.799510   0.075100
1883.593915   13.843550   0.077100
1884.099534   13.860360   0.042680
1884.109140   13.833860   0.040130
1884.118686   13.844380   0.048700
1884.128292   13.816680   0.062510
1884.137551   13.813080   0.046680
1884.147279   13.818130   0.051880
1884.156774   13.805080   0.055700
1884.166197   13.837790   0.065200
1884.175960   13.808920   0.068350
1884.185414   13.822230   0.060740
1884.194977   13.822150   0.049230
1884.204574   13.851060   0.050240
1884.214174   13.778430   0.047080
1884.223839   13.848720   0.056620
1884.233348   13.848590   0.062220
1884.242628   13.843870   0.043800
1884.252195   13.869600   0.043240
1884.261682   13.837690   0.044010
1884.271201   13.810490   0.042570
1884.280876   13.835340   0.049010
1884.290846   13.832890   0.050100
1884.300573   13.833110   0.056040
1884.310420   13.800070   0.083490
1884.320206   13.818400   0.054500
1884.330156   13.823230   0.056240
1884.340081   13.816900   0.068710
1884.350052   13.815640   0.064060
1884.360119   13.811760   0.054400
1884.370060   13.796360   0.051190
1884.379738   13.804940   0.062600
1884.389528   13.805890   0.044020
1884.399065   13.824500   0.048740
1884.406881   13.802060   0.058510
1884.413865   13.792090   0.067450
1884.420368   13.715010   0.070280
1884.425635   13.807100   0.053130
1884.430150   13.770520   0.044640
1884.433678   13.810390   0.054230
1884.437202   13.792310   0.053240
1884.439908   13.807360   0.055740
1884.441669   13.809170   0.053310
1884.443407   13.860450   0.054110
1884.445186   13.812980   0.050700
1884.446926   13.764180   0.068280
1884.503638   13.813080   0.048300
1884.513187   13.825640   0.057700
1884.522993   13.818920   0.049610
1884.532900   13.798470   0.043080
1884.542819   13.826790   0.053720
1884.552706   13.814920   0.061770
1884.562458   13.836000   0.038670
1884.572213   13.814670   0.049720
1884.581820   13.841870   0.040220
1884.591479   13.862220   0.055390
1884.600983   13.809890   0.046280
1884.610820   13.803620   0.044900
1884.886961   13.821590   0.107980
1884.896459   13.895270   0.118030
1884.906042   13.853160   0.110780
1884.925737   13.819400   0.099720
1884.945448   13.805610   0.106350
1884.954875   13.875280   0.115020
1884.964329   13.844800   0.109640
1884.974229   13.812630   0.119140
1884.983622   13.936730   0.102860
1884.993441   13.857570   0.118520
1885.003341   13.827620   0.111900
1885.013229   13.853680   0.125010
1885.022911   13.836540   0.120800
1885.042137   13.780780   0.127970
1885.278794   13.873830   0.099590
1885.288543   13.834720   0.062100
1885.298475   13.811410   0.106900
1885.308250   13.812400   0.104060
1885.318087   13.862860   0.111570
1885.328301   13.837900   0.098750
1886.072366   13.821190   0.037160
1886.082057   13.815880   0.040260
1886.091456   13.825770   0.040760
1886.101064   13.844570   0.044910
1886.110701   13.808370   0.041220
1886.120214   13.816790   0.041290
1886.129544   13.836890   0.044410
1886.138882   13.826480   0.046890
1886.148233   13.844180   0.045190
1886.157943   13.808010   0.047750
1886.167550   13.814000   0.054040
1886.177101   13.847330   0.051370
1886.186997   13.805440   0.055200
1886.196609   13.827790   0.062310
1886.206153   13.840830   0.066490
1886.215757   13.831640   0.069790
1886.225422   13.818240   0.088190
1886.234829   13.837740   0.097970
1886.244630   13.803680   0.098560
1886.254426   13.866000   0.072090
1886.263771   13.836880   0.054260
1886.273578   13.936300   0.100620
1886.283270   13.853720   0.052790
1886.293134   13.800940   0.056790
1886.303115   13.884460   0.069120
1886.312914   13.863070   0.060770
1886.322818   13.901670   0.064510
1886.332859   13.812120   0.063360
1886.342543   13.812420   0.059650
1886.352534   13.827200   0.062470
1886.362281   13.813310   0.067730
1886.372003   13.839790   0.063970
1886.381496   13.875230   0.075520
1886.391198   13.770050   0.076960
1886.399994   13.871400   0.082380
1886.408171   13.860750   0.078320
1886.414363   13.793560   0.096280
1886.419581   13.808740   0.098270
1886.423873   13.864390   0.096270
1886.427459   13.797280   0.090200
1886.431086   13.851630   0.090250
1886.433748   13.773700   0.098340
1886.435540   13.836580   0.105010
1886.437293   13.844680   0.091200
1886.439058   13.817570   0.090450
1886.440921   13.708190   0.109030
1886.441774   13.678160   0.063100
