1863.169882   13.644030   0.057260
1863.179028   13.672300   0.061320
1863.188111   13.663420   0.070980
1863.197263   13.669470   0.066150
1863.206453   13.681520   0.062510
1863.215516   13.722140   0.077550
1863.224486   13.749450   0.075420
1863.233708   13.692040   0.077010
1863.243026   13.716390   0.085370
1863.252052   13.637840   0.073900
1863.260978   13.688830   0.067350
1863.270074   13.719760   0.084590
1863.279229   13.686250   0.069420
1863.288341   13.633350   0.066630
1863.297662   13.663220   0.063160
1863.306748   13.711230   0.069640
1863.315898   13.665020   0.072000
1863.325261   13.732190   0.072580
1863.334632   13.725760   0.071110
1863.344416   13.691320   0.074440
1863.353962   13.711530   0.072690
1863.363511   13.679550   0.059390
1863.372640   13.673620   0.060830
1863.381795   13.672410   0.060060
1863.391577   13.663400   0.059510
1863.400670   13.701100   0.065910
1863.410157   13.648220   0.065180
1863.419415   13.679620   0.069820
1863.428728   13.694140   0.069460
1863.438171   13.709340   0.079370
1863.447725   13.639160   0.080590
1863.457038   13.705150   0.095410
1863.464667   13.739220   0.109720
1863.471563   13.705320   0.112310
1863.477686   13.661770   0.102600
1863.482900   13.663010   0.106160
1863.487037   13.760890   0.113810
1863.490505   13.681770   0.106790
1863.494064   13.695460   0.107740
1863.496621   13.632940   0.109270
1863.498272   13.681530   0.111000
1863.500087   13.615990   0.110280
1863.501889   13.662710   0.113210
1863.503937   13.610630   0.154600
1864.122118   13.709450   0.042960
1864.131216   13.655480   0.059240
1864.140349   13.650660   0.054330
1864.149328   13.694410   0.055190
1864.158727   13.693340   0.051310
1864.168077   13.721830   0.066990
1864.177441   13.670490   0.064170
1864.186471   13.676350   0.049400
1864.195786   13.698640   0.062180
1864.204761   13.697240   0.054970
1864.213956   13.668040   0.050760
1864.223275   13.661020   0.049080
1864.232312   13.726380   0.064980
1864.241734   13.648470   0.057400
1864.250994   13.663190   0.049890
1864.260292   13.679770   0.063150
1864.269452   13.642830   0.055340
1864.278712   13.679530   0.067760
1864.288040   13.646870   0.065420
1864.297228   13.671790   0.065060
1864.306786   13.652220   0.063180
1864.315982   13.653370   0.065190
1864.325240   13.709300   0.063790
1864.334830   13.688770   0.062370
1864.344223   13.675370   0.091940
1864.353629   13.728140   0.085020
1864.362884   13.675470   0.094870
1864.372284   13.693010   0.089450
1864.381718   13.727140   0.096740
1864.391386   13.666560   0.076690
1864.401175   13.629280   0.102600
1864.410777   13.713970   0.094430
1864.420158   13.620920   0.094580
1864.429378   13.669340   0.098680
1864.438639   13.666220   0.113560
1864.448098   13.715400   0.118540
1864.457409   13.736310   0.072200
1864.465120   13.638530   0.115040
1865.081649   13.682570   0.073980
1865.090914   13.660430   0.076510
1865.103000   13.714880   0.074800
1865.112265   13.733620   0.066780
1865.121493   13.687280   0.086010
1865.180915   13.689200   0.046240
1865.189934   13.664910   0.036160
1865.199137   13.690810   0.047520
1865.208040   13.675580   0.036960
1865.217207   13.675180   0.056450
1865.226382   13.635760   0.049680
1865.235932   13.701090   0.061900
1865.245886   13.645930   0.059980
1865.255783   13.679660   0.060510
1865.265750   13.693330   0.081610
1865.275774   13.705370   0.072780
1865.285892   13.739330   0.056710
1865.295973   13.708840   0.072230
1865.306185   13.698440   0.066510
1865.316145   13.716930   0.061670
1865.326150   13.718700   0.070740
1865.336276   13.697520   0.083910
1865.346577   13.731160   0.069210
1865.356675   13.712000   0.069870
1865.366659   13.699720   0.078610
1865.376904   13.634140   0.076990
1865.387088   13.709380   0.081310
1865.397153   13.657080   0.083970
1865.407149   13.727090   0.081630
1865.417333   13.653700   0.076050
1865.427630   13.724800   0.080940
1865.437669   13.695370   0.082560
1865.448171   13.673050   0.095970
1865.457324   13.713370   0.101310
1865.465615   13.640040   0.108020
1865.482335   13.740980   0.072500
1865.492667   13.716910   0.119470
1865.494427   13.718100   0.096140
1865.496283   13.679440   0.116230
1865.498167   13.755950   0.099070
1866.165339   13.695240   0.040680
1866.174723   13.698620   0.039550
1866.184057   13.662630   0.040940
1866.193410   13.666140   0.041580
1866.202706   13.683560   0.043210
1866.212035   13.690680   0.042840
1866.221409   13.678450   0.042900
1866.230791   13.668500   0.045480
1866.240551   13.689470   0.042960
1866.250004   13.644130   0.041460
1866.259354   13.663520   0.044380
1867.193045   13.669540   0.029160
1867.202355   13.670910   0.030540
1867.211516   13.681610   0.031870
1867.220585   13.667280   0.033490
1867.230131   13.670900   0.032970
1867.239707   13.682290   0.033200
1867.249230   13.663830   0.032220
1867.258785   13.679310   0.033140
1867.268385   13.671260   0.033270
1867.277702   13.682640   0.033830
1867.287153   13.683240   0.035170
1867.296854   13.668980   0.037520
1867.306121   13.679000   0.036630
1867.315500   13.659690   0.037040
1867.325094   13.660050   0.038070
1867.334502   13.670100   0.039890
1867.344482   13.658440   0.042140
1867.354030   13.653990   0.040370
1867.363492   13.713890   0.049100
1867.372735   13.698860   0.044120
1867.382212   13.690130   0.042460
1867.391671   13.681620   0.048400
1867.401392   13.699890   0.046350
1867.410805   13.686420   0.045850
1867.420288   13.643720   0.056710
1867.429722   13.685400   0.063920
1867.439192   13.667020   0.057790
1867.448574   13.657270   0.059370
1867.456168   13.654640   0.054710
1867.463320   13.646100   0.055110
1867.469421   13.660960   0.060000
1867.473939   13.691220   0.049910
1867.478291   13.671960   0.043140
1867.481655   13.692940   0.046890
1867.484335   13.673120   0.050590
1867.486951   13.732870   0.049230
1867.488639   13.696270   0.050070
1867.490315   13.686480   0.053520
1867.492002   13.689220   0.050590
1867.493724   13.702500   0.050130
1868.197661   13.602430   0.058260
1868.207123   13.686300   0.055450
1868.216495   13.695310   0.076570
1868.225986   13.656440   0.070660
1868.235811   13.637990   0.079580
1868.245580   13.649190   0.076280
1868.255259   13.685610   0.083340
1868.264815   13.682120   0.075880
1868.274279   13.667830   0.087870
1868.283929   13.636710   0.081200
1868.293537   13.641480   0.113280
1868.303104   13.708340   0.124340
1868.312574   13.672650   0.122650
1868.322548   13.682710   0.093790
1868.332083   13.698610   0.083970
1868.341800   13.691310   0.095320
1868.351466   13.672590   0.112300
1868.360837   13.683990   0.113060
1868.370659   13.633630   0.105120
1868.380417   13.712340   0.115740
1868.390367   13.695170   0.108680
1868.399668   13.733700   0.109240
1868.409622   13.773410   0.121490
1868.419023   13.661760   0.104320
1868.428372   13.693030   0.110760
1868.437691   13.693200   0.112450
1868.446987   13.640150   0.111570
1868.454949   13.709890   0.119210
1868.461066   13.718550   0.110350
1868.467151   13.659540   0.116720
1868.471440   13.702220   0.121860
1868.475786   13.660260   0.108520
1868.479263   13.597320   0.106900
1868.481793   13.690890   0.106510
1868.484421   13.628860   0.125870
1868.486154   13.592360   0.122840
1868.487874   13.659800   0.128120
1868.489584   13.684610   0.130500
1870.219778   13.681050   0.036780
1870.229270   13.663950   0.037890
1870.238762   13.688920   0.045040
1870.248135   13.694400   0.041710
1870.257691   13.669310   0.045440
1870.267266   13.664080   0.045500
1870.276950   13.675590   0.046060
1870.286498   13.661700   0.046030
1870.295849   13.687550   0.043160
1870.305565   13.678360   0.045630
1870.315197   13.647970   0.054180
1870.325274   13.682160   0.051140
1870.335174   13.684610   0.048840
1870.344892   13.652950   0.050670
1870.354573   13.701270   0.060210
1870.364104   13.653280   0.082880
1870.373603   13.701500   0.080140
1870.383600   13.664430   0.092640
1870.393243   13.663230   0.107960
1870.412418   13.623690   0.073000
1870.421719   13.671790   0.126080
1870.431056   13.701380   0.101970
1870.440608   13.733970   0.115690
1870.448993   13.694720   0.107740
1870.456179   13.660560   0.106530
1870.461756   13.638690   0.121240
1870.470290   13.612660   0.119900
1871.136689   13.649780   0.047480
1871.146179   13.660790   0.044420
1871.155384   13.701050   0.044240
1871.164955   13.680820   0.048850
1871.174269   13.653220   0.048230
1871.183469   13.675890   0.050150
1871.192872   13.703470   0.045960
1871.202392   13.666170   0.050070
1871.211865   13.700510   0.061120
1871.221273   13.650140   0.060820
1871.230922   13.693410   0.051330
1871.240394   13.690630   0.050090
1871.250018   13.696020   0.052750
1871.259511   13.676900   0.050150
1871.269122   13.656470   0.052440
1871.278903   13.617840   0.049470
1871.288648   13.705610   0.058260
1871.298226   13.698840   0.052820
1871.307789   13.694080   0.057750
1871.317562   13.730130   0.062300
1871.327342   13.704530   0.060900
1871.337079   13.698970   0.065610
1871.346725   13.681350   0.070970
1871.356495   13.687100   0.064890
1871.366277   13.689200   0.073910
1871.375944   13.693910   0.071830
1871.385808   13.621850   0.081420
1871.395399   13.695560   0.087120
1871.404882   13.631570   0.093020
1871.414342   13.697800   0.098670
1871.423744   13.714280   0.093780
1871.433495   13.708010   0.094930
1871.442405   13.675060   0.089200
1871.449670   13.647150   0.085780
1871.455742   13.717750   0.092170
1871.461191   13.636710   0.097720
1871.465968   13.680160   0.095410
1871.469461   13.656320   0.097280
1871.472994   13.719530   0.095800
1871.476070   13.685610   0.090330
1871.477819   13.659980   0.092140
1871.479709   13.582690   0.089660
1871.481438   13.657020   0.090100
1871.550420   13.598900   0.097380
1871.559908   13.690940   0.103700
1871.569340   13.685910   0.109850
1871.578835   13.750420   0.117340
1871.588334   13.743590   0.121420
1872.324463   13.707870   0.053170
1872.334315   13.640900   0.053950
1872.344041   13.681750   0.055110
1872.353623   13.706900   0.053070
1872.363427   13.685940   0.052450
1872.373279   13.710510   0.051720
1872.383099   13.716530   0.054370
1872.392766   13.658240   0.052710
1872.402203   13.670320   0.053750
1872.412032   13.687820   0.056280
1872.421585   13.684970   0.055280
1872.431130   13.693750   0.062370
1872.439874   13.730290   0.065170
1872.447517   13.692100   0.065820
1872.454162   13.676060   0.066440
1872.459603   13.700320   0.071520
1872.463903   13.742270   0.075240
1872.467716   13.669110   0.067010
1872.470496   13.707420   0.068900
1872.473152   13.667290   0.071620
1872.474857   13.657330   0.070860
1872.476617   13.686620   0.072040
1872.478370   13.729240   0.074270
1872.480228   13.730240   0.075980
1872.541663   13.747620   0.094250
1872.550845   13.652130   0.095830
1872.560270   13.782920   0.101610
1872.569828   13.653470   0.100000
1872.579400   13.686590   0.107440
1872.588943   13.668410   0.115210
1872.598565   13.520090   0.095670
1873.229437   13.686460   0.057530
1873.238826   13.712060   0.067380
1873.248403   13.660740   0.061490
1873.258009   13.656790   0.059270
1873.267456   13.639930   0.061070
1873.276959   13.702940   0.066980
1873.286788   13.673090   0.065840
1873.296275   13.679320   0.065640
1873.305896   13.646070   0.071560
1873.315548   13.690690   0.072930
1873.325684   13.650320   0.075300
1873.335346   13.612900   0.079800
1873.344943   13.614290   0.080110
1873.354842   13.593110   0.073440
1873.364691   13.694820   0.085200
1873.374458   13.679370   0.078410
1873.383960   13.634660   0.076900
1873.393856   13.691090   0.075770
1873.403606   13.683150   0.080770
1873.413210   13.708430   0.091020
1873.422938   13.663950   0.091110
1873.432622   13.668470   0.082510
1873.441010   13.671150   0.074050
1873.447044   13.695840   0.070850
1873.453044   13.679840   0.073670
1873.457630   13.653290   0.077160
1873.462090   13.673420   0.080860
1873.465548   13.653050   0.081640
1873.468261   13.662090   0.082160
1873.470892   13.671400   0.085420
1873.472722   13.661900   0.079010
1873.474437   13.687120   0.078340
1873.476606   13.689570   0.115320
1874.032527   13.685930   0.036840
1874.041923   13.650200   0.041460
1874.051714   13.696290   0.040000
1874.061193   13.687200   0.040510
1874.070741   13.651190   0.043300
1874.080230   13.665900   0.044190
1874.089638   13.656320   0.041900
1874.098984   13.673740   0.042520
1874.108441   13.726980   0.040690
1874.117749   13.662980   0.045460
1874.127103   13.667490   0.045860
1874.136654   13.690760   0.043910
1874.145982   13.690980   0.047310
1874.155173   13.713260   0.048040
1874.164605   13.705640   0.056250
1874.174153   13.663830   0.068150
1874.183645   13.687900   0.082770
1874.193053   13.659800   0.108550
1874.202515   13.743630   0.116230
1874.212179   13.684220   0.119240
1874.222051   13.580640   0.106170
1877.012009   13.667080   0.045780
1877.021623   13.698150   0.043490
1877.050632   13.656680   0.042900
1877.060512   13.706110   0.043250
1877.080037   13.677200   0.044650
1877.089835   13.701630   0.042100
1877.109324   13.682590   0.057450
1877.119234   13.667570   0.054630
1877.128562   13.694630   0.051000
1877.137988   13.630150   0.042380
1877.157081   13.666150   0.056580
1877.166514   13.676100   0.052550
1877.175811   13.663720   0.050410
1877.185180   13.677420   0.054530
1877.194638   13.724430   0.049500
1877.204359   13.672120   0.052020
1877.213829   13.653650   0.049490
1877.223290   13.630880   0.051440
1877.232928   13.666000   0.050880
1877.242583   13.678320   0.056770
1877.252102   13.679470   0.059120
1877.261424   13.662190   0.057120
1877.271317   13.680600   0.052700
1877.280810   13.684410   0.047440
1877.290913   13.684590   0.051660
1877.300784   13.712470   0.064270
1877.310552   13.696670   0.054350
1877.320329   13.697720   0.059990
1877.330019   13.684040   0.055680
1877.339609   13.692890   0.048440
1877.349339   13.681270   0.053300
1877.359563   13.665890   0.048450
1877.369289   13.658000   0.055740
1877.379166   13.732570   0.053030
1877.389199   13.658410   0.062130
1877.398748   13.693020   0.066430
1877.408188   13.693320   0.065440
1877.417610   13.683960   0.062850
1877.426444   13.652040   0.052140
1877.433416   13.704330   0.062550
1877.439426   13.684680   0.065740
1877.444578   13.714480   0.067500
1877.449101   13.694700   0.062290
1877.452622   13.658500   0.068770
1877.456119   13.688010   0.063430
1877.458826   13.668410   0.060700
1877.460660   13.677140   0.065530
1877.462441   13.687100   0.062760
1877.464144   13.674720   0.065430
1877.465872   13.702090   0.066520
1877.528546   13.683450   0.079330
1877.538164   13.661290   0.085280
1877.547759   13.632940   0.082950
1877.557433   13.715180   0.091540
1877.566991   13.695270   0.092490
1877.956588   13.746920   0.070000
1877.966360   13.665370   0.063240
1877.975795   13.680180   0.049540
1877.985575   13.714470   0.043490
1877.995071   13.684250   0.039150
1878.004964   13.690830   0.038300
1878.014335   13.712480   0.040830
1878.023915   13.663760   0.036130
1878.033403   13.665490   0.039940
1878.042881   13.681710   0.037600
1878.052477   13.687460   0.042870
1878.062202   13.691380   0.041290
1878.072038   13.681980   0.043820
1878.081838   13.699360   0.043260
1878.091595   13.703720   0.041710
1878.101204   13.657300   0.041490
1878.111056   13.669480   0.045440
1878.120475   13.679550   0.046270
1878.129972   13.670280   0.050490
1878.139452   13.693830   0.056710
1878.148981   13.703750   0.097650
1878.158293   13.764860   0.084400
1878.167692   13.698620   0.049110
1878.177309   13.696100   0.046340
1878.186872   13.732240   0.061250
1878.196273   13.681840   0.064720
1878.206054   13.696620   0.075730
1878.215833   13.685530   0.083270
1878.225557   13.750090   0.081310
1878.235117   13.705300   0.062050
1878.244657   13.646560   0.061200
1878.254352   13.686290   0.076110
1878.263984   13.681400   0.079510
1878.273770   13.667060   0.082760
1878.283405   13.647070   0.085700
1878.293079   13.712010   0.085330
1878.302887   13.677530   0.103090
1878.312828   13.670960   0.108820
1878.322431   13.594680   0.103210
1878.332111   13.780490   0.111150
1878.342126   13.654500   0.077640
1878.351898   13.702230   0.089670
1878.361666   13.746520   0.085110
1878.371492   13.595920   0.081650
1878.381052   13.712990   0.096920
1878.390611   13.687610   0.070670
1878.400035   13.743530   0.091080
1878.409523   13.704840   0.084440
1878.419250   13.711150   0.092280
1878.427139   13.692220   0.094410
1878.434256   13.546690   0.073900
1878.439734   13.646410   0.097040
1878.444205   13.583330   0.073830
1878.448555   13.563670   0.072350
1878.452064   13.678140   0.091120
1878.454721   13.677840   0.093480
1878.457364   13.759970   0.093800
1878.459093   13.625730   0.089640
1878.460943   13.709560   0.097610
1878.463071   13.669330   0.129460
1878.523903   13.627080   0.095210
1878.533380   13.641430   0.098350
1878.542754   13.663500   0.092920
1878.552323   13.631110   0.100260
1878.561961   13.565300   0.108880
1878.581081   13.627050   0.071200
1878.885725   13.732480   0.068000
1878.896259   13.713660   0.113890
1878.907039   13.600140   0.098150
1878.917827   13.642980   0.097160
1878.928636   13.629480   0.095920
1878.939490   13.653180   0.084180
1878.950209   13.698020   0.073730
1878.960985   13.668590   0.064170
1878.971663   13.678830   0.058230
1878.982256   13.678780   0.061730
1878.992862   13.654430   0.056790
1879.003349   13.669910   0.062090
1879.014056   13.650770   0.061470
1879.024781   13.648420   0.060400
1879.035403   13.703510   0.069560
1879.046338   13.659330   0.072550
1879.056998   13.701270   0.077410
1879.067120   13.686530   0.075730
1879.077625   13.708180   0.068210
1879.087804   13.727970   0.074210
1879.097718   13.750660   0.086150
1879.108265   13.743440   0.095040
1879.118677   13.739910   0.100930
1879.128946   13.615230   0.083110
1879.138951   13.650190   0.088700
1879.148948   13.596690   0.104040
1879.158753   13.638370   0.112420
1879.168681   13.615750   0.109470
1879.178653   13.632800   0.110230
1879.188532   13.720640   0.120370
1879.198658   13.665890   0.114510
1879.208980   13.668040   0.118930
1879.219105   13.784420   0.124070
1879.229198   13.699040   0.118910
1879.239692   13.769520   0.127470
1879.249885   13.744700   0.118780
1879.259988   13.731540   0.111340
1879.270136   13.671810   0.111040
1879.279998   13.656680   0.084960
1879.290256   13.739820   0.112330
1879.300321   13.649580   0.105810
1879.310604   13.674850   0.111450
1879.321132   13.680110   0.111960
1879.331398   13.750440   0.118140
1879.341711   13.731350   0.113590
1879.352168   13.710000   0.116710
1879.362239   13.724770   0.116560
1879.372581   13.741900   0.120060
1879.383093   13.528610   0.061700
1879.393142   13.703960   0.123440
1879.403333   13.672100   0.128340
1879.413718   13.743820   0.130320
1879.422210   13.723200   0.125930
1879.430443   13.727080   0.073700
1879.436738   13.680790   0.074400
1879.441415   13.644060   0.104160
1879.445571   13.619200   0.126350
1879.449457   13.568400   0.072100
1879.454117   13.691340   0.105230
1879.460754   13.492910   0.068700
1879.904711   13.747460   0.095600
1879.914664   13.735780   0.082910
1879.924232   13.675230   0.069270
1879.933937   13.713540   0.062300
1879.943742   13.667410   0.051110
1879.953255   13.687400   0.044530
1879.962965   13.695520   0.040700
1879.972299   13.701760   0.041480
1879.982133   13.676610   0.041540
1879.991480   13.681700   0.045230
1880.001350   13.676560   0.049310
1880.010995   13.702400   0.051920
1880.020489   13.691880   0.053480
1880.030167   13.693860   0.053800
1880.040004   13.696770   0.054340
1880.050020   13.671720   0.051450
1880.059700   13.697340   0.054930
1880.069635   13.628480   0.054730
1880.089000   13.738710   0.056120
1880.098524   13.710440   0.059330
1880.108072   13.718300   0.064620
1880.117530   13.717180   0.056180
1880.200091   13.715910   0.063920
1880.209735   13.684430   0.068540
1880.219431   13.656060   0.062090
1880.229324   13.697540   0.059080
1880.238989   13.672600   0.058170
1880.267686   13.687200   0.060820
1880.277275   13.706650   0.064100
1880.286928   13.709850   0.074500
1880.306613   13.693180   0.064850
1880.369120   13.653170   0.059390
1880.967707   13.691460   0.068190
1880.977730   13.757920   0.067680
1880.987626   13.692940   0.055850
1880.997175   13.652250   0.053600
1881.007352   13.648140   0.054740
1881.017262   13.690870   0.057490
1881.027023   13.665770   0.057330
1881.036583   13.687530   0.055720
1881.046307   13.675050   0.058910
1881.055914   13.675690   0.064320
1881.065565   13.718350   0.063350
1881.075352   13.646490   0.067130
1881.085120   13.699390   0.062590
1881.094964   13.660910   0.060620
1881.104801   13.691780   0.055290
1881.114937   13.654250   0.070560
1881.124474   13.674110   0.067610
1881.134326   13.643880   0.066590
1881.143810   13.723000   0.057690
1881.153419   13.627850   0.068130
1881.163015   13.685730   0.065600
1881.171357   13.695190   0.055320
1881.180981   13.656580   0.059570
1881.190627   13.706230   0.047110
1881.200550   13.664120   0.053070
1881.210473   13.690280   0.056820
1881.220305   13.712530   0.061100
1881.230199   13.683570   0.061840
1881.239668   13.706990   0.064150
1881.249328   13.661440   0.063480
1881.258917   13.730670   0.066440
1881.268352   13.671900   0.064780
1881.278189   13.694500   0.065260
1881.288137   13.673760   0.063810
1881.297680   13.677900   0.068420
1881.307337   13.652160   0.066800
1881.317394   13.637030   0.066920
1881.327336   13.677010   0.071450
1881.337373   13.737490   0.073700
1881.347129   13.685310   0.076240
1881.357110   13.715010   0.076490
1881.366722   13.660320   0.077470
1881.376276   13.700140   0.082790
1881.386104   13.680420   0.082020
1881.395996   13.652260   0.082190
1881.405772   13.654960   0.085110
1881.414838   13.688600   0.085800
1881.422098   13.667330   0.088630
1881.428287   13.639240   0.086660
1881.433496   13.687560   0.086480
1881.437835   13.579250   0.083030
1881.441542   13.686680   0.090940
1881.445078   13.681990   0.096820
1881.447777   13.722720   0.093270
1881.449541   13.638960   0.088610
1881.451276   13.676770   0.089730
1881.453055   13.659990   0.091940
1881.455245   13.667670   0.129270
1881.512259   13.690240   0.097470
1881.522032   13.697560   0.104510
1881.531584   13.669080   0.106120
1881.541053   13.637160   0.106000
1881.550943   13.598750   0.104290
1881.560601   13.598030   0.106120
1881.570473   13.670730   0.110170
1881.580253   13.684960   0.117250
1881.589860   13.610220   0.109360
1881.599577   13.626060   0.118480
1881.609472   13.691440   0.117790
1881.619114   13.575950   0.121280
1881.855252   13.595020   0.107380
1881.864967   13.653480   0.104330
1881.874874   13.709990   0.098990
1881.884546   13.777630   0.079270
1881.894462   13.582290   0.073940
1881.904494   13.648360   0.068840
1881.914271   13.696980   0.065200
1881.923884   13.709510   0.066390
1881.933466   13.703220   0.060510
1881.943231   13.715090   0.066750
1881.952875   13.721070   0.081880
1881.962633   13.649340   0.085820
1881.972149   13.695370   0.086190
1881.982098   13.691870   0.092440
1881.992169   13.636230   0.114220
1882.011594   13.771580   0.099460
1882.021627   13.679010   0.101740
1882.031644   13.686610   0.105730
1882.041324   13.665050   0.106380
1882.051198   13.716820   0.098450
1882.060871   13.720760   0.102140
1882.080330   13.748270   0.078850
1882.121972   13.620570   0.104820
1882.141044   13.562710   0.094010
1882.150540   13.603590   0.092740
1882.160119   13.639700   0.097060
1882.169652   13.632630   0.102290
1882.179008   13.667410   0.100810
1882.188466   13.683200   0.105950
1882.198063   13.628950   0.088630
1883.093660   13.726040   0.076630
1883.103290   13.731850   0.075290
1883.122237   13.767930   0.098100
1883.131900   13.696590   0.074800
1883.141295   13.688640   0.082130
1883.150882   13.642570   0.087120
1883.160374   13.611200   0.094250
1883.169871   13.645230   0.095660
1883.179271   13.711210   0.082400
1883.188727   13.686800   0.082680
1883.198404   13.648960   0.093590
1883.207904   13.646130   0.094030
1883.217549   13.722150   0.100820
1883.226897   13.740000   0.102910
1883.236210   13.577440   0.093770
1883.245790   13.659330   0.094750
1883.255334   13.654760   0.100650
1883.265175   13.747560   0.105940
1883.274780   13.687900   0.106140
1883.294470   13.625850   0.096610
1883.304382   13.658010   0.094130
1883.323566   13.710890   0.071100
1883.333437   13.636440   0.112020
1883.343359   13.637780   0.092210
1883.353625   13.637010   0.090060
1883.363493   13.706230   0.114470
1883.373027   13.636650   0.112550
1883.382657   13.650820   0.120410
1883.392439   13.643260   0.111100
1883.402040   13.628460   0.112600
1883.410061   13.788870   0.120650
1883.417486   13.622870   0.092790
1883.423677   13.644950   0.112390
1883.428949   13.604170   0.113680
1883.436812   13.792860   0.099820
1883.440171   13.728330   0.064300
1883.443180   13.623980   0.106100
1883.444849   13.572890   0.085350
1883.446707   13.791540   0.118720
1883.448508   13.643700   0.116000
1883.507181   13.632240   0.065600
1883.517022   13.779980   0.103780
1883.593915   13.690090   0.071800
1884.099534   13.703010   0.039970
1884.109140   13.702550   0.039050
1884.118686   13.696900   0.049080
1884.128292   13.688200   0.056130
1884.137551   13.678250   0.044520
1884.147279   13.660700   0.050060
1884.156774   13.655790   0.053230
1884.166197   13.714510   0.059020
1884.175960   13.640150   0.063480
1884.185414   13.650780   0.054930
1884.194977   13.696170   0.046190
1884.204574   13.678210   0.051470
1884.214174   13.729640   0.047540
1884.223839   13.710190   0.051960
1884.233272   13.654290   0.070860
1884.242628   13.679770   0.042120
1884.252195   13.686240   0.041980
1884.261682   13.637310   0.041340
1884.271201   13.687760   0.041810
1884.280876   13.663110   0.044480
1884.290846   13.697760   0.051160
1884.300573   13.667910   0.055220
1884.310420   13.679400   0.074150
1884.320206   13.664790   0.049940
1884.330156   13.669580   0.052890
1884.340081   13.642030   0.062610
1884.350052   13.676480   0.061090
1884.360119   13.728790   0.054290
1884.370060   13.658330   0.049910
1884.379738   13.649080   0.054810
1884.389528   13.662090   0.045060
1884.399065   13.654630   0.046950
1884.406881   13.636640   0.054050
1884.413865   13.648840   0.063350
1884.420368   13.748890   0.067570
1884.425635   13.641570   0.049340
1884.430150   13.677790   0.046190
1884.433678   13.662570   0.050140
1884.437202   13.658470   0.050700
1884.439908   13.708860   0.055040
1884.441669   13.656880   0.050650
1884.443407   13.724750   0.049960
1884.445186   13.662300   0.048620
1884.446926   13.656930   0.061750
1884.503638   13.676450   0.045050
1884.513187   13.696700   0.055970
1884.522993   13.670430   0.044350
1884.532900   13.683940   0.043030
1884.542819   13.667860   0.050370
1884.552706   13.706710   0.059880
1884.562458   13.670650   0.038000
1884.572213   13.695740   0.047390
1884.581820   13.662950   0.039490
1884.591479   13.684660   0.053820
1884.600983   13.679240   0.045680
1884.610820   13.666710   0.043400
1884.886961   13.840070   0.106040
1884.896459   13.623380   0.100860
1884.906042   13.657160   0.099110
1884.925737   13.639070   0.092260
1884.935417   13.705530   0.057300
1884.945448   13.679390   0.097650
1884.954875   13.640900   0.101500
1884.964329   13.758560   0.104880
1884.974229   13.721300   0.115640
1884.983545   13.714570   0.093370
1884.993441   13.657250   0.107700
1885.003341   13.637660   0.100820
1885.013229   13.664560   0.113620
1885.022911   13.685200   0.117220
1885.032426   13.764400   0.104880
1885.042137   13.640420   0.120050
1885.052336   13.728170   0.074800
1885.062033   13.575450   0.098540
1885.278794   13.708570   0.091310
1885.288620   13.699130   0.081610
1885.298475   13.670990   0.095300
1885.308250   13.641160   0.096550
1885.318087   13.714960   0.099140
1885.328301   13.671790   0.105270
1885.348113   13.580670   0.064500
1885.430989   13.560470   0.060800
1886.072366   13.700120   0.035560
1886.082057   13.704180   0.040190
1886.091456   13.685490   0.041290
1886.101064   13.666510   0.042330
1886.110701   13.654190   0.040710
1886.120214   13.679750   0.041350
1886.129544   13.666110   0.042080
1886.138882   13.695920   0.041830
1886.148233   13.669260   0.044110
1886.157943   13.671000   0.043220
1886.167550   13.663360   0.055050
1886.177101   13.692320   0.052960
1886.186997   13.705250   0.051800
1886.196609   13.686690   0.057530
1886.206153   13.620510   0.060970
1886.215757   13.656390   0.066770
1886.225422   13.756640   0.093540
1886.234829   13.622510   0.091550
1886.244630   13.692160   0.091580
1886.254426   13.699200   0.064390
1886.263771   13.681650   0.053880
1886.273578   13.718120   0.094070
1886.283270   13.688170   0.049700
1886.293134   13.698840   0.057240
1886.303115   13.706870   0.062020
1886.312914   13.680620   0.057390
1886.322818   13.658440   0.060550
1886.332859   13.669430   0.060630
1886.342543   13.683470   0.057970
1886.352534   13.693900   0.058790
1886.362281   13.716300   0.064850
1886.372003   13.696610   0.066220
1886.381496   13.685020   0.065800
1886.391198   13.655000   0.070670
1886.399994   13.738950   0.074510
1886.408171   13.589220   0.073330
1886.414363   13.603640   0.088770
1886.419581   13.687270   0.093830
1886.423873   13.735630   0.083800
1886.427459   13.664250   0.084440
1886.431086   13.695420   0.084140
1886.433748   13.686390   0.090760
1886.435540   13.686170   0.094440
1886.437293   13.656670   0.087010
1886.439058   13.734390   0.091250
1886.441232   13.671450   0.144490
