1863.169882   12.163070   0.016690
1863.179028   12.160390   0.018190
1863.188111   12.160740   0.020730
1863.197263   12.157290   0.019170
1863.206453   12.157030   0.018650
1863.215516   12.148260   0.021820
1863.224486   12.163840   0.021190
1863.233708   12.167540   0.022580
1863.243026   12.169730   0.022520
1863.252052   12.168320   0.020570
1863.260978   12.154140   0.019460
1863.270074   12.164750   0.022810
1863.279229   12.150130   0.019750
1863.288341   12.160520   0.018940
1863.297662   12.165720   0.017780
1863.306748   12.156460   0.020040
1863.315898   12.160850   0.020260
1863.325261   12.172230   0.020260
1863.334632   12.160300   0.020730
1863.344416   12.153430   0.020440
1863.353962   12.171320   0.019980
1863.363511   12.153600   0.017730
1863.372640   12.157280   0.016920
1863.381795   12.167190   0.016920
1863.391577   12.163150   0.017780
1863.400670   12.154610   0.018710
1863.410157   12.170460   0.018770
1863.419415   12.177030   0.019690
1863.428728   12.166670   0.020840
1863.438171   12.166260   0.021310
1863.447725   12.167870   0.022690
1863.457038   12.170210   0.026050
1863.464667   12.171850   0.031000
1863.471563   12.154830   0.031470
1863.477686   12.143980   0.029570
1863.482900   12.159930   0.030320
1863.487037   12.147030   0.032450
1863.490505   12.146640   0.032450
1863.494064   12.164510   0.029980
1863.496621   12.138260   0.032860
1863.498272   12.164500   0.031930
1863.500087   12.146210   0.033260
1863.501889   12.155730   0.033900
1863.503937   12.146490   0.046640
1864.122118   12.173140   0.013860
1864.131216   12.176160   0.017970
1864.140349   12.171020   0.016050
1864.149328   12.177470   0.016110
1864.158727   12.163170   0.015300
1864.168077   12.174490   0.019230
1864.177441   12.169840   0.018020
1864.186471   12.163890   0.014720
1864.195786   12.170010   0.018300
1864.204761   12.173540   0.016690
1864.213956   12.176060   0.015940
1864.223275   12.173730   0.015360
1864.232312   12.160710   0.018070
1864.241734   12.162670   0.018070
1864.250994   12.171540   0.015940
1864.260292   12.165640   0.018650
1864.269452   12.165230   0.016340
1864.278712   12.167890   0.019000
1864.288040   12.172510   0.018940
1864.297228   12.160890   0.018250
1864.306786   12.162250   0.018770
1864.315982   12.170690   0.019170
1864.325240   12.159230   0.018590
1864.334830   12.155960   0.018130
1864.344223   12.143140   0.024600
1864.353629   12.166600   0.023560
1864.362884   12.167490   0.026170
1864.372284   12.162440   0.029620
1864.381718   12.167210   0.026500
1864.391386   12.169490   0.022750
1864.401175   12.175850   0.028170
1864.410777   12.164530   0.025240
1864.420158   12.168870   0.025990
1864.429378   12.156010   0.027660
1864.438639   12.194240   0.031360
1864.448098   12.147460   0.035930
1864.457409   12.194270   0.040080
1864.465120   12.177390   0.037240
1864.472313   12.170070   0.041590
1864.477494   12.155890   0.048800
1864.482643   12.164200   0.064620
1864.486002   12.115560   0.083500
1864.489646   12.134630   0.074080
1864.492216   12.162230   0.059060
1864.494776   12.148830   0.056020
1864.496480   12.182940   0.060220
1864.498365   12.159120   0.056960
1864.500091   12.128680   0.062120
1864.501760   12.140720   0.059700
1865.081649   12.179920   0.020270
1865.090914   12.177970   0.020960
1865.103000   12.164900   0.019810
1865.112265   12.182240   0.019460
1865.121493   12.151730   0.023750
1865.180915   12.150010   0.013740
1865.189934   12.154000   0.011370
1865.199137   12.162990   0.014150
1865.208040   12.154600   0.011430
1865.217207   12.142430   0.016570
1865.226382   12.148760   0.015880
1865.235932   12.161360   0.017210
1865.245886   12.178020   0.017670
1865.255783   12.160370   0.017090
1865.265750   12.174900   0.021880
1865.275774   12.155970   0.019810
1865.285892   12.159320   0.017090
1865.295973   12.153280   0.018880
1865.306185   12.154980   0.018470
1865.316145   12.161840   0.018420
1865.326150   12.165170   0.019980
1865.336276   12.157460   0.022810
1865.346577   12.158140   0.020730
1865.356675   12.168770   0.020440
1865.366659   12.146450   0.022240
1865.376904   12.165190   0.022230
1865.387088   12.161920   0.022350
1865.397153   12.162180   0.023280
1865.407149   12.179940   0.022460
1865.417333   12.147410   0.021500
1865.427630   12.163770   0.022640
1865.437669   12.161800   0.022710
1865.448171   12.145830   0.027960
1865.457324   12.176650   0.029050
1865.465615   12.170160   0.031820
1865.471988   12.197770   0.039030
1865.477591   12.186180   0.048840
1865.482335   12.202590   0.040030
1865.486159   12.198270   0.047460
1865.489785   12.163580   0.038470
1865.492667   12.159940   0.035570
1865.494427   12.172950   0.035350
1865.496283   12.161200   0.034090
1865.498551   12.177460   0.056480
1866.165339   12.165650   0.012760
1866.174723   12.162530   0.012760
1866.184057   12.156670   0.012930
1866.193410   12.162480   0.013170
1866.202706   12.154410   0.013630
1866.212035   12.177540   0.013970
1866.221409   12.157110   0.014030
1866.230791   12.170560   0.013910
1866.240551   12.163360   0.013740
1866.250004   12.157010   0.013740
1866.259354   12.157780   0.014140
1867.193045   12.155670   0.009640
1867.202355   12.156330   0.009930
1867.211516   12.165200   0.010050
1867.220585   12.158430   0.010620
1867.230131   12.155690   0.010680
1867.239707   12.162130   0.010620
1867.249230   12.162360   0.010510
1867.258785   12.173260   0.010800
1867.268385   12.154710   0.010910
1867.277702   12.158490   0.011080
1867.287153   12.164640   0.011140
1867.296854   12.153120   0.011370
1867.306121   12.171060   0.011550
1867.315500   12.164930   0.011660
1867.325094   12.155030   0.011840
1867.334502   12.157830   0.012180
1867.344482   12.163530   0.012700
1867.354030   12.161780   0.012530
1867.363492   12.166800   0.014030
1867.372735   12.152670   0.013110
1867.382212   12.167020   0.013570
1867.391671   12.168250   0.014320
1867.401392   12.165690   0.013970
1867.410805   12.161120   0.013740
1867.420288   12.153410   0.016280
1867.429722   12.169920   0.017730
1867.439192   12.167220   0.016630
1867.448574   12.171890   0.018010
1867.456168   12.164770   0.016110
1867.463320   12.160640   0.016690
1867.469421   12.165380   0.016800
1867.473939   12.157980   0.013860
1867.478291   12.170660   0.013160
1867.481655   12.168950   0.013220
1867.484335   12.158760   0.014140
1867.486951   12.160280   0.013800
1867.488639   12.166190   0.014140
1867.490315   12.159880   0.014720
1867.492002   12.159470   0.014260
1867.493724   12.156370   0.013920
1868.197661   12.166030   0.016690
1868.207123   12.157910   0.016920
1868.216495   12.157250   0.021640
1868.225986   12.147940   0.019690
1868.235811   12.183610   0.022550
1868.245580   12.167060   0.021250
1868.255259   12.154680   0.021940
1868.264815   12.157800   0.023380
1868.274279   12.153460   0.025350
1868.283929   12.169420   0.022810
1868.293537   12.158000   0.032890
1868.303104   12.172160   0.036230
1868.312574   12.178610   0.035170
1868.322548   12.165480   0.027100
1868.332083   12.155090   0.025180
1868.341800   12.170170   0.026730
1868.351466   12.176960   0.031890
1868.360837   12.136750   0.032220
1868.370659   12.154330   0.029620
1868.380417   12.147280   0.031130
1868.390367   12.150110   0.029160
1868.399668   12.174350   0.029860
1868.409622   12.154700   0.031420
1868.419023   12.157030   0.029850
1868.428372   12.170080   0.029970
1868.437691   12.148880   0.031230
1868.446987   12.160400   0.031470
1868.454949   12.150750   0.032980
1868.461066   12.162910   0.032050
1868.467151   12.169480   0.033900
1868.471440   12.158260   0.034530
1868.475710   12.162790   0.039440
1868.479187   12.167650   0.040480
1868.481793   12.174020   0.038230
1868.484421   12.162530   0.037890
1868.486154   12.170500   0.036660
1868.487874   12.169730   0.038370
1868.489584   12.130120   0.036440
1868.491280   12.197430   0.038870
1868.552972   12.126780   0.064020
1868.562396   12.163020   0.054940
1868.581607   12.174750   0.096930
1868.591155   12.166710   0.094810
1868.600621   12.199630   0.120150
1869.239644   12.151290   0.048040
1869.249027   12.175330   0.045910
1869.258676   12.157020   0.051100
1869.268460   12.174710   0.065020
1869.278238   12.212400   0.070180
1869.287800   12.186420   0.075870
1869.297392   12.193280   0.073850
1869.307040   12.189990   0.076950
1869.316723   12.145590   0.100950
1869.326588   12.198930   0.103600
1869.336288   12.089150   0.107110
1869.345989   12.151780   0.116900
1870.219778   12.142180   0.011610
1870.229270   12.148000   0.011950
1870.238762   12.150320   0.012930
1870.248135   12.158320   0.012530
1870.257691   12.147370   0.013800
1870.267266   12.164890   0.013400
1870.276950   12.158140   0.013340
1870.286498   12.149710   0.013740
1870.295849   12.164230   0.012990
1870.305565   12.165820   0.013630
1870.315197   12.164750   0.015130
1870.325274   12.166430   0.015590
1870.335174   12.159770   0.014670
1870.344892   12.156980   0.015360
1870.354573   12.169970   0.017730
1870.364104   12.166660   0.022750
1870.373603   12.149770   0.021540
1870.383600   12.158000   0.025000
1870.393243   12.151920   0.030730
1870.402820   12.175290   0.041150
1870.412418   12.192810   0.037820
1870.421719   12.152240   0.036970
1870.431056   12.131770   0.039730
1870.440608   12.165170   0.033050
1870.448993   12.171470   0.028990
1870.456179   12.183070   0.029110
1870.461756   12.168240   0.038480
1870.466593   12.169810   0.041410
1870.470290   12.162290   0.034420
1870.474034   12.173140   0.038700
1870.476825   12.183590   0.045430
1870.478569   12.149320   0.040780
1870.480341   12.142610   0.040240
1870.482097   12.150760   0.041710
1870.483838   12.146750   0.044760
1870.485602   12.165830   0.040690
1871.136689   12.171510   0.013510
1871.146179   12.171960   0.012870
1871.155384   12.173340   0.013050
1871.164955   12.163350   0.014200
1871.174269   12.167820   0.014030
1871.183469   12.149750   0.014670
1871.192872   12.164570   0.013740
1871.202392   12.159380   0.014550
1871.211865   12.161340   0.017150
1871.221273   12.156260   0.016800
1871.230922   12.167390   0.015010
1871.240394   12.159240   0.014550
1871.250018   12.177930   0.015470
1871.259511   12.174070   0.014950
1871.269122   12.157250   0.014900
1871.278903   12.169230   0.015130
1871.288648   12.164380   0.016050
1871.298226   12.157150   0.015530
1871.307789   12.160740   0.016400
1871.317562   12.166830   0.016800
1871.327342   12.175380   0.017550
1871.337079   12.157670   0.018710
1871.346725   12.172900   0.019630
1871.356495   12.173040   0.018880
1871.366277   12.166630   0.020670
1871.375944   12.163980   0.020960
1871.385808   12.172060   0.022920
1871.395399   12.174390   0.024480
1871.404882   12.161560   0.027260
1871.414342   12.154940   0.026210
1871.423744   12.160590   0.026040
1871.433495   12.151210   0.025820
1871.442405   12.158430   0.024130
1871.449670   12.144510   0.024480
1871.455742   12.149660   0.025170
1871.461191   12.133660   0.027080
1871.465968   12.162720   0.026100
1871.469461   12.175780   0.026270
1871.472994   12.155900   0.025870
1871.476070   12.169070   0.025000
1871.477819   12.156840   0.025230
1871.479709   12.144900   0.024770
1871.481438   12.175840   0.024940
1871.550420   12.162650   0.027080
1871.559908   12.161670   0.028180
1871.569340   12.165790   0.029500
1871.578835   12.180000   0.031590
1871.588334   12.162640   0.034120
1871.597765   12.150100   0.042640
1871.607264   12.175500   0.047300
1871.616819   12.163690   0.059340
1871.626324   12.209180   0.064000
1872.324463   12.169760   0.014960
1872.334315   12.167330   0.015420
1872.344041   12.163810   0.015240
1872.353623   12.151320   0.015410
1872.363427   12.168680   0.015070
1872.373279   12.158180   0.014950
1872.383099   12.171150   0.015360
1872.392766   12.161530   0.015070
1872.402203   12.161940   0.015530
1872.412032   12.153830   0.016220
1872.421585   12.164250   0.016400
1872.431130   12.153980   0.017260
1872.439874   12.166750   0.017440
1872.447517   12.157960   0.017440
1872.454162   12.168050   0.017960
1872.459603   12.173810   0.019110
1872.463903   12.173220   0.019520
1872.467716   12.172380   0.019110
1872.470496   12.168350   0.019230
1872.473152   12.186150   0.019630
1872.474857   12.175320   0.019690
1872.476617   12.161720   0.019520
1872.478370   12.173360   0.019920
1872.480228   12.170230   0.019980
1872.541663   12.183820   0.024600
1872.550845   12.160280   0.024540
1872.560270   12.166220   0.025810
1872.569828   12.168200   0.027370
1872.579400   12.170290   0.028690
1872.588943   12.166830   0.031580
1872.598488   12.195690   0.036660
1872.608116   12.173700   0.040530
1872.617527   12.206690   0.048860
1872.627101   12.155980   0.058950
1872.636625   12.171170   0.069930
1872.646041   12.103990   0.097060
1873.229437   12.159270   0.016630
1873.238826   12.166290   0.017550
1873.248403   12.156350   0.017210
1873.258009   12.166920   0.017440
1873.267456   12.155960   0.017780
1873.276959   12.160390   0.017840
1873.286788   12.166670   0.018190
1873.296275   12.147540   0.018950
1873.305896   12.147680   0.020730
1873.315548   12.155900   0.020610
1873.325684   12.138580   0.021710
1873.335346   12.154280   0.023060
1873.344943   12.143720   0.023040
1873.354842   12.166140   0.021250
1873.364691   12.157370   0.024420
1873.374458   12.151260   0.023100
1873.383960   12.171950   0.020790
1873.393856   12.158710   0.021540
1873.403606   12.161120   0.022240
1873.413210   12.163530   0.025810
1873.422938   12.170880   0.025520
1873.432622   12.149890   0.023270
1873.441010   12.173000   0.021590
1873.447044   12.150050   0.020840
1873.453044   12.160930   0.021070
1873.457630   12.164740   0.021940
1873.462090   12.160820   0.022110
1873.465548   12.163300   0.022520
1873.468261   12.159020   0.022230
1873.470892   12.165650   0.023510
1873.472722   12.173790   0.022520
1873.474437   12.163670   0.022230
1873.476606   12.158390   0.031820
1873.539458   12.166370   0.087590
1873.548852   12.207160   0.065750
1873.558313   12.180660   0.054830
1873.567696   12.152180   0.052150
1873.577180   12.168950   0.056670
1873.586745   12.127440   0.045820
1873.596227   12.144190   0.065780
1873.605773   12.120530   0.065780
1873.615321   12.145090   0.059680
1873.624816   12.176650   0.063550
1874.032527   12.165610   0.011840
1874.041923   12.169300   0.012470
1874.051714   12.163820   0.012240
1874.061193   12.159550   0.012070
1874.070741   12.158810   0.012640
1874.080230   12.170340   0.012870
1874.089638   12.171210   0.012590
1874.098984   12.160380   0.012990
1874.108441   12.153740   0.012700
1874.117749   12.170100   0.013280
1874.127103   12.156840   0.013280
1874.136654   12.169980   0.013570
1874.145982   12.154420   0.013910
1874.155173   12.158190   0.014950
1874.164605   12.162360   0.015880
1874.174153   12.141560   0.018710
1874.183645   12.144500   0.023690
1874.193053   12.168920   0.031470
1874.202515   12.154360   0.032630
1874.212179   12.173550   0.036660
1874.222051   12.167310   0.030150
1874.593715   12.115020   0.058210
1874.603390   12.174750   0.053090
1874.613039   12.149090   0.063780
1876.992585   12.168030   0.012410
1877.002277   12.153720   0.012470
1877.012009   12.170800   0.013170
1877.021623   12.157600   0.012700
1877.031340   12.159390   0.013860
1877.041094   12.164350   0.013450
1877.050632   12.161160   0.012180
1877.060512   12.166230   0.012760
1877.070280   12.164220   0.013220
1877.080037   12.155290   0.013170
1877.089835   12.162710   0.013110
1877.099542   12.177150   0.013740
1877.109324   12.168380   0.016060
1877.119234   12.153320   0.015780
1877.128562   12.173030   0.014550
1877.137988   12.164600   0.014430
1877.147449   12.158370   0.017440
1877.157081   12.155260   0.016220
1877.166514   12.146190   0.015360
1877.175811   12.166170   0.014670
1877.185180   12.160220   0.015880
1877.194638   12.152590   0.015030
1877.204359   12.146350   0.014550
1877.213829   12.171470   0.014320
1877.223290   12.168950   0.014900
1877.232928   12.167480   0.014610
1877.242583   12.162270   0.016060
1877.252102   12.166690   0.016460
1877.261424   12.164480   0.016230
1877.271317   12.161700   0.014790
1877.280810   12.166870   0.014030
1877.290913   12.167200   0.015710
1877.300784   12.160290   0.017960
1877.310552   12.168680   0.015070
1877.320329   12.169700   0.017210
1877.330019   12.169080   0.015240
1877.339609   12.155090   0.014210
1877.349339   12.160400   0.016290
1877.359563   12.153100   0.014380
1877.369289   12.165290   0.015650
1877.379166   12.153790   0.015420
1877.389199   12.163550   0.017210
1877.398748   12.158730   0.019190
1877.408188   12.141730   0.018600
1877.417610   12.149970   0.017150
1877.426444   12.169030   0.015940
1877.433416   12.164000   0.016860
1877.439426   12.155430   0.018780
1877.444578   12.154970   0.018250
1877.449101   12.168520   0.016740
1877.452622   12.175580   0.019120
1877.456119   12.165820   0.017210
1877.458826   12.152270   0.016740
1877.460660   12.152580   0.017260
1877.462441   12.159340   0.017320
1877.464144   12.162550   0.017320
1877.465872   12.158040   0.018010
1877.528546   12.158840   0.020900
1877.538164   12.165520   0.021770
1877.547759   12.154330   0.022920
1877.557433   12.166520   0.023670
1877.566991   12.157800   0.024200
1877.956588   12.158070   0.019170
1877.966360   12.169530   0.016980
1877.975795   12.150810   0.013800
1877.985575   12.156990   0.012640
1877.995071   12.169440   0.012130
1878.004964   12.150680   0.011950
1878.014335   12.149210   0.012640
1878.023915   12.167000   0.010470
1878.033403   12.161500   0.011950
1878.042881   12.155250   0.011720
1878.052477   12.158880   0.013280
1878.062202   12.168200   0.012930
1878.072038   12.162650   0.013160
1878.081838   12.166350   0.013630
1878.091595   12.159670   0.012820
1878.101204   12.164260   0.013160
1878.111056   12.158650   0.013510
1878.120475   12.163110   0.013800
1878.129972   12.166440   0.014900
1878.139452   12.153900   0.016690
1878.148981   12.150770   0.026900
1878.158293   12.162470   0.024370
1878.167692   12.155120   0.015130
1878.177309   12.176910   0.014840
1878.186872   12.171260   0.018420
1878.196273   12.156530   0.018130
1878.206054   12.155500   0.020440
1878.215833   12.162350   0.021590
1878.225557   12.149440   0.022110
1878.235117   12.157150   0.018470
1878.244657   12.165750   0.018940
1878.254352   12.153490   0.020210
1878.263984   12.158650   0.021880
1878.273770   12.144710   0.022230
1878.283405   12.158830   0.023620
1878.293079   12.164340   0.023270
1878.302887   12.163740   0.028350
1878.312828   12.154540   0.030030
1878.322431   12.160060   0.028700
1878.332111   12.183770   0.030430
1878.342126   12.162600   0.021150
1878.351898   12.149420   0.023960
1878.361666   12.171330   0.023270
1878.371492   12.163280   0.024190
1878.381052   12.174290   0.026970
1878.390611   12.153710   0.020010
1878.400035   12.166420   0.024420
1878.409523   12.154480   0.023500
1878.419250   12.181420   0.026280
1878.427139   12.158250   0.026450
1878.434256   12.179770   0.022910
1878.439734   12.184890   0.027370
1878.444205   12.158350   0.021510
1878.448555   12.172480   0.021940
1878.452064   12.166820   0.026960
1878.454721   12.161660   0.025760
1878.457364   12.175480   0.026100
1878.459093   12.197660   0.025460
1878.460943   12.189940   0.026040
1878.463071   12.160950   0.036390
1878.523903   12.159050   0.027850
1878.533380   12.173310   0.027020
1878.542754   12.161950   0.026790
1878.552323   12.174090   0.028590
1878.561961   12.165380   0.032450
1878.571685   12.154480   0.046510
1878.581234   12.155330   0.043200
1878.590773   12.131600   0.046420
1878.600390   12.175070   0.057420
1878.885725   12.193260   0.037110
1878.896259   12.165740   0.029910
1878.907039   12.189970   0.026620
1878.917827   12.186490   0.026040
1878.928636   12.149530   0.026040
1878.939490   12.163650   0.022460
1878.950209   12.144260   0.018420
1878.960985   12.153250   0.017960
1878.971663   12.149780   0.016800
1878.982256   12.160170   0.017320
1878.992862   12.162030   0.016740
1879.003349   12.168800   0.018130
1879.014056   12.168810   0.018190
1879.024781   12.159090   0.018190
1879.035403   12.165340   0.020320
1879.046338   12.158550   0.020380
1879.056998   12.161330   0.021070
1879.067120   12.166500   0.021360
1879.077625   12.156640   0.021190
1879.087804   12.171770   0.021880
1879.097718   12.145710   0.023790
1879.108265   12.151690   0.025410
1879.118677   12.150990   0.026680
1879.128946   12.132870   0.022010
1879.138951   12.140630   0.024940
1879.148948   12.157710   0.029500
1879.158753   12.160430   0.030090
1879.168681   12.152010   0.030550
1879.178653   12.155200   0.031130
1879.188532   12.158230   0.031180
1879.198658   12.162530   0.032290
1879.208980   12.173320   0.032390
1879.219105   12.150770   0.031930
1879.229198   12.152220   0.032400
1879.239692   12.154500   0.032790
1879.249885   12.159840   0.032170
1879.259988   12.156440   0.030310
1879.270136   12.150620   0.029740
1879.279998   12.160040   0.024110
1879.290256   12.180130   0.030960
1879.300321   12.158200   0.029680
1879.310604   12.192010   0.031010
1879.321132   12.167110   0.030260
1879.331398   12.161660   0.030250
1879.341711   12.145200   0.030370
1879.352168   12.135400   0.031720
1879.362239   12.167070   0.030950
1879.372581   12.155240   0.031120
1879.383093   12.167560   0.018200
1879.393142   12.148930   0.032570
1879.403333   12.137780   0.033950
1879.413718   12.141470   0.034250
1879.422210   12.167240   0.035620
1879.430290   12.190800   0.036780
1879.436891   12.154000   0.036260
1879.441492   12.146850   0.037490
1879.445571   12.151460   0.037190
1879.449457   12.184050   0.038690
1879.452342   12.162240   0.033250
1879.454194   12.141630   0.038940
1879.456055   12.173380   0.031330
1879.457932   12.193900   0.040380
1879.460282   12.174160   0.055380
1879.524043   12.165140   0.048520
1879.534146   12.143100   0.053140
1879.544253   12.194600   0.053930
1879.554321   12.180860   0.032200
1879.564508   12.194200   0.058310
1879.574677   12.135720   0.059980
1879.584814   12.222100   0.058890
1879.594935   12.172910   0.063360
1879.605121   12.186560   0.068380
1879.615186   12.172010   0.070210
1879.625350   12.187510   0.079600
1879.885631   12.119280   0.043310
1879.895153   12.162220   0.035420
1879.904711   12.120560   0.027950
1879.914664   12.138710   0.021480
1879.924232   12.146450   0.017550
1879.933937   12.162450   0.015360
1879.943742   12.167200   0.013570
1879.953255   12.158310   0.012700
1879.962965   12.158880   0.011950
1879.972299   12.162300   0.011780
1879.982133   12.161870   0.012240
1879.991480   12.171720   0.012870
1880.001350   12.158340   0.013050
1880.010995   12.169300   0.014550
1880.020489   12.166850   0.014210
1880.030167   12.171190   0.014720
1880.040004   12.170100   0.013920
1880.050020   12.156240   0.014140
1880.059700   12.169460   0.014840
1880.069635   12.166730   0.015070
1880.079469   12.173020   0.015880
1880.089000   12.173940   0.015300
1880.098524   12.165250   0.015650
1880.108072   12.164250   0.017030
1880.117530   12.162100   0.015070
1880.127140   12.168060   0.015820
1880.200091   12.181560   0.017210
1880.209735   12.156090   0.018650
1880.219431   12.166780   0.017910
1880.229324   12.167360   0.016230
1880.238989   12.154800   0.016110
1880.248836   12.162770   0.015990
1880.258298   12.158050   0.016510
1880.267686   12.147090   0.017090
1880.277275   12.143650   0.017320
1880.286928   12.148000   0.019750
1880.306613   12.145160   0.017670
1880.369120   12.146610   0.016340
1880.684731   12.135380   0.051510
1880.693935   12.145830   0.051990
1880.703424   12.215550   0.058000
1880.712965   12.085750   0.069510
1880.722745   12.195520   0.080980
1880.732752   12.163590   0.093430
1880.743114   12.167970   0.115750
1880.753633   12.150290   0.073500
1880.828480   12.201000   0.108310
1880.839020   12.162370   0.109360
1880.967707   12.182250   0.017610
1880.977730   12.172400   0.018190
1880.987626   12.148810   0.014840
1880.997175   12.171570   0.014380
1881.007352   12.171910   0.014950
1881.017262   12.148190   0.015420
1881.027023   12.159340   0.015940
1881.036583   12.164200   0.015480
1881.046307   12.158510   0.016230
1881.055914   12.186310   0.018360
1881.065565   12.163840   0.017730
1881.075352   12.143470   0.019230
1881.085120   12.152610   0.017130
1881.094964   12.161320   0.017040
1881.104801   12.171830   0.015070
1881.114860   12.126970   0.017180
1881.124474   12.164420   0.018540
1881.134326   12.163100   0.019340
1881.143810   12.154820   0.014900
1881.153419   12.151310   0.019810
1881.163015   12.160120   0.017260
1881.171357   12.156920   0.015240
1881.180981   12.175810   0.016340
1881.190627   12.161870   0.013920
1881.200550   12.158850   0.014840
1881.210473   12.170080   0.015940
1881.220305   12.166700   0.016740
1881.230199   12.170970   0.016510
1881.239668   12.164260   0.017260
1881.249328   12.162040   0.017030
1881.258917   12.165170   0.016800
1881.268352   12.164290   0.017550
1881.278189   12.177530   0.017550
1881.288137   12.163620   0.017670
1881.297680   12.164580   0.017900
1881.307337   12.174930   0.018360
1881.317394   12.172670   0.019110
1881.327336   12.174950   0.019690
1881.337373   12.161090   0.019520
1881.347129   12.165680   0.020040
1881.357110   12.183230   0.020270
1881.366722   12.157250   0.020550
1881.376276   12.157010   0.020960
1881.386104   12.176520   0.022230
1881.395996   12.158140   0.021880
1881.405772   12.162350   0.022340
1881.414838   12.171510   0.022580
1881.422098   12.171080   0.023210
1881.428287   12.159370   0.022860
1881.433496   12.162260   0.023440
1881.437835   12.161750   0.023440
1881.441542   12.138270   0.024420
1881.445078   12.173050   0.024650
1881.447777   12.161760   0.024830
1881.449541   12.165370   0.024540
1881.451276   12.170690   0.024480
1881.453055   12.165200   0.024710
1881.455245   12.152730   0.034830
1881.512259   12.165660   0.025410
1881.522032   12.146680   0.027310
1881.531584   12.164070   0.027770
1881.541053   12.164500   0.027600
1881.550943   12.172300   0.028170
1881.560601   12.144080   0.029350
1881.570473   12.153730   0.028470
1881.580253   12.149010   0.031950
1881.589860   12.177070   0.030720
1881.599577   12.143790   0.035340
1881.609472   12.168990   0.032390
1881.619114   12.161870   0.035510
1881.628942   12.157110   0.040990
1881.638590   12.134500   0.042300
1881.648351   12.169500   0.046600
1881.778022   12.114520   0.094750
1881.787777   12.139200   0.091350
1881.797497   12.223980   0.088800
1881.807277   12.089850   0.075090
1881.816745   12.172710   0.065970
1881.826319   12.202520   0.052140
1881.835921   12.162010   0.046060
1881.845731   12.169100   0.036610
1881.855252   12.139550   0.034590
1881.864967   12.151670   0.030830
1881.874874   12.162010   0.025290
1881.884546   12.162530   0.022230
1881.894462   12.176830   0.019750
1881.904494   12.159780   0.017440
1881.914271   12.161180   0.017210
1881.923884   12.153380   0.017030
1881.933466   12.165630   0.016460
1881.943231   12.162680   0.016630
1881.952875   12.162950   0.021080
1881.962633   12.154530   0.022810
1881.972149   12.171540   0.024080
1881.982098   12.165060   0.025460
1881.992169   12.170490   0.032280
1882.001889   12.183970   0.036680
1882.011594   12.205370   0.037140
1882.021627   12.161260   0.027480
1882.031644   12.156290   0.031810
1882.041324   12.168940   0.028820
1882.051198   12.182770   0.027710
1882.060871   12.165300   0.028710
1882.070527   12.148130   0.052930
1882.080330   12.166460   0.021550
1882.090096   12.158990   0.046400
1882.099569   12.133670   0.072170
1882.109365   12.172110   0.037590
1882.121972   12.147750   0.031950
1882.131558   12.158010   0.024320
1882.141120   12.155230   0.040240
1882.150540   12.160710   0.026740
1882.160119   12.167420   0.027440
1882.169652   12.177050   0.028410
1882.179008   12.152450   0.028960
1882.188466   12.149060   0.030770
1882.198063   12.172770   0.036640
1882.208031   12.171250   0.063330
1882.217722   12.167650   0.052050
1882.227231   12.149040   0.046020
1882.236839   12.145880   0.048000
1882.246327   12.106970   0.063090
1882.256107   12.140730   0.061780
1882.266006   12.162840   0.062270
1882.275585   12.178040   0.053690
1882.285301   12.179200   0.052390
1882.295361   12.153370   0.046720
1882.305067   12.128240   0.063000
1882.315073   12.241190   0.081330
1882.325032   12.155560   0.050120
1882.334886   12.177870   0.042240
1882.344919   12.140320   0.049610
1882.354771   12.183640   0.060850
1882.364587   12.165890   0.046370
1882.374737   12.137310   0.046330
1882.394964   12.191040   0.099200
1883.093660   12.163920   0.020510
1883.103366   12.190430   0.036090
1883.112818   12.173020   0.022970
1883.122237   12.173140   0.026330
1883.131900   12.153240   0.021430
1883.141295   12.157660   0.024460
1883.150882   12.160500   0.024710
1883.160374   12.172470   0.027140
1883.169871   12.153470   0.029780
1883.179271   12.175200   0.022170
1883.188727   12.178620   0.022460
1883.198404   12.169520   0.026580
1883.207904   12.176120   0.025980
1883.217549   12.193090   0.028010
1883.226897   12.169800   0.027260
1883.236210   12.150780   0.029340
1883.245790   12.160470   0.028140
1883.255334   12.164810   0.029400
1883.265175   12.161860   0.030050
1883.274780   12.162290   0.029230
1883.284849   12.143530   0.040730
1883.294394   12.140550   0.040740
1883.304305   12.137200   0.039330
1883.314080   12.090510   0.047690
1883.323720   12.158040   0.044140
1883.333437   12.184050   0.033990
1883.343435   12.174010   0.037470
1883.353548   12.158740   0.041200
1883.363493   12.183000   0.032110
1883.373027   12.147650   0.033550
1883.382657   12.159690   0.037770
1883.392439   12.131720   0.034190
1883.402040   12.167890   0.034270
1883.410061   12.167020   0.037190
1883.417485   12.128790   0.039220
1883.423677   12.163640   0.036420
1883.428949   12.128510   0.037140
1883.433300   12.146720   0.043420
1883.436812   12.144490   0.035300
1883.440325   12.147350   0.041290
1883.443180   12.146900   0.037010
1883.444926   12.163420   0.041380
1883.446707   12.157740   0.033820
1883.448508   12.154740   0.036000
1883.507335   12.180270   0.037300
1883.517022   12.161340   0.037520
1883.526655   12.152000   0.043630
1883.536232   12.134600   0.044820
1883.545818   12.190690   0.048220
1883.555341   12.196780   0.047310
1883.565051   12.208310   0.048110
1883.574608   12.127740   0.045220
1883.584302   12.137730   0.046790
1883.593915   12.190560   0.041490
1884.099534   12.158440   0.010910
1884.109140   12.161620   0.010860
1884.118686   12.170550   0.013220
1884.128292   12.147870   0.016700
1884.137551   12.167810   0.012250
1884.147279   12.158270   0.013680
1884.156774   12.164540   0.014320
1884.166197   12.158960   0.016980
1884.175960   12.159590   0.016810
1884.185414   12.165650   0.015300
1884.194977   12.164920   0.012530
1884.204574   12.158240   0.013510
1884.214174   12.167560   0.012470
1884.223839   12.149010   0.014040
1884.233272   12.159740   0.018980
1884.242628   12.165880   0.011550
1884.252195   12.171770   0.011320
1884.261682   12.162010   0.011550
1884.271201   12.163290   0.011430
1884.280876   12.164280   0.012420
1884.290846   12.160670   0.013280
1884.300573   12.163030   0.014440
1884.310420   12.162120   0.022020
1884.320206   12.158550   0.013740
1884.330156   12.172250   0.014030
1884.340081   12.156290   0.016630
1884.350052   12.166510   0.016220
1884.360119   12.165360   0.013800
1884.370060   12.160890   0.014030
1884.379738   12.168500   0.015130
1884.389528   12.171890   0.012240
1884.399065   12.164050   0.012640
1884.406881   12.170350   0.014320
1884.413865   12.163720   0.016860
1884.420368   12.153020   0.018800
1884.425635   12.172570   0.013220
1884.430150   12.168710   0.012070
1884.433678   12.165380   0.013450
1884.437202   12.165470   0.013340
1884.439908   12.166730   0.014090
1884.441669   12.166900   0.013690
1884.443407   12.162260   0.013340
1884.445186   12.170330   0.012930
1884.446926   12.160770   0.017400
1884.503638   12.174210   0.012120
1884.513187   12.158050   0.014270
1884.522993   12.166500   0.012240
1884.532900   12.162030   0.011260
1884.542819   12.141730   0.013520
1884.552706   12.150300   0.016460
1884.562458   12.169450   0.010510
1884.572213   12.161630   0.012680
1884.581820   12.151410   0.010800
1884.591479   12.152190   0.013630
1884.600983   12.168910   0.012300
1884.610820   12.169760   0.011720
1884.886961   12.151000   0.028070
1884.896459   12.132910   0.031640
1884.906042   12.149280   0.027490
1884.915643   12.169800   0.034700
1884.925737   12.170580   0.025350
1884.935570   12.154100   0.034720
1884.945448   12.173420   0.029780
1884.954875   12.169230   0.031050
1884.964329   12.143260   0.029860
1884.974229   12.167900   0.035220
1884.983546   12.151830   0.034300
1884.993441   12.173960   0.030890
1885.003341   12.183430   0.029850
1885.013229   12.144130   0.033490
1885.022911   12.180350   0.033550
1885.032502   12.168270   0.038370
1885.042137   12.169450   0.037600
1885.052183   12.156910   0.038020
1885.061957   12.175620   0.044140
1885.071678   12.194560   0.045580
1885.081285   12.163320   0.052630
1885.090973   12.171700   0.047490
1885.100847   12.163300   0.047810
1885.278794   12.164850   0.026810
1885.288696   12.174280   0.034810
1885.298475   12.154950   0.028840
1885.308250   12.164490   0.028000
1885.318087   12.155140   0.028640
1885.328301   12.170480   0.035640
1885.338173   12.125280   0.050780
1885.347960   12.170310   0.042690
1885.357853   12.145500   0.047050
1885.367578   12.179900   0.046830
1885.377344   12.184700   0.057520
1885.386938   12.134840   0.057890
1885.396599   12.162910   0.047530
1885.404395   12.160600   0.040780
1885.411445   12.153340   0.049320
1885.417511   12.149090   0.052540
1885.422892   12.170010   0.058250
1885.427461   12.130770   0.049720
1885.430989   12.170470   0.041860
1885.434637   12.156940   0.045960
1885.437356   12.206120   0.050530
1885.439093   12.198250   0.045840
1885.440855   12.161310   0.047430
1885.442624   12.184850   0.044170
1885.444416   12.185670   0.046460
1885.502228   12.164380   0.050170
1885.511985   12.155210   0.067850
1885.521821   12.191120   0.050720
1885.531512   12.124760   0.049030
1885.541243   12.126570   0.053810
1885.551133   12.146630   0.044070
1885.560860   12.156480   0.041240
1885.570601   12.154090   0.042460
1885.580236   12.156280   0.053410
1885.590133   12.145700   0.037310
1886.072366   12.162400   0.010390
1886.082057   12.171840   0.011260
1886.091456   12.165170   0.011720
1886.101064   12.153230   0.011950
1886.110701   12.151180   0.011660
1886.120214   12.165340   0.011890
1886.129544   12.161610   0.012470
1886.138882   12.150130   0.012700
1886.148233   12.157860   0.012640
1886.157943   12.167930   0.013220
1886.167550   12.157510   0.014610
1886.177101   12.155340   0.014660
1886.186997   12.149130   0.015360
1886.196609   12.158480   0.016220
1886.206153   12.148670   0.017730
1886.215757   12.152880   0.018710
1886.225422   12.176050   0.025180
1886.234829   12.180980   0.025240
1886.244630   12.151930   0.024080
1886.254426   12.168150   0.018140
1886.263771   12.173680   0.015190
1886.273578   12.152020   0.024380
1886.283270   12.157720   0.014670
1886.293134   12.159240   0.015360
1886.303115   12.158070   0.017730
1886.312914   12.153230   0.015940
1886.322818   12.177570   0.016570
1886.332859   12.156140   0.016570
1886.342543   12.166940   0.015760
1886.352534   12.165240   0.016170
1886.362281   12.185410   0.017380
1886.372003   12.165810   0.017900
1886.381496   12.183250   0.018650
1886.391198   12.168190   0.019920
1886.399994   12.158170   0.020270
1886.408171   12.182070   0.020790
1886.414363   12.169180   0.025820
1886.419581   12.157280   0.026410
1886.423873   12.173000   0.023850
1886.427459   12.150130   0.023210
1886.431086   12.174640   0.022990
1886.433748   12.161360   0.026430
1886.435540   12.162690   0.027830
1886.437293   12.171080   0.024080
1886.439058   12.153560   0.023560
1886.441348   12.156530   0.050150
