1863.169882   13.754390   0.062330
1863.179028   13.699960   0.064140
1863.188111   13.721650   0.074810
1863.197263   13.728400   0.069550
1863.206453   13.724430   0.069130
1863.215516   13.704160   0.082170
1863.224486   13.718030   0.076760
1863.233708   13.718770   0.086460
1863.243026   13.705220   0.084190
1863.252052   13.731620   0.074660
1863.260978   13.727310   0.070850
1863.270074   13.780030   0.084680
1863.279229   13.740490   0.073680
1863.288341   13.726680   0.069460
1863.297662   13.720410   0.064350
1863.306748   13.718980   0.074620
1863.315898   13.736830   0.077030
1863.325261   13.725940   0.073110
1863.334632   13.784120   0.080780
1863.344416   13.764470   0.074120
1863.353962   13.717080   0.075230
1863.363511   13.715960   0.065300
1863.372640   13.726610   0.061520
1863.381795   13.709690   0.061380
1863.391577   13.725070   0.067100
1863.400670   13.698690   0.070340
1863.410157   13.729200   0.069360
1863.419415   13.704870   0.073030
1863.428728   13.730930   0.077910
1863.438171   13.716190   0.080550
1863.447725   13.766070   0.087890
1863.457038   13.789580   0.097850
1863.464667   13.795720   0.111560
1863.471563   13.725890   0.113370
1863.477686   13.725490   0.106060
1863.482900   13.738120   0.112260
1863.487037   13.716830   0.112250
1863.490505   13.707720   0.113400
1863.494064   13.713360   0.110320
1863.496621   13.822900   0.116580
1863.498272   13.814810   0.114790
1863.500087   13.729530   0.112570
1863.501889   13.752990   0.120420
1863.503937   13.727750   0.164340
1864.122118   13.749020   0.048340
1864.131216   13.752970   0.065110
1864.140349   13.717100   0.056540
1864.149328   13.762540   0.058580
1864.158727   13.720770   0.053190
1864.168077   13.750430   0.072680
1864.177441   13.766410   0.067270
1864.186471   13.731850   0.052090
1864.195786   13.740220   0.066580
1864.204761   13.761800   0.059420
1864.213956   13.703090   0.052450
1864.223275   13.718350   0.055140
1864.232312   13.771140   0.068360
1864.241734   13.721700   0.065350
1864.250994   13.733840   0.056520
1864.260292   13.718790   0.067670
1864.269452   13.728340   0.058440
1864.278712   13.740780   0.070330
1864.288040   13.695760   0.069680
1864.297228   13.736500   0.066670
1864.306786   13.736820   0.068770
1864.315982   13.708870   0.069000
1864.325240   13.755680   0.068940
1864.334830   13.784810   0.069800
1864.344223   13.722770   0.092950
1864.353629   13.807580   0.092450
1864.362884   13.738360   0.095410
1864.372284   13.697200   0.107450
1864.381718   13.743360   0.097200
1864.391386   13.712250   0.084540
1864.401175   13.674850   0.105010
1864.410777   13.700840   0.092420
1864.420158   13.716050   0.097250
1864.429378   13.716020   0.103250
1864.438639   13.698320   0.112190
1864.448098   13.750990   0.125630
1864.465197   13.664130   0.096350
1865.081649   13.721590   0.079050
1865.090914   13.703000   0.076820
1865.103000   13.743900   0.075420
1865.112265   13.750060   0.073960
1865.121493   13.823610   0.093210
1865.180915   13.757560   0.051330
1865.189934   13.742590   0.039590
1865.199137   13.745180   0.053260
1865.208040   13.708990   0.039210
1865.217207   13.741000   0.061330
1865.226382   13.756970   0.059350
1865.235932   13.747350   0.062940
1865.245886   13.679880   0.063820
1865.255783   13.700890   0.060750
1865.265750   13.777940   0.083330
1865.275774   13.729040   0.071980
1865.285892   13.734490   0.064550
1865.295973   13.788280   0.072000
1865.306185   13.795840   0.068180
1865.316145   13.758510   0.067440
1865.326150   13.772230   0.075970
1865.336276   13.760110   0.086900
1865.346577   13.729390   0.077230
1865.356675   13.718980   0.074090
1865.366659   13.702310   0.082090
1865.376904   13.688810   0.081940
1865.387088   13.720660   0.084840
1865.397153   13.719220   0.086330
1865.407149   13.736980   0.084210
1865.417333   13.722350   0.080250
1865.427630   13.768950   0.086160
1865.437669   13.697060   0.083190
1865.448171   13.732880   0.102090
1865.457324   13.786200   0.112680
1865.465615   13.731680   0.117430
1865.482182   13.722890   0.074600
1865.489785   13.762320   0.127250
1865.492514   13.683810   0.070700
1865.494427   13.822450   0.129390
1865.496283   13.732300   0.116550
1865.498167   13.814760   0.107000
1866.165339   13.745680   0.043770
1866.174723   13.725530   0.043660
1866.184057   13.734340   0.044840
1866.193410   13.748120   0.045820
1866.202706   13.715800   0.046300
1866.212035   13.715100   0.048510
1866.221409   13.735880   0.048850
1866.230791   13.730510   0.048620
1866.240551   13.728890   0.048290
1866.250004   13.735280   0.048900
1866.259354   13.767530   0.052030
1867.193045   13.727740   0.031220
1867.202355   13.733260   0.032410
1867.211516   13.733560   0.032760
1867.220585   13.739370   0.035690
1867.230131   13.704960   0.036060
1867.239707   13.732640   0.034080
1867.249230   13.728980   0.034950
1867.258785   13.725140   0.033910
1867.268385   13.698120   0.036150
1867.277702   13.743820   0.038110
1867.287153   13.764620   0.038800
1867.296854   13.712430   0.039270
1867.306121   13.722210   0.038950
1867.315500   13.729470   0.038220
1867.325094   13.754230   0.042780
1867.334502   13.735610   0.042300
1867.344482   13.737340   0.045100
1867.354030   13.735900   0.043620
1867.363492   13.708590   0.049440
1867.372735   13.712980   0.044600
1867.382212   13.707700   0.046830
1867.391671   13.726810   0.050590
1867.401392   13.704770   0.048380
1867.410805   13.727790   0.048850
1867.420288   13.714520   0.057930
1867.429722   13.726060   0.066920
1867.439192   13.776200   0.065110
1867.448574   13.767000   0.068090
1867.456168   13.725670   0.057280
1867.463320   13.740520   0.061550
1867.469421   13.725200   0.060650
1867.473939   13.731050   0.050470
1867.478291   13.727210   0.046830
1867.481655   13.712370   0.046170
1867.484335   13.701300   0.051270
1867.486951   13.742370   0.051300
1867.488639   13.707580   0.051920
1867.490315   13.704540   0.053290
1867.492002   13.724520   0.052770
1867.493724   13.715430   0.051210
1868.197661   13.719810   0.058840
1868.207123   13.711520   0.062410
1868.216495   13.752260   0.077900
1868.225986   13.728340   0.073910
1868.235811   13.789490   0.083280
1868.245580   13.767570   0.079180
1868.255259   13.770590   0.082400
1868.264815   13.763520   0.085300
1868.274279   13.731380   0.087810
1868.283929   13.776140   0.089670
1868.293537   13.803700   0.118610
1868.303181   13.765520   0.102180
1868.312574   13.826150   0.123630
1868.322548   13.753420   0.097390
1868.332083   13.771970   0.094390
1868.341800   13.756000   0.096220
1868.351466   13.722570   0.109280
1868.360837   13.734550   0.113960
1868.370659   13.738530   0.111460
1868.380417   13.672380   0.109410
1868.390367   13.649770   0.103250
1868.399668   13.794640   0.108230
1868.409622   13.723030   0.113940
1868.419023   13.784780   0.113250
1868.428372   13.732270   0.104580
1868.437691   13.712360   0.109380
1868.446987   13.727470   0.109000
1868.454949   13.724100   0.117390
1868.461066   13.709400   0.113180
1868.467151   13.709300   0.119200
1868.471440   13.741880   0.121730
1868.475710   13.699870   0.130150
1868.479263   13.667820   0.104600
1868.481793   13.673930   0.104510
1868.484498   13.690630   0.104880
1868.486154   13.704000   0.124150
1868.487950   13.691390   0.102830
1868.489584   13.804830   0.133640
1868.491280   13.649810   0.103180
1870.219778   13.745670   0.037940
1870.229270   13.733790   0.039490
1870.238762   13.742860   0.044440
1870.248135   13.720020   0.041170
1870.257691   13.730760   0.048120
1870.267266   13.717370   0.044830
1870.276950   13.724830   0.044780
1870.286498   13.725780   0.046320
1870.295849   13.761690   0.043090
1870.305565   13.729410   0.046570
1870.315197   13.734500   0.050830
1870.325274   13.727020   0.054460
1870.335174   13.756030   0.050970
1870.344892   13.732480   0.055430
1870.354573   13.713260   0.060770
1870.364104   13.767400   0.083600
1870.373603   13.734380   0.080680
1870.383600   13.714920   0.089930
1870.393243   13.793930   0.111510
1870.412418   13.772370   0.127840
1870.421872   13.622730   0.067600
1870.431056   13.721240   0.129300
1870.440608   13.712260   0.116000
1870.448993   13.734400   0.102610
1870.456179   13.755080   0.105550
1870.461756   13.743570   0.122510
1870.466440   13.755850   0.071700
1870.470290   13.732650   0.124330
1870.474188   13.702630   0.072600
1870.478722   13.818740   0.080600
1870.480341   13.699000   0.123590
1871.136689   13.740890   0.048680
1871.146179   13.739550   0.045160
1871.155384   13.725350   0.044350
1871.164955   13.736000   0.048010
1871.174269   13.698090   0.048160
1871.183469   13.747320   0.050830
1871.192872   13.720960   0.049270
1871.202392   13.738560   0.050830
1871.211865   13.708820   0.059650
1871.221273   13.714650   0.059600
1871.230922   13.753900   0.054230
1871.240394   13.712930   0.051810
1871.250018   13.716220   0.054740
1871.259511   13.739410   0.052890
1871.269122   13.685710   0.053300
1871.278903   13.750800   0.053300
1871.288648   13.752680   0.057350
1871.298226   13.710520   0.053420
1871.307789   13.692230   0.057010
1871.317562   13.754320   0.061160
1871.327342   13.756960   0.064630
1871.337079   13.671740   0.066400
1871.346725   13.723160   0.069990
1871.356495   13.758160   0.069800
1871.366277   13.725560   0.076630
1871.375944   13.723690   0.078270
1871.385808   13.674070   0.081150
1871.395399   13.733270   0.089980
1871.404882   13.669030   0.099480
1871.414342   13.818650   0.104370
1871.423744   13.714260   0.093430
1871.433495   13.719220   0.096910
1871.442405   13.815400   0.097000
1871.449670   13.719160   0.092220
1871.455742   13.771730   0.098910
1871.461191   13.712490   0.099790
1871.465968   13.665900   0.098040
1871.469461   13.709320   0.099840
1871.472994   13.717050   0.100520
1871.476070   13.679530   0.094460
1871.477819   13.702880   0.092600
1871.479709   13.697650   0.094990
1871.481438   13.777270   0.096820
1871.550420   13.736720   0.105410
1871.559908   13.771700   0.108530
1871.569340   13.756270   0.106650
1871.578835   13.714740   0.118850
1871.588334   13.801140   0.127320
1872.324463   13.760620   0.055660
1872.334315   13.732650   0.055550
1872.344041   13.719990   0.054270
1872.353623   13.712180   0.057110
1872.363427   13.763740   0.054570
1872.373279   13.704760   0.051210
1872.383099   13.743170   0.054870
1872.392766   13.729320   0.054860
1872.402203   13.725320   0.052150
1872.412032   13.750520   0.058660
1872.421585   13.708780   0.059830
1872.431130   13.762010   0.065450
1872.439874   13.801100   0.063240
1872.447517   13.724200   0.062590
1872.454162   13.724480   0.062630
1872.459603   13.738590   0.069890
1872.463903   13.687480   0.074390
1872.467716   13.703170   0.069390
1872.470496   13.734490   0.071950
1872.473152   13.719970   0.074770
1872.474857   13.750320   0.075770
1872.476617   13.739730   0.071510
1872.478370   13.751710   0.074670
1872.480228   13.701980   0.073700
1872.541663   13.735120   0.093340
1872.550845   13.734000   0.093850
1872.560270   13.711220   0.098070
1872.569828   13.747440   0.104900
1872.579400   13.653610   0.106950
1872.588943   13.770240   0.123260
1872.598488   13.770010   0.129100
1872.617527   13.438750   0.106540
1873.229437   13.738100   0.060450
1873.238826   13.705140   0.064230
1873.248403   13.677870   0.061320
1873.258009   13.705760   0.061750
1873.267456   13.729740   0.064790
1873.276959   13.761820   0.065170
1873.286788   13.694180   0.066700
1873.296275   13.783450   0.070100
1873.305896   13.778390   0.076190
1873.315548   13.712860   0.074610
1873.325684   13.793620   0.078300
1873.335346   13.750430   0.083730
1873.344943   13.732740   0.082000
1873.354842   13.688720   0.077370
1873.364691   13.701670   0.085090
1873.374458   13.681010   0.080530
1873.383960   13.742760   0.077200
1873.393856   13.717480   0.079990
1873.403606   13.740370   0.084850
1873.413210   13.770810   0.094590
1873.422938   13.747550   0.092800
1873.432699   13.758340   0.069020
1873.441010   13.737690   0.080020
1873.447044   13.715690   0.079160
1873.453044   13.750360   0.078860
1873.457630   13.721080   0.080200
1873.462090   13.754540   0.084130
1873.465548   13.703980   0.083900
1873.468261   13.682760   0.085400
1873.470892   13.738330   0.087910
1873.472722   13.746940   0.084530
1873.474437   13.703150   0.083610
1873.476606   13.752930   0.122820
1874.032527   13.698780   0.038760
1874.041923   13.746170   0.042560
1874.051714   13.720300   0.040890
1874.061193   13.758390   0.042920
1874.070741   13.745570   0.044800
1874.080230   13.744750   0.043840
1874.089638   13.755100   0.044190
1874.098984   13.729730   0.045860
1874.108441   13.741350   0.044690
1874.117749   13.700460   0.045590
1874.127103   13.705870   0.046200
1874.136654   13.734490   0.048390
1874.145982   13.737980   0.049320
1874.155173   13.705500   0.050980
1874.164605   13.747060   0.057740
1874.174153   13.715280   0.069000
1874.183645   13.737000   0.087370
1874.193053   13.701630   0.110010
1874.202515   13.792340   0.121380
1874.212179   13.762170   0.126700
1874.222051   13.804780   0.119210
1876.992585   13.721930   0.041650
1877.002277   13.723190   0.044180
1877.012009   13.709150   0.046800
1877.021623   13.754000   0.045740
1877.031340   13.713200   0.050190
1877.041094   13.722450   0.047500
1877.050632   13.696350   0.041570
1877.060512   13.750450   0.043130
1877.070280   13.729710   0.046110
1877.080037   13.749850   0.047350
1877.089835   13.735460   0.047350
1877.099542   13.725660   0.049680
1877.109324   13.726580   0.057850
1877.119234   13.717530   0.056790
1877.128562   13.719800   0.052910
1877.137988   13.679100   0.051450
1877.147449   13.709670   0.060660
1877.157081   13.686510   0.057350
1877.166514   13.703300   0.054500
1877.175811   13.681570   0.050620
1877.185180   13.778460   0.057850
1877.194638   13.694540   0.052310
1877.204359   13.708760   0.053190
1877.213829   13.736250   0.050750
1877.223290   13.724100   0.054860
1877.232928   13.744050   0.055000
1877.242583   13.711400   0.059060
1877.252102   13.757140   0.058730
1877.261424   13.782280   0.058490
1877.271317   13.776240   0.054400
1877.280810   13.752130   0.051060
1877.290913   13.782120   0.056930
1877.300784   13.739800   0.064470
1877.310552   13.776210   0.056760
1877.320329   13.751710   0.063590
1877.330019   13.731080   0.055890
1877.339609   13.748490   0.048860
1877.349339   13.741540   0.057590
1877.359563   13.736480   0.048440
1877.369289   13.806940   0.059660
1877.379166   13.716740   0.053760
1877.389199   13.707220   0.063120
1877.398748   13.701140   0.067730
1877.408188   13.677490   0.064440
1877.417610   13.769000   0.065540
1877.426444   13.736140   0.056600
1877.433416   13.728200   0.064980
1877.439426   13.711090   0.067000
1877.444578   13.745080   0.067730
1877.449101   13.729160   0.062020
1877.452622   13.720730   0.069810
1877.456119   13.754810   0.068100
1877.458826   13.726490   0.061500
1877.460660   13.688940   0.063230
1877.462441   13.736990   0.065620
1877.464144   13.740740   0.065900
1877.465872   13.691650   0.066640
1877.528546   13.780240   0.084980
1877.538164   13.730300   0.085720
1877.547759   13.709070   0.085860
1877.557433   13.758670   0.095450
1877.566991   13.753220   0.091460
1877.956588   13.728460   0.073730
1877.966360   13.782510   0.066990
1877.975795   13.714650   0.048380
1877.985575   13.734520   0.043480
1877.995071   13.724120   0.040540
1878.004964   13.750960   0.040590
1878.014335   13.706600   0.044420
1878.023915   13.754660   0.036490
1878.033403   13.721720   0.039750
1878.042881   13.727850   0.038800
1878.052477   13.722940   0.045390
1878.062202   13.732140   0.043490
1878.072038   13.727100   0.044810
1878.081838   13.754910   0.047700
1878.091595   13.726530   0.044840
1878.101204   13.737000   0.045080
1878.111056   13.710000   0.046950
1878.120475   13.733300   0.045500
1878.129972   13.729470   0.051570
1878.139452   13.771720   0.062850
1878.148981   13.703080   0.100250
1878.158293   13.698650   0.082540
1878.167692   13.717310   0.051660
1878.177309   13.732950   0.050550
1878.186872   13.694580   0.064130
1878.196273   13.727870   0.062220
1878.206054   13.782780   0.071020
1878.215833   13.740180   0.080130
1878.225557   13.759560   0.084950
1878.235117   13.735920   0.067760
1878.244657   13.748540   0.068570
1878.254352   13.756450   0.073230
1878.263984   13.714040   0.080150
1878.273770   13.767840   0.084130
1878.283405   13.741080   0.085590
1878.293079   13.694410   0.085080
1878.302887   13.725970   0.107690
1878.312828   13.724960   0.105620
1878.322431   13.751490   0.105470
1878.332111   13.722900   0.109250
1878.342126   13.774680   0.079440
1878.351898   13.701840   0.088970
1878.361666   13.807550   0.084780
1878.371492   13.774870   0.092070
1878.381052   13.693400   0.095550
1878.390611   13.751910   0.073700
1878.400035   13.718110   0.091100
1878.409523   13.733400   0.085590
1878.419250   13.749810   0.098210
1878.427139   13.760100   0.098680
1878.434256   13.704030   0.078430
1878.439734   13.698650   0.095980
1878.444205   13.777370   0.081610
1878.448555   13.644400   0.073970
1878.452064   13.686910   0.093460
1878.454721   13.795930   0.097680
1878.457364   13.659590   0.090610
1878.459093   13.658300   0.089840
1878.460943   13.764040   0.097300
1878.463071   13.736840   0.134220
1878.523903   13.728470   0.097470
1878.533380   13.640410   0.095990
1878.542754   13.671370   0.094750
1878.552323   13.774570   0.105730
1878.561961   13.702590   0.117900
1878.885725   13.653120   0.103330
1878.896259   13.790060   0.118220
1878.907039   13.787290   0.111590
1878.917827   13.748660   0.100680
1878.928636   13.771830   0.101160
1878.939490   13.754120   0.088900
1878.950209   13.695710   0.067100
1878.960985   13.749270   0.069500
1878.971663   13.742340   0.064150
1878.982256   13.774070   0.063760
1878.992862   13.745310   0.059260
1879.003349   13.735410   0.065230
1879.014056   13.753370   0.064690
1879.024781   13.733770   0.066520
1879.035403   13.745790   0.076480
1879.046338   13.716610   0.072700
1879.056998   13.741980   0.079990
1879.067120   13.745030   0.078100
1879.077625   13.717790   0.079100
1879.087804   13.696330   0.080000
1879.097718   13.780630   0.086500
1879.108265   13.739420   0.095730
1879.118677   13.756780   0.095610
1879.128946   13.703410   0.079190
1879.138951   13.758130   0.089310
1879.148948   13.707550   0.106520
1879.158753   13.701580   0.105660
1879.168681   13.817420   0.108910
1879.178653   13.715670   0.109200
1879.188532   13.707820   0.111330
1879.198658   13.753440   0.110990
1879.208980   13.806110   0.118950
1879.219105   13.741810   0.113210
1879.229198   13.719440   0.118210
1879.239692   13.780870   0.117900
1879.249885   13.711290   0.111970
1879.259988   13.740910   0.110810
1879.270136   13.762130   0.109010
1879.279998   13.772850   0.089900
1879.290256   13.754910   0.107590
1879.300321   13.732620   0.105380
1879.310604   13.678440   0.108050
1879.321132   13.725760   0.111440
1879.331398   13.678900   0.107450
1879.341711   13.782220   0.114330
1879.352168   13.750150   0.112940
1879.362239   13.732960   0.114840
1879.372581   13.748650   0.110310
1879.383093   13.674610   0.065400
1879.393142   13.695110   0.111850
1879.403333   13.720160   0.116260
1879.413718   13.690170   0.116430
1879.422210   13.815740   0.126130
1879.430214   13.799630   0.104900
1879.436891   13.745910   0.124080
1879.441492   13.736140   0.127200
1879.445494   13.714620   0.106710
1879.449457   13.730630   0.073500
1879.452495   13.845960   0.076400
1879.454041   13.684980   0.078900
1879.456208   13.700570   0.076600
1879.457932   13.734070   0.078900
1879.459656   13.742720   0.081400
1879.460754   13.656900   0.074900
1879.904711   13.751550   0.103470
1879.914664   13.794210   0.087020
1879.924232   13.692270   0.065490
1879.933937   13.742330   0.058800
1879.943742   13.697680   0.049090
1879.953255   13.725710   0.047010
1879.962965   13.740720   0.042810
1879.972299   13.752830   0.043050
1879.982133   13.694530   0.042500
1879.991480   13.736970   0.045500
1880.001350   13.711980   0.045210
1880.010995   13.657610   0.052770
1880.020489   13.718660   0.050900
1880.030167   13.746830   0.054600
1880.040004   13.737430   0.054040
1880.050020   13.734830   0.052040
1880.059700   13.689590   0.054400
1880.069635   13.722440   0.055880
1880.079469   13.735920   0.058150
1880.089000   13.723980   0.054980
1880.098524   13.714420   0.058040
1880.108072   13.703480   0.063220
1880.117530   13.709160   0.056070
1880.127140   13.730660   0.061130
1880.200091   13.720060   0.066710
1880.209735   13.746780   0.071430
1880.219431   13.698560   0.066890
1880.229324   13.694270   0.061750
1880.238989   13.752540   0.059660
1880.248836   13.709000   0.058230
1880.258298   13.724050   0.062300
1880.267686   13.707020   0.063100
1880.277275   13.681920   0.065900
1880.286928   13.765900   0.076290
1880.306613   13.720150   0.065380
1880.369120   13.709040   0.062250
1880.967707   13.801030   0.064760
1880.977730   13.763370   0.068710
1880.987626   13.757960   0.054950
1880.997175   13.767940   0.055780
1881.007352   13.700790   0.056070
1881.017262   13.750850   0.057280
1881.027023   13.745800   0.061520
1881.036583   13.710170   0.057660
1881.046307   13.683980   0.060240
1881.055914   13.753830   0.069300
1881.065565   13.769880   0.066250
1881.075352   13.723810   0.068320
1881.085120   13.698070   0.064580
1881.094964   13.754540   0.063710
1881.104801   13.669600   0.054460
1881.114937   13.679280   0.074170
1881.124474   13.756680   0.069010
1881.134326   13.730580   0.072440
1881.143810   13.697990   0.056030
1881.153419   13.694310   0.071000
1881.163015   13.712250   0.066240
1881.171357   13.696270   0.055610
1881.180981   13.721120   0.061210
1881.190627   13.756300   0.051740
1881.200550   13.748830   0.054730
1881.210473   13.727710   0.061190
1881.220305   13.723300   0.064490
1881.230199   13.714690   0.060150
1881.239668   13.759750   0.069390
1881.249328   13.756590   0.063230
1881.258917   13.695280   0.061090
1881.268352   13.686080   0.067550
1881.278189   13.752000   0.066060
1881.288137   13.717070   0.068530
1881.297680   13.736620   0.064670
1881.307337   13.708960   0.070300
1881.317394   13.689610   0.072190
1881.327336   13.732750   0.074260
1881.337373   13.770290   0.079790
1881.347129   13.688520   0.071450
1881.357110   13.736720   0.078480
1881.366722   13.724570   0.077240
1881.376276   13.698770   0.078250
1881.386104   13.712970   0.084530
1881.395996   13.695600   0.081210
1881.405772   13.727630   0.088410
1881.414838   13.768550   0.087670
1881.422098   13.751380   0.087860
1881.428287   13.765590   0.090610
1881.433496   13.721750   0.089780
1881.437835   13.744440   0.090200
1881.441542   13.682520   0.092390
1881.445078   13.690930   0.091940
1881.447777   13.726990   0.092390
1881.449541   13.745340   0.093150
1881.451276   13.676750   0.088220
1881.453055   13.718160   0.092600
1881.455245   13.707200   0.132610
1881.512259   13.761510   0.099690
1881.522032   13.754580   0.102170
1881.531584   13.741030   0.103070
1881.541053   13.770830   0.110980
1881.550943   13.739700   0.106120
1881.560601   13.686460   0.106480
1881.570473   13.680950   0.099360
1881.580253   13.659680   0.110130
1881.589860   13.766550   0.109540
1881.599577   13.792780   0.123460
1881.609472   13.746030   0.118860
1881.619114   13.709840   0.125120
1881.628942   13.706860   0.073400
1881.855176   13.824330   0.103040
1881.864967   13.767640   0.116750
1881.874874   13.691370   0.098930
1881.884546   13.697780   0.085210
1881.894462   13.719690   0.075080
1881.904494   13.738030   0.067730
1881.914271   13.758560   0.065860
1881.923884   13.737390   0.065040
1881.933466   13.729750   0.061060
1881.943231   13.738020   0.058480
1881.952875   13.734950   0.079130
1881.962633   13.787170   0.088740
1881.972149   13.759530   0.092360
1881.982098   13.707630   0.098200
1881.992169   13.743040   0.120700
1882.001812   13.732780   0.099920
1882.011441   13.721910   0.070900
1882.021627   13.746110   0.100250
1882.031644   13.824440   0.115720
1882.041324   13.688120   0.112480
1882.051198   13.831130   0.107440
1882.060871   13.783380   0.107580
1882.080330   13.771680   0.088590
1882.121972   13.787550   0.116300
1882.131558   13.735900   0.092680
1882.150540   13.803500   0.106180
1882.160119   13.756200   0.106020
1882.169652   13.753500   0.108650
1882.179008   13.729160   0.105380
1882.188466   13.692820   0.112710
1882.198063   13.800460   0.104300
1883.093660   13.696590   0.079800
1883.112818   13.753110   0.085270
1883.122314   13.652430   0.075320
1883.131900   13.638330   0.077160
1883.141295   13.728750   0.087190
1883.150882   13.714800   0.096110
1883.160374   13.702050   0.102040
1883.169871   13.794580   0.110290
1883.179271   13.761850   0.090260
1883.188727   13.620750   0.084010
1883.198404   13.755520   0.105290
1883.207904   13.689540   0.101310
1883.217549   13.767230   0.106420
1883.226897   13.650820   0.104890
1883.236210   13.737540   0.110700
1883.245790   13.702150   0.106180
1883.255334   13.771140   0.110310
1883.265175   13.672540   0.110390
1883.274780   13.650080   0.111390
1883.333437   13.729550   0.125040
1883.343282   13.701140   0.070400
1883.363493   13.707870   0.116930
1883.373027   13.760980   0.099790
1883.382810   13.653980   0.068900
1883.392439   13.672940   0.118310
1883.402040   13.763490   0.127340
1883.409908   13.873020   0.079100
1883.423677   13.797840   0.106220
1883.429026   13.738440   0.105660
1883.436812   13.786390   0.130920
1883.443027   13.842730   0.074100
1883.446707   13.737520   0.126680
1883.448508   13.705870   0.119880
1883.593915   13.612960   0.072300
1884.099534   13.718840   0.040380
1884.109140   13.735890   0.040190
1884.118686   13.691850   0.049200
1884.128292   13.795130   0.062620
1884.137551   13.726740   0.046910
1884.147279   13.713980   0.052940
1884.156774   13.724770   0.056260
1884.166197   13.730950   0.062970
1884.175960   13.741520   0.069500
1884.185414   13.722220   0.057750
1884.194977   13.718770   0.048300
1884.204574   13.759280   0.054340
1884.214174   13.724390   0.048480
1884.223839   13.716110   0.053540
1884.233272   13.727430   0.074090
1884.242628   13.705870   0.043660
1884.252195   13.720850   0.041520
1884.261682   13.723210   0.042910
1884.271201   13.738040   0.043020
1884.280876   13.761420   0.046850
1884.290846   13.715320   0.051270
1884.300573   13.731850   0.056730
1884.310420   13.737800   0.084230
1884.320206   13.725600   0.052550
1884.330156   13.766440   0.057610
1884.340081   13.691800   0.064460
1884.350052   13.729120   0.066090
1884.360119   13.713710   0.052770
1884.370060   13.707890   0.054580
1884.379738   13.719220   0.059310
1884.389528   13.736360   0.046660
1884.399065   13.709610   0.047870
1884.406881   13.709810   0.057400
1884.413865   13.717300   0.068220
1884.420368   13.774460   0.070420
1884.425635   13.738730   0.049940
1884.430150   13.691220   0.046080
1884.433678   13.716250   0.052460
1884.437202   13.723230   0.050520
1884.439908   13.718330   0.055200
1884.441669   13.738960   0.054350
1884.443407   13.689780   0.053180
1884.445186   13.706730   0.051080
1884.446926   13.690430   0.063400
1884.503638   13.741570   0.046370
1884.513187   13.769900   0.056990
1884.522993   13.725690   0.047070
1884.532900   13.752960   0.043770
1884.542819   13.770440   0.051860
1884.552706   13.719800   0.057200
1884.562458   13.702310   0.037540
1884.572213   13.732300   0.047940
1884.581820   13.740040   0.040440
1884.591479   13.710110   0.053980
1884.600983   13.718390   0.047970
1884.610820   13.735420   0.043490
1884.886961   13.735390   0.110580
1884.896459   13.653060   0.109530
1884.906042   13.785880   0.113270
1884.925737   13.681200   0.099180
1884.945448   13.741930   0.109360
1884.954875   13.790690   0.114650
1884.964329   13.780030   0.115390
1884.974382   13.742740   0.070800
1884.983622   13.748600   0.096840
1884.993441   13.834450   0.123390
1885.003341   13.680700   0.112080
1885.013229   13.712990   0.121360
1885.022911   13.795700   0.126770
1885.042137   13.745000   0.078500
1885.052107   13.728850   0.115700
1885.278794   13.737550   0.100130
1885.298475   13.778600   0.105830
1885.308250   13.673400   0.099710
1885.318087   13.634760   0.102210
1885.328454   13.819140   0.065500
1886.072366   13.701590   0.037420
1886.082057   13.720470   0.041570
1886.091456   13.725750   0.041920
1886.101064   13.715920   0.042990
1886.110701   13.729150   0.041930
1886.120214   13.714270   0.043020
1886.129544   13.713670   0.045640
1886.138882   13.721010   0.047300
1886.148233   13.706430   0.046910
1886.157943   13.721780   0.048570
1886.167550   13.730280   0.057040
1886.177101   13.703310   0.055040
1886.186997   13.719760   0.058140
1886.196609   13.715880   0.061620
1886.206153   13.743160   0.072300
1886.215757   13.666670   0.074080
1886.225422   13.664360   0.097070
1886.234829   13.696400   0.094980
1886.244630   13.759860   0.094910
1886.254426   13.715240   0.071860
1886.263771   13.777770   0.058490
1886.273578   13.692710   0.097250
1886.283270   13.705300   0.054180
1886.293134   13.704740   0.059010
1886.303115   13.705000   0.067640
1886.312914   13.740100   0.061390
1886.322818   13.692720   0.063510
1886.332859   13.744320   0.063410
1886.342543   13.742890   0.061840
1886.352534   13.710850   0.059640
1886.362281   13.720340   0.066410
1886.372003   13.723560   0.071880
1886.381496   13.751180   0.074950
1886.391198   13.734460   0.079970
1886.399994   13.741810   0.077280
1886.408171   13.770660   0.082240
1886.414363   13.749000   0.101190
1886.419581   13.773440   0.100790
1886.423873   13.718270   0.091250
1886.427459   13.747560   0.091280
1886.431086   13.713950   0.085970
1886.433748   13.722650   0.100680
1886.435540   13.759750   0.105350
1886.437293   13.740910   0.094130
1886.439058   13.767920   0.096050
1886.441348   13.735450   0.173380
