1863.169882   12.459390   0.020960
1863.179028   12.466610   0.022920
1863.188111   12.466970   0.026270
1863.197263   12.471210   0.024370
1863.206453   12.471840   0.023380
1863.215516   12.462970   0.028060
1863.224486   12.456920   0.027020
1863.233708   12.464490   0.028930
1863.243026   12.458050   0.029000
1863.252052   12.457100   0.027370
1863.260978   12.461990   0.025060
1863.270074   12.485920   0.029340
1863.279229   12.470420   0.025400
1863.288341   12.459550   0.023960
1863.297662   12.478480   0.022800
1863.306748   12.457490   0.025590
1863.315898   12.450900   0.025690
1863.325261   12.457760   0.025580
1863.334632   12.436710   0.025930
1863.344416   12.476320   0.025870
1863.353962   12.467300   0.025290
1863.363511   12.451100   0.022460
1863.372640   12.451800   0.021250
1863.381795   12.477580   0.021530
1863.391577   12.453820   0.022400
1863.400670   12.474620   0.023850
1863.410157   12.469120   0.024430
1863.419415   12.479670   0.025180
1863.428728   12.483200   0.026500
1863.438171   12.453240   0.026790
1863.447725   12.466880   0.028580
1863.457038   12.489880   0.032740
1863.464667   12.455880   0.039290
1863.471563   12.487900   0.040810
1863.477686   12.443960   0.037960
1863.482900   12.485300   0.037820
1863.487037   12.471920   0.040100
1863.490505   12.470610   0.041990
1863.494064   12.433110   0.038120
1863.496621   12.476450   0.040080
1863.498272   12.441060   0.039730
1863.500087   12.452910   0.040750
1863.501889   12.485230   0.043830
1863.503937   12.468460   0.059570
1864.122118   12.471880   0.017440
1864.131216   12.469660   0.022580
1864.140349   12.458270   0.019860
1864.149328   12.472950   0.020270
1864.158727   12.469250   0.019230
1864.168077   12.461830   0.024500
1864.177441   12.461810   0.024250
1864.186471   12.466160   0.018820
1864.195786   12.451890   0.022980
1864.204761   12.466770   0.021130
1864.213956   12.463360   0.019690
1864.223275   12.467040   0.019340
1864.232312   12.465150   0.023280
1864.241734   12.466420   0.022810
1864.250994   12.454500   0.020040
1864.260292   12.445190   0.024020
1864.269452   12.456350   0.020440
1864.278712   12.478240   0.024310
1864.288040   12.463630   0.024660
1864.297228   12.465320   0.023150
1864.306786   12.447910   0.024080
1864.315982   12.481840   0.024650
1864.325240   12.479740   0.023670
1864.334830   12.497030   0.022980
1864.344223   12.508890   0.032110
1864.353629   12.487330   0.030980
1864.362884   12.470100   0.035110
1864.372284   12.504960   0.039870
1864.381718   12.525890   0.034420
1864.391386   12.502890   0.028990
1864.401175   12.484090   0.035980
1864.410777   12.502960   0.032690
1864.420158   12.479960   0.034250
1864.429378   12.492000   0.036610
1864.438639   12.473690   0.040200
1864.448098   12.490030   0.046290
1864.457409   12.452650   0.049520
1864.465120   12.455990   0.045060
1864.472313   12.438940   0.055540
1864.477494   12.472910   0.060820
1864.482643   12.505370   0.082180
1864.486002   12.420810   0.107890
1864.489646   12.504640   0.100350
1864.492216   12.461130   0.074120
1864.494776   12.377420   0.073870
1864.496480   12.423930   0.081190
1864.498365   12.478300   0.079660
1864.500091   12.447000   0.080760
1864.501760   12.395040   0.079860
1865.081649   12.468490   0.027020
1865.090914   12.437910   0.027140
1865.103000   12.428360   0.026400
1865.112265   12.453760   0.024480
1865.121493   12.455570   0.030330
1865.180915   12.444550   0.018010
1865.189934   12.464310   0.014150
1865.199137   12.455090   0.018190
1865.208040   12.460110   0.014320
1865.217207   12.453820   0.021320
1865.226382   12.450790   0.020450
1865.235932   12.454050   0.023560
1865.245886   12.443780   0.023790
1865.255783   12.449700   0.022990
1865.265750   12.441390   0.029510
1865.275774   12.462850   0.025420
1865.285892   12.463060   0.022810
1865.295973   12.462610   0.025870
1865.306185   12.451040   0.024890
1865.316145   12.461390   0.024030
1865.326150   12.458830   0.026680
1865.336276   12.468000   0.030460
1865.346577   12.460980   0.027370
1865.356675   12.443380   0.026440
1865.366659   12.451120   0.029910
1865.376904   12.447250   0.029930
1865.387088   12.462520   0.028690
1865.397153   12.464770   0.030100
1865.407149   12.461670   0.029750
1865.417333   12.446270   0.028930
1865.427630   12.460830   0.029510
1865.437669   12.464760   0.029860
1865.448171   12.477440   0.035520
1865.457324   12.442100   0.040650
1865.465615   12.443030   0.042100
1865.471988   12.464240   0.051850
1865.477591   12.479140   0.063560
1865.482335   12.449850   0.052900
1865.486159   12.478760   0.063030
1865.489785   12.468990   0.051570
1865.492667   12.414670   0.051990
1865.494427   12.443080   0.048360
1865.496283   12.456160   0.043840
1865.498551   12.428640   0.073400
1866.165339   12.465750   0.015820
1866.174723   12.453100   0.015820
1866.184057   12.471350   0.016400
1866.193410   12.465590   0.016400
1866.202706   12.466110   0.016980
1866.212035   12.477440   0.017440
1866.221409   12.474290   0.017610
1866.230791   12.456180   0.017260
1866.240551   12.468570   0.017210
1866.250004   12.463260   0.017260
1866.259354   12.464150   0.017840
1867.193045   12.461730   0.011840
1867.202355   12.462370   0.012300
1867.211516   12.458090   0.012300
1867.220585   12.470800   0.013110
1867.230131   12.464850   0.013280
1867.239707   12.457440   0.013050
1867.249230   12.459210   0.012990
1867.258785   12.455970   0.013110
1867.268385   12.461780   0.013510
1867.277702   12.462750   0.013740
1867.287153   12.460850   0.013920
1867.296854   12.455380   0.014440
1867.306121   12.462460   0.014200
1867.315500   12.463700   0.014380
1867.325094   12.458960   0.014900
1867.334502   12.453050   0.015360
1867.344482   12.485670   0.016290
1867.354030   12.462080   0.015650
1867.363492   12.477900   0.018830
1867.372735   12.464680   0.017030
1867.382212   12.466200   0.016800
1867.391671   12.484290   0.018830
1867.401392   12.452850   0.017790
1867.410805   12.465760   0.017670
1867.420288   12.456240   0.021830
1867.429722   12.454260   0.023330
1867.439192   12.465890   0.021020
1867.448574   12.460870   0.022980
1867.456168   12.464440   0.020330
1867.463320   12.467900   0.021310
1867.469421   12.481200   0.021830
1867.473939   12.482220   0.017550
1867.478291   12.476090   0.016340
1867.481655   12.483180   0.016630
1867.484335   12.462610   0.018190
1867.486951   12.471340   0.018070
1867.488639   12.472410   0.018310
1867.490315   12.478640   0.019400
1867.492002   12.465460   0.018250
1867.493724   12.469690   0.017550
1868.197661   12.471730   0.020960
1868.207123   12.458140   0.021320
1868.216495   12.456300   0.029210
1868.225986   12.461890   0.026220
1868.235811   12.485790   0.029970
1868.245580   12.460580   0.027080
1868.255259   12.462620   0.028470
1868.264815   12.476330   0.029560
1868.274279   12.467010   0.032860
1868.283929   12.467850   0.028880
1868.293537   12.430750   0.043400
1868.303104   12.443020   0.048560
1868.312574   12.463530   0.045730
1868.322548   12.472180   0.034120
1868.332083   12.477720   0.031820
1868.341800   12.444590   0.034550
1868.351466   12.466850   0.038590
1868.360837   12.480850   0.039540
1868.370659   12.464590   0.039910
1868.380417   12.443170   0.038130
1868.390367   12.450220   0.038750
1868.399668   12.472180   0.038830
1868.409622   12.471430   0.040370
1868.419023   12.453860   0.038410
1868.428372   12.464790   0.038330
1868.437691   12.435150   0.040950
1868.446987   12.452860   0.038860
1868.454949   12.493140   0.042610
1868.461066   12.484730   0.040540
1868.467151   12.465060   0.043490
1868.471440   12.485960   0.045330
1868.475710   12.434450   0.051440
1868.479187   12.442070   0.051650
1868.481793   12.461740   0.050310
1868.484421   12.454110   0.048130
1868.486154   12.462650   0.046250
1868.487874   12.463390   0.048400
1868.489584   12.482930   0.047980
1868.491280   12.488370   0.052350
1868.552972   12.410320   0.078410
1868.562396   12.491070   0.069800
1868.581607   12.447750   0.113990
1868.591155   12.425620   0.106360
1868.600468   12.412920   0.076900
1869.239644   12.433120   0.061450
1869.249027   12.434340   0.063510
1869.258676   12.458600   0.072630
1869.268460   12.483650   0.081300
1869.278238   12.391620   0.088010
1869.287800   12.484780   0.085630
1869.297392   12.452110   0.092060
1869.307040   12.503400   0.105470
1869.316570   12.350400   0.063700
1869.326588   12.456870   0.118660
1869.336135   12.479760   0.070100
1869.345989   12.526090   0.073900
1870.219778   12.480830   0.014320
1870.229270   12.482180   0.014780
1870.238762   12.464760   0.016120
1870.248135   12.477170   0.015420
1870.257691   12.473570   0.017320
1870.267266   12.487420   0.016740
1870.276950   12.460470   0.016750
1870.286498   12.471870   0.017320
1870.295849   12.471010   0.016220
1870.305565   12.472970   0.017380
1870.315197   12.468670   0.019230
1870.325274   12.458900   0.019980
1870.335174   12.460250   0.018130
1870.344892   12.461000   0.019460
1870.354573   12.453840   0.022860
1870.364104   12.486970   0.028750
1870.373603   12.453120   0.029170
1870.383600   12.489870   0.031760
1870.393243   12.450300   0.042000
1870.402820   12.471490   0.057160
1870.412418   12.419890   0.049770
1870.421719   12.459760   0.047410
1870.431056   12.444930   0.051710
1870.440608   12.479780   0.042890
1870.448993   12.461070   0.036610
1870.456179   12.459710   0.036840
1870.461756   12.486270   0.049140
1870.466593   12.461200   0.053350
1870.470290   12.438310   0.044970
1870.474034   12.487290   0.055210
1870.476825   12.460810   0.056340
1870.478569   12.453370   0.057790
1870.480341   12.454440   0.049580
1870.482097   12.443510   0.054910
1870.483838   12.453930   0.053950
1870.485602   12.478550   0.056470
1871.136689   12.467980   0.018080
1871.146179   12.478870   0.016110
1871.155384   12.475740   0.016280
1871.164955   12.449250   0.018770
1871.174269   12.475830   0.018010
1871.183469   12.463030   0.019520
1871.192872   12.474990   0.017670
1871.202392   12.478810   0.019350
1871.211865   12.476590   0.022750
1871.221273   12.461400   0.022300
1871.230922   12.462840   0.019290
1871.240394   12.446160   0.018650
1871.250018   12.471850   0.020790
1871.259511   12.460920   0.019470
1871.269122   12.462490   0.019860
1871.278903   12.453810   0.018820
1871.288648   12.480210   0.021480
1871.298226   12.465470   0.020050
1871.307789   12.461900   0.022290
1871.317562   12.464490   0.021770
1871.327342   12.441170   0.022340
1871.337079   12.467440   0.024150
1871.346725   12.482040   0.026100
1871.356495   12.481320   0.024610
1871.366277   12.484720   0.027380
1871.375944   12.459470   0.026850
1871.385808   12.457960   0.029650
1871.395399   12.468190   0.031120
1871.404882   12.456570   0.033950
1871.414342   12.481840   0.033950
1871.423744   12.485620   0.033950
1871.433495   12.463640   0.032560
1871.442405   12.458150   0.031060
1871.449670   12.453900   0.031820
1871.455742   12.475000   0.032220
1871.461191   12.536810   0.036900
1871.465968   12.461750   0.033260
1871.469461   12.449040   0.033210
1871.472994   12.437660   0.032850
1871.476070   12.441730   0.031700
1871.477819   12.444380   0.031870
1871.479709   12.442050   0.031710
1871.481438   12.448650   0.031520
1871.550420   12.468040   0.034870
1871.559908   12.469260   0.036030
1871.569340   12.441010   0.037080
1871.578835   12.449440   0.039550
1871.588334   12.413420   0.042780
1871.597765   12.448130   0.054870
1871.607264   12.452090   0.060930
1871.616819   12.489290   0.075130
1871.626324   12.475560   0.086620
1872.324463   12.464730   0.019830
1872.334315   12.460540   0.019920
1872.344041   12.457410   0.020040
1872.353623   12.459630   0.020170
1872.363427   12.452380   0.019460
1872.373279   12.474650   0.018820
1872.383099   12.448680   0.019630
1872.392766   12.459770   0.019170
1872.402203   12.461030   0.019860
1872.412032   12.444830   0.020440
1872.421585   12.490650   0.021250
1872.431130   12.468980   0.023160
1872.439874   12.469090   0.022400
1872.447517   12.464570   0.022170
1872.454162   12.462960   0.022690
1872.459603   12.459110   0.024540
1872.463903   12.476830   0.025170
1872.467716   12.453380   0.024080
1872.470496   12.467180   0.024710
1872.473152   12.451100   0.024710
1872.474857   12.475350   0.025110
1872.476617   12.453810   0.024880
1872.478370   12.461390   0.025000
1872.480228   12.459620   0.025000
1872.541663   12.488940   0.031870
1872.550845   12.471480   0.031640
1872.560270   12.449080   0.033320
1872.569828   12.461660   0.035450
1872.579400   12.460270   0.037180
1872.588943   12.459970   0.041410
1872.598488   12.484380   0.047460
1872.608116   12.450930   0.054270
1872.617527   12.462160   0.062490
1872.627101   12.430140   0.078980
1872.636625   12.469200   0.090260
1872.646041   12.468940   0.124090
1873.229437   12.463590   0.021130
1873.238826   12.460870   0.023100
1873.248403   12.461580   0.021830
1873.258009   12.457490   0.021940
1873.267456   12.448590   0.023450
1873.276959   12.462590   0.023350
1873.286788   12.455000   0.024090
1873.296275   12.478910   0.025030
1873.305896   12.455930   0.027320
1873.315548   12.464560   0.027370
1873.325684   12.467630   0.028640
1873.335346   12.469250   0.031250
1873.344943   12.434270   0.030670
1873.354842   12.437180   0.029280
1873.364691   12.466610   0.032040
1873.374458   12.496820   0.029880
1873.383960   12.455080   0.027670
1873.393856   12.481120   0.029680
1873.403606   12.455200   0.030140
1873.413210   12.478850   0.034440
1873.422938   12.460770   0.033150
1873.432622   12.455420   0.029730
1873.441010   12.473070   0.028010
1873.447044   12.462650   0.027780
1873.453044   12.470470   0.026500
1873.457630   12.473900   0.027890
1873.462090   12.461590   0.027430
1873.465548   12.478450   0.028060
1873.468261   12.461220   0.027660
1873.470892   12.480960   0.029750
1873.472722   12.476880   0.029190
1873.474437   12.448920   0.028240
1873.476606   12.452270   0.040760
1873.539458   12.451700   0.108130
1873.548852   12.503400   0.092610
1873.558313   12.458250   0.071680
1873.567696   12.446680   0.068010
1873.577180   12.508830   0.073920
1873.586745   12.486760   0.064890
1873.596227   12.494470   0.086420
1873.605773   12.460950   0.084490
1873.615321   12.442860   0.081670
1873.624816   12.488910   0.079340
1874.032527   12.480140   0.014670
1874.041923   12.469950   0.015360
1874.051714   12.478430   0.015240
1874.061193   12.463690   0.015190
1874.070741   12.463370   0.015820
1874.080230   12.456130   0.015650
1874.089638   12.470520   0.015470
1874.098984   12.456290   0.016400
1874.108441   12.460710   0.015880
1874.117749   12.460780   0.017270
1874.127103   12.467220   0.016800
1874.136654   12.455440   0.017260
1874.145982   12.465980   0.017380
1874.155173   12.464920   0.018590
1874.164605   12.467540   0.020330
1874.174153   12.471210   0.024320
1874.183645   12.460730   0.031480
1874.193053   12.471990   0.041050
1874.202515   12.442180   0.043900
1874.212179   12.427290   0.045610
1874.222051   12.493490   0.039280
1874.593715   12.457770   0.077010
1874.603390   12.457920   0.068250
1874.613039   12.418580   0.078350
1876.992585   12.464170   0.015470
1877.002277   12.459930   0.016110
1877.012009   12.479370   0.016810
1877.021623   12.464810   0.016220
1877.031340   12.450590   0.018420
1877.041094   12.453700   0.017730
1877.050632   12.462150   0.015480
1877.060512   12.466850   0.016170
1877.070280   12.459410   0.017090
1877.080037   12.462450   0.017390
1877.089835   12.462170   0.016510
1877.099542   12.448680   0.017840
1877.109324   12.447420   0.021360
1877.119234   12.453670   0.020810
1877.128562   12.457980   0.019220
1877.137988   12.465300   0.019060
1877.147449   12.469740   0.023160
1877.157081   12.469920   0.021880
1877.166514   12.468130   0.020500
1877.175811   12.457620   0.019230
1877.185180   12.470800   0.021250
1877.194638   12.460630   0.020370
1877.204359   12.462600   0.019170
1877.213829   12.473660   0.018130
1877.223290   12.462780   0.019570
1877.232928   12.461640   0.019000
1877.242583   12.467390   0.021890
1877.252102   12.477380   0.022060
1877.261424   12.450640   0.021940
1877.271317   12.451840   0.020110
1877.280810   12.453830   0.017840
1877.290913   12.460800   0.020900
1877.300784   12.460990   0.023730
1877.310552   12.477240   0.019810
1877.320329   12.482510   0.023960
1877.330019   12.466640   0.020510
1877.339609   12.452000   0.018530
1877.349339   12.460110   0.021270
1877.359563   12.456760   0.018600
1877.369289   12.459200   0.021420
1877.379166   12.446000   0.020440
1877.389199   12.446740   0.023960
1877.398748   12.480770   0.025870
1877.408188   12.458260   0.024980
1877.417610   12.453800   0.023570
1877.426444   12.447630   0.019920
1877.433416   12.446350   0.022410
1877.439426   12.463940   0.024930
1877.444578   12.473860   0.024670
1877.449101   12.449540   0.020900
1877.452622   12.443410   0.026170
1877.456119   12.454980   0.021830
1877.458826   12.468020   0.021310
1877.460660   12.461260   0.021880
1877.462441   12.450240   0.021710
1877.464144   12.475970   0.022060
1877.465872   12.461860   0.022750
1877.528546   12.498230   0.026790
1877.538164   12.510150   0.028000
1877.547759   12.496730   0.029560
1877.557433   12.494570   0.031070
1877.566991   12.489750   0.030600
1877.956588   12.463800   0.024600
1877.966360   12.476140   0.022400
1877.975795   12.468430   0.017440
1877.985575   12.472620   0.015760
1877.995071   12.461550   0.014900
1878.004964   12.468140   0.014780
1878.014335   12.450620   0.015760
1878.023915   12.453240   0.012870
1878.033403   12.456140   0.014610
1878.042881   12.455730   0.014430
1878.052477   12.470490   0.016400
1878.062202   12.452810   0.015940
1878.072038   12.464530   0.016280
1878.081838   12.459480   0.016920
1878.091595   12.471640   0.015940
1878.101204   12.454460   0.016110
1878.111056   12.477620   0.016920
1878.120475   12.458520   0.016920
1878.129972   12.466190   0.018420
1878.139452   12.461530   0.020790
1878.148981   12.476460   0.034130
1878.158293   12.467390   0.030550
1878.167692   12.464110   0.018710
1878.177309   12.467210   0.018190
1878.186872   12.467580   0.022750
1878.196273   12.481640   0.022920
1878.206054   12.469740   0.025760
1878.215833   12.502080   0.027950
1878.225557   12.443720   0.028930
1878.235117   12.446020   0.023680
1878.244657   12.458350   0.023970
1878.254352   12.461280   0.026040
1878.263984   12.469230   0.028180
1878.273770   12.470050   0.028180
1878.283405   12.453530   0.029460
1878.293079   12.436730   0.028700
1878.302887   12.460500   0.036220
1878.312828   12.428830   0.035530
1878.322431   12.495240   0.037330
1878.332111   12.462240   0.038990
1878.342126   12.468230   0.029140
1878.351898   12.462900   0.032510
1878.361666   12.479280   0.029560
1878.371492   12.467540   0.030440
1878.381052   12.472190   0.035100
1878.390611   12.465200   0.026030
1878.400035   12.469100   0.030370
1878.409523   12.467260   0.029990
1878.419250   12.442440   0.035350
1878.427139   12.469770   0.036140
1878.434256   12.494490   0.028210
1878.439734   12.451290   0.035290
1878.444205   12.466450   0.027650
1878.448555   12.474420   0.028370
1878.452064   12.469410   0.034160
1878.454721   12.477950   0.032290
1878.457364   12.467680   0.033400
1878.459093   12.435540   0.033620
1878.460943   12.470220   0.034770
1878.463071   12.454720   0.046190
1878.523903   12.474250   0.034480
1878.533380   12.453830   0.035470
1878.542754   12.466720   0.033280
1878.552323   12.473950   0.036390
1878.561961   12.459880   0.041300
1878.571685   12.480660   0.057980
1878.581234   12.493690   0.054650
1878.590773   12.471180   0.057310
1878.600390   12.525270   0.078720
1878.885725   12.449580   0.044750
1878.896259   12.473960   0.037120
1878.907039   12.471370   0.034550
1878.917827   12.469470   0.032870
1878.928636   12.471970   0.032790
1878.939490   12.440570   0.028580
1878.950209   12.450010   0.023910
1878.960985   12.443870   0.023100
1878.971663   12.457970   0.021250
1878.982256   12.445820   0.022350
1878.992862   12.462850   0.020900
1879.003349   12.462870   0.022880
1879.014056   12.465980   0.022690
1879.024781   12.471570   0.023100
1879.035403   12.453940   0.025350
1879.046338   12.464190   0.025520
1879.056998   12.482050   0.026910
1879.067120   12.470880   0.027020
1879.077625   12.436580   0.026500
1879.087804   12.461250   0.027780
1879.097718   12.448380   0.030140
1879.108265   12.456830   0.032220
1879.118677   12.472010   0.034180
1879.128946   12.451860   0.027510
1879.138951   12.437310   0.032110
1879.148948   12.436670   0.037300
1879.158753   12.447220   0.040020
1879.168681   12.496710   0.040120
1879.178653   12.467220   0.039730
1879.188532   12.442970   0.041170
1879.198658   12.458470   0.041650
1879.208980   12.452790   0.042050
1879.219105   12.438630   0.041840
1879.229198   12.463350   0.043550
1879.239692   12.444930   0.043710
1879.249885   12.462710   0.040840
1879.259988   12.470440   0.038990
1879.270136   12.453850   0.037890
1879.279998   12.430160   0.031190
1879.290256   12.476510   0.039620
1879.300321   12.444850   0.038680
1879.310604   12.456020   0.037820
1879.321132   12.442820   0.039660
1879.331398   12.432290   0.040250
1879.341711   12.463750   0.039290
1879.352168   12.456610   0.039820
1879.362239   12.448240   0.041310
1879.372581   12.474190   0.040320
1879.383093   12.470580   0.023900
1879.393142   12.470610   0.044400
1879.403333   12.480240   0.043660
1879.413718   12.484510   0.042810
1879.422210   12.459300   0.046660
1879.430290   12.484250   0.046550
1879.436891   12.457080   0.047430
1879.441492   12.468950   0.050630
1879.445571   12.485450   0.049970
1879.449457   12.471100   0.051490
1879.452342   12.456020   0.039420
1879.454194   12.473190   0.051000
1879.456055   12.474460   0.041670
1879.457932   12.472960   0.051260
1879.460282   12.458400   0.076670
1879.524043   12.449730   0.065580
1879.534146   12.499130   0.065900
1879.544253   12.464060   0.071670
1879.554321   12.466680   0.039200
1879.564508   12.500090   0.075120
1879.574677   12.478540   0.073990
1879.584814   12.445180   0.075600
1879.594935   12.435810   0.077540
1879.605121   12.379250   0.080520
1879.615186   12.520360   0.089340
1879.625350   12.439350   0.097150
1879.885631   12.425490   0.055920
1879.895153   12.429060   0.049780
1879.904711   12.431860   0.034700
1879.914664   12.461060   0.029270
1879.924232   12.445670   0.023580
1879.933937   12.461170   0.020790
1879.943742   12.462680   0.017680
1879.953178   12.479730   0.013370
1879.962965   12.465840   0.015130
1879.972299   12.477560   0.014840
1879.982133   12.469140   0.015300
1879.991480   12.461240   0.016110
1880.001350   12.471140   0.017090
1880.010995   12.461650   0.019350
1880.020489   12.486200   0.019750
1880.030167   12.470110   0.019580
1880.040004   12.465380   0.018300
1880.050020   12.461800   0.019170
1880.059700   12.466440   0.019810
1880.069635   12.469640   0.020570
1880.079469   12.466230   0.021130
1880.089000   12.477580   0.020060
1880.098524   12.461950   0.021940
1880.108072   12.469120   0.023210
1880.117530   12.454900   0.019570
1880.127140   12.466780   0.021540
1880.200091   12.472270   0.024190
1880.209735   12.461070   0.026330
1880.219431   12.454370   0.025140
1880.229324   12.459560   0.022230
1880.238989   12.456260   0.021360
1880.248836   12.458870   0.020380
1880.258298   12.447260   0.021130
1880.267686   12.461700   0.023100
1880.277275   12.460720   0.023740
1880.286928   12.467720   0.027480
1880.306613   12.477250   0.022980
1880.369120   12.473350   0.022180
1880.684731   12.476410   0.060970
1880.693935   12.496210   0.059480
1880.703424   12.448270   0.066230
1880.712965   12.461670   0.081230
1880.722745   12.473310   0.096430
1880.732752   12.473340   0.125480
1880.967707   12.447470   0.025980
1880.977730   12.487060   0.025690
1880.987626   12.445400   0.020380
1880.997175   12.451120   0.018770
1881.007352   12.449840   0.019520
1881.017262   12.451960   0.020450
1881.027023   12.457960   0.021480
1881.036583   12.468010   0.021070
1881.046307   12.470280   0.021670
1881.055914   12.475940   0.024650
1881.065565   12.461740   0.024140
1881.075352   12.455620   0.025410
1881.085120   12.477750   0.023670
1881.094964   12.454490   0.022640
1881.104801   12.458470   0.019580
1881.114937   12.456310   0.028060
1881.124474   12.456980   0.024910
1881.134326   12.471210   0.026620
1881.143810   12.459480   0.018820
1881.153419   12.467390   0.026390
1881.163015   12.454280   0.023150
1881.171357   12.466220   0.019110
1881.180981   12.467390   0.020440
1881.190627   12.481580   0.017380
1881.200550   12.482250   0.018650
1881.210473   12.469960   0.019920
1881.220305   12.466370   0.021190
1881.230199   12.466480   0.020790
1881.239668   12.465140   0.022000
1881.249328   12.467760   0.021540
1881.258917   12.478650   0.021310
1881.268352   12.447600   0.022000
1881.278189   12.467260   0.021880
1881.288137   12.475350   0.022580
1881.297680   12.450330   0.022230
1881.307337   12.492710   0.023440
1881.317394   12.456890   0.024140
1881.327336   12.474660   0.025230
1881.337373   12.474210   0.024710
1881.347129   12.475540   0.025240
1881.357110   12.474830   0.025990
1881.366722   12.483230   0.026510
1881.376276   12.477180   0.026960
1881.386104   12.470450   0.028290
1881.395996   12.456730   0.028060
1881.405772   12.447580   0.029220
1881.414838   12.486780   0.029110
1881.422098   12.466740   0.029450
1881.428287   12.467580   0.030430
1881.433496   12.458110   0.030790
1881.437835   12.460210   0.029450
1881.441542   12.455190   0.032630
1881.445078   12.457340   0.031580
1881.447777   12.455030   0.032350
1881.449541   12.465280   0.032340
1881.451276   12.449060   0.032360
1881.453055   12.452210   0.032000
1881.455245   12.461670   0.045590
1881.512259   12.474630   0.032680
1881.522032   12.455320   0.034650
1881.531584   12.494460   0.037790
1881.541053   12.460870   0.037150
1881.550943   12.437910   0.036330
1881.560601   12.465340   0.037880
1881.570473   12.462650   0.036660
1881.580253   12.483810   0.043610
1881.589860   12.473340   0.039490
1881.599577   12.501560   0.045770
1881.609472   12.459260   0.042180
1881.619114   12.471380   0.047030
1881.628942   12.466300   0.054190
1881.638590   12.475090   0.051700
1881.648351   12.481850   0.063900
1881.787777   12.418590   0.117330
1881.797497   12.454680   0.117430
1881.807277   12.507510   0.101790
1881.816745   12.502750   0.083340
1881.826319   12.467910   0.066810
1881.835921   12.453480   0.056000
1881.845731   12.478180   0.049040
1881.855252   12.503090   0.042060
1881.864967   12.469500   0.036620
1881.874874   12.495700   0.034410
1881.884546   12.472570   0.030770
1881.894462   12.469860   0.025700
1881.904494   12.472870   0.022630
1881.914271   12.476540   0.022060
1881.923884   12.471520   0.022110
1881.933466   12.481230   0.021540
1881.943231   12.471760   0.021360
1881.952875   12.459750   0.027430
1881.962633   12.459530   0.031360
1881.972149   12.447350   0.033780
1881.982098   12.452850   0.033490
1881.992169   12.478680   0.043810
1882.001889   12.460610   0.049020
1882.011594   12.464270   0.046890
1882.021627   12.446350   0.037070
1882.031644   12.460020   0.041690
1882.041324   12.482300   0.039880
1882.051198   12.458560   0.037460
1882.060871   12.457180   0.037550
1882.070604   12.468690   0.060440
1882.080330   12.465760   0.028180
1882.090096   12.486040   0.062750
1882.099569   12.470320   0.097820
1882.109365   12.472250   0.049780
1882.121972   12.464920   0.039810
1882.131558   12.473170   0.032510
1882.141120   12.517530   0.051270
1882.150540   12.461140   0.034770
1882.160119   12.476260   0.037750
1882.169652   12.448670   0.039330
1882.179008   12.459070   0.038690
1882.188466   12.446400   0.041190
1882.198063   12.444200   0.047410
1882.208031   12.461730   0.084300
1882.217722   12.442260   0.069060
1882.227231   12.470010   0.059400
1882.236839   12.492570   0.062680
1882.246327   12.414390   0.083260
1882.256107   12.522020   0.085930
1882.266006   12.450150   0.074370
1882.275585   12.441580   0.070610
1882.285301   12.439540   0.068620
1882.295361   12.407210   0.066820
1882.305067   12.462560   0.085440
1882.315073   12.490710   0.100680
1882.325032   12.464690   0.064520
1882.334886   12.444600   0.058860
1882.344919   12.542290   0.072690
1882.354771   12.448330   0.074320
1882.364587   12.482350   0.063060
1882.374737   12.479330   0.060350
1882.394964   12.487700   0.125110
1883.093660   12.475500   0.028640
1883.103366   12.469590   0.048540
1883.112818   12.487220   0.030120
1883.122237   12.441030   0.034990
1883.131900   12.475600   0.027710
1883.141295   12.507510   0.030810
1883.150882   12.460330   0.033180
1883.160374   12.472060   0.038000
1883.169871   12.463790   0.040030
1883.179271   12.461730   0.027710
1883.188727   12.467750   0.028650
1883.198404   12.475280   0.035740
1883.207904   12.470750   0.034760
1883.217549   12.453310   0.038280
1883.226897   12.468140   0.039510
1883.236210   12.448710   0.038580
1883.245790   12.471180   0.036780
1883.255334   12.461230   0.040020
1883.265175   12.425910   0.038770
1883.274780   12.463030   0.039850
1883.284849   12.453930   0.053960
1883.294394   12.470560   0.057230
1883.304305   12.448120   0.052110
1883.314080   12.447680   0.061680
1883.323720   12.435930   0.052140
1883.333437   12.454000   0.047930
1883.343435   12.476740   0.050830
1883.353548   12.439810   0.054260
1883.363493   12.477430   0.044360
1883.373027   12.475100   0.046410
1883.382657   12.447660   0.048970
1883.392439   12.484550   0.044880
1883.402040   12.468830   0.044590
1883.410061   12.480260   0.047040
1883.417485   12.477540   0.053130
1883.423677   12.456600   0.047860
1883.428949   12.492260   0.049710
1883.433300   12.511700   0.060140
1883.436812   12.475910   0.047520
1883.440325   12.514020   0.056180
1883.443180   12.466330   0.044690
1883.444926   12.505700   0.049150
1883.446707   12.437070   0.046360
1883.448508   12.474560   0.047820
1883.507335   12.474480   0.051550
1883.517022   12.458650   0.048920
1883.526655   12.463110   0.056250
1883.536232   12.448120   0.060960
1883.545818   12.428260   0.060250
1883.555341   12.434870   0.061220
1883.565051   12.432570   0.057390
1883.574608   12.462330   0.058340
1883.584302   12.504500   0.056360
1883.593915   12.449150   0.049380
1884.099534   12.487420   0.014150
1884.109140   12.507000   0.013740
1884.118686   12.494730   0.016980
1884.128292   12.479880   0.022310
1884.137551   12.495710   0.015830
1884.147279   12.488510   0.017550
1884.156774   12.497820   0.019000
1884.166197   12.508980   0.023790
1884.175960   12.474170   0.022830
1884.185414   12.473010   0.020790
1884.194977   12.469980   0.016290
1884.204574   12.458460   0.018360
1884.214174   12.458070   0.016220
1884.223839   12.459450   0.019920
1884.233272   12.445160   0.027080
1884.242628   12.447210   0.014490
1884.252195   12.462700   0.014380
1884.261682   12.454740   0.014610
1884.271201   12.457500   0.014550
1884.280876   12.444380   0.016000
1884.290846   12.461660   0.016980
1884.300573   12.454780   0.019180
1884.310420   12.453720   0.029980
1884.320206   12.448950   0.018130
1884.330156   12.456450   0.018530
1884.340081   12.466360   0.023850
1884.350052   12.468740   0.022110
1884.360119   12.450650   0.018770
1884.370060   12.454630   0.017780
1884.379738   12.472190   0.019990
1884.389528   12.475520   0.015700
1884.399065   12.456450   0.016400
1884.406881   12.457770   0.020320
1884.413865   12.463170   0.022640
1884.420368   12.452500   0.026140
1884.425635   12.462590   0.017610
1884.430150   12.461100   0.015300
1884.433678   12.468820   0.017380
1884.437202   12.447500   0.017210
1884.439908   12.463480   0.018710
1884.441669   12.461250   0.018200
1884.443407   12.461110   0.017780
1884.445186   12.450420   0.017150
1884.446926   12.453170   0.024280
1884.503638   12.471940   0.015820
1884.513187   12.473610   0.019270
1884.522993   12.461840   0.015650
1884.532900   12.486030   0.014670
1884.542819   12.453890   0.017960
1884.552706   12.468910   0.020220
1884.562458   12.451480   0.013220
1884.572213   12.465150   0.016930
1884.581820   12.455520   0.013800
1884.591479   12.467420   0.018080
1884.600983   12.455980   0.015880
1884.610820   12.462440   0.014780
1884.886961   12.457120   0.036790
1884.896459   12.413560   0.040810
1884.906042   12.439790   0.037710
1884.915643   12.468040   0.048640
1884.925737   12.448200   0.034420
1884.935570   12.440260   0.048630
1884.945448   12.430420   0.037980
1884.954875   12.466550   0.043380
1884.964329   12.488380   0.041460
1884.974229   12.440320   0.046940
1884.983546   12.444110   0.048190
1884.993441   12.455550   0.043080
1885.003341   12.462220   0.038180
1885.013229   12.478840   0.044530
1885.022911   12.450910   0.046690
1885.032502   12.490630   0.050930
1885.042137   12.467350   0.050490
1885.052183   12.466860   0.054070
1885.061957   12.485070   0.062730
1885.071678   12.451410   0.063630
1885.081285   12.433270   0.067350
1885.090973   12.443270   0.061730
1885.100847   12.520430   0.060740
1885.278794   12.453280   0.035740
1885.288696   12.461670   0.046370
1885.298475   12.476800   0.038100
1885.308250   12.454290   0.037920
1885.318087   12.487240   0.040420
1885.328301   12.469030   0.047890
1885.338173   12.519920   0.069990
1885.347960   12.514700   0.058950
1885.357853   12.426830   0.061560
1885.367578   12.444520   0.064670
1885.377344   12.420630   0.076510
1885.386938   12.455070   0.078310
1885.396599   12.470630   0.064780
1885.404395   12.447290   0.056670
1885.411445   12.556600   0.071770
1885.417511   12.461020   0.070850
1885.422892   12.473470   0.070500
1885.427461   12.484020   0.068390
1885.430989   12.481390   0.055320
1885.434637   12.494240   0.063580
1885.437356   12.486370   0.062380
1885.439093   12.468660   0.061770
1885.440855   12.501150   0.062390
1885.442624   12.452130   0.057240
1885.444416   12.481500   0.061710
1885.502228   12.419820   0.064050
1885.531512   12.463700   0.060080
1885.541243   12.472690   0.068370
1885.551133   12.430370   0.060000
1885.560860   12.469140   0.053600
1885.570601   12.440700   0.055650
1885.580236   12.402850   0.068080
1885.590133   12.453620   0.049310
1886.072366   12.440790   0.012940
1886.082057   12.456300   0.014030
1886.091456   12.455690   0.014670
1886.101064   12.455260   0.015360
1886.110701   12.464950   0.014720
1886.120214   12.466250   0.014950
1886.129544   12.471290   0.015770
1886.138882   12.472550   0.016050
1886.148233   12.452150   0.015760
1886.157943   12.465170   0.016510
1886.167550   12.472810   0.018890
1886.177101   12.466140   0.018300
1886.186997   12.478380   0.019630
1886.196609   12.464990   0.020550
1886.206153   12.460640   0.022690
1886.215757   12.461200   0.024660
1886.225422   12.445250   0.032500
1886.234829   12.471410   0.031420
1886.244630   12.449280   0.032060
1886.254426   12.453550   0.023450
1886.263771   12.481030   0.019650
1886.273578   12.467340   0.034800
1886.283270   12.467120   0.019190
1886.293134   12.465870   0.020680
1886.303115   12.456960   0.023680
1886.312914   12.461220   0.021590
1886.322818   12.481290   0.022290
1886.332859   12.464080   0.022580
1886.342543   12.473710   0.020840
1886.352534   12.485340   0.021540
1886.362281   12.453480   0.022980
1886.372003   12.472780   0.024540
1886.381496   12.463590   0.025170
1886.391198   12.460540   0.026210
1886.399994   12.467210   0.026690
1886.408171   12.457060   0.027540
1886.414363   12.460110   0.035040
1886.419581   12.488350   0.033460
1886.423873   12.448670   0.031200
1886.427459   12.470370   0.030040
1886.431086   12.478060   0.029160
1886.433748   12.502490   0.035260
1886.435540   12.439970   0.037390
1886.437293   12.421460   0.031940
1886.439058   12.464400   0.031480
1886.441348   12.472570   0.064730
