1863.169882   14.713730   0.116660
1863.179028   14.779360   0.125630
1863.188264   14.700650   0.072200
1863.206377   14.660660   0.101190
1863.251898   14.720870   0.073100
1863.260902   14.699400   0.104940
1863.279229   14.694780   0.079200
1863.288188   14.712510   0.072700
1863.297662   14.798460   0.128280
1863.325108   14.615120   0.074200
1863.353962   14.640110   0.104600
1863.363511   14.719100   0.123190
1863.372640   14.713490   0.118180
1863.381795   14.719060   0.113270
1863.391577   14.689310   0.123450
1863.400517   14.644130   0.071200
1863.410003   14.780910   0.078100
1864.122118   14.723000   0.096810
1864.131216   14.726990   0.125290
1864.140349   14.708180   0.114850
1864.149328   14.685570   0.114160
1864.158727   14.702640   0.104940
1864.177441   14.686160   0.101330
1864.186471   14.726320   0.100020
1864.195786   14.775600   0.106920
1864.204761   14.773760   0.116650
1864.213956   14.670080   0.106140
1864.223275   14.778480   0.108660
1864.232312   14.711170   0.125880
1864.241734   14.749080   0.127320
1864.250994   14.769400   0.114240
1864.260292   14.722150   0.127190
1864.269452   14.667710   0.112050
1864.278789   14.831640   0.106140
1864.288193   14.674870   0.076200
1864.297228   14.737860   0.126010
1864.306785   14.674270   0.100900
1864.315829   14.628660   0.069100
1864.325087   14.776510   0.079700
1864.334830   14.791600   0.103460
1865.180915   14.742380   0.104720
1865.189934   14.694520   0.080160
1865.199137   14.680690   0.101050
1865.208040   14.746400   0.083850
1865.217207   14.798400   0.121570
1865.226382   14.691650   0.110690
1865.236009   14.746760   0.094850
1865.245963   14.736910   0.095820
1865.255783   14.680830   0.115080
1865.285815   14.666190   0.095290
1865.306032   14.603020   0.067800
1865.316145   14.714940   0.124490
1866.165339   14.746410   0.090250
1866.174723   14.714100   0.088520
1866.184057   14.707500   0.091290
1866.193487   14.677620   0.072560
1866.202706   14.672030   0.093210
1866.212035   14.725770   0.097360
1866.221409   14.713830   0.097010
1866.230791   14.724570   0.093450
1866.240551   14.752480   0.091430
1866.250004   14.660890   0.091750
1866.259354   14.731910   0.092440
1867.193045   14.707940   0.065910
1867.202355   14.726200   0.068070
1867.211516   14.730480   0.068940
1867.220585   14.728160   0.076250
1867.230131   14.725660   0.076500
1867.239707   14.691120   0.074200
1867.249230   14.665070   0.072410
1867.258785   14.764710   0.075140
1867.268385   14.791200   0.079390
1867.277702   14.686370   0.077190
1867.287153   14.690620   0.077720
1867.296854   14.717430   0.081960
1867.306121   14.722450   0.083380
1867.315500   14.720700   0.078710
1867.325094   14.760340   0.088600
1867.334502   14.700640   0.088420
1867.344482   14.786540   0.094660
1867.354030   14.712310   0.090610
1867.363492   14.742680   0.103960
1867.372735   14.747860   0.098890
1867.382212   14.655340   0.093340
1867.391671   14.692680   0.103610
1867.401392   14.654540   0.097200
1867.410805   14.765300   0.096940
1867.420365   14.682600   0.093980
1867.429722   14.714320   0.121830
1867.439192   14.727430   0.125150
1867.448727   14.749740   0.073000
1867.456168   14.707610   0.113420
1867.463320   14.689140   0.118240
1867.469421   14.748640   0.125120
1867.473939   14.702610   0.103700
1867.478291   14.727840   0.099210
1867.481655   14.739250   0.100290
1867.484335   14.721780   0.103930
1867.486951   14.688300   0.104850
1867.488639   14.767300   0.108030
1867.490315   14.762560   0.116030
1867.492002   14.765050   0.110270
1867.493724   14.735650   0.104970
1868.197661   14.703620   0.122650
1868.207046   14.666420   0.094680
1868.225833   14.643910   0.068900
1870.219778   14.660270   0.079870
1870.229270   14.689590   0.080610
1870.238762   14.736660   0.089560
1870.248135   14.658180   0.085860
1870.257691   14.712140   0.095510
1870.267266   14.744420   0.094740
1870.276950   14.779950   0.097340
1870.286498   14.802420   0.100670
1870.295849   14.718460   0.091040
1870.305565   14.758540   0.099930
1870.315197   14.748430   0.108750
1870.325274   14.775350   0.114280
1870.335174   14.748060   0.095120
1870.344892   14.689280   0.106150
1870.354573   14.703900   0.119840
1871.136689   14.748770   0.099290
1871.146179   14.697390   0.088450
1871.155384   14.764740   0.093540
1871.164955   14.835530   0.106760
1871.174269   14.763620   0.100990
1871.183469   14.658850   0.103160
1871.192872   14.655410   0.094520
1871.202392   14.710130   0.104890
1871.211865   14.676240   0.113460
1871.221273   14.732240   0.117040
1871.230922   14.691980   0.108210
1871.240394   14.676850   0.102480
1871.250018   14.624160   0.103300
1871.259511   14.689330   0.107830
1871.269122   14.793290   0.107240
1871.278903   14.695830   0.104650
1871.288648   14.768190   0.116640
1871.298226   14.763320   0.111210
1871.307789   14.817510   0.119400
1871.317562   14.749410   0.112550
1871.327342   14.689370   0.120700
1871.337079   14.676660   0.068500
1871.356495   14.712910   0.125590
1871.375791   14.643300   0.069900
1872.324463   14.707320   0.103540
1872.334315   14.678060   0.105550
1872.344041   14.786800   0.111590
1872.353623   14.732790   0.112760
1872.363427   14.788800   0.111840
1872.373279   14.757240   0.101660
1872.383099   14.757540   0.107410
1872.392766   14.707330   0.103680
1872.402203   14.807130   0.110430
1872.412032   14.764780   0.117810
1872.421585   14.744350   0.116300
1872.430977   14.695940   0.064300
1872.439874   14.726600   0.123460
1872.447517   14.734170   0.122550
1872.454162   14.693530   0.121600
1872.467562   14.707740   0.071700
1872.470343   14.546290   0.071400
1872.475010   14.642510   0.074200
1872.480304   14.659730   0.103660
1873.229437   14.719070   0.118300
1873.238826   14.714830   0.119870
1873.248403   14.860980   0.126140
1873.257932   14.654820   0.097680
1873.267610   14.765250   0.075500
1873.276959   14.700460   0.101760
1873.286788   14.623170   0.069500
1873.296198   14.693950   0.101190
1874.032527   14.733760   0.083210
1874.041923   14.693940   0.090440
1874.051714   14.673120   0.087330
1874.061193   14.688650   0.086900
1874.070741   14.683680   0.095740
1874.080230   14.698680   0.089620
1874.089638   14.701630   0.093540
1874.098984   14.697420   0.095590
1874.108441   14.633490   0.086770
1874.117749   14.765680   0.101110
1874.127103   14.735280   0.098290
1874.136654   14.702500   0.096210
1874.145982   14.747120   0.098130
1874.155173   14.701800   0.108490
1874.164605   14.798670   0.115640
1874.174076   14.679090   0.103400
1876.992585   14.723120   0.092010
1877.002277   14.676400   0.090510
1877.012009   14.715830   0.097690
1877.021623   14.727210   0.093360
1877.031340   14.763720   0.109700
1877.041094   14.754920   0.103730
1877.050632   14.708350   0.090400
1877.060512   14.684340   0.094420
1877.070280   14.776630   0.097770
1877.080037   14.676180   0.093650
1877.089835   14.710290   0.095520
1877.099542   14.765620   0.099840
1877.109401   14.676540   0.086240
1877.119234   14.663050   0.111300
1877.128562   14.748780   0.106880
1877.137988   14.743940   0.106480
1877.147296   14.746980   0.065100
1877.157082   14.704090   0.088230
1877.166514   14.719890   0.107410
1877.175811   14.659810   0.101200
1877.185103   14.795790   0.088530
1877.194638   14.755000   0.108750
1877.204359   14.738750   0.109220
1877.213829   14.702270   0.101490
1877.223290   14.621500   0.104330
1877.232928   14.737900   0.107730
1877.242660   14.715100   0.090580
1877.251949   14.817590   0.069600
1877.261424   14.745390   0.110140
1877.271317   14.743920   0.107700
1877.280810   14.750970   0.098640
1877.290913   14.710490   0.109120
1877.310552   14.692030   0.105230
1877.330019   14.740230   0.104610
1877.339609   14.690790   0.100830
1877.349339   14.635900   0.105890
1877.359563   14.639740   0.100750
1877.369289   14.662510   0.106020
1877.379166   14.726920   0.112210
1877.417456   14.603440   0.063900
1877.426444   14.769680   0.120550
1877.433416   14.695860   0.122940
1877.439579   14.720810   0.076600
1877.444578   14.623200   0.102170
1877.449101   14.726140   0.126600
1877.452776   14.715600   0.073400
1877.456119   14.707740   0.123980
1877.458826   14.700270   0.126570
1877.460660   14.639940   0.070100
1877.462441   14.747610   0.125670
1877.464221   14.590240   0.096950
1877.465796   14.736240   0.102820
1877.966206   14.723180   0.073400
1877.975795   14.732610   0.103300
1877.985575   14.683610   0.088650
1877.995071   14.718320   0.087180
1878.004964   14.701730   0.082500
1878.014335   14.706660   0.088650
1878.023915   14.747880   0.078490
1878.033403   14.729490   0.084830
1878.042881   14.723590   0.081330
1878.052477   14.752030   0.092160
1878.062202   14.749740   0.093620
1878.072038   14.752130   0.095220
1878.081838   14.721440   0.099720
1878.091595   14.744090   0.089640
1878.101204   14.748710   0.094050
1878.111056   14.708960   0.097200
1878.120475   14.674560   0.095440
1878.129972   14.730960   0.101100
1878.139452   14.669320   0.109820
1878.167692   14.680940   0.101490
1878.177309   14.708450   0.101370
1878.186872   14.713560   0.127310
1878.196273   14.716040   0.124260
1878.235117   14.741940   0.103430
1878.244733   14.739780   0.105540
1878.254506   14.688260   0.079200
1878.960832   14.690750   0.074200
1878.971663   14.782990   0.124660
1878.982180   14.723820   0.100420
1878.992862   14.813430   0.120050
1879.003272   14.656120   0.098930
1879.013980   14.738530   0.102000
1879.024705   14.714310   0.104960
1879.087957   14.673850   0.077500
1879.933937   14.713210   0.100920
1879.943742   14.779260   0.110230
1879.953255   14.811210   0.102320
1879.962965   14.722000   0.090960
1879.972299   14.681330   0.082590
1879.982133   14.664940   0.089240
1879.991480   14.714860   0.097130
1880.001350   14.696460   0.100950
1880.010995   14.733770   0.108060
1880.020489   14.695300   0.107980
1880.030167   14.743700   0.109190
1880.040004   14.717240   0.112180
1880.050020   14.701700   0.110320
1880.059700   14.759400   0.113390
1880.069635   14.688650   0.111800
1880.079469   14.735670   0.112990
1880.089000   14.746840   0.090590
1880.098524   14.720650   0.069400
1880.117530   14.704980   0.114920
1880.127140   14.678480   0.113150
1880.200244   14.846100   0.065900
1880.229324   14.745330   0.118750
1880.238989   14.696230   0.117460
1880.248836   14.695300   0.117560
1880.258298   14.679130   0.123490
1880.277275   14.700760   0.096120
1880.306536   14.731740   0.100700
1880.369273   14.762570   0.071200
1880.987626   14.827300   0.117900
1880.997175   14.712250   0.111380
1881.007352   14.767310   0.112640
1881.017185   14.761680   0.093070
1881.027023   14.675400   0.114880
1881.036583   14.671760   0.112440
1881.046306   14.694160   0.092960
1881.085120   14.764380   0.067400
1881.094887   14.733580   0.095740
1881.104801   14.723740   0.115900
1881.143810   14.739040   0.113790
1881.171357   14.677450   0.107900
1881.180981   14.771620   0.126200
1881.190627   14.720400   0.103430
1881.200550   14.662430   0.106890
1881.210473   14.676140   0.114320
1881.220305   14.780880   0.099520
1881.230199   14.759730   0.122750
1881.239668   14.755680   0.104610
1881.249251   14.697210   0.097030
1881.258917   14.678730   0.124830
1881.268352   14.719830   0.128200
1881.278189   14.742580   0.129690
1881.288290   14.793010   0.077800
1881.297833   14.710500   0.075400
1881.307414   14.708960   0.108610
1881.317547   14.737330   0.075200
1881.337526   14.679710   0.075100
1881.366875   14.617080   0.077300
1881.904341   14.650710   0.066500
1881.914271   14.690140   0.124710
1881.923884   14.705950   0.068400
1881.933466   14.720380   0.123700
1881.943231   14.799780   0.124470
1884.099534   14.638720   0.084200
1884.109140   14.702690   0.085970
1884.118686   14.733500   0.103250
1884.137551   14.751460   0.095530
1884.147279   14.721060   0.108960
1884.156774   14.682380   0.108460
1884.175960   14.773860   0.099930
1884.185414   14.794400   0.064700
1884.194977   14.725180   0.098890
1884.204574   14.727810   0.110140
1884.214174   14.704900   0.095260
1884.223915   14.685270   0.077040
1884.242628   14.660470   0.086800
1884.252195   14.686010   0.088760
1884.261682   14.732010   0.090650
1884.271201   14.691510   0.088880
1884.280876   14.762510   0.095940
1884.290846   14.721800   0.100960
1884.300573   14.768100   0.117300
1884.320206   14.635170   0.104110
1884.330156   14.720840   0.111620
1884.350052   14.720400   0.118360
1884.360119   14.707600   0.106200
1884.370060   14.690670   0.111500
1884.379738   14.719090   0.115640
1884.389528   14.694000   0.095510
1884.399065   14.773710   0.102780
1884.406881   14.758270   0.112730
1884.413941   14.705950   0.101700
1884.425635   14.699310   0.104230
1884.430150   14.708800   0.093750
1884.433678   14.742000   0.106970
1884.437202   14.697030   0.105880
1884.439908   14.708780   0.109900
1884.441669   14.738880   0.110110
1884.443407   14.716290   0.108140
1884.445186   14.813580   0.104740
1884.503638   14.694460   0.094180
1884.513187   14.681480   0.107950
1884.522993   14.707380   0.095750
1884.532900   14.706490   0.084770
1884.542895   14.663070   0.081820
1884.552782   14.799010   0.054800
1884.562458   14.696120   0.074890
1884.572213   14.719400   0.098520
1884.581820   14.729080   0.082570
1884.591479   14.703790   0.108300
1884.600983   14.767960   0.097290
1884.610820   14.693360   0.086150
1886.072366   14.701740   0.075150
1886.082057   14.731820   0.085970
1886.091456   14.720460   0.088310
1886.101064   14.725650   0.089190
1886.110701   14.721740   0.088040
1886.120214   14.704530   0.088900
1886.129544   14.736500   0.088650
1886.138882   14.709220   0.093910
1886.148233   14.699430   0.096910
1886.157943   14.792350   0.097910
1886.167473   14.708580   0.088180
1886.177101   14.752710   0.110450
1886.186997   14.775480   0.114280
1886.196609   14.721230   0.118250
1886.206153   14.733040   0.131180
1886.215833   14.688140   0.104730
1886.263771   14.746830   0.111630
1886.283270   14.705040   0.109760
1886.293134   14.697960   0.112320
1886.302962   14.671450   0.068300
1886.312914   14.717070   0.118130
1886.322742   14.649710   0.099460
1886.332859   14.727530   0.116930
1886.342543   14.778370   0.121960
1886.352534   14.744010   0.118900
1886.362281   14.653660   0.121430
