1863.169882   14.157040   0.072350
1863.179028   14.183330   0.083250
1863.188111   14.208810   0.097360
1863.197263   14.171550   0.091110
1863.206453   14.199280   0.090540
1863.215516   14.223930   0.111920
1863.224486   14.106300   0.100750
1863.233708   14.264720   0.111710
1863.243026   14.088750   0.110370
1863.252052   14.162480   0.099630
1863.260978   14.132570   0.091970
1863.270074   14.246560   0.110600
1863.279229   14.194270   0.094510
1863.288341   14.122760   0.088460
1863.297662   14.120600   0.086650
1863.306748   14.136930   0.094640
1863.315898   14.179280   0.098650
1863.325261   14.257200   0.098640
1863.334632   14.182540   0.094290
1863.344416   14.181990   0.096730
1863.353962   14.212440   0.096620
1863.363511   14.148140   0.082280
1863.372640   14.185060   0.075570
1863.381795   14.161490   0.075660
1863.391577   14.187670   0.086440
1863.400670   14.170390   0.086110
1863.410157   14.156540   0.094590
1863.419415   14.208600   0.097650
1863.428728   14.195160   0.101720
1863.438171   14.191750   0.105210
1863.447725   14.122620   0.112980
1863.457038   14.166630   0.123550
1863.464514   14.244890   0.072100
1863.477686   14.061590   0.073700
1863.482900   14.115430   0.069000
1864.122118   14.173830   0.060300
1864.131216   14.157130   0.084700
1864.140349   14.176160   0.072290
1864.149328   14.167970   0.072700
1864.158727   14.190210   0.066930
1864.168077   14.189430   0.094420
1864.177441   14.177630   0.084620
1864.186471   14.157520   0.063240
1864.195786   14.181770   0.085730
1864.204761   14.212530   0.071180
1864.213956   14.161460   0.072870
1864.223275   14.206060   0.071940
1864.232312   14.165190   0.081010
1864.241734   14.204850   0.080390
1864.250994   14.196260   0.069500
1864.260292   14.201970   0.084150
1864.269452   14.177970   0.077930
1864.278712   14.147380   0.091900
1864.288040   14.138110   0.091110
1864.297228   14.160280   0.086490
1864.306786   14.134410   0.085810
1864.315982   14.188440   0.094000
1864.325240   14.181950   0.088620
1864.334830   14.226430   0.089980
1864.344223   14.172590   0.119660
1864.353629   14.165210   0.115720
1864.362884   14.135530   0.117410
1864.372284   14.172850   0.075600
1864.381641   14.204730   0.099340
1864.391386   14.169030   0.106230
1864.401175   14.118570   0.126720
1864.410777   14.191610   0.127260
1864.420158   14.121210   0.119420
1864.429378   14.103100   0.105190
1865.081649   14.147550   0.099820
1865.090914   14.205240   0.105590
1865.103000   14.228720   0.099780
1865.112265   14.126960   0.092500
1865.121493   14.247790   0.116190
1865.180915   14.174240   0.065910
1865.189934   14.191370   0.053130
1865.199137   14.166750   0.066890
1865.208040   14.228400   0.053700
1865.217207   14.201210   0.076230
1865.226382   14.175840   0.075940
1865.235932   14.125150   0.081680
1865.245886   14.168380   0.081040
1865.255783   14.118970   0.082360
1865.265750   14.197970   0.109190
1865.275774   14.180100   0.093180
1865.285892   14.176650   0.084590
1865.295973   14.236790   0.093410
1865.306185   14.202000   0.093070
1865.316145   14.151960   0.086650
1865.326150   14.217000   0.100140
1865.336276   14.093170   0.111950
1865.346577   14.115830   0.098360
1865.356675   14.152010   0.098170
1865.366659   14.221740   0.115050
1865.376904   14.211080   0.109500
1865.387088   14.132120   0.107450
1865.397153   14.188880   0.119070
1865.407149   14.066320   0.103450
1865.417333   14.124070   0.102120
1865.427630   14.159420   0.110820
1865.437669   14.148890   0.107230
1865.448171   14.122320   0.125930
1866.165339   14.139310   0.056450
1866.174723   14.201110   0.053190
1866.184057   14.170500   0.055840
1866.193410   14.136800   0.057560
1866.202706   14.219710   0.058820
1866.212035   14.131270   0.059080
1866.221409   14.185250   0.057780
1866.230791   14.182520   0.059010
1866.240551   14.188170   0.060590
1866.250004   14.181340   0.061170
1866.259354   14.170410   0.057340
1867.193045   14.154890   0.039820
1867.202355   14.145530   0.043420
1867.211516   14.170590   0.042070
1867.220585   14.174130   0.047350
1867.230131   14.162430   0.047430
1867.239707   14.132880   0.045700
1867.249230   14.132170   0.042040
1867.258785   14.156350   0.045170
1867.268385   14.180900   0.045960
1867.277702   14.207780   0.051230
1867.287153   14.163660   0.048060
1867.296854   14.189790   0.049450
1867.306121   14.186360   0.050360
1867.315500   14.167680   0.048940
1867.325094   14.174050   0.056410
1867.334502   14.228870   0.054040
1867.344482   14.170070   0.055390
1867.354030   14.141110   0.054570
1867.363492   14.170490   0.066630
1867.372735   14.148990   0.058550
1867.382212   14.221050   0.065380
1867.391671   14.163600   0.065680
1867.401392   14.175700   0.065880
1867.410805   14.129320   0.061960
1867.420288   14.170740   0.076270
1867.429722   14.154500   0.086140
1867.439192   14.153870   0.081820
1867.448574   14.210260   0.089670
1867.456168   14.135510   0.080110
1867.463320   14.153370   0.079420
1867.469421   14.157090   0.083050
1867.473939   14.192510   0.062210
1867.478291   14.175380   0.061200
1867.481655   14.141720   0.062410
1867.484335   14.165950   0.061570
1867.486951   14.183420   0.069880
1867.488639   14.218730   0.070230
1867.490315   14.250780   0.077080
1867.492002   14.153090   0.069620
1867.493724   14.197180   0.069310
1868.197661   14.103370   0.077540
1868.207123   14.224010   0.086210
1868.216495   14.188930   0.097280
1868.225986   14.182140   0.094280
1868.235811   14.225850   0.104600
1868.245580   14.157770   0.102970
1868.255259   14.184610   0.109550
1868.264815   14.152040   0.107520
1868.274279   14.098040   0.116980
1868.283929   14.219690   0.108750
1868.322547   14.213510   0.101750
1868.332083   14.223210   0.118710
1868.341800   14.132620   0.101570
1868.399668   14.130170   0.075800
1868.418946   14.166410   0.111250
1868.428449   14.095980   0.111370
1870.219778   14.218750   0.053160
1870.229270   14.135830   0.053710
1870.238762   14.188690   0.056790
1870.248135   14.176820   0.055970
1870.257691   14.150760   0.063850
1870.267266   14.192100   0.063140
1870.276950   14.227290   0.056820
1870.286498   14.122060   0.062530
1870.295849   14.158470   0.060710
1870.305565   14.152190   0.063230
1870.315197   14.161820   0.065370
1870.325274   14.192740   0.071070
1870.335174   14.189070   0.065750
1870.344892   14.157840   0.066290
1870.354573   14.211040   0.083860
1870.364104   14.150300   0.108620
1870.373603   14.211100   0.109540
1870.383600   14.164570   0.118990
1870.449146   14.092450   0.073300
1870.456332   14.141280   0.074200
1871.136689   14.188340   0.064260
1871.146179   14.165360   0.061930
1871.155384   14.142990   0.058290
1871.164955   14.161500   0.066940
1871.174269   14.163290   0.061790
1871.183469   14.180300   0.069180
1871.192872   14.134400   0.065300
1871.202392   14.203690   0.069680
1871.211865   14.168420   0.080510
1871.221273   14.137590   0.079800
1871.230922   14.196140   0.069930
1871.240394   14.190810   0.068600
1871.250018   14.178230   0.073220
1871.259511   14.171090   0.069530
1871.269122   14.170660   0.072130
1871.278903   14.172860   0.068100
1871.288648   14.160720   0.071310
1871.298226   14.186770   0.070360
1871.307789   14.183780   0.079300
1871.317562   14.147970   0.075300
1871.327342   14.154670   0.078380
1871.337079   14.197390   0.087070
1871.346725   14.218530   0.094810
1871.356495   14.176910   0.092220
1871.366277   14.188610   0.102390
1871.375944   14.223550   0.099210
1871.385808   14.218400   0.108220
1871.395399   14.147000   0.112310
1871.404959   14.113700   0.099480
1871.414342   14.128940   0.120190
1871.423744   14.137410   0.121950
1871.433495   14.186350   0.122700
1871.442405   14.174210   0.121520
1871.449670   14.137040   0.118840
1871.455742   14.245710   0.124380
1871.461191   14.156550   0.125010
1871.465968   14.243910   0.125700
1871.469461   14.233030   0.125600
1871.472994   14.220150   0.127540
1871.476070   14.104730   0.117270
1871.477819   14.124650   0.117490
1871.479709   14.128690   0.118210
1871.481438   14.132220   0.118500
1871.550419   14.088220   0.100210
1871.559908   14.125350   0.075600
1872.324463   14.185400   0.069600
1872.334315   14.163960   0.073230
1872.344041   14.173930   0.069800
1872.353623   14.181980   0.076530
1872.363427   14.181100   0.070960
1872.373279   14.196540   0.069040
1872.383099   14.142800   0.069820
1872.392766   14.155990   0.070170
1872.402203   14.163440   0.070480
1872.412032   14.167930   0.077790
1872.421585   14.110820   0.080500
1872.431130   14.154050   0.082930
1872.439874   14.191580   0.082680
1872.447517   14.177710   0.077550
1872.454162   14.179870   0.083560
1872.459603   14.220610   0.095560
1872.463903   14.170050   0.098900
1872.467716   14.096180   0.091990
1872.470496   14.188720   0.094780
1872.473152   14.182800   0.103410
1872.474857   14.214810   0.099470
1872.476617   14.186330   0.095070
1872.478370   14.204480   0.099190
1872.480228   14.176210   0.098090
1872.541663   14.148720   0.120560
1872.550845   14.079020   0.119700
1872.560270   14.210860   0.128760
1872.569828   14.125690   0.124670
1872.579246   14.128970   0.077500
1873.229437   14.171220   0.081460
1873.238826   14.202460   0.083240
1873.248403   14.169330   0.083590
1873.258009   14.158390   0.085890
1873.267456   14.149480   0.086330
1873.276959   14.141440   0.086380
1873.286788   14.144250   0.086080
1873.296275   14.178440   0.091330
1873.305896   14.115660   0.096300
1873.315548   14.120130   0.098140
1873.325684   14.198850   0.105200
1873.335346   14.246970   0.109610
1873.344943   14.240640   0.108060
1873.354842   14.154040   0.103950
1873.364691   14.108550   0.104040
1873.374458   14.139010   0.106760
1873.383960   14.216330   0.104280
1873.393856   14.187740   0.107460
1873.403606   14.252660   0.111980
1873.413210   14.199630   0.119090
1873.422938   14.259950   0.094690
1873.432622   14.174440   0.107320
1873.441010   14.158850   0.101260
1873.447044   14.150270   0.102670
1873.453044   14.093490   0.098490
1873.457630   14.145430   0.106600
1873.462090   14.178930   0.103430
1873.465548   14.100040   0.103160
1873.468261   14.207800   0.113250
1873.470892   14.255030   0.126010
1873.472722   14.214510   0.110160
1873.474437   14.216880   0.113220
1873.476606   14.174950   0.153530
1874.032527   14.119870   0.053540
1874.041923   14.153410   0.058620
1874.051714   14.161110   0.055190
1874.061193   14.174620   0.053810
1874.070741   14.170540   0.057480
1874.080230   14.179240   0.058560
1874.089638   14.192190   0.057890
1874.098984   14.180560   0.056190
1874.108441   14.178520   0.057040
1874.117749   14.155620   0.063860
1874.127103   14.219200   0.059600
1874.136654   14.183220   0.059720
1874.145982   14.131820   0.060820
1874.155173   14.205490   0.064770
1874.164605   14.112340   0.072540
1874.174153   14.174050   0.087260
1874.183645   14.248910   0.121050
1874.221898   14.054400   0.071700
1876.992585   14.092580   0.057830
1877.002277   14.167460   0.060940
1877.012009   14.133760   0.064680
1877.021623   14.172140   0.064000
1877.031340   14.170850   0.069420
1877.041094   14.191270   0.065210
1877.050632   14.157910   0.058250
1877.060512   14.194060   0.057950
1877.070280   14.178020   0.061670
1877.080037   14.149330   0.062280
1877.089835   14.173790   0.059380
1877.099542   14.168460   0.064210
1877.109324   14.163980   0.077450
1877.119234   14.177270   0.077480
1877.128562   14.182280   0.069060
1877.137988   14.178660   0.063590
1877.147449   14.216520   0.083970
1877.157081   14.167020   0.079750
1877.166514   14.166840   0.071120
1877.175811   14.075840   0.067830
1877.185180   14.222670   0.079230
1877.194638   14.231910   0.076300
1877.204359   14.164850   0.069030
1877.213829   14.151120   0.066210
1877.223290   14.165510   0.069660
1877.232928   14.143390   0.067750
1877.242583   14.149300   0.078980
1877.252102   14.177520   0.077970
1877.261424   14.229150   0.079890
1877.271317   14.211840   0.074850
1877.280810   14.176760   0.063610
1877.290913   14.179820   0.071880
1877.300784   14.166980   0.085530
1877.310552   14.221440   0.073150
1877.320329   14.231900   0.086500
1877.330019   14.161730   0.075910
1877.339609   14.211410   0.064760
1877.349339   14.208550   0.077910
1877.359563   14.172130   0.068190
1877.369289   14.169940   0.079220
1877.379166   14.125720   0.072210
1877.389199   14.168390   0.086490
1877.398748   14.177820   0.092500
1877.408188   14.140590   0.087530
1877.417610   14.126380   0.082860
1877.426444   14.161650   0.074870
1877.433416   14.184090   0.079900
1877.439426   14.164900   0.091620
1877.444578   14.140570   0.088800
1877.449101   14.187240   0.075440
1877.452622   14.207040   0.097550
1877.456119   14.162880   0.081220
1877.458826   14.179660   0.084290
1877.460660   14.244810   0.083260
1877.462441   14.178300   0.087360
1877.464144   14.208800   0.083740
1877.465872   14.218260   0.091570
1877.528546   14.143660   0.109070
1877.538164   14.094180   0.107830
1877.547759   14.172510   0.117470
1877.557433   14.141890   0.115510
1877.566991   14.236560   0.122140
1877.956588   14.166380   0.095320
1877.966360   14.199830   0.087420
1877.975795   14.173060   0.066380
1877.985575   14.170750   0.056580
1877.995071   14.191470   0.053820
1878.004964   14.179700   0.052570
1878.014335   14.178730   0.055330
1878.023915   14.231200   0.053110
1878.033403   14.152220   0.053240
1878.042881   14.160040   0.052060
1878.052477   14.188890   0.058180
1878.062202   14.204100   0.054740
1878.072038   14.201200   0.060770
1878.081838   14.177700   0.062340
1878.091595   14.180880   0.053940
1878.101204   14.179560   0.057670
1878.111056   14.159740   0.061110
1878.120475   14.166740   0.062720
1878.129972   14.200610   0.064750
1878.139452   14.145100   0.076020
1878.148981   14.245780   0.128480
1878.158293   14.166880   0.114800
1878.167692   14.188680   0.065990
1878.177309   14.161990   0.062460
1878.186872   14.184430   0.088690
1878.196273   14.142570   0.087470
1878.206054   14.156770   0.093680
1878.215833   14.195250   0.107820
1878.225557   14.149370   0.103420
1878.235117   14.088060   0.089090
1878.244657   14.139470   0.086550
1878.254352   14.117840   0.095320
1878.263984   14.197600   0.108230
1878.273770   14.120300   0.103830
1878.283405   14.145450   0.108270
1878.293079   14.162170   0.110850
1878.302887   14.167640   0.128890
1878.322278   14.186860   0.080700
1878.332264   14.174400   0.079700
1878.342126   14.075750   0.096600
1878.351898   14.153700   0.117400
1878.361666   14.155320   0.112730
1878.371492   14.157870   0.115970
1878.380975   14.313350   0.099670
1878.390611   14.102390   0.091060
1878.400035   14.223670   0.122580
1878.409523   14.185950   0.113860
1878.419250   14.259530   0.100210
1878.427139   14.165440   0.122940
1878.434179   14.251070   0.074900
1878.439580   14.145340   0.072200
1878.444205   14.274840   0.103180
1878.448555   14.232830   0.099580
1878.452064   14.086710   0.113320
1878.454721   14.109180   0.117570
1878.457441   14.245720   0.097300
1878.459093   14.154020   0.115030
1878.460943   14.194000   0.129990
1878.463071   14.202900   0.175940
1878.523903   14.115500   0.120860
1878.533457   14.156570   0.102210
1878.542754   14.117510   0.124380
1878.552170   14.218550   0.080900
1878.917751   14.229890   0.112850
1878.939490   14.139970   0.115170
1878.950209   14.153320   0.091640
1878.960985   14.113310   0.087750
1878.971663   14.188220   0.084660
1878.982256   14.166750   0.082690
1878.992862   14.178680   0.078740
1879.003349   14.220690   0.087760
1879.014056   14.227320   0.088740
1879.024781   14.164460   0.085850
1879.035403   14.263850   0.099820
1879.046338   14.180360   0.094710
1879.056998   14.186250   0.101040
1879.067120   14.150070   0.101180
1879.077625   14.138290   0.099600
1879.087804   14.159920   0.097130
1879.097718   14.163330   0.109580
1879.108265   14.184800   0.119160
1879.118677   14.177270   0.123500
1879.128946   14.115440   0.100700
1879.138951   14.253850   0.119140
1879.148948   14.062680   0.108920
1879.158753   14.197370   0.079300
1879.178807   14.188590   0.077200
1879.198505   14.086740   0.078400
1879.260141   14.184050   0.075300
1879.290180   14.071670   0.103760
1879.300168   14.142860   0.075500
1879.310604   14.211720   0.076300
1879.321132   14.086830   0.128650
1879.372581   14.092450   0.106360
1879.914664   14.250760   0.112220
1879.924232   14.214340   0.092760
1879.933937   14.120820   0.077020
1879.943742   14.182910   0.067200
1879.953255   14.185720   0.063160
1879.962965   14.155690   0.058790
1879.972299   14.173100   0.056010
1879.982133   14.143760   0.056530
1879.991480   14.167460   0.061150
1880.001350   14.147280   0.062470
1880.010995   14.113870   0.071020
1880.020489   14.178400   0.069420
1880.030167   14.171460   0.071510
1880.040004   14.170360   0.068030
1880.050020   14.163790   0.071870
1880.059700   14.212320   0.074250
1880.069635   14.197330   0.073170
1880.079469   14.196900   0.080460
1880.089000   14.212330   0.074150
1880.098524   14.162990   0.079570
1880.108072   14.215480   0.087690
1880.117530   14.183920   0.071960
1880.127140   14.154400   0.078030
1880.200091   14.209300   0.086270
1880.209735   14.186550   0.096440
1880.219431   14.117020   0.084560
1880.229324   14.149140   0.081050
1880.238989   14.105930   0.072000
1880.248836   14.133020   0.076480
1880.258298   14.163360   0.083850
1880.267686   14.109310   0.085980
1880.277275   14.149600   0.090830
1880.286928   14.160030   0.100460
1880.306613   14.110380   0.087440
1880.369120   14.165340   0.083690
1880.967707   14.241040   0.099280
1880.977730   14.182630   0.088310
1880.987626   14.167480   0.077250
1880.997175   14.159150   0.071970
1881.007352   14.143390   0.075200
1881.017262   14.144180   0.076560
1881.027023   14.153100   0.079400
1881.036583   14.163530   0.076740
1881.046307   14.174300   0.079390
1881.055914   14.158430   0.091410
1881.065565   14.133190   0.088620
1881.075352   14.184920   0.092380
1881.085120   14.248700   0.086330
1881.094964   14.115860   0.084210
1881.104801   14.134530   0.065690
1881.114937   14.224980   0.098460
1881.124474   14.221740   0.093560
1881.134326   14.176120   0.096620
1881.143810   14.200240   0.075790
1881.153419   14.169810   0.094200
1881.163015   14.151830   0.088930
1881.171357   14.156390   0.074900
1881.180981   14.209580   0.078200
1881.190627   14.148410   0.064930
1881.200550   14.163030   0.072820
1881.210473   14.159710   0.075110
1881.220305   14.121040   0.079020
1881.230199   14.191390   0.071740
1881.239668   14.179250   0.079700
1881.249328   14.208560   0.078900
1881.258917   14.232750   0.079790
1881.268352   14.139120   0.084210
1881.278189   14.142470   0.079320
1881.288137   14.165790   0.081280
1881.297680   14.188180   0.084330
1881.307337   14.185180   0.088110
1881.317394   14.151190   0.085130
1881.327336   14.118720   0.093010
1881.337373   14.250590   0.097640
1881.347129   14.203650   0.099340
1881.357110   14.156230   0.093050
1881.366722   14.209610   0.101240
1881.376276   14.179040   0.105420
1881.386104   14.145350   0.108300
1881.395996   14.149020   0.113520
1881.405772   14.188210   0.112270
1881.414838   14.233870   0.112820
1881.422098   14.215130   0.109760
1881.428287   14.219670   0.112500
1881.433496   14.180260   0.114650
1881.437835   14.229360   0.117340
1881.441542   14.156480   0.120320
1881.445078   14.115880   0.123740
1881.447777   14.209070   0.124060
1881.449541   14.222130   0.126450
1881.451352   14.186910   0.104970
1881.453055   14.144090   0.122230
1881.455245   14.196800   0.171570
1881.512259   14.150200   0.120920
1881.522032   14.082540   0.124730
1881.531507   14.195760   0.104950
1881.541053   14.107880   0.132130
1881.550943   14.120920   0.128560
1881.560754   14.157100   0.077300
1881.570320   14.144460   0.077500
1881.609625   13.995890   0.076900
1881.874951   14.118950   0.105010
1881.884546   14.203210   0.120650
1881.894462   14.216320   0.100010
1881.904494   14.211450   0.078490
1881.914271   14.184550   0.077050
1881.923884   14.250660   0.079960
1881.933466   14.191930   0.081860
1881.943231   14.199980   0.079040
1881.952875   14.220500   0.109830
1881.962633   14.129420   0.115170
1881.972149   14.190340   0.121640
1881.982251   14.273700   0.077000
1882.021704   14.106590   0.106810
1882.051198   14.239930   0.071100
1882.060871   14.183460   0.071100
1882.080330   14.133130   0.109960
1882.131558   14.146330   0.119540
1882.150617   14.136130   0.104730
1882.160273   14.110210   0.068000
1882.169576   14.077770   0.107730
1883.093660   14.198990   0.108320
1883.112818   14.248170   0.110170
1883.122390   14.321110   0.072000
1883.131900   14.145500   0.104460
1883.141295   14.280950   0.116240
1883.150882   14.220850   0.124900
1883.160374   14.146620   0.123610
1883.170025   14.205910   0.076200
1883.179271   14.131560   0.111900
1883.188727   14.089220   0.112800
1883.198404   14.107900   0.104020
1883.207904   14.178660   0.078600
1883.274627   13.973060   0.070600
1884.099534   14.168820   0.049150
1884.109140   14.219110   0.049310
1884.118686   14.161070   0.063860
1884.128292   14.235020   0.087770
1884.137551   14.193970   0.060190
1884.147279   14.175090   0.069530
1884.156774   14.196190   0.073930
1884.166197   14.188670   0.087120
1884.175960   14.198700   0.087350
1884.185414   14.128710   0.077520
1884.194977   14.186950   0.061040
1884.204574   14.180660   0.071090
1884.214174   14.167150   0.058700
1884.223839   14.193930   0.075880
1884.233272   14.172480   0.102520
1884.242628   14.184440   0.051650
1884.252195   14.152230   0.054900
1884.261682   14.178470   0.053190
1884.271201   14.144160   0.053940
1884.280876   14.160360   0.060820
1884.290846   14.156890   0.063480
1884.300573   14.186810   0.069440
1884.310420   14.257650   0.088480
1884.320206   14.166620   0.064820
1884.330156   14.172330   0.069110
1884.340081   14.197230   0.087870
1884.350052   14.142150   0.081480
1884.360119   14.118270   0.068540
1884.370060   14.142610   0.065350
1884.379738   14.155330   0.077810
1884.389528   14.142790   0.058940
1884.399065   14.136750   0.063510
1884.406881   14.169800   0.075900
1884.413865   14.168320   0.085460
1884.420368   14.207890   0.094890
1884.425635   14.151000   0.067540
1884.430150   14.188560   0.056990
1884.433678   14.174870   0.066320
1884.437202   14.164160   0.062290
1884.439908   14.117150   0.070990
1884.441669   14.171870   0.073160
1884.443407   14.172780   0.068890
1884.445186   14.150580   0.063930
1884.446926   14.250010   0.095640
1884.503638   14.169040   0.059570
1884.513187   14.163340   0.073910
1884.522993   14.167780   0.059470
1884.532900   14.149680   0.053620
1884.542819   14.175540   0.069930
1884.552706   14.184990   0.076040
1884.562458   14.140050   0.048730
1884.572213   14.187580   0.063490
1884.581820   14.194150   0.049020
1884.591479   14.213610   0.072890
1884.600983   14.208100   0.057170
1884.610820   14.171350   0.053700
1884.925584   14.096320   0.071000
1884.945295   14.110660   0.072000
1886.072366   14.158950   0.045980
1886.082057   14.165550   0.049780
1886.091456   14.186060   0.053050
1886.101064   14.153370   0.056440
1886.110701   14.163520   0.052930
1886.120214   14.150970   0.052700
1886.129544   14.206800   0.060740
1886.138882   14.201870   0.060600
1886.148233   14.146120   0.061640
1886.157943   14.210940   0.064460
1886.167550   14.156470   0.075260
1886.177101   14.216200   0.073530
1886.186997   14.225680   0.067430
1886.196609   14.167840   0.076500
1886.206153   14.202610   0.088880
1886.215757   14.126410   0.090520
1886.225422   14.185000   0.121800
1886.234829   14.178250   0.128510
1886.244630   14.191570   0.119270
1886.254426   14.152050   0.091930
1886.263771   14.223780   0.073780
1886.273578   14.181800   0.070400
1886.283270   14.135670   0.071030
1886.293134   14.154460   0.072740
1886.303115   14.151830   0.087720
1886.312914   14.162460   0.079650
1886.322818   14.147290   0.083360
1886.332859   14.169970   0.083830
1886.342543   14.196200   0.081420
1886.352534   14.159670   0.080450
1886.362281   14.203400   0.090250
1886.372003   14.174780   0.090890
1886.381496   14.120210   0.090010
1886.391198   14.207070   0.103850
1886.399994   14.181780   0.104580
1886.408171   14.094010   0.102110
1886.414210   14.094740   0.070600
1886.419658   14.019160   0.094840
1886.423873   14.055380   0.113980
1886.427459   14.064750   0.112190
1886.431086   14.209980   0.117910
1886.435541   14.162970   0.097230
1886.437293   14.263390   0.124410
1886.439058   14.258720   0.126820
