1863.169882   10.929870   0.007510
1863.179028   10.929420   0.008140
1863.188111   10.942010   0.009240
1863.197263   10.934770   0.008600
1863.206453   10.932910   0.008310
1863.215516   10.937470   0.009700
1863.224486   10.916830   0.009180
1863.233708   10.925600   0.009930
1863.243026   10.918900   0.009820
1863.252052   10.936370   0.009070
1863.260978   10.931300   0.008780
1863.270074   10.923450   0.009580
1863.279229   10.931150   0.008830
1863.288341   10.923520   0.008490
1863.297662   10.930160   0.008030
1863.306748   10.925690   0.008950
1863.315898   10.925450   0.009010
1863.325261   10.924810   0.009010
1863.334632   10.924550   0.009180
1863.344416   10.921530   0.009070
1863.353962   10.924820   0.008890
1863.363511   10.933890   0.008080
1863.372640   10.924770   0.007620
1863.381795   10.924010   0.007680
1863.391577   10.933580   0.008030
1863.400670   10.933680   0.008310
1863.410157   10.935220   0.008310
1863.419415   10.938730   0.008550
1863.428728   10.928920   0.009010
1863.438171   10.931480   0.009350
1863.447725   10.935590   0.009470
1863.457038   10.941330   0.010800
1863.464667   10.931810   0.012180
1863.471563   10.923630   0.012820
1863.477686   10.937820   0.011950
1863.482900   10.936950   0.012010
1863.487037   10.936650   0.012590
1863.490505   10.935160   0.012470
1863.494064   10.934850   0.011890
1863.496621   10.938980   0.012530
1863.498272   10.930790   0.012590
1863.500087   10.930450   0.012930
1863.501889   10.925730   0.013220
1863.503937   10.929680   0.018740
1864.122118   10.934150   0.006350
1864.131216   10.935520   0.007970
1864.140349   10.940000   0.007220
1864.149328   10.929650   0.007160
1864.158727   10.936030   0.006990
1864.168077   10.940290   0.008370
1864.177441   10.935660   0.007910
1864.186471   10.926970   0.006750
1864.195786   10.930320   0.008080
1864.204761   10.930270   0.007510
1864.213956   10.932800   0.007100
1864.223275   10.925160   0.006930
1864.232312   10.927490   0.008030
1864.241734   10.931300   0.008200
1864.250994   10.930120   0.007280
1864.260292   10.931120   0.008310
1864.269452   10.929040   0.007510
1864.278712   10.928140   0.008430
1864.288040   10.924840   0.008370
1864.297228   10.930780   0.008200
1864.306786   10.931660   0.008430
1864.315982   10.932400   0.008550
1864.325240   10.924150   0.008310
1864.334830   10.927140   0.008200
1864.344223   10.920320   0.010570
1864.353629   10.929820   0.010340
1864.362884   10.937880   0.011030
1864.372284   10.925570   0.012760
1864.381718   10.928170   0.011490
1864.391386   10.934940   0.009930
1864.401175   10.935960   0.012010
1864.410777   10.927070   0.010910
1864.420158   10.925090   0.010850
1864.429378   10.930280   0.011660
1864.438639   10.938540   0.013160
1864.448098   10.939670   0.014610
1864.457409   10.947870   0.015300
1864.465120   10.944650   0.014320
1864.472313   10.953650   0.016460
1864.477494   10.929640   0.018670
1864.482643   10.925360   0.024770
1864.486002   10.881100   0.034470
1864.489646   10.906070   0.029340
1864.492216   10.934500   0.022350
1864.494776   10.946330   0.022290
1864.496480   10.929000   0.023850
1864.498365   10.939680   0.024020
1864.500091   10.931140   0.024140
1864.501760   10.914410   0.023160
1865.081649   10.950850   0.008600
1865.090914   10.942920   0.009120
1865.103000   10.939720   0.008720
1865.112265   10.935920   0.008490
1865.121493   10.937340   0.009870
1865.180915   10.935810   0.006350
1865.189934   10.930080   0.005370
1865.199137   10.935220   0.006530
1865.208040   10.940210   0.005370
1865.217207   10.928770   0.007450
1865.226382   10.933090   0.007220
1865.235932   10.926790   0.007620
1865.245886   10.920930   0.007740
1865.255783   10.928720   0.007620
1865.265750   10.950830   0.009640
1865.275774   10.933000   0.008490
1865.285892   10.938420   0.007620
1865.295973   10.947930   0.008490
1865.306185   10.940410   0.008260
1865.316145   10.943480   0.008030
1865.326150   10.924540   0.008550
1865.336276   10.937070   0.009870
1865.346577   10.936470   0.008890
1865.356675   10.929920   0.008780
1865.366659   10.925020   0.009640
1865.376904   10.932990   0.009530
1865.387088   10.941660   0.009870
1865.397153   10.927190   0.009930
1865.407149   10.923470   0.009530
1865.417333   10.938430   0.009240
1865.427630   10.928770   0.009700
1865.437669   10.936500   0.009640
1865.448171   10.921470   0.011380
1865.457324   10.926170   0.011840
1865.465615   10.915480   0.012760
1865.471988   10.923040   0.015300
1865.477591   10.923810   0.018070
1865.482335   10.946160   0.015470
1865.486159   10.924230   0.017450
1865.489785   10.949700   0.015600
1865.492667   10.940360   0.015130
1865.494427   10.936240   0.014430
1865.496283   10.928560   0.013680
1865.498551   10.942270   0.022870
1866.165339   10.933930   0.005950
1866.174723   10.936840   0.006000
1866.184057   10.937060   0.006060
1866.193410   10.934970   0.006120
1866.202706   10.933540   0.006410
1866.212035   10.933200   0.006410
1866.221409   10.934820   0.006580
1866.230791   10.933260   0.006470
1866.240551   10.937480   0.006410
1866.250004   10.933540   0.006410
1866.259354   10.926440   0.006580
1867.193045   10.936590   0.004680
1867.202355   10.926540   0.004850
1867.211516   10.930280   0.004850
1867.220585   10.926830   0.005020
1867.230131   10.928270   0.005080
1867.239707   10.929850   0.005080
1867.249230   10.924600   0.005020
1867.258785   10.931390   0.005200
1867.268385   10.925200   0.005200
1867.277702   10.929280   0.005200
1867.287153   10.926810   0.005310
1867.296854   10.928100   0.005370
1867.306121   10.927550   0.005370
1867.315500   10.929350   0.005490
1867.325094   10.925780   0.005540
1867.334502   10.928950   0.005720
1867.344482   10.928070   0.005770
1867.354030   10.929140   0.005830
1867.363492   10.926770   0.006240
1867.372735   10.925340   0.006000
1867.382212   10.921390   0.006060
1867.391671   10.926570   0.006410
1867.401392   10.925700   0.006410
1867.410805   10.926870   0.006290
1867.420288   10.924910   0.007040
1867.429722   10.923210   0.007620
1867.439192   10.926240   0.007220
1867.448574   10.923180   0.007970
1867.456168   10.918830   0.007280
1867.463320   10.921570   0.007450
1867.469421   10.926870   0.007390
1867.473939   10.927780   0.006410
1867.478291   10.928220   0.006000
1867.481655   10.924550   0.006060
1867.484335   10.919870   0.006350
1867.486951   10.925600   0.006240
1867.488639   10.922590   0.006290
1867.490315   10.926440   0.006530
1867.492002   10.924280   0.006410
1867.493724   10.928740   0.006290
1868.197661   10.936390   0.007680
1868.207123   10.927230   0.007680
1868.216495   10.923600   0.008970
1868.225986   10.925150   0.008660
1868.235811   10.935620   0.009480
1868.245580   10.929400   0.009470
1868.255259   10.921240   0.009640
1868.264815   10.926290   0.010340
1868.274279   10.933770   0.011260
1868.283929   10.920000   0.010160
1868.293537   10.942630   0.013740
1868.303104   10.920240   0.014840
1868.312574   10.914010   0.014780
1868.322548   10.928240   0.011430
1868.332083   10.931930   0.011320
1868.341800   10.928030   0.011610
1868.351466   10.927270   0.013510
1868.360837   10.927860   0.013340
1868.370659   10.922920   0.012990
1868.380417   10.924070   0.013280
1868.390367   10.923810   0.012880
1868.399668   10.916440   0.012930
1868.409622   10.929170   0.013910
1868.419023   10.910800   0.013220
1868.428372   10.919570   0.013160
1868.437691   10.936900   0.013740
1868.446987   10.945210   0.013680
1868.454949   10.961340   0.014200
1868.461066   10.944020   0.014030
1868.467151   10.960500   0.014610
1868.471440   10.962910   0.014950
1868.475710   10.952040   0.016280
1868.479187   10.961680   0.016860
1868.481793   10.958380   0.016460
1868.484421   10.951490   0.015990
1868.486154   10.959190   0.015590
1868.487874   10.940910   0.015880
1868.489584   10.956080   0.016110
1868.491280   10.944630   0.016510
1868.552972   10.933120   0.024720
1868.562396   10.936090   0.022290
1868.572038   10.961600   0.058400
1868.581607   10.959470   0.036030
1868.591155   10.929430   0.036150
1868.600621   10.911780   0.044810
1868.610180   10.936390   0.059890
1868.619726   10.928700   0.107620
1869.239644   10.944560   0.018820
1869.249027   10.934730   0.019630
1869.258676   10.924870   0.021770
1869.268460   10.920640   0.024730
1869.278238   10.901860   0.028080
1869.287800   10.928310   0.027320
1869.297392   10.961100   0.028820
1869.307040   10.938290   0.031700
1869.316723   10.918870   0.044210
1869.326588   10.920980   0.038580
1869.336364   10.880470   0.039390
1869.345989   10.932060   0.047830
1869.356015   10.935160   0.060830
1869.365999   10.980150   0.042150
1869.375609   10.964450   0.064400
1869.384959   10.903790   0.079970
1869.394424   10.938340   0.068920
1869.403952   10.947890   0.065070
1869.413491   10.981130   0.077860
1869.422736   10.887970   0.067810
1869.432156   10.959730   0.066900
1869.441546   10.915460   0.091310
1869.456384   10.987860   0.058200
1869.462952   10.898430   0.063300
1869.468109   10.950000   0.113230
1869.472757   10.920960   0.081810
1869.476189   10.922160   0.081280
1869.478811   10.902050   0.080670
1869.481532   10.877400   0.104220
1869.483271   10.915510   0.099860
1869.485003   10.931850   0.100200
1869.486642   10.924700   0.081540
1869.488400   10.899810   0.104870
1869.544801   10.966980   0.100060
1870.219778   10.931190   0.005540
1870.229270   10.929970   0.005660
1870.238762   10.919640   0.005890
1870.248135   10.925920   0.005770
1870.257691   10.927200   0.006410
1870.267266   10.926060   0.006180
1870.276950   10.928660   0.006240
1870.286498   10.925490   0.006290
1870.295849   10.920570   0.006060
1870.305565   10.932010   0.006290
1870.315197   10.929510   0.006930
1870.325274   10.925490   0.007040
1870.335174   10.928610   0.006750
1870.344892   10.928930   0.007100
1870.354573   10.932730   0.007970
1870.364104   10.932970   0.009990
1870.373603   10.927220   0.009530
1870.383600   10.933310   0.010740
1870.393243   10.934960   0.012530
1870.402820   10.946580   0.016800
1870.412418   10.931290   0.015650
1870.421719   10.940540   0.015760
1870.431056   10.931900   0.016340
1870.440608   10.927320   0.013630
1870.448993   10.925330   0.012300
1870.456179   10.944120   0.012300
1870.461756   10.940700   0.014550
1870.466593   10.941670   0.016120
1870.470290   10.940530   0.014260
1870.474034   10.920740   0.016230
1870.476825   10.920940   0.017440
1870.478569   10.948300   0.017380
1870.480341   10.937740   0.016050
1870.482097   10.930020   0.016460
1870.483838   10.940690   0.017670
1870.485602   10.924540   0.017030
1871.136689   10.941300   0.006120
1871.146179   10.942650   0.005890
1871.155384   10.929160   0.005890
1871.164955   10.927010   0.006410
1871.174269   10.927630   0.006240
1871.183469   10.935610   0.006530
1871.192872   10.932640   0.006290
1871.202392   10.932780   0.006530
1871.211865   10.930320   0.007160
1871.221273   10.927650   0.007330
1871.230922   10.932060   0.006810
1871.240394   10.932690   0.006750
1871.250018   10.930830   0.006930
1871.259511   10.939890   0.006810
1871.269122   10.930350   0.006930
1871.278903   10.927340   0.006930
1871.288648   10.932560   0.007280
1871.298226   10.935360   0.007040
1871.307789   10.922650   0.007280
1871.317562   10.936310   0.007620
1871.327342   10.927300   0.007790
1871.337079   10.934500   0.008310
1871.346725   10.918590   0.008600
1871.356495   10.933050   0.008370
1871.366277   10.932660   0.009180
1871.375944   10.933970   0.009350
1871.385808   10.937740   0.010050
1871.395399   10.937910   0.010680
1871.404882   10.942310   0.011890
1871.414342   10.934350   0.011430
1871.423744   10.933430   0.011200
1871.433495   10.928430   0.011140
1871.442405   10.935680   0.010570
1871.449670   10.923710   0.010570
1871.455742   10.937080   0.011030
1871.461191   10.930670   0.011490
1871.465968   10.935750   0.011140
1871.469461   10.941710   0.011370
1871.472994   10.929140   0.011140
1871.476070   10.936920   0.010800
1871.477819   10.938550   0.010800
1871.479709   10.932970   0.010740
1871.481438   10.937250   0.010800
1871.550420   10.934610   0.011610
1871.559908   10.933090   0.011840
1871.569340   10.924670   0.012300
1871.578835   10.923630   0.012930
1871.588334   10.930800   0.014140
1871.597765   10.915420   0.016460
1871.607264   10.941230   0.018880
1871.616819   10.933670   0.022580
1871.626324   10.919090   0.026560
1872.324463   10.932500   0.006870
1872.334315   10.931150   0.007040
1872.344041   10.929470   0.006930
1872.353623   10.932150   0.007040
1872.363427   10.932500   0.006930
1872.373279   10.929080   0.006930
1872.383099   10.950350   0.007100
1872.392766   10.936400   0.006990
1872.402203   10.939660   0.007100
1872.412032   10.930010   0.007280
1872.421585   10.940980   0.007510
1872.431130   10.936030   0.007790
1872.439874   10.940160   0.007850
1872.447517   10.937720   0.007910
1872.454162   10.943830   0.008140
1872.459603   10.930100   0.008490
1872.463903   10.938390   0.008660
1872.467716   10.939900   0.008430
1872.470496   10.929020   0.008490
1872.473152   10.931950   0.008490
1872.474857   10.929900   0.008600
1872.476617   10.950100   0.008660
1872.478370   10.929600   0.008600
1872.480228   10.947160   0.008720
1872.541663   10.932880   0.010390
1872.550845   10.942530   0.010740
1872.560270   10.933350   0.011030
1872.569828   10.922120   0.011490
1872.579400   10.922300   0.012300
1872.588943   10.917070   0.013450
1872.598488   10.926510   0.015300
1872.608116   10.916650   0.017670
1872.617527   10.920250   0.020440
1872.627101   10.908400   0.024310
1872.636625   10.866760   0.029500
1872.646041   10.944080   0.039260
1873.229437   10.933920   0.007620
1873.238826   10.934960   0.007910
1873.248403   10.939070   0.007850
1873.258009   10.942040   0.007850
1873.267456   10.944580   0.008030
1873.276959   10.948820   0.008080
1873.286788   10.945130   0.008140
1873.296275   10.943210   0.008310
1873.305896   10.940700   0.008660
1873.315548   10.943430   0.008720
1873.325684   10.926190   0.008830
1873.335346   10.923230   0.009410
1873.344943   10.939560   0.009580
1873.354842   10.936310   0.009120
1873.364691   10.944920   0.009870
1873.374458   10.937910   0.009530
1873.383960   10.932040   0.009010
1873.393856   10.940070   0.009300
1873.403606   10.938110   0.009580
1873.413210   10.941800   0.010450
1873.422938   10.927600   0.010340
1873.432622   10.928270   0.009700
1873.441010   10.938290   0.009350
1873.447044   10.930980   0.009300
1873.453044   10.938670   0.009410
1873.457630   10.931870   0.009470
1873.462090   10.922120   0.009580
1873.465548   10.927880   0.009700
1873.468261   10.926090   0.009760
1873.470892   10.928740   0.009930
1873.472722   10.934830   0.009820
1873.474437   10.935520   0.009870
1873.476606   10.937370   0.013840
1873.539458   10.939420   0.032940
1873.548852   10.902010   0.025840
1873.558313   10.914180   0.020550
1873.567696   10.907530   0.019420
1873.577180   10.942810   0.022170
1873.586745   10.929900   0.018130
1873.596227   10.938710   0.025190
1873.605773   10.941110   0.024370
1873.615321   10.938700   0.022750
1873.624816   10.907890   0.023270
1874.032527   10.931780   0.005540
1874.041923   10.927020   0.005770
1874.051714   10.927770   0.005720
1874.061193   10.927620   0.005660
1874.070741   10.928900   0.005890
1874.080230   10.933900   0.005890
1874.089638   10.936280   0.005890
1874.098984   10.934730   0.005950
1874.108441   10.934690   0.005950
1874.117749   10.933570   0.006120
1874.127103   10.937870   0.006120
1874.136654   10.934620   0.006240
1874.145982   10.936320   0.006410
1874.155173   10.929100   0.006810
1874.164605   10.932840   0.007220
1874.174153   10.935330   0.008260
1874.183645   10.937940   0.010160
1874.193053   10.931100   0.012990
1874.202515   10.944700   0.013800
1874.212179   10.923090   0.014730
1874.222051   10.942060   0.013050
1874.593715   10.921920   0.022750
1874.603390   10.922820   0.021020
1874.613039   10.936180   0.024480
1876.992585   10.937440   0.005660
1877.002277   10.941850   0.005720
1877.012009   10.940360   0.005890
1877.021623   10.937280   0.005830
1877.031340   10.935670   0.006180
1877.041094   10.933490   0.006000
1877.050632   10.927350   0.005720
1877.060512   10.928520   0.005830
1877.070280   10.935640   0.005950
1877.080037   10.937390   0.006120
1877.089835   10.932360   0.006060
1877.099542   10.931340   0.006120
1877.109324   10.924140   0.006760
1877.119234   10.954190   0.006870
1877.128562   10.929270   0.006530
1877.137988   10.929250   0.006410
1877.147449   10.935290   0.007100
1877.157081   10.950530   0.006930
1877.166514   10.937290   0.006640
1877.175811   10.932770   0.006410
1877.185180   10.930640   0.006750
1877.194638   10.935540   0.006640
1877.204359   10.936570   0.006580
1877.213829   10.929840   0.006410
1877.223290   10.926140   0.006580
1877.232928   10.923690   0.006580
1877.242583   10.937680   0.006930
1877.252102   10.932560   0.007040
1877.261424   10.929020   0.006930
1877.271317   10.932380   0.006700
1877.280810   10.926930   0.006410
1877.290913   10.933530   0.006810
1877.300784   10.933490   0.007390
1877.310552   10.927700   0.006700
1877.320329   10.922180   0.007220
1877.330019   10.926250   0.006810
1877.339609   10.938630   0.006530
1877.349339   10.935430   0.006990
1877.359563   10.927530   0.006580
1877.369289   10.931300   0.006990
1877.379166   10.927030   0.006810
1877.389199   10.932360   0.007390
1877.398748   10.936570   0.007910
1877.408188   10.938830   0.007800
1877.417610   10.931690   0.007560
1877.426444   10.932840   0.007280
1877.433416   10.932060   0.007560
1877.439426   10.927520   0.008030
1877.444578   10.931080   0.008080
1877.449101   10.935520   0.007620
1877.452622   10.924560   0.008260
1877.456119   10.933900   0.007740
1877.458826   10.937990   0.007620
1877.460660   10.931550   0.007790
1877.462441   10.934520   0.007790
1877.464144   10.935790   0.007790
1877.465872   10.931760   0.008030
1877.528546   10.925850   0.009180
1877.538164   10.931900   0.009640
1877.547759   10.934350   0.010050
1877.557433   10.923870   0.010390
1877.566991   10.936170   0.010570
1877.956588   10.930470   0.007970
1877.966360   10.933540   0.007510
1877.975795   10.925530   0.006410
1877.985575   10.933580   0.005890
1877.995071   10.937590   0.005720
1878.004964   10.932910   0.005720
1878.014335   10.928050   0.005950
1878.023915   10.938040   0.004950
1878.033403   10.928530   0.005720
1878.042881   10.931340   0.005660
1878.052477   10.931640   0.006240
1878.062202   10.934450   0.006060
1878.072038   10.928430   0.006240
1878.081838   10.928960   0.006240
1878.091595   10.937550   0.006120
1878.101204   10.926090   0.006240
1878.111056   10.929760   0.006410
1878.120475   10.930260   0.006410
1878.129972   10.936360   0.006930
1878.139452   10.934190   0.007850
1878.148981   10.932420   0.012010
1878.158293   10.924010   0.010800
1878.167692   10.939220   0.007160
1878.177309   10.926960   0.006930
1878.186872   10.933330   0.008490
1878.196273   10.928770   0.008310
1878.206054   10.930660   0.009240
1878.215833   10.927790   0.009760
1878.225557   10.937690   0.009930
1878.235117   10.930620   0.008490
1878.244657   10.933580   0.008600
1878.254352   10.934990   0.009120
1878.263984   10.944980   0.009930
1878.273770   10.942510   0.010050
1878.283405   10.948880   0.010570
1878.293079   10.932220   0.010340
1878.302887   10.931440   0.012470
1878.312828   10.926030   0.012760
1878.322431   10.942330   0.012640
1878.332111   10.937160   0.013220
1878.342126   10.947730   0.009480
1878.351898   10.941760   0.010800
1878.361666   10.928820   0.010220
1878.371492   10.927750   0.010510
1878.381052   10.934010   0.011320
1878.390611   10.937830   0.008630
1878.400035   10.934010   0.010680
1878.409523   10.939490   0.010220
1878.419250   10.931160   0.010910
1878.427139   10.927980   0.011200
1878.434256   10.927310   0.009260
1878.439734   10.926470   0.011430
1878.444205   10.922930   0.009120
1878.448555   10.930590   0.008910
1878.452064   10.938980   0.010970
1878.454721   10.916640   0.010850
1878.457364   10.933620   0.010910
1878.459093   10.935620   0.010970
1878.460943   10.945880   0.011080
1878.463071   10.937720   0.015550
1878.523903   10.927630   0.011200
1878.533380   10.941810   0.011430
1878.542754   10.928590   0.011080
1878.552323   10.926820   0.011840
1878.561961   10.938110   0.013510
1878.571685   10.908480   0.018130
1878.581234   10.930150   0.016800
1878.590773   10.916810   0.017730
1878.600390   10.935640   0.022460
1878.885725   10.937240   0.013800
1878.896259   10.925600   0.011430
1878.907039   10.935360   0.010680
1878.917827   10.936820   0.010680
1878.928636   10.934770   0.010680
1878.939490   10.929720   0.009470
1878.950209   10.933990   0.008140
1878.960985   10.935360   0.007910
1878.971663   10.931170   0.007620
1878.982256   10.928040   0.007790
1878.992862   10.946950   0.007620
1879.003349   10.929680   0.008200
1879.014056   10.929000   0.008140
1879.024781   10.930310   0.008200
1879.035403   10.930410   0.009010
1879.046338   10.936840   0.009120
1879.056998   10.938550   0.009350
1879.067120   10.927730   0.009530
1879.077625   10.942310   0.009580
1879.087804   10.934970   0.009870
1879.097718   10.939240   0.010620
1879.108265   10.936990   0.011260
1879.118677   10.939240   0.011660
1879.128946   10.943680   0.009690
1879.138951   10.945510   0.011370
1879.148948   10.946640   0.012700
1879.158753   10.933820   0.012930
1879.168681   10.926850   0.012870
1879.178653   10.948960   0.013400
1879.188532   10.936590   0.013570
1879.198658   10.940870   0.013680
1879.208980   10.936470   0.013740
1879.219105   10.930080   0.013910
1879.229198   10.931250   0.013970
1879.239692   10.938490   0.014030
1879.249885   10.928290   0.013740
1879.259988   10.943200   0.013400
1879.270136   10.924900   0.013220
1879.279998   10.934220   0.010680
1879.290256   10.940480   0.013160
1879.300321   10.936220   0.013160
1879.310604   10.932610   0.013280
1879.321132   10.924360   0.013220
1879.331398   10.933530   0.013510
1879.341711   10.933730   0.013510
1879.352168   10.928310   0.013630
1879.362239   10.935110   0.013740
1879.372581   10.937460   0.013910
1879.383093   10.944340   0.008200
1879.393142   10.933070   0.014260
1879.403333   10.934440   0.014720
1879.413718   10.939120   0.015010
1879.422210   10.938320   0.015300
1879.430290   10.934510   0.015590
1879.436891   10.949780   0.015940
1879.441492   10.935430   0.016170
1879.445571   10.935810   0.016450
1879.449457   10.936600   0.016630
1879.452342   10.936480   0.013720
1879.454194   10.944220   0.016920
1879.456055   10.935340   0.013790
1879.457932   10.951660   0.017090
1879.460282   10.930450   0.024210
1879.524043   10.937030   0.021070
1879.534146   10.916460   0.021880
1879.544253   10.912580   0.022880
1879.554321   10.940610   0.013200
1879.564508   10.920670   0.023670
1879.574677   10.941910   0.023960
1879.584814   10.929470   0.024600
1879.594935   10.921550   0.024830
1879.605121   10.896250   0.026040
1879.615186   10.916070   0.027830
1879.625350   10.946090   0.031240
1879.885631   10.914520   0.014950
1879.895153   10.939810   0.012760
1879.904711   10.927550   0.010100
1879.914664   10.937560   0.008310
1879.924232   10.934030   0.007160
1879.933937   10.933570   0.006530
1879.943742   10.928660   0.005890
1879.953255   10.921570   0.005720
1879.962965   10.928280   0.005490
1879.972299   10.922490   0.005370
1879.982133   10.933880   0.005660
1879.991480   10.922240   0.005770
1880.001350   10.923090   0.005890
1880.010995   10.923890   0.006290
1880.020489   10.928340   0.006290
1880.030167   10.933190   0.006350
1880.040004   10.929310   0.006240
1880.050020   10.925190   0.006240
1880.059700   10.927070   0.006350
1880.069635   10.932840   0.006530
1880.079469   10.927610   0.006640
1880.089000   10.924730   0.006530
1880.098524   10.926470   0.006810
1880.108072   10.927160   0.007040
1880.117530   10.937420   0.006640
1880.127140   10.924640   0.006750
1880.200091   10.923550   0.007220
1880.209735   10.937340   0.007680
1880.219431   10.934120   0.007450
1880.229324   10.927130   0.007040
1880.238989   10.924520   0.007040
1880.248836   10.930420   0.006930
1880.258298   10.929040   0.007100
1880.267686   10.931280   0.007450
1880.277275   10.930060   0.007560
1880.286928   10.932130   0.008260
1880.306613   10.928260   0.007560
1880.369120   10.931770   0.007390
1880.684731   10.957150   0.019170
1880.693935   10.938720   0.019400
1880.703424   10.917250   0.022580
1880.712965   10.923160   0.026160
1880.722745   10.922510   0.031470
1880.732752   10.958870   0.038510
1880.743114   10.948100   0.044870
1880.753480   10.936020   0.053760
1880.828480   10.922340   0.048790
1880.839020   10.940500   0.041400
1880.967707   10.946530   0.007330
1880.977730   10.941690   0.007390
1880.987626   10.936300   0.006530
1880.997175   10.932960   0.006350
1881.007352   10.931410   0.006470
1881.017262   10.928880   0.006580
1881.027023   10.935740   0.006750
1881.036583   10.937460   0.006750
1881.046307   10.935070   0.006810
1881.055914   10.931190   0.007450
1881.065565   10.939580   0.007280
1881.075352   10.930480   0.007620
1881.085120   10.936960   0.007280
1881.094964   10.935090   0.007100
1881.104801   10.939420   0.006580
1881.114937   10.932880   0.008200
1881.124474   10.930900   0.007510
1881.134326   10.936650   0.007850
1881.143810   10.942170   0.006750
1881.153419   10.923030   0.007910
1881.163015   10.936160   0.007450
1881.171357   10.946850   0.006930
1881.180981   10.937390   0.007100
1881.190627   10.929350   0.006410
1881.200550   10.929430   0.006750
1881.210473   10.930290   0.007100
1881.220305   10.926720   0.007450
1881.230199   10.948170   0.007510
1881.239668   10.930110   0.007680
1881.249328   10.931920   0.007620
1881.258917   10.933960   0.007510
1881.268352   10.933930   0.007740
1881.278189   10.935130   0.007790
1881.288137   10.933820   0.007970
1881.297680   10.931370   0.007970
1881.307337   10.934980   0.008140
1881.317394   10.933470   0.008370
1881.327336   10.933200   0.008600
1881.337373   10.935000   0.008660
1881.347129   10.936080   0.008720
1881.357110   10.933170   0.008830
1881.366722   10.931040   0.009070
1881.376276   10.933160   0.009180
1881.386104   10.932030   0.009530
1881.395996   10.927680   0.009530
1881.405772   10.933560   0.009700
1881.414838   10.934010   0.009820
1881.422098   10.942280   0.010050
1881.428287   10.929260   0.009990
1881.433496   10.933880   0.010050
1881.437835   10.936810   0.010160
1881.441542   10.938470   0.010510
1881.445078   10.935310   0.010570
1881.447777   10.927480   0.010390
1881.449541   10.938720   0.010510
1881.451276   10.929890   0.010510
1881.453055   10.925790   0.010570
1881.455245   10.928030   0.014940
1881.512259   10.928310   0.011140
1881.522032   10.929730   0.011780
1881.531584   10.935840   0.012120
1881.541053   10.928680   0.012180
1881.550943   10.919940   0.012120
1881.560601   10.930590   0.012640
1881.570473   10.931670   0.012700
1881.580253   10.930480   0.013740
1881.589860   10.939280   0.013450
1881.599577   10.924680   0.014430
1881.609472   10.920390   0.013970
1881.619114   10.926700   0.015650
1881.628942   10.910920   0.016630
1881.638590   10.942410   0.018070
1881.648351   10.918370   0.020040
1881.778022   10.930700   0.034120
1881.787777   10.924050   0.031870
1881.797497   10.940580   0.030770
1881.807277   10.942630   0.028520
1881.816745   10.924910   0.024020
1881.826319   10.950150   0.021480
1881.835921   10.888740   0.017210
1881.845731   10.920760   0.014780
1881.855252   10.925750   0.012530
1881.864967   10.933990   0.011610
1881.874874   10.930660   0.010570
1881.884546   10.938640   0.009120
1881.894462   10.933780   0.008200
1881.904494   10.939590   0.007510
1881.914271   10.939000   0.007450
1881.923884   10.941160   0.007450
1881.933466   10.937170   0.007100
1881.943231   10.942500   0.007280
1881.952875   10.932930   0.008950
1881.962633   10.933050   0.009700
1881.972149   10.932280   0.010160
1881.982098   10.937180   0.010680
1881.992169   10.941060   0.013110
1882.001889   10.923130   0.014090
1882.011594   10.933630   0.014140
1882.021627   10.934680   0.011660
1882.031644   10.926100   0.012360
1882.041324   10.946110   0.012240
1882.051198   10.932520   0.011090
1882.060871   10.931170   0.011430
1882.070527   10.938840   0.020340
1882.080330   10.934010   0.009180
1882.090019   10.934090   0.014640
1882.099569   10.930330   0.028730
1882.109365   10.950040   0.015300
1882.121972   10.942370   0.012480
1882.131558   10.940250   0.010170
1882.141120   10.938180   0.015360
1882.150540   10.929230   0.010850
1882.160119   10.939710   0.011140
1882.169652   10.935110   0.011550
1882.179008   10.930200   0.011200
1882.188466   10.938540   0.012410
1882.198063   10.941690   0.014150
1882.208031   10.913080   0.023730
1882.217722   10.928710   0.020030
1882.227231   10.924750   0.017150
1882.236839   10.935830   0.017440
1882.246327   10.930290   0.024280
1882.256107   10.951110   0.022930
1882.266006   10.928220   0.022300
1882.275585   10.935860   0.020090
1882.285301   10.918960   0.020380
1882.295361   10.921430   0.018590
1882.305067   10.946350   0.024660
1882.315073   10.939910   0.030440
1882.325032   10.937000   0.018830
1882.334886   10.937680   0.016570
1882.344919   10.910100   0.019480
1882.354771   10.934090   0.021480
1882.364587   10.934050   0.018130
1882.374737   10.929670   0.018010
1882.384757   10.899440   0.098440
1882.394964   10.936160   0.037010
1883.093660   10.929080   0.008370
1883.103366   10.918160   0.012780
1883.112818   10.927290   0.008610
1883.122237   10.900140   0.009890
1883.131900   10.933100   0.008430
1883.141295   10.933850   0.009240
1883.150882   10.928710   0.009870
1883.160374   10.926020   0.010510
1883.169871   10.932700   0.010980
1883.179271   10.927630   0.009070
1883.188727   10.921820   0.009180
1883.198404   10.939520   0.010740
1883.207904   10.928230   0.010680
1883.217549   10.923910   0.010800
1883.226897   10.932240   0.011140
1883.236210   10.940880   0.011030
1883.245790   10.927820   0.010910
1883.255334   10.940140   0.011430
1883.265175   10.940450   0.011490
1883.274780   10.943360   0.011890
1883.284849   10.929390   0.015070
1883.294394   10.949340   0.015850
1883.304305   10.921190   0.014840
1883.314080   10.937100   0.017570
1883.323720   10.934680   0.015270
1883.333437   10.932330   0.013340
1883.343435   10.929610   0.013920
1883.353548   10.940270   0.014790
1883.363493   10.930880   0.012820
1883.373027   10.922340   0.013340
1883.382657   10.922430   0.014030
1883.392439   10.931170   0.013280
1883.402040   10.936090   0.013450
1883.410061   10.930160   0.014490
1883.417485   10.922980   0.014780
1883.423677   10.923320   0.013910
1883.428949   10.918690   0.014140
1883.433300   10.923720   0.015690
1883.436812   10.929960   0.013910
1883.440325   10.922710   0.014960
1883.443180   10.933120   0.013970
1883.444926   10.923820   0.014670
1883.446707   10.935620   0.013680
1883.448508   10.929890   0.013740
1883.507335   10.951200   0.014780
1883.517022   10.954190   0.015070
1883.526655   10.942990   0.016570
1883.536232   10.946870   0.017780
1883.545818   10.958670   0.018070
1883.555341   10.949560   0.017320
1883.565051   10.943880   0.017440
1883.574608   10.956380   0.017210
1883.584302   10.953790   0.017330
1883.593915   10.946810   0.015470
1884.099534   10.922050   0.004850
1884.109140   10.925440   0.004850
1884.118686   10.924270   0.005720
1884.128292   10.941270   0.006350
1884.137551   10.927860   0.005310
1884.147279   10.925500   0.005890
1884.156774   10.931010   0.006180
1884.166197   10.927870   0.006530
1884.175960   10.935140   0.007110
1884.185414   10.928860   0.006240
1884.194977   10.930150   0.005540
1884.204574   10.921050   0.005890
1884.214174   10.929110   0.005490
1884.223839   10.922590   0.005770
1884.233272   10.925480   0.007800
1884.242628   10.930590   0.005200
1884.252195   10.935770   0.005080
1884.261682   10.926160   0.005140
1884.271201   10.924980   0.005080
1884.280876   10.927380   0.005430
1884.290846   10.927040   0.005720
1884.300573   10.929490   0.006240
1884.310420   10.936900   0.008150
1884.320206   10.929520   0.005890
1884.330156   10.933020   0.006060
1884.340081   10.923880   0.006870
1884.350052   10.929180   0.006870
1884.360119   10.927590   0.005950
1884.370060   10.934080   0.006120
1884.379738   10.936090   0.006530
1884.389528   10.930160   0.005370
1884.399065   10.932200   0.005600
1884.406881   10.926850   0.006120
1884.413865   10.924970   0.007100
1884.420368   10.942510   0.007280
1884.425635   10.930880   0.005770
1884.430150   10.935640   0.005370
1884.433678   10.931810   0.005830
1884.437202   10.924590   0.005830
1884.439908   10.927770   0.006060
1884.441669   10.926860   0.005950
1884.443407   10.931570   0.005830
1884.445186   10.933550   0.005600
1884.446926   10.932340   0.006760
1884.503638   10.929450   0.005370
1884.513187   10.930050   0.006070
1884.522993   10.925540   0.005370
1884.532900   10.932380   0.005020
1884.542819   10.930660   0.005660
1884.552706   10.929170   0.006000
1884.562458   10.929870   0.004850
1884.572213   10.929090   0.005430
1884.581820   10.923900   0.004910
1884.591479   10.926190   0.005890
1884.600983   10.931960   0.005490
1884.610820   10.931880   0.005200
1884.886961   10.938300   0.011780
1884.896459   10.934000   0.011900
1884.906042   10.946870   0.011320
1884.915643   10.948110   0.013460
1884.925737   10.933300   0.010740
1884.935570   10.932760   0.013570
1884.945448   10.943820   0.011490
1884.954875   10.935240   0.012010
1884.964329   10.934070   0.011730
1884.974229   10.927770   0.013920
1884.983546   10.943320   0.013680
1884.993441   10.934600   0.012820
1885.003341   10.938990   0.012590
1885.013229   10.928670   0.014030
1885.022911   10.922940   0.014030
1885.032502   10.932560   0.016060
1885.042137   10.929760   0.015650
1885.052183   10.936590   0.015880
1885.061957   10.926240   0.017910
1885.071678   10.927910   0.018070
1885.081285   10.937620   0.020100
1885.090973   10.933810   0.018420
1885.100847   10.941870   0.018300
1885.278794   10.931260   0.010050
1885.288696   10.939200   0.012990
1885.298475   10.944010   0.010860
1885.308250   10.943250   0.010800
1885.318087   10.935220   0.011090
1885.328301   10.940590   0.012940
1885.338173   10.932240   0.018300
1885.347960   10.951730   0.015530
1885.357853   10.944400   0.016690
1885.367578   10.921440   0.017040
1885.377344   10.947690   0.020550
1885.386938   10.935160   0.021720
1885.396599   10.946140   0.017440
1885.404395   10.944560   0.015770
1885.411445   10.943060   0.017440
1885.417511   10.929190   0.018950
1885.422892   10.946500   0.020080
1885.427461   10.928070   0.018480
1885.430989   10.943270   0.014840
1885.434637   10.937470   0.017090
1885.437356   10.946030   0.017090
1885.439093   10.935770   0.016690
1885.440855   10.941800   0.016740
1885.442624   10.930800   0.015530
1885.444416   10.937420   0.015760
1885.502228   10.931810   0.017900
1885.511985   10.908890   0.022640
1885.521821   10.905500   0.017960
1885.531512   10.916540   0.017610
1885.541243   10.911320   0.017960
1885.551133   10.925720   0.015820
1885.560860   10.921560   0.015820
1885.570601   10.918090   0.015420
1885.580236   10.900990   0.017850
1885.590133   10.925210   0.013400
1886.072366   10.928870   0.004790
1886.082057   10.939910   0.005020
1886.091456   10.944340   0.005260
1886.101064   10.934390   0.005370
1886.110701   10.932610   0.005370
1886.120214   10.937850   0.005430
1886.129544   10.937480   0.005600
1886.138882   10.930260   0.005720
1886.148233   10.934520   0.005720
1886.157943   10.930460   0.005890
1886.167550   10.928610   0.006470
1886.177101   10.929780   0.006580
1886.186997   10.929390   0.006750
1886.196609   10.933260   0.007100
1886.206153   10.936630   0.007680
1886.215757   10.928380   0.008080
1886.225422   10.930840   0.010340
1886.234829   10.937130   0.010450
1886.244630   10.932000   0.010160
1886.254426   10.922010   0.007680
1886.263771   10.936550   0.006640
1886.273578   10.939520   0.010100
1886.283270   10.930120   0.006410
1886.293134   10.929090   0.006640
1886.303115   10.929550   0.007450
1886.312914   10.930280   0.006930
1886.322818   10.925180   0.007050
1886.332859   10.934380   0.007100
1886.342543   10.930080   0.006750
1886.352534   10.923620   0.006930
1886.362281   10.926140   0.007390
1886.372003   10.925090   0.007620
1886.381496   10.929520   0.007790
1886.391198   10.930120   0.008370
1886.399994   10.933030   0.008430
1886.408171   10.925800   0.008550
1886.414363   10.928950   0.010220
1886.419581   10.925270   0.010280
1886.423873   10.927390   0.009530
1886.427459   10.927310   0.009350
1886.431086   10.924560   0.009300
1886.433748   10.937040   0.010450
1886.435540   10.929540   0.010850
1886.437293   10.938310   0.009820
1886.439058   10.930920   0.009930
1886.441348   10.930150   0.019180
