1863.169882   13.672030   0.057050
1863.179028   13.679580   0.062190
1863.188111   13.655910   0.069590
1863.197263   13.671820   0.063860
1863.206453   13.674430   0.060700
1863.215516   13.671120   0.075550
1863.224486   13.643620   0.070530
1863.233708   13.707430   0.076090
1863.243026   13.694450   0.074510
1863.252052   13.685950   0.073050
1863.260978   13.714180   0.065350
1863.270074   13.733560   0.075790
1863.279229   13.732580   0.067160
1863.288341   13.696500   0.065910
1863.297662   13.716780   0.055950
1863.306748   13.779260   0.073460
1863.315898   13.724610   0.071140
1863.325261   13.724380   0.069800
1863.334632   13.684460   0.070640
1863.344416   13.701660   0.072480
1863.353962   13.669140   0.064280
1863.363511   13.688040   0.057740
1863.372640   13.740310   0.053790
1863.381795   13.691470   0.058740
1863.391577   13.654310   0.059480
1863.400670   13.678490   0.066000
1863.410157   13.702160   0.064300
1863.419415   13.739450   0.065780
1863.428728   13.650120   0.073860
1863.438171   13.684050   0.074200
1863.447725   13.710960   0.078080
1863.457038   13.722830   0.085300
1863.464667   13.738490   0.104660
1864.140349   13.711070   0.049840
1864.149328   13.681520   0.054430
1864.158727   13.681380   0.045980
1864.168077   13.709250   0.062580
1864.177441   13.664570   0.058000
1864.186471   13.691300   0.047530
1864.195786   13.693230   0.057690
1864.204761   13.699510   0.051800
1864.213956   13.679470   0.049140
1864.223275   13.681840   0.047480
1864.232312   13.673630   0.058490
1864.241734   13.715870   0.055610
1864.250994   13.699780   0.050170
1864.260292   13.724330   0.058550
1864.269452   13.727300   0.051280
1864.278712   13.712540   0.061130
1864.288040   13.715780   0.057590
1864.297228   13.697980   0.055090
1864.306786   13.748370   0.058750
1864.315982   13.730440   0.058540
1864.325240   13.747060   0.059930
1864.334830   13.660590   0.058380
1864.344223   13.728220   0.088570
1864.353629   13.800760   0.077560
1864.362884   13.717670   0.089730
1864.372284   13.596970   0.099330
1864.381718   13.731190   0.091590
1864.391386   13.685130   0.075020
1864.401175   13.632610   0.093620
1864.410777   13.668190   0.090420
1864.420158   13.648970   0.087970
1864.429378   13.628120   0.097590
1864.438639   13.710730   0.107350
1864.448175   13.768580   0.099510
1864.457256   13.784690   0.079800
1864.465120   13.721340   0.124290
1865.112265   13.726830   0.065730
1865.121493   13.662790   0.078980
1865.180915   13.701080   0.044640
1865.189934   13.690750   0.035880
1865.199137   13.685620   0.048740
1865.208040   13.695160   0.035340
1865.217207   13.664610   0.051290
1865.226382   13.707300   0.053770
1865.235932   13.662220   0.055020
1865.245886   13.659500   0.060420
1865.255783   13.665170   0.062050
1865.265750   13.672990   0.082240
1865.275774   13.628350   0.068070
1865.285892   13.690960   0.058160
1865.295973   13.719240   0.066310
1865.306185   13.731750   0.068820
1865.316145   13.690980   0.060210
1865.326150   13.751920   0.061900
1865.336276   13.716740   0.082690
1865.346577   13.702640   0.068890
1865.356675   13.681260   0.067780
1865.366659   13.645110   0.076900
1865.376904   13.650540   0.074660
1865.387088   13.711030   0.076850
1865.397153   13.643790   0.081590
1865.407149   13.694130   0.082170
1865.417333   13.693620   0.076160
1865.427630   13.663040   0.078590
1866.165339   13.696320   0.038460
1866.174723   13.665060   0.039220
1866.184057   13.691570   0.041830
1866.193410   13.704600   0.041310
1866.202706   13.691880   0.042470
1866.212035   13.702380   0.041860
1866.221409   13.697110   0.044290
1866.230791   13.690360   0.043590
1866.240551   13.713200   0.042380
1866.250004   13.698040   0.042530
1866.259354   13.705110   0.045610
1867.193045   13.693080   0.028750
1867.202355   13.657700   0.029910
1867.211516   13.697710   0.029740
1867.220585   13.687130   0.032160
1867.230131   13.680390   0.033320
1867.239707   13.696370   0.032340
1867.249230   13.692020   0.032420
1867.258785   13.684590   0.032100
1867.268385   13.682110   0.033560
1867.277702   13.692590   0.033730
1867.287153   13.699580   0.035640
1867.296854   13.723440   0.036010
1867.306121   13.681990   0.037180
1867.315500   13.690510   0.036050
1867.325094   13.708920   0.037500
1867.334502   13.690880   0.039700
1867.344482   13.662820   0.041240
1867.354030   13.679800   0.041000
1867.363492   13.678810   0.046450
1867.372735   13.667660   0.043140
1867.382212   13.643180   0.044170
1867.391671   13.678580   0.050120
1867.401392   13.713540   0.047840
1868.197661   13.701760   0.056480
1868.216495   13.743680   0.075290
1868.225986   13.656190   0.066840
1868.235811   13.627860   0.079810
1868.245580   13.633680   0.075560
1868.255259   13.640050   0.073720
1868.264815   13.705940   0.073240
1868.274279   13.675600   0.089020
1868.283929   13.705660   0.069300
1868.293537   13.645580   0.115760
1868.303104   13.742510   0.129700
1868.312574   13.798200   0.127330
1868.322548   13.689820   0.085170
1868.341800   13.652110   0.085990
1868.351466   13.699490   0.111340
1868.360837   13.731420   0.116980
1868.370659   13.702090   0.104060
1868.380417   13.662840   0.108790
1868.390367   13.669390   0.101260
1868.399668   13.698660   0.104470
1868.409622   13.670470   0.114380
1868.428372   13.693730   0.106900
1870.219778   13.662760   0.036030
1870.229270   13.667160   0.037850
1870.238762   13.649480   0.040050
1870.248135   13.694350   0.039230
1870.257691   13.694990   0.044690
1870.267266   13.687130   0.041170
1870.286498   13.669180   0.046380
1870.295849   13.701500   0.041420
1870.305565   13.729960   0.042090
1870.315197   13.704420   0.046330
1870.335174   13.681690   0.046500
1870.344892   13.718680   0.051040
1870.354573   13.649660   0.056590
1870.364104   13.689470   0.073490
1870.373603   13.665560   0.069050
1870.383600   13.693890   0.083190
1870.393243   13.668870   0.104880
1870.402667   13.608590   0.069900
1870.430903   13.669010   0.067800
1870.440608   13.732860   0.116880
1871.183469   13.655720   0.048610
1871.192872   13.653590   0.046660
1871.202392   13.700970   0.047190
1871.221273   13.635470   0.055010
1871.230922   13.674970   0.048010
1871.240394   13.639690   0.046990
1871.259511   13.649160   0.048420
1871.269122   13.682500   0.048720
1871.278903   13.656180   0.049600
1871.288648   13.690390   0.052900
1871.298226   13.712040   0.048390
1871.307789   13.730650   0.054500
1871.317562   13.689250   0.057410
1871.346725   13.743750   0.067460
1871.356495   13.680100   0.062450
1871.366277   13.688380   0.070790
1871.375944   13.742700   0.066190
1871.385808   13.660830   0.075450
1871.423744   13.662370   0.086190
1871.442405   13.675730   0.086800
1871.449670   13.689860   0.087710
1871.472994   13.655400   0.090520
1872.324463   13.687220   0.047790
1872.334315   13.676840   0.053450
1872.344041   13.647120   0.050260
1872.353623   13.726440   0.051870
1872.363427   13.667830   0.047190
1872.373279   13.709410   0.048580
1872.383099   13.704560   0.049400
1872.392766   13.661360   0.050050
1872.402203   13.698800   0.048560
1872.412032   13.712760   0.053870
1872.421585   13.647390   0.055700
1873.229437   13.665780   0.056150
1873.238826   13.730050   0.059210
1873.258009   13.661820   0.058170
1873.267456   13.661890   0.060090
1873.276959   13.724510   0.061460
1873.296275   13.679670   0.062950
1873.305896   13.725890   0.070140
1873.315548   13.696400   0.068960
1873.325684   13.745060   0.070730
1873.335346   13.770900   0.080130
1873.354842   13.747730   0.074800
1873.364691   13.729570   0.081580
1873.374458   13.701700   0.080150
1873.383960   13.706950   0.073170
1873.393856   13.639430   0.074610
1873.403606   13.686220   0.077660
1874.041923   13.692390   0.039050
1874.051714   13.666000   0.037180
1874.061193   13.679160   0.037360
1874.108441   13.696730   0.039900
1874.117749   13.685160   0.042020
1874.127103   13.686180   0.044650
1874.145982   13.708260   0.045260
1874.155173   13.701820   0.048830
1874.164605   13.676100   0.052440
1874.183645   13.638800   0.079410
1874.193053   13.635840   0.105240
1877.012009   13.674950   0.044510
1877.021623   13.665300   0.042760
1877.050632   13.667490   0.039650
1877.080037   13.677930   0.043620
1877.089835   13.668740   0.043080
1877.109324   13.677570   0.056760
1877.119234   13.664170   0.050550
1877.128562   13.726610   0.047380
1877.157081   13.741020   0.058430
1877.166514   13.659210   0.051280
1877.175811   13.663190   0.048640
1877.194638   13.704250   0.050080
1877.204359   13.657150   0.051100
1877.223290   13.652770   0.049240
1877.242583   13.645350   0.055260
1877.252102   13.737640   0.056510
1877.261424   13.719780   0.054370
1877.271317   13.702890   0.049660
1877.280810   13.688670   0.043660
1877.290913   13.667230   0.050500
1877.300784   13.723470   0.060840
1877.310552   13.680840   0.054000
1877.320329   13.745130   0.061920
1877.330019   13.687060   0.051510
1877.339609   13.679630   0.044920
1877.349339   13.634480   0.055800
1877.359563   13.691740   0.047370
1877.369289   13.653880   0.055030
1877.398748   13.646810   0.066290
1877.408188   13.649250   0.063530
1877.417610   13.619780   0.060120
1877.426444   13.685880   0.054050
1877.439426   13.718850   0.061290
1877.449101   13.709980   0.054620
1877.966360   13.716190   0.062130
1877.975795   13.696150   0.046370
1878.014335   13.700530   0.039500
1878.042881   13.711010   0.036260
1878.052477   13.711810   0.040530
1878.072038   13.702150   0.042090
1878.081838   13.680920   0.041760
1878.111056   13.712300   0.042210
1878.120475   13.730160   0.042910
1878.139452   13.722340   0.052670
1878.148981   13.743280   0.093880
1878.158293   13.753480   0.076050
1878.167692   13.716570   0.047960
1878.177309   13.670560   0.046050
1878.186872   13.657350   0.059620
1878.196273   13.699540   0.060260
1878.206054   13.675590   0.069450
1878.215833   13.700560   0.076130
1878.225557   13.735030   0.079150
1878.235117   13.676620   0.060780
1878.244657   13.676620   0.069350
1878.254352   13.685830   0.072700
1878.263984   13.778560   0.068940
1878.273770   13.751120   0.075030
1878.283405   13.677580   0.084320
1878.293079   13.632380   0.078530
1878.302887   13.628100   0.097220
1878.312828   13.628590   0.102080
1878.322431   13.715770   0.095410
1878.332111   13.708690   0.110130
1878.342126   13.681130   0.078080
1878.351898   13.651440   0.086440
1878.361666   13.685940   0.077870
1878.371492   13.639480   0.082900
1878.381052   13.687000   0.093560
1878.390611   13.696120   0.069930
1878.400035   13.633650   0.085230
1878.409523   13.693590   0.083470
1878.419250   13.634860   0.093070
1878.427139   13.677420   0.091750
1878.444205   13.585170   0.069230
1878.454721   13.608630   0.090490
1878.463071   13.653460   0.127920
1879.024781   13.714690   0.057130
1879.035403   13.686200   0.069150
1879.046338   13.619380   0.061920
1879.056998   13.681850   0.069270
1879.067120   13.667590   0.069260
1879.077625   13.673000   0.065740
1879.087804   13.693450   0.066060
1879.097718   13.709970   0.084330
1879.108265   13.746250   0.093370
1879.128946   13.712920   0.077390
1879.138951   13.657390   0.084250
1879.148948   13.666980   0.104400
1879.158753   13.679490   0.101650
1879.168681   13.691740   0.102740
1879.178653   13.671910   0.107930
1879.188532   13.703690   0.111190
1879.198658   13.701260   0.114960
1879.208980   13.693260   0.113700
1879.219105   13.717420   0.118050
1879.229198   13.686230   0.122920
1879.239692   13.717950   0.119570
1879.249885   13.826060   0.125040
1879.259988   13.784580   0.113530
1879.270136   13.659580   0.100240
1879.279998   13.722740   0.088040
1879.290256   13.726810   0.107220
1879.300321   13.784720   0.112260
1879.310604   13.745890   0.110960
1879.321132   13.696420   0.103900
1879.331398   13.672970   0.109940
1879.341711   13.623210   0.107540
1879.352168   13.594580   0.105990
1879.362239   13.687380   0.112250
1879.372581   13.734370   0.116020
1879.914664   13.700960   0.077130
1880.001350   13.636290   0.042320
1880.020489   13.700770   0.051500
1880.069635   13.689250   0.049280
1880.079469   13.713570   0.055260
1880.108072   13.679300   0.059290
1880.200091   13.694080   0.060010
1880.209735   13.703910   0.064200
1880.219431   13.654700   0.062690
1880.229324   13.669340   0.054510
1880.248836   13.702540   0.048850
1880.258298   13.713260   0.056600
1880.267686   13.683450   0.063050
1880.277275   13.607330   0.059070
1880.286928   13.704940   0.072550
1880.306613   13.632110   0.062170
1880.987626   13.727810   0.054990
1881.027023   13.682060   0.054330
1881.036583   13.714550   0.056490
1881.046307   13.701100   0.055600
1881.075352   13.709660   0.065140
1881.085120   13.679110   0.059790
1881.124474   13.690720   0.064820
1881.134326   13.685650   0.069110
1881.143810   13.700620   0.051230
1881.163015   13.680520   0.062420
1881.171357   13.705330   0.055200
1881.190627   13.675140   0.045580
1881.200550   13.690700   0.050340
1881.220305   13.659790   0.057290
1881.230199   13.715680   0.058070
1881.239668   13.709990   0.059790
1881.249328   13.688670   0.054330
1881.258917   13.721370   0.058220
1881.268352   13.691810   0.060970
1881.278189   13.733000   0.059180
1881.288137   13.670860   0.064040
1881.297680   13.705170   0.061400
1881.307337   13.670550   0.064220
1881.317394   13.712200   0.064920
1881.327336   13.647830   0.063890
1881.337373   13.664150   0.070380
1881.347129   13.638590   0.070900
1881.357110   13.706040   0.073170
1881.366722   13.728190   0.071920
1881.414838   13.744510   0.080990
1881.428287   13.713920   0.079420
1881.437835   13.678760   0.084070
1881.864967   13.783200   0.100080
1881.943231   13.719770   0.061090
1881.992169   13.719220   0.112360
1882.001889   13.674710   0.116550
1882.080330   13.707720   0.075920
1882.160119   13.693680   0.099260
1882.169652   13.595580   0.095050
1882.179008   13.649340   0.099550
1883.093660   13.636110   0.072790
1883.150882   13.673270   0.088980
1883.160374   13.750600   0.098560
1883.169871   13.668170   0.094850
1883.217549   13.638500   0.095270
1883.226897   13.721650   0.103360
1883.236210   13.614370   0.095500
1883.245790   13.655000   0.095980
1883.255334   13.727920   0.103650
1883.265175   13.705830   0.101960
1883.274780   13.643570   0.102000
1883.294394   13.695040   0.067300
1883.323643   13.721230   0.093340
1883.333437   13.652750   0.105880
1883.343511   13.590750   0.085380
1883.353701   13.692620   0.063100
1883.363493   13.638300   0.103890
1883.373027   13.710680   0.107870
1883.382657   13.672950   0.107450
1883.392439   13.647750   0.108990
1883.402040   13.649470   0.113000
1883.428949   13.638310   0.112660
1884.128292   13.614670   0.054540
1884.137551   13.680530   0.043140
1884.147279   13.748750   0.050920
1884.166197   13.783530   0.062030
1884.175960   13.737610   0.065040
1884.185414   13.701380   0.055050
1884.204574   13.689170   0.051550
1884.214174   13.704040   0.045750
1884.223839   13.723770   0.051780
1884.233272   13.663560   0.070190
1884.261682   13.710190   0.042930
1884.271201   13.713890   0.040080
1884.280876   13.702690   0.046260
1884.290846   13.687820   0.049600
1884.310420   13.698870   0.076800
1884.320206   13.685090   0.051440
1884.330156   13.685960   0.050750
1884.340081   13.668140   0.062880
1884.350052   13.696070   0.061560
1884.379738   13.724230   0.057300
1884.389528   13.699690   0.042220
1884.974382   13.613640   0.061100
1884.983546   13.700210   0.112230
1884.993441   13.740530   0.108780
1885.052183   13.689650   0.101820
1885.062110   13.645130   0.066300
1885.278794   13.672670   0.090830
1885.288620   13.626800   0.076230
1885.298475   13.642970   0.094170
1885.318087   13.644820   0.096510
1885.328301   13.648710   0.103080
1886.101064   13.739400   0.041420
1886.110701   13.702930   0.038230
1886.138882   13.645380   0.041240
1886.148233   13.731750   0.043030
1886.167550   13.670980   0.052620
1886.177101   13.697570   0.051500
1886.186997   13.686530   0.053400
1886.215757   13.657540   0.066680
1886.225422   13.672510   0.086870
1886.234829   13.730480   0.090950
1886.244630   13.717330   0.088490
1886.263771   13.681130   0.052830
1886.273578   13.604740   0.087760
1886.283270   13.697850   0.052370
1886.293134   13.717460   0.056760
1886.303115   13.705550   0.064330
1886.312914   13.642960   0.054410
1886.322818   13.676840   0.059710
1886.332859   13.690650   0.057110
1886.342543   13.705520   0.057940
1886.352534   13.703940   0.061980
1886.362281   13.664990   0.061220
1886.372003   13.690860   0.065750
1886.381496   13.698400   0.067620
1886.408171   13.765120   0.078450
