1863.179028   13.417340   0.056880
1863.188111   13.458990   0.068620
1863.215440   13.415660   0.059040
1863.224563   13.411360   0.052820
1863.233708   13.437710   0.073970
1863.243026   13.414970   0.070260
1863.252052   13.408990   0.065110
1863.261055   13.471610   0.049220
1863.269998   13.360260   0.057910
1863.279229   13.383620   0.065490
1863.288341   13.432690   0.059060
1863.297662   13.379950   0.058570
1863.306748   13.391410   0.064610
1863.315898   13.410590   0.064740
1863.325108   13.376660   0.036900
1863.334632   13.406560   0.065640
1863.344569   13.362540   0.039800
1863.353809   13.458420   0.036100
1863.363511   13.398030   0.049180
1863.372640   13.417630   0.050800
1863.381871   13.402930   0.041880
1863.391577   13.388030   0.030700
1863.400670   13.422010   0.061000
1863.410157   13.390480   0.056590
1863.419415   13.433390   0.064630
1863.428729   13.420820   0.054590
1863.438247   13.354670   0.056360
1863.447725   13.429230   0.075640
1863.457038   13.409890   0.083550
1863.464590   13.392480   0.080120
1863.471563   13.429360   0.099890
1863.477686   13.470200   0.097850
1863.482900   13.303110   0.092860
1863.487037   13.451910   0.100930
1863.490505   13.377120   0.095790
1863.494064   13.374780   0.092910
1863.496621   13.352700   0.096320
1863.498272   13.402160   0.100600
1863.500163   13.461940   0.084220
1863.501889   13.466480   0.108320
1863.503937   13.411780   0.149080
1864.131216   13.417320   0.054140
1864.140349   13.406240   0.050670
1864.149328   13.398210   0.050530
1864.158727   13.413480   0.027800
1864.168077   13.393330   0.059430
1864.177441   13.427480   0.054930
1864.186317   13.390140   0.025500
1864.195786   13.451840   0.055280
1864.204837   13.407620   0.039260
1864.214033   13.420220   0.037350
1864.223199   13.394280   0.035270
1864.232312   13.396920   0.053300
1864.241734   13.412060   0.043990
1864.260368   13.356040   0.046750
1864.269452   13.414960   0.046950
1864.278712   13.432770   0.056160
1864.288040   13.415280   0.057950
1864.297228   13.435370   0.058010
1864.306786   13.434310   0.061660
1864.315982   13.411470   0.056810
1864.325240   13.462120   0.032400
1864.334830   13.412270   0.054270
1864.344376   13.440870   0.044000
1864.353629   13.466260   0.078610
1864.362884   13.427040   0.084940
1864.372361   13.332110   0.078740
1864.381795   13.418980   0.072240
1864.391386   13.300650   0.069470
1864.401098   13.382980   0.076090
1864.410777   13.361860   0.065770
1864.420158   13.415530   0.068830
1864.429455   13.427020   0.075090
1864.438640   13.405960   0.085280
1864.448098   13.384000   0.106740
1864.465121   13.332680   0.084290
1864.472313   13.443420   0.066300
1865.081649   13.460290   0.066990
1865.090914   13.442770   0.066810
1865.103000   13.418090   0.064330
1865.112265   13.408380   0.061360
1865.121493   13.395500   0.072610
1865.180915   13.376250   0.042060
1865.189934   13.420490   0.032690
1865.199137   13.421710   0.039590
1865.208040   13.443770   0.031700
1865.217207   13.381070   0.052070
1865.226382   13.416370   0.046730
1865.235932   13.465470   0.050550
1865.245886   13.440640   0.051190
1865.255783   13.410090   0.053160
1865.265750   13.470280   0.071340
1865.275774   13.375460   0.058610
1865.285892   13.429940   0.054990
1865.295973   13.438850   0.061160
1865.306185   13.455880   0.059390
1865.316145   13.424280   0.059420
1865.326150   13.426200   0.063580
1865.336276   13.409070   0.076370
1865.346577   13.441210   0.065490
1865.356675   13.462590   0.065430
1865.366659   13.399420   0.072600
1865.376904   13.417050   0.072500
1865.387088   13.389220   0.073110
1865.397153   13.457960   0.078000
1865.407149   13.443810   0.074250
1865.417333   13.432080   0.071910
1865.427630   13.473350   0.073400
1865.437669   13.427320   0.069850
1865.448171   13.396510   0.089190
1865.457324   13.474500   0.093380
1865.465615   13.454480   0.103020
1865.471988   13.444990   0.114950
1865.482335   13.503180   0.111510
1865.486312   13.428400   0.069200
1865.489861   13.371140   0.090940
1865.492667   13.428850   0.109070
1865.494427   13.403690   0.109280
1865.496283   13.456640   0.104220
1865.498014   13.533460   0.097230
1866.165339   13.434090   0.021300
1866.184057   13.421260   0.037570
1866.193410   13.423650   0.032650
1866.212035   13.418560   0.040880
1866.240474   13.413830   0.032270
1866.250004   13.418440   0.031040
1866.259507   13.404190   0.023800
1867.193045   13.421550   0.025750
1867.202355   13.404220   0.026670
1867.211516   13.427220   0.027480
1867.220585   13.415880   0.028880
1867.230131   13.434840   0.029390
1867.239707   13.387650   0.029990
1867.249230   13.428000   0.028930
1867.258785   13.442340   0.029500
1867.268385   13.415360   0.029920
1867.277702   13.396520   0.031840
1867.287153   13.414510   0.032160
1867.296854   13.388710   0.033050
1867.306121   13.383260   0.033470
1867.315500   13.413080   0.032530
1867.325094   13.416090   0.034710
1867.334502   13.415960   0.036500
1867.344482   13.422300   0.037930
1867.354030   13.415780   0.038980
1867.363492   13.443960   0.044350
1867.372735   13.417240   0.040720
1867.382212   13.385550   0.041290
1867.391671   13.401030   0.045070
1867.401392   13.393540   0.042930
1867.410805   13.385550   0.043260
1867.420288   13.408270   0.052440
1867.429722   13.404930   0.055270
1867.439192   13.398020   0.054240
1867.448574   13.406350   0.059650
1867.456168   13.415220   0.052170
1867.463320   13.432950   0.054220
1867.469421   13.467320   0.054570
1867.473939   13.407680   0.036170
1867.478138   13.458000   0.025600
1867.481732   13.416870   0.034720
1867.484335   13.426110   0.042780
1867.486951   13.412850   0.042270
1867.488639   13.428500   0.045340
1867.490315   13.446870   0.047020
1867.492002   13.421860   0.045170
1867.493724   13.426710   0.045340
1868.197661   13.404380   0.049810
1868.207123   13.434500   0.052660
1868.216495   13.433540   0.068760
1868.225986   13.473050   0.064120
1868.235811   13.483960   0.073980
1868.245580   13.425860   0.065070
1868.255259   13.415290   0.071450
1868.264815   13.433220   0.075350
1868.274279   13.448220   0.080730
1868.284005   13.425490   0.059270
1868.293537   13.525020   0.107620
1868.303104   13.454180   0.108500
1868.312574   13.446110   0.112490
1868.322548   13.480450   0.086940
1868.331930   13.455300   0.044000
1868.341800   13.384280   0.085920
1868.351466   13.417180   0.103130
1868.360837   13.358050   0.101920
1868.370659   13.450220   0.101860
1868.380417   13.359670   0.080680
1868.390443   13.336320   0.076810
1868.399668   13.396990   0.092670
1868.409699   13.426480   0.085980
1868.419023   13.454580   0.082940
1868.428372   13.362620   0.055500
1868.437768   13.548560   0.086700
1868.446987   13.441120   0.057800
1868.454949   13.331330   0.102800
1868.460989   13.372580   0.083750
1868.467151   13.442160   0.106510
1868.471440   13.340580   0.105640
1868.475786   13.275060   0.089460
1868.479187   13.538970   0.100000
1868.484421   13.468360   0.069500
1868.486000   13.366380   0.063600
1868.487797   13.315380   0.090860
1868.489430   13.365270   0.066000
1868.491280   13.510640   0.124240
1870.219778   13.433680   0.032160
1870.229270   13.412590   0.035280
1870.238762   13.409320   0.036730
1870.248212   13.431060   0.029500
1870.257691   13.431800   0.039790
1870.267266   13.431800   0.038640
1870.276950   13.412850   0.037130
1870.286498   13.453770   0.040010
1870.295849   13.436590   0.038930
1870.305565   13.420250   0.039700
1870.315197   13.410190   0.043420
1870.325274   13.433140   0.045500
1870.335174   13.454590   0.043360
1870.344892   13.404770   0.046940
1870.354573   13.427340   0.053530
1870.364180   13.461640   0.061830
1870.373603   13.411300   0.069360
1870.383600   13.419500   0.081610
1870.393243   13.420760   0.096250
1870.412418   13.365390   0.112830
1870.421719   13.448500   0.097970
1870.431056   13.474720   0.074100
1870.440608   13.391600   0.101450
1870.448993   13.473290   0.099120
1870.456179   13.336260   0.091530
1870.461756   13.443530   0.108570
1870.466440   13.492830   0.066100
1870.470290   13.398740   0.106070
1870.474111   13.401160   0.091430
1870.478722   13.509090   0.069900
1870.480494   13.428180   0.068800
1870.482097   13.396870   0.063200
1870.483838   13.279740   0.065100
1871.136689   13.412460   0.040890
1871.146179   13.425560   0.037950
1871.155384   13.408360   0.039670
1871.164955   13.409610   0.041760
1871.174269   13.427730   0.039620
1871.183469   13.407810   0.046010
1871.192872   13.400620   0.039820
1871.202392   13.388340   0.045210
1871.211865   13.416470   0.052790
1871.221273   13.405320   0.051740
1871.230922   13.409670   0.043120
1871.240394   13.409530   0.044930
1871.250018   13.462660   0.047520
1871.259511   13.424520   0.044170
1871.269122   13.439080   0.044550
1871.278903   13.405110   0.044900
1871.288648   13.482470   0.048510
1871.298226   13.444830   0.044890
1871.307789   13.386650   0.051620
1871.317562   13.472750   0.051510
1871.327265   13.415020   0.043630
1871.337079   13.391200   0.056790
1871.346725   13.450070   0.060750
1871.356495   13.435900   0.059800
1871.366277   13.427880   0.063650
1871.375944   13.487680   0.068490
1871.385808   13.399340   0.069710
1871.395399   13.383570   0.078540
1871.404882   13.392930   0.053700
1871.414266   13.401130   0.069100
1871.423744   13.412220   0.050600
1871.433495   13.422760   0.087430
1871.442405   13.343310   0.079670
1871.449670   13.451880   0.067160
1871.455742   13.428790   0.082920
1871.461191   13.388450   0.089200
1871.465891   13.412140   0.071770
1871.469384   13.400700   0.071570
1871.473070   13.487140   0.074140
1871.476070   13.448340   0.084850
1871.477819   13.413370   0.083150
1871.479709   13.423920   0.081930
1871.481438   13.454280   0.085000
1871.550420   13.431480   0.092220
1871.560061   13.433210   0.054600
1871.569341   13.424620   0.079930
1871.578759   13.507680   0.088900
1871.588411   13.365040   0.088960
1871.597612   13.306920   0.065400
1872.324463   13.462710   0.043830
1872.334315   13.461720   0.046740
1872.344041   13.457710   0.046310
1872.353623   13.407940   0.046860
1872.363427   13.443180   0.046590
1872.373279   13.431340   0.047580
1872.383099   13.436590   0.046130
1872.392766   13.411620   0.044780
1872.402203   13.413890   0.045680
1872.412032   13.433000   0.049640
1872.421585   13.396250   0.051560
1872.431130   13.409970   0.057740
1872.439874   13.435110   0.058050
1872.447364   13.411310   0.029200
1872.454162   13.422750   0.054120
1872.459603   13.437300   0.061320
1872.463980   13.389520   0.053180
1872.467562   13.393600   0.036800
1872.470496   13.403930   0.064280
1872.473152   13.371300   0.033900
1872.475010   13.329700   0.034900
1872.476617   13.427990   0.063590
1872.478370   13.480050   0.038700
1872.480228   13.368590   0.040500
1872.541663   13.376540   0.080550
1872.550845   13.408870   0.080850
1872.569905   13.496930   0.078850
1872.579400   13.436330   0.099430
1872.588943   13.431480   0.107570
1872.598334   13.328280   0.062400
1873.229284   13.453250   0.029100
1873.238902   13.431710   0.045200
1873.248403   13.439200   0.051600
1873.258086   13.417730   0.042150
1873.267456   13.396990   0.052950
1873.276959   13.382390   0.059770
1873.286788   13.425950   0.053590
1873.296275   13.407030   0.058070
1873.305896   13.388220   0.060620
1873.315548   13.490560   0.063400
1873.325684   13.463090   0.061470
1873.335346   13.504840   0.072780
1873.344943   13.423720   0.071080
1873.354842   13.440370   0.068780
1873.364691   13.436780   0.073800
1873.374458   13.441520   0.070330
1873.383960   13.431500   0.064860
1873.393856   13.427060   0.069770
1873.403606   13.438840   0.071360
1873.413210   13.495250   0.080040
1873.422938   13.440810   0.079190
1873.432622   13.462890   0.075930
1873.441010   13.414660   0.065750
1873.447044   13.403680   0.067170
1873.453044   13.495500   0.063120
1873.457630   13.446790   0.067910
1873.461936   13.389440   0.041600
1873.465548   13.374500   0.072440
1873.468261   13.424850   0.073850
1873.470892   13.364830   0.076620
1873.472722   13.466390   0.070700
1873.474437   13.484780   0.072160
1873.476606   13.430710   0.106290
1874.032527   13.411240   0.033090
1874.061193   13.425890   0.035170
1874.070741   13.386720   0.039200
1874.080230   13.401850   0.036150
1874.089638   13.411190   0.038570
1874.098984   13.431750   0.038710
1874.108441   13.410020   0.034710
1874.117749   13.438930   0.040860
1874.136654   13.420760   0.039340
1874.146058   13.442180   0.034460
1874.155097   13.411830   0.037620
1874.164605   13.439230   0.049160
1874.174153   13.414340   0.057090
1874.183645   13.439610   0.075040
1874.193053   13.377800   0.097810
1874.202515   13.544750   0.111660
1874.212179   13.478250   0.113130
1874.222051   13.463860   0.101760
1876.992585   13.399630   0.038120
1877.002277   13.402330   0.039090
1877.012009   13.425700   0.039650
1877.021623   13.369890   0.039760
1877.031340   13.401890   0.044520
1877.041094   13.414760   0.041400
1877.050632   13.399800   0.038240
1877.060512   13.376200   0.038600
1877.070280   13.419100   0.040540
1877.080037   13.444550   0.038910
1877.089835   13.400000   0.039360
1877.099542   13.404450   0.043710
1877.109324   13.424100   0.049500
1877.119234   13.447060   0.047390
1877.128562   13.433980   0.043660
1877.137988   13.442810   0.043710
1877.147449   13.526310   0.052260
1877.157081   13.428900   0.049670
1877.166514   13.441360   0.046480
1877.175811   13.423700   0.044840
1877.185180   13.478320   0.047810
1877.194638   13.449860   0.045680
1877.204359   13.385450   0.045380
1877.213829   13.398310   0.042040
1877.223290   13.389770   0.046190
1877.232928   13.424550   0.045850
1877.242583   13.419130   0.049120
1877.252102   13.465820   0.050040
1877.261424   13.433140   0.048400
1877.271317   13.436840   0.046200
1877.280810   13.430790   0.042840
1877.290913   13.421880   0.046800
1877.300784   13.436970   0.055570
1877.310552   13.435950   0.046710
1877.320329   13.429260   0.053060
1877.330019   13.413720   0.048290
1877.339609   13.419190   0.045610
1877.349339   13.405340   0.048980
1877.359563   13.414760   0.043950
1877.369289   13.401270   0.050060
1877.379166   13.411060   0.048330
1877.389199   13.426680   0.053970
1877.398748   13.420290   0.057170
1877.408188   13.411250   0.056370
1877.417610   13.461110   0.055140
1877.426444   13.413910   0.050410
1877.433416   13.419180   0.055900
1877.439426   13.413180   0.059760
1877.444578   13.365900   0.059640
1877.449101   13.379270   0.043130
1877.452622   13.387870   0.062020
1877.456119   13.431110   0.047730
1877.460660   13.463520   0.056740
1877.462364   13.426960   0.046670
1877.464144   13.460960   0.051300
1877.465872   13.412580   0.056880
1877.528546   13.453160   0.070280
1877.538164   13.427380   0.072190
1877.547759   13.455750   0.079050
1877.557433   13.434110   0.082300
1877.566914   13.454810   0.068170
1877.956588   13.469940   0.061210
1877.966283   13.426300   0.044980
1877.994918   13.409910   0.020600
1878.042728   13.435900   0.020500
1878.081838   13.468700   0.042420
1878.120475   13.372800   0.022200
1878.129819   13.387740   0.026500
1878.139528   13.451210   0.040310
1878.148981   13.412320   0.089040
1878.158293   13.473020   0.078830
1878.167692   13.441220   0.045450
1878.177309   13.419990   0.043670
1878.186872   13.386380   0.054440
1878.196273   13.392960   0.055650
1878.206054   13.424620   0.064790
1878.215833   13.456320   0.069510
1878.225557   13.473860   0.068360
1878.235117   13.507230   0.057230
1878.244657   13.427920   0.056760
1878.254352   13.450140   0.067170
1878.263984   13.428660   0.070390
1878.273770   13.428660   0.072030
1878.283328   13.428270   0.062860
1878.293079   13.406750   0.072750
1878.302887   13.393710   0.091060
1878.312828   13.314170   0.089820
1878.322431   13.430950   0.093700
1878.332111   13.342830   0.093900
1878.342049   13.368960   0.049200
1878.351898   13.394170   0.074630
1878.361666   13.375520   0.069310
1878.371492   13.471470   0.077090
1878.381052   13.480800   0.084840
1878.390611   13.431890   0.062240
1878.400035   13.500640   0.079420
1878.409523   13.447250   0.075400
1878.419250   13.466630   0.084470
1878.427139   13.400130   0.083050
1878.434256   13.383310   0.067780
1878.439734   13.389200   0.085010
1878.444205   13.495800   0.070830
1878.448555   13.439800   0.068020
1878.452064   13.409220   0.082880
1878.454721   13.423320   0.081640
1878.457364   13.440710   0.083080
1878.459093   13.422920   0.081490
1878.460943   13.483150   0.086610
1878.463071   13.418120   0.117320
1878.523903   13.459040   0.089760
1878.533380   13.354870   0.084240
1878.542678   13.460210   0.070900
1878.552399   13.461560   0.074180
1878.562038   13.402060   0.082960
1878.571532   13.453200   0.080700
1878.581081   13.507460   0.071400
1878.896336   13.442920   0.086980
1879.118677   13.589970   0.058000
1879.148872   13.434030   0.078220
1879.178576   13.370660   0.082200
1879.198658   13.417530   0.104930
1879.208827   13.379310   0.060100
1879.229198   13.388470   0.060600
1879.239692   13.409000   0.105790
1879.259912   13.357350   0.080970
1879.270060   13.469770   0.083160
1879.280074   13.393430   0.054800
1879.290333   13.543770   0.085890
1879.300321   13.366530   0.097590
1879.321209   13.380600   0.080190
1879.331475   13.328320   0.077730
1879.341711   13.470650   0.101890
1879.352168   13.395900   0.082820
1879.362239   13.450160   0.060900
1879.372658   13.372750   0.082050
1879.383093   13.465050   0.060500
1879.393142   13.386880   0.103240
1879.403333   13.418360   0.086060
1879.422363   13.359570   0.062000
1879.430137   13.303970   0.059500
1879.441339   13.376220   0.062600
1879.445494   13.278110   0.087570
1879.452342   13.367570   0.096420
1879.454117   13.376690   0.095600
1879.456055   13.366070   0.096970
1879.460754   13.383590   0.067400
1879.895153   13.524230   0.105050
1879.904711   13.433720   0.097170
1879.914664   13.464680   0.042300
1879.924155   13.421020   0.047290
1879.933937   13.401630   0.030600
1879.981980   13.378790   0.021300
1880.010995   13.453880   0.046160
1880.020489   13.427110   0.045420
1880.030167   13.436390   0.044490
1880.040004   13.439970   0.044370
1880.050020   13.424660   0.045500
1880.059700   13.432980   0.045750
1880.069635   13.424020   0.047280
1880.079469   13.427300   0.047540
1880.089000   13.375950   0.046420
1880.098524   13.432700   0.051620
1880.108072   13.396020   0.052790
1880.117530   13.416050   0.048650
1880.127140   13.390190   0.052340
1880.200091   13.483280   0.053180
1880.209735   13.450050   0.057220
1880.219431   13.439540   0.055110
1880.229324   13.421580   0.051850
1880.238989   13.388970   0.038930
1880.267686   13.406440   0.054540
1880.277275   13.403390   0.058390
1880.286928   13.406210   0.063310
1880.306613   13.405740   0.046850
1880.369120   13.414220   0.054530
1880.967707   13.437340   0.056830
1880.977730   13.430630   0.055890
1880.987626   13.425720   0.047590
1880.997175   13.398470   0.045130
1881.007275   13.426960   0.039110
1881.017339   13.379710   0.040330
1881.027023   13.425820   0.048910
1881.036583   13.416760   0.050460
1881.046307   13.394540   0.050870
1881.055914   13.445380   0.056820
1881.065565   13.421870   0.054220
1881.075352   13.439230   0.056350
1881.085120   13.437680   0.054460
1881.094964   13.452320   0.052910
1881.104877   13.393580   0.039890
1881.114937   13.453230   0.063830
1881.124474   13.427100   0.057560
1881.134326   13.471020   0.061400
1881.153419   13.408550   0.061200
1881.163015   13.426090   0.057480
1881.180828   13.506340   0.031000
1881.200397   13.366530   0.027300
1881.220458   13.447110   0.030000
1881.230199   13.444410   0.051590
1881.239668   13.430100   0.059480
1881.249481   13.394780   0.032300
1881.259071   13.402330   0.032500
1881.268352   13.406840   0.058170
1881.278113   13.456990   0.045890
1881.288137   13.422460   0.056960
1881.297527   13.398010   0.034300
1881.307337   13.407560   0.059400
1881.317394   13.451770   0.060780
1881.327260   13.410650   0.051180
1881.337373   13.398180   0.054590
1881.357110   13.453330   0.036700
1881.366722   13.480260   0.055420
1881.376199   13.438210   0.057330
1881.386104   13.387690   0.073270
1881.405925   13.437840   0.044300
1881.422174   13.430000   0.064860
1881.428134   13.384310   0.044600
1881.433343   13.431140   0.044800
1881.445232   13.465440   0.048400
1881.449541   13.383830   0.080790
1881.454801   13.310210   0.066820
1881.455766   13.462490   0.067320
1881.521955   13.419650   0.073540
1881.531584   13.351850   0.074360
1881.541053   13.445530   0.054600
1881.550943   13.435740   0.055000
1881.560524   13.366470   0.079200
1881.570627   13.406240   0.054500
1881.580253   13.479430   0.106430
1881.589937   13.400920   0.082590
1881.599424   13.406780   0.064000
1881.609319   13.368780   0.063100
1881.619114   13.337120   0.110020
1881.628942   13.500110   0.072500
1881.638437   13.544060   0.075700
1881.855252   13.462250   0.108810
1881.864891   13.426030   0.085520
1881.874874   13.421660   0.053200
1881.894309   13.428450   0.037500
1881.914271   13.348790   0.035700
1881.972149   13.469200   0.048200
1881.981944   13.481510   0.049800
1881.992093   13.344550   0.082660
1882.002042   13.261640   0.058800
1882.011594   13.371170   0.083390
1882.021627   13.374740   0.075170
1882.031644   13.359280   0.098160
1882.041324   13.368330   0.097520
1882.051198   13.439050   0.090330
1882.060871   13.352560   0.091510
1882.080330   13.424280   0.071460
1882.109288   13.336420   0.092870
1882.121972   13.370840   0.101680
1882.131558   13.459390   0.084760
1882.141044   13.462260   0.093840
1882.150540   13.418490   0.089450
1882.160119   13.442280   0.091960
1882.169652   13.379630   0.090890
1882.179008   13.432040   0.094100
1882.188466   13.513840   0.105570
1882.198063   13.448870   0.087660
1883.093660   13.387430   0.067650
1883.103366   13.414400   0.049100
1883.112818   13.450560   0.073810
1883.122237   13.291550   0.081040
1883.131900   13.415520   0.068190
1883.141295   13.448680   0.079190
1883.150882   13.427540   0.082570
1883.160374   13.420440   0.086250
1883.169871   13.443440   0.091640
1883.179271   13.537570   0.069660
1883.188727   13.415480   0.073120
1883.198404   13.495410   0.093260
1883.207904   13.386210   0.088570
1883.217549   13.384830   0.090390
1883.226897   13.462040   0.091570
1883.236210   13.417410   0.093430
1883.245790   13.472810   0.090950
1883.255334   13.460610   0.094160
1883.265175   13.369340   0.097460
1883.274780   13.440360   0.100420
1883.284696   13.498100   0.058200
1883.294547   13.422100   0.064800
1883.304382   13.441070   0.091120
1883.323643   13.315250   0.085990
1883.333437   13.392930   0.108870
1883.343359   13.510790   0.091810
1883.353701   13.415800   0.058500
1883.363493   13.387000   0.104490
1883.373027   13.440550   0.104340
1883.382657   13.404450   0.106270
1883.392439   13.408760   0.087940
1883.401963   13.333120   0.086790
1883.410061   13.478150   0.113220
1883.417562   13.468710   0.092140
1883.423601   13.522030   0.093170
1883.428949   13.531320   0.108380
1883.436812   13.481170   0.107100
1883.443256   13.393510   0.085420
1883.444926   13.581270   0.065700
1883.446707   13.392210   0.101820
1883.448508   13.442720   0.106330
1883.507335   13.385160   0.109780
1883.517022   13.450990   0.119490
1883.526655   13.330080   0.062800
1883.574531   13.516710   0.101190
1883.584455   13.332580   0.067700
1883.593915   13.571130   0.100150
1884.099534   13.425950   0.034600
1884.109140   13.431460   0.032420
1884.118686   13.439800   0.042510
1884.128292   13.482650   0.052720
1884.137551   13.445630   0.037840
1884.147279   13.426810   0.043910
1884.156774   13.434040   0.045010
1884.166197   13.473860   0.053620
1884.175960   13.441270   0.057210
1884.185414   13.447060   0.047820
1884.194977   13.446970   0.039850
1884.204574   13.458360   0.044260
1884.214174   13.388750   0.039870
1884.223839   13.420030   0.044080
1884.233272   13.492740   0.067540
1884.242628   13.423110   0.035640
1884.252195   13.400880   0.035070
1884.261682   13.425880   0.037430
1884.271201   13.391230   0.034310
1884.280876   13.421900   0.039500
1884.290846   13.408450   0.043480
1884.300573   13.427400   0.048940
1884.310420   13.412010   0.069130
1884.320206   13.396980   0.044800
1884.330156   13.391450   0.045120
1884.340081   13.419340   0.057540
1884.350052   13.407140   0.055410
1884.360119   13.421500   0.047580
1884.370060   13.410920   0.037620
1884.379738   13.407600   0.051470
1884.389528   13.383400   0.038810
1884.399065   13.401960   0.041130
1884.406881   13.413200   0.049560
1884.413865   13.413290   0.057980
1884.420368   13.519190   0.060710
1884.425635   13.398350   0.043960
1884.430150   13.406260   0.038640
1884.433678   13.408270   0.045410
1884.437202   13.421320   0.043590
1884.439908   13.448110   0.048160
1884.441669   13.438450   0.045510
1884.443407   13.428440   0.043150
1884.445186   13.422350   0.041900
1884.446926   13.492290   0.058160
1884.503638   13.410670   0.038790
1884.513187   13.400470   0.046150
1884.522993   13.404640   0.039210
1884.532900   13.431550   0.037150
1884.542819   13.461800   0.043490
1884.552706   13.378050   0.049940
1884.562458   13.430510   0.032110
1884.572213   13.462580   0.033280
1884.581820   13.433980   0.033090
1884.591479   13.427140   0.045600
1884.600983   13.433490   0.039250
1884.610820   13.435960   0.036090
1884.886961   13.511410   0.105020
1884.896459   13.461600   0.103910
1884.906042   13.434070   0.093540
1884.915643   13.396580   0.093900
1884.925737   13.373390   0.087010
1884.935647   13.428170   0.075870
1884.945448   13.436820   0.091350
1884.954875   13.405720   0.095740
1884.964329   13.376510   0.093150
1884.974229   13.445790   0.099670
1884.983546   13.364680   0.103780
1884.993441   13.498500   0.102580
1885.003341   13.420370   0.055800
1885.013229   13.448940   0.110520
1885.022835   13.345200   0.088640
1885.032502   13.510330   0.123570
1885.042137   13.372290   0.113190
1885.052183   13.371890   0.115940
1885.062110   13.354880   0.066300
1885.278794   13.442090   0.085840
1885.288849   13.327960   0.052400
1885.298475   13.424930   0.089770
1885.308250   13.483050   0.091290
1885.318087   13.433440   0.092660
1885.328301   13.395740   0.079080
1885.430836   13.511150   0.064700
1885.570754   13.367900   0.061900
1885.590133   13.437900   0.099880
1886.072366   13.430290   0.030250
1886.082057   13.455790   0.033100
1886.091456   13.425660   0.034440
1886.101064   13.407980   0.035790
1886.110701   13.420040   0.034010
1886.120214   13.387760   0.035870
1886.129544   13.374200   0.036840
1886.138882   13.407360   0.036680
1886.148233   13.429120   0.037200
1886.158019   13.394210   0.031620
1886.167550   13.440300   0.043430
1886.177101   13.398510   0.045410
1886.186997   13.414210   0.046400
1886.196609   13.405820   0.052260
1886.206153   13.410410   0.055180
1886.215757   13.425270   0.057990
1886.225422   13.472200   0.082530
1886.234829   13.367370   0.082810
1886.244630   13.378750   0.079240
1886.254426   13.421380   0.060460
1886.263771   13.402640   0.046760
1886.273578   13.390960   0.084620
1886.283270   13.424120   0.045040
1886.293134   13.389970   0.050760
1886.303115   13.456810   0.059940
1886.312914   13.390340   0.053060
1886.322818   13.440810   0.056720
1886.332859   13.379310   0.055050
1886.342543   13.406800   0.051990
1886.352534   13.408280   0.053370
1886.362281   13.396560   0.057200
1886.372003   13.401350   0.059370
1886.381496   13.451520   0.062150
1886.391198   13.464040   0.071370
1886.399994   13.400710   0.067560
1886.408171   13.409090   0.067280
1886.414363   13.395480   0.083700
1886.419581   13.388670   0.084100
1886.423873   13.432070   0.080730
1886.427459   13.451670   0.077080
1886.431086   13.436510   0.076330
1886.433748   13.400900   0.086860
1886.435540   13.393790   0.088180
1886.437293   13.420580   0.079510
1886.439058   13.444100   0.081930
1886.441348   13.422090   0.146860
