1863.169882   12.113100   0.016740
1863.179028   12.105760   0.018240
1863.188111   12.108490   0.020960
1863.197263   12.111930   0.019400
1863.206453   12.114970   0.018820
1863.215516   12.111030   0.022110
1863.224486   12.098830   0.020790
1863.233708   12.116720   0.022690
1863.243026   12.097140   0.023330
1863.252052   12.106930   0.020940
1863.260978   12.091110   0.019460
1863.270074   12.110180   0.022350
1863.279229   12.114850   0.019920
1863.288341   12.094950   0.018940
1863.297662   12.115660   0.017960
1863.306748   12.109610   0.020260
1863.315898   12.113180   0.020500
1863.325261   12.107090   0.020210
1863.334632   12.114990   0.021250
1863.344416   12.116170   0.020790
1863.353962   12.127740   0.020150
1863.363511   12.112700   0.017840
1863.372640   12.110150   0.016860
1863.381795   12.114020   0.017150
1863.391577   12.110170   0.018010
1863.400670   12.112770   0.018650
1863.410157   12.103740   0.018710
1863.419415   12.108730   0.019700
1863.428728   12.123810   0.021020
1863.438171   12.112370   0.021720
1863.447725   12.105430   0.022870
1863.457038   12.114960   0.026050
1863.464667   12.135670   0.030490
1863.471563   12.121410   0.032460
1863.477686   12.136020   0.030000
1863.482900   12.143220   0.030090
1863.487037   12.125800   0.032580
1863.490505   12.100420   0.032510
1863.494064   12.103680   0.030150
1863.496621   12.117730   0.033310
1863.498272   12.114440   0.032970
1863.500087   12.115240   0.032970
1863.501889   12.136460   0.035160
1863.503937   12.104230   0.048040
1864.122118   12.105730   0.013740
1864.131216   12.115750   0.017900
1864.140349   12.107330   0.016050
1864.149328   12.105680   0.015820
1864.158727   12.116510   0.015240
1864.168077   12.118680   0.019110
1864.177441   12.103550   0.017670
1864.186471   12.095920   0.014610
1864.195786   12.124350   0.018470
1864.204761   12.112710   0.016630
1864.213956   12.103780   0.015590
1864.223275   12.102880   0.015190
1864.232312   12.115750   0.017900
1864.241734   12.107170   0.018130
1864.250994   12.104470   0.015760
1864.260292   12.104790   0.018420
1864.269452   12.111850   0.016460
1864.278712   12.113240   0.018830
1864.288040   12.114750   0.018710
1864.297228   12.117400   0.018300
1864.306786   12.112280   0.018770
1864.315982   12.116830   0.019170
1864.325240   12.121480   0.018820
1864.334830   12.113530   0.018240
1864.344223   12.113670   0.024650
1864.353629   12.105690   0.023560
1864.362884   12.115030   0.026340
1864.372284   12.106540   0.030430
1864.381718   12.111350   0.026440
1864.391386   12.122020   0.023040
1864.401175   12.109660   0.027950
1864.410777   12.129100   0.025230
1864.420158   12.093470   0.025980
1864.429378   12.101760   0.028300
1864.438639   12.116160   0.033310
1864.448098   12.126190   0.037840
1864.457409   12.115760   0.039920
1864.465120   12.096070   0.037420
1864.472313   12.104050   0.042980
1864.477494   12.112520   0.048780
1864.482643   12.142760   0.064680
1864.486002   12.107130   0.084890
1864.489646   12.137170   0.076020
1864.492216   12.082280   0.059240
1864.494776   12.086940   0.061130
1864.496480   12.118390   0.061970
1864.498365   12.087710   0.063460
1864.500091   12.070960   0.063920
1864.501760   12.139410   0.063060
1865.081649   12.107480   0.019760
1865.090914   12.110920   0.020840
1865.103000   12.109410   0.020100
1865.112265   12.105650   0.019290
1865.121493   12.103160   0.022980
1865.180915   12.105060   0.013860
1865.189934   12.116030   0.011370
1865.199137   12.114420   0.014140
1865.208040   12.106750   0.011370
1865.217207   12.118360   0.016530
1865.226382   12.120720   0.015820
1865.235932   12.103420   0.017670
1865.245886   12.112650   0.017440
1865.255783   12.114530   0.016920
1865.265750   12.098840   0.022470
1865.275774   12.098700   0.019630
1865.285892   12.112000   0.017090
1865.295973   12.111590   0.019000
1865.306185   12.115280   0.018480
1865.316145   12.100890   0.018020
1865.326150   12.099370   0.019520
1865.336276   12.113890   0.022980
1865.346577   12.097360   0.020560
1865.356675   12.117410   0.020330
1865.366659   12.105450   0.022230
1865.376904   12.100940   0.022460
1865.387088   12.108330   0.022350
1865.397153   12.128550   0.023150
1865.407149   12.118050   0.022170
1865.417333   12.121150   0.021130
1865.427630   12.101180   0.022230
1865.437669   12.108720   0.022640
1865.448171   12.124660   0.028130
1865.457324   12.100730   0.029640
1865.465615   12.094220   0.031940
1865.471988   12.101930   0.040020
1865.477591   12.110790   0.049740
1865.482335   12.137310   0.039860
1865.486159   12.140600   0.045130
1865.489785   12.115790   0.040080
1865.492667   12.109100   0.040070
1865.494427   12.130510   0.037200
1865.496283   12.130700   0.033860
1865.498551   12.132910   0.060570
1866.165339   12.116260   0.012640
1866.174723   12.118150   0.012760
1866.184057   12.117560   0.012870
1866.193410   12.120710   0.013170
1866.202706   12.109370   0.013740
1866.212035   12.119260   0.013920
1866.221409   12.116700   0.014140
1866.230791   12.115590   0.013910
1866.240551   12.108060   0.013740
1866.250004   12.110990   0.013740
1866.259354   12.108850   0.014090
1867.193045   12.108720   0.009700
1867.202355   12.108230   0.009930
1867.211516   12.099150   0.009930
1867.220585   12.112080   0.010510
1867.230131   12.111600   0.010680
1867.239707   12.119850   0.010620
1867.249230   12.117670   0.010570
1867.258785   12.105960   0.010570
1867.268385   12.109970   0.010800
1867.277702   12.108570   0.010970
1867.287153   12.108360   0.011090
1867.296854   12.105720   0.011370
1867.306121   12.112080   0.011430
1867.315500   12.114450   0.011610
1867.325094   12.120380   0.011890
1867.334502   12.110350   0.012070
1867.344482   12.116820   0.012470
1867.354030   12.105770   0.012360
1867.363492   12.103750   0.013800
1867.372735   12.111450   0.012930
1867.382212   12.113290   0.013280
1867.391671   12.105340   0.014210
1867.401392   12.102350   0.013860
1867.410805   12.118780   0.013740
1867.420288   12.098450   0.016170
1867.429722   12.098370   0.017320
1867.439192   12.104280   0.016340
1867.448574   12.106280   0.017840
1867.456168   12.103900   0.015940
1867.463320   12.111490   0.016570
1867.469421   12.109520   0.016510
1867.473939   12.102260   0.013970
1867.478291   12.110760   0.012990
1867.481655   12.112440   0.013220
1867.484335   12.107740   0.014090
1867.486951   12.105600   0.013800
1867.488639   12.094300   0.014150
1867.490315   12.090560   0.014720
1867.492002   12.118350   0.014140
1867.493724   12.111740   0.013800
1868.197661   12.110240   0.016690
1868.207123   12.092340   0.016860
1868.216495   12.099840   0.020630
1868.225986   12.093750   0.019630
1868.235811   12.102290   0.022770
1868.245580   12.117150   0.021610
1868.255259   12.102510   0.021710
1868.264815   12.112220   0.022980
1868.274279   12.117600   0.025580
1868.283929   12.119840   0.022920
1868.293537   12.122560   0.033730
1868.303104   12.152700   0.035400
1868.312574   12.105420   0.034890
1868.322548   12.112490   0.026540
1868.332083   12.121150   0.025230
1868.341800   12.103190   0.026620
1868.351466   12.096050   0.032570
1868.360837   12.097930   0.031950
1868.370659   12.134950   0.030260
1868.380417   12.114170   0.031930
1868.390367   12.109600   0.029690
1868.399668   12.116220   0.029790
1868.409622   12.157170   0.033260
1868.419023   12.103100   0.029680
1868.428372   12.140050   0.030720
1868.437691   12.114440   0.032000
1868.446987   12.130060   0.031350
1868.454949   12.144970   0.032390
1868.461066   12.128090   0.032790
1868.467151   12.096140   0.033660
1868.471440   12.098400   0.036030
1868.475710   12.092180   0.039260
1868.479187   12.064160   0.040770
1868.481793   12.131320   0.039030
1868.484421   12.120450   0.039400
1868.486154   12.101240   0.037830
1868.487874   12.088970   0.039220
1868.489584   12.108710   0.039340
1868.491280   12.116680   0.040930
1868.552972   12.094830   0.063650
1868.562396   12.087910   0.059920
1868.581607   12.025460   0.093970
1868.591155   12.152740   0.097140
1868.600698   12.143740   0.105500
1869.239644   12.120600   0.047060
1869.249027   12.107560   0.048170
1869.258676   12.136610   0.054340
1869.268460   12.115250   0.064160
1869.278238   12.134060   0.069120
1869.287800   12.124360   0.070180
1869.297392   12.133750   0.076240
1869.307040   12.131980   0.081370
1869.316723   12.127760   0.105430
1869.326511   12.149780   0.083100
1869.336288   12.151750   0.108850
1869.345989   12.068360   0.060600
1869.355862   12.035260   0.064700
1869.365923   12.153840   0.100550
1870.219778   12.117250   0.011430
1870.229270   12.119510   0.011780
1870.238762   12.109470   0.012590
1870.248135   12.123220   0.012360
1870.257691   12.102820   0.013570
1870.267266   12.112760   0.013220
1870.276950   12.101460   0.013230
1870.286498   12.111220   0.013510
1870.295849   12.100510   0.012760
1870.305565   12.100370   0.013340
1870.315197   12.113860   0.014900
1870.325274   12.116860   0.015190
1870.335174   12.110810   0.014430
1870.344892   12.116810   0.015240
1870.354573   12.129050   0.017550
1870.364104   12.107290   0.022460
1870.373603   12.125400   0.021480
1870.383600   12.124810   0.024770
1870.393243   12.082540   0.031130
1870.402820   12.098060   0.040820
1870.412418   12.121950   0.037740
1870.421719   12.117190   0.037430
1870.431056   12.099670   0.038380
1870.440608   12.100530   0.034370
1870.448993   12.098440   0.028810
1870.456179   12.093660   0.028350
1870.461756   12.120870   0.036340
1870.466593   12.102420   0.042170
1870.470290   12.089470   0.036390
1870.474034   12.089270   0.040540
1870.476825   12.090650   0.044990
1870.478569   12.105420   0.043300
1870.480341   12.098900   0.041010
1870.482097   12.110280   0.042280
1870.483838   12.122570   0.045750
1870.485602   12.096000   0.044110
1871.136689   12.107370   0.013220
1871.146179   12.121210   0.012700
1871.155384   12.112360   0.012640
1871.164955   12.119520   0.013860
1871.174269   12.101960   0.013510
1871.183469   12.118500   0.014320
1871.192872   12.122150   0.013680
1871.202392   12.109440   0.014210
1871.211865   12.103280   0.016400
1871.221273   12.110940   0.016110
1871.230922   12.118970   0.014900
1871.240394   12.104870   0.014380
1871.250018   12.106040   0.014900
1871.259511   12.106260   0.014550
1871.269122   12.114820   0.015010
1871.278903   12.098720   0.014610
1871.288648   12.101400   0.015700
1871.298226   12.097900   0.015190
1871.307789   12.121320   0.016400
1871.317562   12.109160   0.016510
1871.327342   12.115460   0.017150
1871.337079   12.095940   0.018360
1871.346725   12.095700   0.019340
1871.356495   12.101490   0.018420
1871.366277   12.118330   0.020670
1871.375944   12.123060   0.020790
1871.385808   12.143880   0.022350
1871.395399   12.134280   0.023960
1871.404882   12.131160   0.026730
1871.414342   12.129080   0.025810
1871.423744   12.118600   0.025640
1871.433495   12.119780   0.026220
1871.442405   12.135110   0.024370
1871.449670   12.124010   0.024370
1871.455742   12.134920   0.025350
1871.461191   12.109770   0.027660
1871.465968   12.120430   0.026350
1871.469461   12.122370   0.026620
1871.472994   12.123910   0.026160
1871.476070   12.131720   0.025170
1871.477819   12.120460   0.025230
1871.479709   12.108090   0.024650
1871.481438   12.132190   0.025230
1871.550420   12.108960   0.028060
1871.559908   12.120020   0.029970
1871.569340   12.106380   0.031250
1871.578835   12.098170   0.031990
1871.588334   12.089690   0.034650
1871.597765   12.112530   0.042210
1871.607264   12.046310   0.048680
1871.616819   12.100170   0.060320
1871.626324   12.147460   0.063170
1872.324463   12.103240   0.014780
1872.334315   12.096410   0.015420
1872.344041   12.112270   0.015240
1872.353623   12.102470   0.015360
1872.363427   12.106200   0.015010
1872.373279   12.099790   0.014950
1872.383099   12.099650   0.015240
1872.392766   12.107480   0.015240
1872.402203   12.114580   0.015650
1872.412032   12.105750   0.016050
1872.421585   12.096690   0.016400
1872.431130   12.082320   0.017670
1872.439874   12.105570   0.017550
1872.447517   12.102340   0.017440
1872.454162   12.111570   0.018010
1872.459603   12.099680   0.019690
1872.463903   12.114480   0.019860
1872.467716   12.108260   0.019230
1872.470496   12.101830   0.019000
1872.473152   12.116120   0.019800
1872.474857   12.107910   0.019630
1872.476617   12.105650   0.019690
1872.478370   12.112230   0.020150
1872.480228   12.111680   0.019980
1872.541663   12.103170   0.025080
1872.550845   12.107380   0.024830
1872.560270   12.128160   0.026690
1872.569828   12.098640   0.027490
1872.579400   12.099260   0.029110
1872.588943   12.100710   0.031750
1872.598488   12.124630   0.037780
1872.608116   12.114050   0.041810
1872.617527   12.084200   0.047870
1872.627101   12.136980   0.057790
1872.636625   12.106380   0.073740
1872.646041   12.047140   0.089720
1873.229437   12.109820   0.016860
1873.238826   12.103230   0.017490
1873.248403   12.115890   0.017150
1873.258009   12.110600   0.017320
1873.267456   12.105670   0.017960
1873.276959   12.116800   0.018010
1873.286788   12.101330   0.018250
1873.296275   12.107690   0.019010
1873.305896   12.123370   0.020340
1873.315548   12.115530   0.020840
1873.325684   12.103360   0.020960
1873.335346   12.106440   0.022700
1873.344943   12.120510   0.022230
1873.354842   12.109110   0.021490
1873.364691   12.124370   0.023970
1873.374458   12.129480   0.022400
1873.383960   12.114010   0.020620
1873.393856   12.126820   0.021360
1873.403606   12.120120   0.022310
1873.413210   12.118340   0.025710
1873.422938   12.114710   0.025230
1873.432622   12.099020   0.023160
1873.441010   12.107930   0.021360
1873.447044   12.106330   0.021190
1873.453044   12.113060   0.021190
1873.457630   12.137680   0.021880
1873.462090   12.101890   0.021940
1873.465548   12.106860   0.022000
1873.468261   12.105230   0.022630
1873.470892   12.108840   0.023510
1873.472722   12.109540   0.022520
1873.474437   12.096400   0.022640
1873.476606   12.110860   0.032350
1873.539458   12.132370   0.086080
1873.548852   12.071800   0.068320
1873.558313   12.095360   0.054370
1873.567696   12.076090   0.052650
1873.577180   12.155900   0.058260
1873.586745   12.098160   0.049270
1873.596227   12.120890   0.068820
1873.605773   12.130710   0.064370
1873.615321   12.132810   0.055870
1873.624816   12.132950   0.065380
1874.032527   12.118160   0.011720
1874.041923   12.121610   0.012410
1874.051714   12.119810   0.012300
1874.061193   12.110790   0.012010
1874.070741   12.107320   0.012530
1874.080230   12.110910   0.012640
1874.089638   12.116210   0.012530
1874.098984   12.101840   0.012930
1874.108441   12.108860   0.012640
1874.117749   12.104620   0.013170
1874.127103   12.120000   0.013400
1874.136654   12.103200   0.013280
1874.145982   12.120350   0.013970
1874.155173   12.129950   0.015010
1874.164605   12.131570   0.015820
1874.174153   12.125410   0.018360
1874.183645   12.128710   0.023730
1874.193053   12.140640   0.030720
1874.202515   12.123290   0.032910
1874.212179   12.158300   0.035770
1874.222051   12.145160   0.030200
1874.593715   12.073020   0.062660
1874.603390   12.117840   0.056610
1874.613039   12.083230   0.064740
1876.992585   12.137710   0.012180
1877.002277   12.148190   0.012360
1877.012009   12.151960   0.013050
1877.021623   12.146090   0.012700
1877.031340   12.121560   0.013920
1877.041094   12.104100   0.013110
1877.050632   12.117430   0.012180
1877.060512   12.120290   0.012700
1877.070280   12.106730   0.012870
1877.080037   12.116000   0.013050
1877.089835   12.111880   0.012990
1877.099542   12.091220   0.013340
1877.109324   12.103140   0.015770
1877.119234   12.112340   0.015550
1877.128562   12.110650   0.014380
1877.137988   12.089690   0.014210
1877.147449   12.098000   0.016400
1877.157081   12.108830   0.015990
1877.166514   12.102130   0.014780
1877.175811   12.118480   0.014380
1877.185180   12.093940   0.015360
1877.194638   12.099880   0.014560
1877.204359   12.102830   0.014670
1877.213829   12.104040   0.014090
1877.223290   12.106630   0.014660
1877.232928   12.098970   0.014430
1877.242583   12.110630   0.015650
1877.252102   12.108750   0.015770
1877.261424   12.098200   0.015940
1877.271317   12.110920   0.014960
1877.280810   12.105990   0.014030
1877.290913   12.124560   0.016050
1877.300784   12.102250   0.017560
1877.310552   12.114880   0.015020
1877.320329   12.109830   0.017090
1877.330019   12.118250   0.015070
1877.339609   12.109210   0.014090
1877.349339   12.113980   0.015590
1877.359563   12.110950   0.014320
1877.369289   12.130640   0.015590
1877.379166   12.096370   0.015300
1877.389199   12.127870   0.017040
1877.398748   12.109370   0.018540
1877.408188   12.093270   0.017960
1877.417610   12.110630   0.017550
1877.426444   12.111510   0.015940
1877.433416   12.110000   0.016980
1877.439426   12.118240   0.018300
1877.444578   12.111790   0.018130
1877.449101   12.121250   0.016860
1877.452622   12.104340   0.019670
1877.456119   12.114800   0.017320
1877.458826   12.108570   0.016980
1877.460660   12.099820   0.017380
1877.462441   12.106470   0.017550
1877.464144   12.109810   0.017780
1877.465872   12.116740   0.018540
1877.528546   12.114860   0.021420
1877.538164   12.104490   0.022120
1877.547759   12.111300   0.023850
1877.557433   12.115060   0.025290
1877.566991   12.123240   0.025470
1877.956588   12.116000   0.019520
1877.966360   12.117220   0.017210
1877.975795   12.105960   0.013970
1877.985575   12.106050   0.012640
1877.995071   12.113840   0.012070
1878.004964   12.105890   0.011840
1878.014335   12.103140   0.012760
1878.023915   12.106910   0.010400
1878.033403   12.111080   0.012070
1878.042881   12.111190   0.011780
1878.052477   12.114030   0.013220
1878.062202   12.113890   0.012760
1878.072038   12.102480   0.013110
1878.081838   12.105730   0.013450
1878.091595   12.110580   0.012870
1878.101204   12.104460   0.013110
1878.111056   12.116650   0.013740
1878.120475   12.116210   0.013740
1878.129972   12.112330   0.014780
1878.139452   12.113780   0.016860
1878.148981   12.119360   0.027020
1878.158293   12.108490   0.024380
1878.167692   12.120830   0.015240
1878.177309   12.116020   0.014780
1878.186872   12.112900   0.018300
1878.196273   12.115280   0.018300
1878.206054   12.099130   0.020260
1878.215833   12.113470   0.021710
1878.225557   12.106330   0.022060
1878.235117   12.107360   0.018590
1878.244657   12.111970   0.019000
1878.254352   12.100650   0.020030
1878.263984   12.111060   0.022000
1878.273770   12.119200   0.022520
1878.283405   12.129040   0.023680
1878.293079   12.108030   0.022920
1878.302887   12.112860   0.028230
1878.312828   12.127010   0.029450
1878.322431   12.112010   0.028870
1878.332111   12.106460   0.030610
1878.342126   12.104750   0.020860
1878.351898   12.132960   0.024250
1878.361666   12.111450   0.023270
1878.371492   12.119680   0.024200
1878.381052   12.105360   0.026860
1878.390611   12.121310   0.019660
1878.400035   12.110660   0.024650
1878.409523   12.104290   0.023560
1878.419250   12.105750   0.026100
1878.427139   12.122720   0.027210
1878.434256   12.088560   0.022630
1878.439734   12.098880   0.027280
1878.444205   12.122350   0.021280
1878.448555   12.101540   0.021710
1878.452064   12.098140   0.026560
1878.454721   12.135090   0.026100
1878.457364   12.131200   0.025830
1878.459093   12.114530   0.026040
1878.460943   12.116670   0.026160
1878.463071   12.119460   0.037080
1878.523903   12.106970   0.027770
1878.533380   12.114100   0.028370
1878.542754   12.100110   0.026620
1878.552323   12.107610   0.028830
1878.561961   12.106450   0.034450
1878.571685   12.115280   0.044070
1878.581234   12.131970   0.044180
1878.590773   12.093430   0.042780
1878.600390   12.123000   0.058160
1878.885725   12.132430   0.035400
1878.896259   12.110600   0.029280
1878.907039   12.090850   0.026560
1878.917827   12.111920   0.026330
1878.928636   12.105390   0.026040
1878.939490   12.101340   0.023210
1878.950209   12.113730   0.019050
1878.960985   12.109210   0.018250
1878.971663   12.116320   0.017150
1878.982256   12.103890   0.017380
1878.992862   12.113000   0.016860
1879.003349   12.113330   0.018070
1879.014056   12.125630   0.018360
1879.024781   12.104150   0.018190
1879.035403   12.112160   0.020610
1879.046338   12.123710   0.020790
1879.056998   12.119580   0.021310
1879.067120   12.121070   0.021880
1879.077625   12.122630   0.021710
1879.087804   12.111950   0.021940
1879.097718   12.110040   0.024420
1879.108265   12.110560   0.025750
1879.118677   12.096300   0.026900
1879.128946   12.132540   0.023060
1879.138951   12.109310   0.025520
1879.148948   12.110110   0.029450
1879.158753   12.118960   0.031480
1879.168681   12.129950   0.030600
1879.178653   12.094700   0.031770
1879.188532   12.128230   0.032220
1879.198658   12.118190   0.032160
1879.208980   12.117490   0.032160
1879.219105   12.110410   0.032560
1879.229198   12.105400   0.032970
1879.239692   12.117010   0.033080
1879.249885   12.076770   0.033490
1879.259988   12.109340   0.030890
1879.270136   12.106880   0.030200
1879.279998   12.117030   0.024960
1879.290256   12.122630   0.030780
1879.300321   12.109970   0.030040
1879.310604   12.122460   0.030780
1879.321132   12.115820   0.030490
1879.331398   12.109310   0.031010
1879.341711   12.129610   0.031060
1879.352168   12.116910   0.032400
1879.362239   12.101550   0.032520
1879.372581   12.095170   0.032980
1879.383093   12.153150   0.019400
1879.393142   12.132820   0.033090
1879.403333   12.121430   0.033830
1879.413718   12.113590   0.035630
1879.422210   12.107330   0.035280
1879.430290   12.131700   0.037360
1879.436891   12.098150   0.039530
1879.441492   12.118500   0.039490
1879.445571   12.098910   0.041370
1879.449457   12.083120   0.041080
1879.452342   12.073790   0.034370
1879.454194   12.089690   0.039390
1879.456055   12.092810   0.034510
1879.457932   12.100750   0.039260
1879.460282   12.130890   0.060530
1879.524043   12.105860   0.055200
1879.534146   12.144920   0.054110
1879.544253   12.096970   0.056430
1879.554321   12.152720   0.033100
1879.564508   12.141740   0.058840
1879.574677   12.143230   0.065070
1879.584814   12.131980   0.064430
1879.594935   12.151650   0.065360
1879.605121   12.090840   0.069470
1879.615186   12.124610   0.073240
1879.625350   12.089230   0.078390
1879.885631   12.109420   0.038770
1879.895153   12.071880   0.034230
1879.904711   12.112270   0.026910
1879.914664   12.108220   0.021420
1879.924232   12.114810   0.017550
1879.933937   12.113740   0.015420
1879.943742   12.119780   0.013510
1879.953255   12.114720   0.012590
1879.962965   12.127240   0.012070
1879.972299   12.118770   0.011890
1879.982133   12.107240   0.012240
1879.991480   12.107850   0.012820
1880.001350   12.113080   0.013110
1880.010995   12.097230   0.014150
1880.020489   12.104490   0.014210
1880.030167   12.118490   0.014730
1880.040004   12.112430   0.014030
1880.050020   12.106960   0.014200
1880.059700   12.108360   0.014550
1880.069635   12.112980   0.014670
1880.079469   12.122120   0.015530
1880.089000   12.101680   0.014720
1880.098524   12.112420   0.015880
1880.108072   12.102120   0.016920
1880.117530   12.110110   0.014900
1880.127140   12.102620   0.015410
1880.200091   12.099020   0.017320
1880.209735   12.120600   0.018880
1880.219431   12.112520   0.018140
1880.229324   12.106810   0.016290
1880.238989   12.094380   0.015760
1880.248836   12.111680   0.015700
1880.258298   12.110640   0.016400
1880.267686   12.130990   0.017320
1880.277275   12.113740   0.017670
1880.286928   12.124100   0.020320
1880.306613   12.108130   0.017320
1880.369120   12.122900   0.016920
1880.684731   12.112850   0.052080
1880.693935   12.121370   0.048440
1880.703424   12.045050   0.055320
1880.712965   12.141990   0.066850
1880.722745   12.057740   0.079840
1880.732752   12.119590   0.096720
1880.743114   12.139490   0.124530
1880.828480   12.084460   0.126650
1880.839020   12.139880   0.106890
1880.967707   12.106060   0.017150
1880.977730   12.116770   0.018300
1880.987626   12.105710   0.014840
1880.997175   12.123110   0.014490
1881.007352   12.123870   0.014960
1881.017262   12.110740   0.015070
1881.027023   12.116160   0.015820
1881.036583   12.122170   0.015820
1881.046307   12.105750   0.016170
1881.055914   12.109100   0.017730
1881.065565   12.107450   0.017160
1881.075352   12.111150   0.018880
1881.085120   12.107690   0.017390
1881.094964   12.110170   0.016810
1881.104801   12.113300   0.015030
1881.114937   12.105880   0.020380
1881.124474   12.110950   0.018250
1881.134326   12.106420   0.019290
1881.143810   12.106800   0.015070
1881.153419   12.101180   0.019350
1881.163015   12.112470   0.017610
1881.171357   12.117470   0.015470
1881.180981   12.115240   0.016110
1881.190627   12.113020   0.013970
1881.200550   12.115920   0.014950
1881.210473   12.101520   0.016110
1881.220305   12.107620   0.016980
1881.230199   12.112760   0.016740
1881.239668   12.108990   0.017490
1881.249328   12.119140   0.017380
1881.258917   12.102700   0.016980
1881.268352   12.114070   0.017730
1881.278189   12.121560   0.017730
1881.288137   12.102430   0.017780
1881.297680   12.106900   0.018070
1881.307337   12.118230   0.018530
1881.317394   12.104030   0.019170
1881.327336   12.111400   0.019800
1881.337373   12.112430   0.019860
1881.347129   12.104520   0.020150
1881.357110   12.107240   0.020670
1881.366722   12.111950   0.020960
1881.376276   12.125480   0.021420
1881.386104   12.114460   0.022230
1881.395996   12.105480   0.022290
1881.405772   12.134910   0.023040
1881.414838   12.118840   0.022860
1881.422098   12.113890   0.023090
1881.428287   12.099220   0.023380
1881.433496   12.130150   0.023730
1881.437835   12.116750   0.023900
1881.441542   12.107720   0.025120
1881.445078   12.110880   0.025180
1881.447777   12.131000   0.025000
1881.449541   12.113440   0.024710
1881.451276   12.106860   0.025070
1881.453055   12.099170   0.024660
1881.455245   12.116480   0.035560
1881.512259   12.110480   0.025640
1881.522032   12.104490   0.027310
1881.531584   12.125960   0.029110
1881.541053   12.111140   0.029290
1881.550943   12.096780   0.028520
1881.560601   12.120560   0.029330
1881.570473   12.099920   0.028930
1881.580253   12.130310   0.033500
1881.589860   12.132880   0.032710
1881.599577   12.103470   0.035690
1881.609472   12.113390   0.032910
1881.619114   12.127910   0.035910
1881.628942   12.134650   0.039840
1881.638590   12.105760   0.042100
1881.648351   12.113630   0.049090
1881.778022   12.083270   0.091200
1881.787777   12.044480   0.082290
1881.797497   12.219760   0.091910
1881.807277   12.062590   0.077700
1881.816745   12.088300   0.064290
1881.826319   12.093390   0.054890
1881.835921   12.170430   0.044120
1881.845731   12.103110   0.038900
1881.855252   12.107980   0.032720
1881.864967   12.124650   0.029160
1881.874874   12.111780   0.026440
1881.884546   12.107350   0.022170
1881.894462   12.102640   0.019690
1881.904494   12.108890   0.017490
1881.914271   12.116620   0.017320
1881.923884   12.121390   0.017320
1881.933466   12.114310   0.016400
1881.943231   12.102710   0.016570
1881.952875   12.110550   0.021020
1881.962633   12.124080   0.023450
1881.972149   12.104010   0.024250
1881.982098   12.108100   0.025230
1881.992169   12.105150   0.032600
1882.001889   12.124600   0.035150
1882.011594   12.121760   0.036650
1882.021627   12.097520   0.027260
1882.031644   12.098690   0.030990
1882.041324   12.110000   0.029700
1882.051198   12.094190   0.026570
1882.060871   12.112750   0.028870
1882.070527   12.107560   0.048850
1882.080330   12.107350   0.021650
1882.090096   12.123060   0.047150
1882.099569   12.162420   0.072010
1882.109365   12.118180   0.039630
1882.121972   12.111920   0.031380
1882.131558   12.108710   0.024080
1882.141120   12.124480   0.039320
1882.150540   12.099270   0.026160
1882.160119   12.102710   0.027510
1882.169652   12.125170   0.029860
1882.179008   12.159690   0.028990
1882.188466   12.100580   0.030890
1882.198063   12.134590   0.035530
1882.208031   12.071550   0.064820
1882.217722   12.096020   0.054750
1882.227231   12.104880   0.041660
1882.236839   12.081730   0.046390
1882.246327   12.123560   0.064170
1882.256107   12.097700   0.058620
1882.266006   12.136470   0.062780
1882.275585   12.105970   0.052080
1882.285301   12.117660   0.054450
1882.295361   12.045220   0.046650
1882.305067   12.120460   0.057360
1882.315073   12.165520   0.082710
1882.325032   12.086050   0.050470
1882.334886   12.091820   0.043040
1882.344919   12.097320   0.052030
1882.354771   12.078970   0.060910
1882.364587   12.057300   0.050820
1882.374737   12.085710   0.051440
1882.394964   12.106350   0.101970
1883.093660   12.120010   0.020740
1883.103366   12.145020   0.034020
1883.112818   12.108270   0.021910
1883.122237   12.096440   0.024910
1883.131900   12.107290   0.020730
1883.141295   12.099650   0.023730
1883.150882   12.132640   0.025350
1883.160374   12.106390   0.027550
1883.169871   12.099120   0.029950
1883.179271   12.115630   0.021660
1883.188727   12.106820   0.022230
1883.198404   12.108190   0.025990
1883.207904   12.104420   0.025990
1883.217549   12.120820   0.028870
1883.226897   12.109100   0.029220
1883.236210   12.102440   0.028700
1883.245790   12.118220   0.026980
1883.255334   12.117780   0.028520
1883.265175   12.104160   0.028480
1883.274780   12.116950   0.028470
1883.284849   12.084340   0.040710
1883.294394   12.104220   0.041540
1883.304305   12.131400   0.039230
1883.314080   12.108330   0.046750
1883.323720   12.158340   0.042400
1883.333437   12.132040   0.034710
1883.343435   12.109300   0.037140
1883.353548   12.116200   0.039910
1883.363493   12.092570   0.033040
1883.373027   12.122160   0.033550
1883.382657   12.130500   0.037880
1883.392439   12.120260   0.033870
1883.402040   12.119790   0.034300
1883.410061   12.130120   0.037430
1883.417485   12.105970   0.037250
1883.423677   12.132000   0.038750
1883.428949   12.094750   0.036570
1883.433300   12.097380   0.041580
1883.436812   12.081750   0.036040
1883.440325   12.068710   0.041680
1883.443180   12.149850   0.036330
1883.444926   12.141670   0.039310
1883.446707   12.112660   0.035230
1883.448508   12.126270   0.036600
1883.507335   12.117910   0.040320
1883.517022   12.137520   0.038740
1883.526655   12.087970   0.044800
1883.536232   12.144930   0.049640
1883.545818   12.115320   0.047120
1883.555341   12.147230   0.048560
1883.565051   12.141540   0.049840
1883.574608   12.130870   0.046390
1883.584302   12.098800   0.047180
1883.593915   12.114620   0.039520
1884.099534   12.107260   0.010850
1884.109140   12.117640   0.010850
1884.118686   12.116320   0.013160
1884.128292   12.091420   0.016000
1884.137551   12.126230   0.012300
1884.147279   12.107810   0.013690
1884.156774   12.108120   0.014320
1884.166197   12.115720   0.016300
1884.175960   12.118850   0.017100
1884.185414   12.114250   0.014780
1884.194977   12.106190   0.012590
1884.204574   12.115450   0.013630
1884.214174   12.113830   0.012590
1884.223839   12.120210   0.013750
1884.233272   12.104400   0.019500
1884.242628   12.107980   0.011610
1884.252195   12.102360   0.011260
1884.261682   12.117620   0.011610
1884.271201   12.122380   0.011610
1884.280876   12.117200   0.012470
1884.290846   12.118770   0.013400
1884.300573   12.102860   0.014550
1884.310420   12.112100   0.020750
1884.320206   12.123440   0.013910
1884.330156   12.125020   0.014320
1884.340081   12.105350   0.017150
1884.350052   12.110660   0.016340
1884.360119   12.108660   0.013860
1884.370060   12.114020   0.014380
1884.379738   12.106630   0.015240
1884.389528   12.120580   0.012360
1884.399065   12.099060   0.012820
1884.406881   12.103600   0.014550
1884.413865   12.101890   0.017090
1884.420368   12.110260   0.018500
1884.425635   12.108970   0.013280
1884.430150   12.099270   0.012130
1884.433678   12.113040   0.013570
1884.437202   12.105870   0.013280
1884.439908   12.111480   0.014200
1884.441669   12.107150   0.013740
1884.443407   12.101890   0.013510
1884.445186   12.108760   0.012870
1884.446926   12.106580   0.017170
1884.503638   12.108290   0.012300
1884.513187   12.103510   0.014410
1884.522993   12.097830   0.012240
1884.532900   12.101590   0.011370
1884.542819   12.088180   0.013510
1884.552706   12.107110   0.015520
1884.562458   12.103840   0.010620
1884.572213   12.096990   0.012560
1884.581820   12.106220   0.011030
1884.591479   12.100020   0.013740
1884.600983   12.105900   0.012530
1884.610820   12.101430   0.011720
1884.886961   12.120200   0.028460
1884.896459   12.106150   0.030280
1884.906042   12.125600   0.028830
1884.915643   12.095000   0.034250
1884.925737   12.114720   0.025690
1884.935570   12.090610   0.035010
1884.945448   12.137460   0.028910
1884.954875   12.120420   0.030690
1884.964329   12.099950   0.029950
1884.974229   12.105340   0.033670
1884.983546   12.149660   0.035050
1884.993441   12.116710   0.031490
1885.003341   12.113150   0.030200
1885.013229   12.103470   0.034070
1885.022911   12.099130   0.033430
1885.032502   12.099650   0.039330
1885.042137   12.121150   0.038210
1885.052183   12.104460   0.039570
1885.061957   12.134740   0.044590
1885.071678   12.124800   0.046950
1885.081285   12.092320   0.053820
1885.090973   12.138650   0.045390
1885.100847   12.106730   0.045090
1885.278794   12.137560   0.024890
1885.288696   12.101800   0.033550
1885.298475   12.137560   0.027480
1885.308250   12.144540   0.026330
1885.318087   12.148130   0.028720
1885.328301   12.135960   0.033490
1885.338173   12.135720   0.047190
1885.347960   12.138850   0.039290
1885.357853   12.123480   0.045480
1885.367578   12.122160   0.044760
1885.377344   12.085020   0.053880
1885.386938   12.109420   0.054760
1885.396599   12.107980   0.047670
1885.404395   12.101700   0.040710
1885.411445   12.087380   0.047460
1885.417511   12.131510   0.053380
1885.422892   12.123010   0.054340
1885.427461   12.118110   0.049550
1885.430989   12.117260   0.042040
1885.434637   12.107650   0.043980
1885.437356   12.114050   0.048790
1885.439093   12.117410   0.048390
1885.440855   12.104420   0.046420
1885.442624   12.100010   0.042590
1885.444416   12.118440   0.043400
1885.502228   12.068690   0.047950
1885.511985   12.093420   0.063920
1885.521821   12.130190   0.045040
1885.531512   12.152460   0.047870
1885.541243   12.037230   0.050090
1885.551133   12.098990   0.042330
1885.560860   12.079830   0.042240
1885.570601   12.118860   0.043370
1885.580236   12.107790   0.051710
1885.590133   12.107970   0.035750
1886.072366   12.103220   0.010280
1886.082057   12.100910   0.011080
1886.091456   12.110420   0.011660
1886.101064   12.110680   0.011890
1886.110701   12.109710   0.011780
1886.120214   12.107830   0.012010
1886.129544   12.106950   0.012470
1886.138882   12.112550   0.012700
1886.148233   12.108590   0.012760
1886.157943   12.109650   0.013220
1886.167550   12.117110   0.014910
1886.177101   12.123920   0.014950
1886.186997   12.109390   0.015530
1886.196609   12.105470   0.016220
1886.206153   12.106190   0.017900
1886.215757   12.116800   0.018940
1886.225422   12.103880   0.025290
1886.234829   12.106090   0.024940
1886.244630   12.118340   0.025120
1886.254426   12.109710   0.018130
1886.263771   12.103510   0.015070
1886.273578   12.093110   0.025460
1886.283270   12.114080   0.014780
1886.293134   12.103000   0.015240
1886.303115   12.109680   0.017440
1886.312914   12.110020   0.015990
1886.322818   12.107740   0.016510
1886.332859   12.112200   0.016740
1886.342543   12.110760   0.015760
1886.352534   12.098060   0.015990
1886.362281   12.111480   0.017320
1886.372003   12.091390   0.017960
1886.381496   12.103070   0.018360
1886.391198   12.100160   0.019800
1886.399994   12.101030   0.020090
1886.408171   12.130100   0.020790
1886.414363   12.115980   0.024940
1886.419581   12.134820   0.025060
1886.423873   12.108580   0.022980
1886.427459   12.120860   0.023570
1886.431086   12.128230   0.022400
1886.433748   12.109010   0.026520
1886.435540   12.104900   0.027390
1886.437293   12.110760   0.024430
1886.439058   12.109840   0.024200
1886.441348   12.118720   0.048730
