1863.169882   14.676100   0.108150
1863.179028   14.691880   0.120120
1863.188187   14.582640   0.102620
1863.197263   14.638960   0.122360
1863.206453   14.696970   0.121050
1863.233708   14.533590   0.080000
1863.242873   14.537280   0.074600
1863.251975   14.701650   0.112430
1863.260978   14.676880   0.129040
1863.269921   14.704680   0.075300
1863.279229   14.626930   0.104580
1863.288341   14.673410   0.127040
1863.297662   14.685760   0.122370
1863.306748   14.628320   0.133090
1863.315975   14.581170   0.105580
1863.325261   14.633060   0.130100
1863.334632   14.646190   0.110380
1863.344416   14.591080   0.131290
1863.353962   14.583380   0.128170
1863.363511   14.588870   0.119320
1863.372640   14.763700   0.123350
1863.381795   14.606830   0.107310
1863.391577   14.706040   0.120540
1863.400670   14.718740   0.128950
1863.410157   14.643470   0.125330
1863.419415   14.636890   0.129250
1863.428728   14.609790   0.076200
1864.122118   14.686960   0.096240
1864.131216   14.700140   0.117580
1864.140349   14.680520   0.111270
1864.149328   14.612810   0.104510
1864.158727   14.647310   0.100350
1864.168077   14.737120   0.128150
1864.177441   14.685720   0.121830
1864.186471   14.660110   0.093660
1864.195786   14.717930   0.124720
1864.204761   14.711310   0.111760
1864.213956   14.748750   0.109410
1864.223275   14.599930   0.101740
1864.232312   14.615110   0.118990
1864.241734   14.662860   0.120790
1864.250994   14.593180   0.101410
1864.260292   14.645360   0.125200
1864.269452   14.699550   0.110470
1864.278712   14.688120   0.128330
1864.288040   14.638140   0.124210
1864.297228   14.658930   0.121450
1864.306786   14.625640   0.126150
1864.315982   14.738360   0.127150
1864.325240   14.712170   0.123780
1864.334830   14.671840   0.123250
1865.090761   14.518720   0.067300
1865.112265   14.572590   0.124350
1865.180915   14.691640   0.100220
1865.189934   14.641370   0.077640
1865.199137   14.676620   0.098110
1865.208040   14.660950   0.076810
1865.217207   14.642230   0.114340
1865.226382   14.622300   0.104360
1865.235932   14.688620   0.117290
1865.245886   14.712790   0.122290
1865.255783   14.601500   0.111380
1865.275697   14.665340   0.102760
1865.285892   14.651980   0.115250
1865.295973   14.566440   0.122830
1865.306185   14.698410   0.125480
1865.316145   14.626750   0.123930
1865.326227   14.654660   0.106150
1865.346654   14.574490   0.106000
1865.356675   14.611020   0.126040
1866.165339   14.650940   0.078870
1866.174723   14.691480   0.081410
1866.184057   14.692420   0.084030
1866.193410   14.725650   0.090990
1866.202706   14.654950   0.090300
1866.212035   14.717420   0.089790
1866.221409   14.640640   0.085480
1866.230791   14.692680   0.088370
1866.240551   14.696730   0.087290
1866.250004   14.668180   0.084050
1866.259354   14.690160   0.093890
1867.193045   14.682370   0.059410
1867.202355   14.666040   0.064240
1867.211516   14.638480   0.058650
1867.220585   14.691300   0.069130
1867.230131   14.626180   0.068470
1867.239707   14.656690   0.069230
1867.249230   14.630420   0.061630
1867.258785   14.505610   0.060930
1867.268385   14.703790   0.066890
1867.277702   14.681280   0.073600
1867.287153   14.601600   0.072330
1867.296854   14.616610   0.073960
1867.306121   14.658250   0.076670
1867.315500   14.672470   0.074730
1867.325094   14.653850   0.079910
1867.334502   14.680180   0.080780
1867.344482   14.641320   0.084710
1867.354030   14.646390   0.085230
1867.363492   14.699850   0.098500
1867.372735   14.638830   0.086100
1867.382212   14.664810   0.090830
1867.391671   14.694570   0.100770
1867.401392   14.685190   0.094180
1867.410805   14.640240   0.093310
1867.420288   14.579900   0.111100
1867.429722   14.699190   0.118810
1867.439192   14.618370   0.114610
1867.448574   14.719800   0.128020
1867.456168   14.642840   0.112940
1867.463320   14.667080   0.112440
1867.469421   14.579710   0.115300
1867.473939   14.645490   0.097640
1867.478291   14.654060   0.084870
1867.481655   14.735780   0.098790
1867.484335   14.636500   0.091180
1867.486951   14.668700   0.101140
1867.488639   14.589240   0.097070
1867.490315   14.663430   0.102600
1867.492002   14.641080   0.097460
1867.493724   14.655830   0.099970
1868.197661   14.627400   0.112330
1868.207123   14.740770   0.113950
1868.264662   14.584290   0.072400
1870.219778   14.581450   0.073020
1870.229270   14.634430   0.072200
1870.238762   14.692390   0.087380
1870.248135   14.648930   0.078320
1870.257691   14.659470   0.081700
1870.267266   14.669800   0.093310
1870.276950   14.708160   0.090010
1870.286498   14.617700   0.091780
1870.295849   14.669250   0.086040
1870.305565   14.554790   0.083540
1870.315197   14.654030   0.101090
1870.325274   14.652840   0.111100
1870.335174   14.616670   0.096950
1870.344892   14.701670   0.109170
1870.354573   14.636280   0.114630
1871.136689   14.639080   0.094220
1871.146179   14.675870   0.087810
1871.155384   14.656730   0.086980
1871.164955   14.724060   0.100570
1871.174269   14.700260   0.097590
1871.183469   14.586600   0.096250
1871.192872   14.598650   0.091460
1871.202392   14.586420   0.096880
1871.211865   14.621000   0.112030
1871.221273   14.640800   0.110940
1871.230922   14.629790   0.102170
1871.240394   14.589080   0.096870
1871.250018   14.706500   0.111180
1871.259511   14.628000   0.099890
1871.269122   14.536020   0.096230
1871.278903   14.633360   0.102530
1871.288648   14.757600   0.111030
1871.298226   14.743870   0.106910
1871.307789   14.684310   0.111340
1871.317562   14.631430   0.110090
1871.327342   14.615580   0.116540
1871.337079   14.656650   0.119510
1871.346725   14.649820   0.125470
1871.356495   14.750060   0.123420
1871.366201   14.621870   0.109080
1871.376020   14.609630   0.102810
1872.324463   14.626010   0.100080
1872.334315   14.674130   0.106890
1872.344041   14.693910   0.105250
1872.353623   14.615690   0.104500
1872.363427   14.655830   0.101660
1872.373279   14.685100   0.101070
1872.383099   14.645990   0.101380
1872.392766   14.618720   0.100030
1872.402203   14.723680   0.106660
1872.412032   14.673390   0.107920
1872.421585   14.663320   0.110400
1872.431130   14.660280   0.122290
1872.439874   14.720860   0.121320
1872.447517   14.631480   0.116830
1872.454162   14.684600   0.123940
1872.459679   14.741950   0.104510
1872.463980   14.554020   0.101110
1872.467639   14.618840   0.105090
1872.470419   14.663760   0.103520
1872.473305   14.647370   0.073600
1872.474857   14.644100   0.076400
1872.476617   14.732100   0.141080
1872.478523   14.612390   0.078300
1872.480381   14.699610   0.072700
1873.229437   14.675610   0.110020
1873.238826   14.639480   0.116600
1873.248403   14.796020   0.120180
1873.258009   14.663380   0.115090
1873.267456   14.684160   0.118650
1873.276959   14.686440   0.123220
1873.286788   14.714240   0.126660
1873.296275   14.722660   0.127920
1873.305742   14.539030   0.066600
1873.315702   14.700680   0.074500
1873.325684   14.567070   0.066600
1873.441163   14.655430   0.076800
1873.446968   14.655690   0.109530
1873.453044   14.656140   0.078400
1873.457630   14.634810   0.078600
1874.032527   14.599920   0.075490
1874.041923   14.607450   0.078730
1874.051714   14.648700   0.080800
1874.061193   14.626700   0.077790
1874.070741   14.594980   0.084710
1874.080230   14.610370   0.084730
1874.089638   14.636570   0.085790
1874.098984   14.648780   0.081050
1874.108441   14.634400   0.082490
1874.117749   14.626080   0.088920
1874.127103   14.619680   0.091640
1874.136654   14.688510   0.090990
1874.145982   14.625010   0.093530
1874.155173   14.693700   0.100730
1874.164605   14.655340   0.107020
1874.174153   14.642460   0.122410
1876.992585   14.667220   0.084780
1877.002277   14.602270   0.085520
1877.012009   14.671700   0.094750
1877.021623   14.640130   0.088070
1877.031340   14.662630   0.098420
1877.041094   14.665320   0.091430
1877.050632   14.712480   0.082670
1877.060512   14.644490   0.085320
1877.070280   14.650010   0.090420
1877.080037   14.631630   0.089720
1877.089835   14.657020   0.092880
1877.099542   14.622270   0.090700
1877.109324   14.676930   0.111580
1877.119234   14.624390   0.109860
1877.128562   14.624940   0.100080
1877.137988   14.721370   0.098160
1877.157081   14.687290   0.107210
1877.166514   14.630450   0.104060
1877.175811   14.714360   0.103070
1877.185180   14.765520   0.109310
1877.194638   14.610220   0.102660
1877.204359   14.629860   0.102720
1877.213829   14.654490   0.099390
1877.223290   14.624380   0.099270
1877.232928   14.729440   0.107040
1877.242583   14.632850   0.108450
1877.252102   14.693630   0.104910
1877.261424   14.655390   0.108630
1877.271317   14.689290   0.106020
1877.280810   14.577650   0.091850
1877.290913   14.655140   0.107460
1877.300784   14.677690   0.067000
1877.310552   14.710850   0.106490
1877.320176   14.706920   0.062400
1877.330019   14.550350   0.103880
1877.339609   14.638510   0.096050
1877.349339   14.632660   0.105450
1877.359563   14.571620   0.092640
1877.369289   14.603750   0.109540
1877.379166   14.648390   0.103500
1877.389199   14.741310   0.113170
1877.408188   14.700510   0.067700
1877.417610   14.622010   0.113490
1877.426444   14.687050   0.104110
1877.433416   14.669110   0.121780
1877.439426   14.613430   0.105070
1877.444578   14.544250   0.114940
1877.449101   14.646480   0.114170
1877.452699   14.599240   0.093910
1877.456119   14.700940   0.116960
1877.458826   14.643610   0.116520
1877.460660   14.628210   0.119290
1877.462441   14.720200   0.126700
1877.464144   14.668880   0.120450
1877.465872   14.691340   0.124600
1877.956512   14.663310   0.100020
1877.966360   14.717110   0.120520
1877.975795   14.683500   0.096320
1877.985575   14.607800   0.076670
1877.995071   14.611610   0.077400
1878.004964   14.655900   0.079830
1878.014335   14.615420   0.084290
1878.023915   14.663540   0.068880
1878.033403   14.681230   0.074790
1878.042881   14.603130   0.072720
1878.052477   14.635210   0.080890
1878.062202   14.641230   0.082760
1878.072038   14.662010   0.089070
1878.081838   14.666770   0.091560
1878.091595   14.668250   0.083910
1878.101204   14.666700   0.082370
1878.111056   14.640800   0.080350
1878.120475   14.686540   0.091440
1878.129972   14.677720   0.098850
1878.139452   14.699030   0.107280
1878.167692   14.667740   0.093400
1878.177309   14.646510   0.095780
1878.186872   14.695860   0.122400
1878.196273   14.681140   0.121880
1878.206054   14.622930   0.125360
1878.235117   14.640180   0.114470
1878.244657   14.628850   0.125710
1878.254429   14.569580   0.102570
1878.950209   14.667190   0.124920
1878.960985   14.624260   0.119320
1878.971663   14.635280   0.118930
1878.982256   14.648400   0.117850
1878.992862   14.666290   0.113500
1879.003349   14.695220   0.124120
1879.014056   14.688670   0.121000
1879.024781   14.653220   0.120260
1879.035403   14.632110   0.129310
1879.046338   14.629520   0.104690
1879.056998   14.629990   0.111090
1879.067273   14.664060   0.078800
1879.077625   14.577250   0.132340
1879.087957   14.603180   0.077600
1879.924232   14.671830   0.061300
1879.933937   14.763080   0.114140
1879.943742   14.716860   0.101690
1879.953255   14.689660   0.095620
1879.962965   14.650730   0.078880
1879.972299   14.637840   0.073570
1879.982133   14.657800   0.076570
1879.991480   14.644460   0.088460
1880.001350   14.616070   0.092930
1880.010995   14.650770   0.103750
1880.020489   14.662350   0.103180
1880.030167   14.675520   0.108270
1880.040004   14.594170   0.096130
1880.050020   14.565350   0.098540
1880.059700   14.647610   0.105940
1880.069635   14.704330   0.105680
1880.079469   14.676050   0.112090
1880.089000   14.641490   0.105200
1880.098524   14.583130   0.108310
1880.108072   14.596590   0.110290
1880.117530   14.676520   0.106010
1880.127140   14.688770   0.112130
1880.200091   14.727340   0.116400
1880.209888   14.619900   0.064900
1880.219355   14.717420   0.096520
1880.229324   14.644380   0.117920
1880.238989   14.636310   0.114450
1880.248836   14.673360   0.109490
1880.258298   14.621400   0.113000
1880.267686   14.632610   0.117910
1880.277275   14.712660   0.122750
1880.286928   14.668300   0.072400
1880.306613   14.637460   0.121680
1880.369120   14.658190   0.117330
1880.987626   14.693630   0.104460
1880.997175   14.590950   0.099830
1881.007352   14.650950   0.106000
1881.017262   14.660440   0.105420
1881.027023   14.645830   0.110460
1881.036583   14.634940   0.106010
1881.046307   14.650570   0.112730
1881.055914   14.676560   0.113340
1881.065565   14.689440   0.113410
1881.075506   14.823860   0.069400
1881.085043   14.632790   0.089910
1881.094964   14.601650   0.113700
1881.104801   14.647950   0.102600
1881.124474   14.726390   0.122240
1881.134326   14.645940   0.068600
1881.143810   14.633530   0.105080
1881.153343   14.551930   0.097310
1881.163015   14.705280   0.122800
1881.171357   14.671480   0.107500
1881.180981   14.557970   0.109910
1881.190627   14.628610   0.091290
1881.200550   14.602120   0.101010
1881.210473   14.703150   0.106650
1881.220305   14.735250   0.124200
1881.230199   14.712370   0.113740
1881.239668   14.620230   0.115310
1881.249328   14.615700   0.111790
1881.258917   14.642370   0.113800
1881.268352   14.629460   0.123880
1881.278189   14.656130   0.120440
1881.288137   14.617480   0.119640
1881.297680   14.671670   0.122000
1881.307337   14.578530   0.119000
1881.317394   14.598350   0.125930
1881.327260   14.694210   0.108540
1881.337373   14.633510   0.130370
1881.347205   14.695010   0.106210
1881.357033   14.622950   0.110200
1881.366722   14.636510   0.109310
1881.904494   14.607440   0.116340
1881.914271   14.694610   0.119340
1881.923884   14.618030   0.115980
1881.933466   14.656450   0.112950
1881.943231   14.638710   0.115610
1884.099534   14.719880   0.080540
1884.109140   14.689500   0.078360
1884.118686   14.624370   0.092630
1884.128138   14.648750   0.053500
1884.137551   14.615390   0.085480
1884.147279   14.691520   0.101190
1884.156774   14.688660   0.105740
1884.166044   14.805460   0.061700
1884.175960   14.669610   0.115780
1884.185414   14.626040   0.105170
1884.194977   14.654820   0.090900
1884.204574   14.648060   0.098840
1884.214174   14.638020   0.086120
1884.223839   14.627240   0.094140
1884.233425   14.556970   0.067900
1884.242628   14.644350   0.082880
1884.252195   14.662400   0.082410
1884.261682   14.633570   0.081360
1884.271201   14.633310   0.081490
1884.280876   14.651320   0.088460
1884.290846   14.598030   0.094470
1884.300573   14.668850   0.101780
1884.320206   14.667130   0.097050
1884.330156   14.667030   0.102540
1884.340081   14.696880   0.119950
1884.350052   14.624800   0.110000
1884.360119   14.627050   0.100660
1884.370060   14.688120   0.102000
1884.379738   14.730880   0.110580
1884.389528   14.720980   0.086960
1884.399065   14.633780   0.091290
1884.406881   14.635680   0.102710
1884.413865   14.654310   0.117640
1884.425635   14.642580   0.095490
1884.430150   14.685550   0.092070
1884.433678   14.699780   0.099660
1884.437202   14.644980   0.095550
1884.439908   14.609800   0.101100
1884.441669   14.633290   0.101560
1884.443407   14.712370   0.104000
1884.445186   14.656550   0.094400
1884.503638   14.633550   0.090000
1884.513187   14.737230   0.108350
1884.522993   14.688300   0.091810
1884.532900   14.686850   0.080860
1884.542819   14.656480   0.099480
1884.552782   14.570270   0.048600
1884.562458   14.698410   0.074340
1884.572213   14.643940   0.092470
1884.581820   14.674930   0.079750
1884.591479   14.561210   0.095270
1884.600983   14.705730   0.091090
1884.610820   14.703390   0.085140
1886.072366   14.635440   0.070180
1886.082057   14.643620   0.074370
1886.091456   14.612380   0.079990
1886.101064   14.702570   0.084190
1886.110701   14.655600   0.075630
1886.120214   14.610930   0.081750
1886.129544   14.628960   0.087460
1886.138882   14.729270   0.090060
1886.148233   14.660640   0.084470
1886.157943   14.631770   0.091770
1886.167550   14.572160   0.098690
1886.177101   14.650750   0.101070
1886.186997   14.673320   0.106240
1886.196609   14.686270   0.112030
1886.206153   14.635850   0.118250
1886.215757   14.634920   0.120030
1886.254426   14.638680   0.124050
1886.263771   14.654940   0.105210
1886.283270   14.629840   0.101820
1886.293134   14.617080   0.108520
1886.303115   14.690460   0.122530
1886.312914   14.642460   0.112820
1886.322818   14.613850   0.112510
1886.332859   14.627210   0.112710
1886.342543   14.720750   0.110340
1886.352534   14.666010   0.110330
1886.362281   14.617320   0.115820
1886.372003   14.706920   0.125940
1886.381496   14.604190   0.122320
1886.391198   14.692170   0.071900
1886.399841   14.660420   0.074100
1886.408324   14.620340   0.073100
