1863.169882   12.683710   0.024710
1863.179028   12.662230   0.027200
1863.188111   12.650340   0.030430
1863.197263   12.648620   0.029330
1863.206453   12.667350   0.028120
1863.215516   12.660320   0.033900
1863.224486   12.657330   0.032050
1863.233708   12.666580   0.033490
1863.243026   12.694020   0.035580
1863.252052   12.695550   0.031310
1863.260978   12.705720   0.029620
1863.270074   12.711330   0.034590
1863.279229   12.676690   0.030080
1863.288341   12.676900   0.028520
1863.297662   12.681560   0.027140
1863.306748   12.670190   0.030720
1863.315898   12.687600   0.031780
1863.325261   12.675510   0.030660
1863.334632   12.680010   0.031520
1863.344416   12.646210   0.030830
1863.353962   12.668600   0.030030
1863.363511   12.666530   0.026900
1863.372640   12.673390   0.025470
1863.381795   12.663190   0.025690
1863.391577   12.698520   0.027140
1863.400670   12.685270   0.028530
1863.410157   12.671050   0.028120
1863.419415   12.680480   0.029930
1863.428728   12.667760   0.031760
1863.438171   12.670490   0.032750
1863.447725   12.664460   0.034240
1863.457038   12.673980   0.039610
1863.464667   12.627540   0.045160
1863.471563   12.659580   0.048820
1863.477686   12.682610   0.047770
1863.482900   12.675820   0.044300
1863.487037   12.701630   0.049940
1863.490505   12.628900   0.046250
1863.494064   12.667020   0.045850
1863.496621   12.659870   0.048130
1863.498272   12.649120   0.048770
1863.500087   12.693890   0.050700
1863.501889   12.680320   0.053370
1863.503937   12.682850   0.069350
1864.122118   12.687510   0.020670
1864.131216   12.705060   0.027570
1864.140349   12.720790   0.024540
1864.149328   12.733210   0.024430
1864.158727   12.750730   0.022980
1864.168077   12.724680   0.029170
1864.177441   12.740010   0.027770
1864.186471   12.732400   0.021830
1864.195786   12.735850   0.027490
1864.204761   12.738550   0.025000
1864.213956   12.708550   0.023390
1864.223275   12.720870   0.023330
1864.232312   12.718430   0.026560
1864.241734   12.717400   0.027430
1864.250994   12.731020   0.023730
1864.260292   12.716970   0.028720
1864.269452   12.733350   0.024420
1864.278712   12.737500   0.029630
1864.288040   12.728530   0.030010
1864.297228   12.697200   0.027900
1864.306786   12.696690   0.027660
1864.315982   12.675370   0.030550
1864.325240   12.648400   0.028490
1864.334830   12.650690   0.027720
1864.344223   12.628150   0.038450
1864.353629   12.653540   0.037150
1864.362884   12.646040   0.038290
1864.372284   12.678520   0.046020
1864.381718   12.637530   0.040930
1864.391386   12.679310   0.035460
1864.401175   12.692040   0.043490
1864.410777   12.705360   0.040730
1864.420158   12.718800   0.040610
1864.429378   12.743320   0.041400
1864.438639   12.738130   0.049000
1864.448098   12.759120   0.059180
1864.457409   12.688320   0.064550
1864.465120   12.656440   0.055260
1864.472313   12.684630   0.064970
1864.477494   12.628210   0.073570
1864.482643   12.713290   0.100260
1864.486002   12.625800   0.068100
1864.489646   12.774530   0.115860
1864.492216   12.755970   0.089360
1864.494776   12.623490   0.088070
1864.496480   12.712650   0.100200
1864.498365   12.740020   0.103920
1864.500091   12.756600   0.106360
1864.501760   12.697950   0.093760
1865.081649   12.654730   0.032770
1865.090914   12.655050   0.033120
1865.103000   12.692760   0.032440
1865.112265   12.683720   0.031030
1865.121493   12.740730   0.037740
1865.180915   12.700400   0.021940
1865.189934   12.725370   0.017090
1865.199137   12.693850   0.021660
1865.208040   12.700220   0.017090
1865.217207   12.696300   0.026010
1865.226382   12.713680   0.024660
1865.235932   12.712160   0.027320
1865.245886   12.718330   0.027250
1865.255783   12.686140   0.027430
1865.265750   12.696500   0.035280
1865.275774   12.667420   0.030840
1865.285892   12.694750   0.026810
1865.295973   12.691200   0.030340
1865.306185   12.733770   0.030150
1865.316145   12.719100   0.027380
1865.326150   12.692480   0.030250
1865.336276   12.694000   0.036350
1865.346577   12.684250   0.032880
1865.356675   12.673000   0.032340
1865.366659   12.674880   0.035070
1865.376904   12.655110   0.034080
1865.387088   12.685420   0.035410
1865.397153   12.702740   0.036920
1865.407149   12.678580   0.036040
1865.417333   12.693060   0.034220
1865.427630   12.665910   0.034300
1865.437669   12.671020   0.034770
1865.448171   12.678840   0.041420
1865.457324   12.717000   0.048860
1865.465615   12.700490   0.052420
1865.471988   12.691860   0.059250
1865.477591   12.754630   0.072140
1865.482335   12.703860   0.062540
1865.486159   12.696260   0.076590
1865.489785   12.748350   0.066880
1865.492667   12.722090   0.055090
1865.494427   12.695040   0.057590
1865.496283   12.698250   0.056410
1865.498551   12.716740   0.094550
1866.165339   12.675900   0.018880
1866.174723   12.659530   0.018710
1866.184057   12.650940   0.019230
1866.193410   12.649930   0.019750
1866.202706   12.668240   0.020840
1866.212035   12.680210   0.021480
1866.221409   12.696160   0.022000
1866.230791   12.727050   0.021820
1866.240551   12.733950   0.022060
1866.250004   12.769700   0.022760
1866.259354   12.795880   0.022690
1867.193045   12.709730   0.014140
1867.202355   12.704860   0.014610
1867.211516   12.700530   0.014610
1867.220585   12.720910   0.015650
1867.230131   12.720510   0.016110
1867.239707   12.700930   0.015590
1867.249230   12.706230   0.015470
1867.258785   12.705190   0.015700
1867.268385   12.702440   0.016170
1867.277702   12.693020   0.016400
1867.287153   12.694150   0.016460
1867.296854   12.696710   0.017210
1867.306121   12.692260   0.016980
1867.315500   12.687780   0.016860
1867.325094   12.692550   0.017550
1867.334502   12.687020   0.018240
1867.344482   12.698270   0.019400
1867.354030   12.703360   0.019000
1867.363492   12.700830   0.022590
1867.372735   12.680000   0.019800
1867.382212   12.674640   0.020100
1867.391671   12.691680   0.022290
1867.401392   12.695820   0.021430
1867.410805   12.691660   0.020500
1867.420288   12.702910   0.026330
1867.429722   12.689710   0.026440
1867.439192   12.687710   0.024880
1867.448574   12.687530   0.028010
1867.456168   12.684400   0.024480
1867.463320   12.670170   0.025170
1867.469421   12.655050   0.025760
1867.473939   12.680780   0.021130
1867.478291   12.694050   0.019810
1867.481655   12.702330   0.020150
1867.484335   12.690090   0.022230
1867.486951   12.656510   0.021190
1867.488639   12.671490   0.021650
1867.490315   12.683880   0.022930
1867.492002   12.689270   0.022580
1867.493724   12.689260   0.021360
1868.197661   12.727450   0.025820
1868.207123   12.724440   0.026830
1868.216495   12.697830   0.034820
1868.225986   12.664700   0.031760
1868.235811   12.667750   0.036780
1868.245580   12.664010   0.035520
1868.255259   12.658190   0.036430
1868.264815   12.672440   0.036860
1868.274279   12.637130   0.038790
1868.283929   12.692660   0.036110
1868.293537   12.706500   0.056360
1868.303104   12.652400   0.058320
1868.312574   12.700110   0.056690
1868.322548   12.681360   0.042990
1868.332083   12.676550   0.041000
1868.341800   12.679370   0.042670
1868.351466   12.660270   0.050000
1868.360837   12.669710   0.052830
1868.370659   12.664650   0.048320
1868.380417   12.690920   0.047770
1868.390367   12.673260   0.048970
1868.399668   12.665810   0.047290
1868.409622   12.687440   0.053620
1868.419023   12.644610   0.046550
1868.428372   12.657990   0.049550
1868.437691   12.661090   0.050330
1868.446987   12.648520   0.050310
1868.454949   12.670770   0.054510
1868.461066   12.716350   0.053750
1868.467151   12.668440   0.053500
1868.471440   12.678240   0.058780
1868.475710   12.651780   0.066700
1868.479187   12.650510   0.065890
1868.481793   12.689770   0.066600
1868.484421   12.665220   0.063780
1868.486154   12.721760   0.060560
1868.487874   12.727220   0.059460
1868.489584   12.729700   0.065670
1868.491280   12.706930   0.063920
1868.552972   12.796110   0.104040
1868.562396   12.716390   0.087900
1869.239644   12.656640   0.074430
1869.249027   12.607510   0.074620
1869.258676   12.584640   0.089070
1869.268460   12.554180   0.101820
1869.278238   12.568530   0.111370
1869.287800   12.513970   0.104740
1869.297392   12.635500   0.117930
1869.307040   12.637110   0.103130
1870.219778   12.639610   0.017440
1870.229270   12.679260   0.017670
1870.238762   12.709490   0.019640
1870.248135   12.724750   0.018890
1870.257691   12.724490   0.020670
1870.267266   12.728550   0.020500
1870.276950   12.705850   0.020330
1870.286498   12.698960   0.020960
1870.295849   12.690610   0.019460
1870.305565   12.686770   0.020560
1870.315197   12.700510   0.022520
1870.325274   12.714000   0.023560
1870.335174   12.713230   0.022980
1870.344892   12.703580   0.023680
1870.354573   12.679490   0.026560
1870.364104   12.705360   0.034900
1870.373603   12.676010   0.034160
1870.383600   12.692090   0.037300
1870.393243   12.694220   0.050720
1870.402820   12.650320   0.065170
1870.412418   12.652220   0.063200
1870.421719   12.672610   0.059410
1870.431056   12.676160   0.064570
1870.440608   12.630440   0.054600
1870.448993   12.615570   0.046830
1870.456179   12.681580   0.050360
1870.461756   12.617920   0.058580
1870.466593   12.667360   0.066100
1870.470290   12.675360   0.059770
1870.474034   12.637110   0.067960
1870.476825   12.585730   0.072520
1870.478569   12.579050   0.067700
1870.480341   12.612190   0.066020
1870.482097   12.602020   0.067910
1870.483838   12.686690   0.074570
1870.485602   12.725710   0.070980
1871.136689   12.725840   0.021570
1871.146179   12.706610   0.019290
1871.155384   12.677300   0.019460
1871.164955   12.658560   0.021940
1871.174269   12.640560   0.021070
1871.183469   12.677220   0.022870
1871.192872   12.676920   0.020910
1871.202392   12.665440   0.022180
1871.211865   12.669390   0.026590
1871.221273   12.656410   0.026450
1871.230922   12.670440   0.022520
1871.240394   12.699700   0.021650
1871.250018   12.687330   0.023620
1871.259511   12.694660   0.022810
1871.269122   12.720370   0.024080
1871.278903   12.712870   0.023210
1871.288648   12.716250   0.023910
1871.298226   12.691220   0.024490
1871.307789   12.720470   0.024830
1871.317562   12.689890   0.025700
1871.327342   12.700190   0.026220
1871.337079   12.698610   0.029530
1871.346725   12.684370   0.031410
1871.356495   12.678050   0.029110
1871.366277   12.696150   0.032980
1871.375944   12.686840   0.031470
1871.385808   12.679690   0.037180
1871.395399   12.671600   0.037680
1871.404882   12.672040   0.044360
1871.414342   12.690550   0.041110
1871.423744   12.666240   0.040070
1871.433495   12.639780   0.041230
1871.442405   12.687100   0.039990
1871.449670   12.681790   0.038460
1871.455742   12.629710   0.039440
1871.461191   12.627490   0.042280
1871.465968   12.626470   0.040490
1871.469461   12.655140   0.039380
1871.472994   12.641100   0.041190
1871.476070   12.642890   0.039160
1871.477819   12.636470   0.038400
1871.479709   12.647360   0.038350
1871.481438   12.630140   0.039100
1871.550420   12.670730   0.043260
1871.559908   12.667170   0.043650
1871.569340   12.694190   0.044920
1871.578835   12.645980   0.050780
1871.588334   12.744440   0.051560
1871.597765   12.726340   0.063840
1871.607264   12.697790   0.074980
1871.616819   12.714770   0.094380
1871.626324   12.772050   0.113750
1872.324463   12.714540   0.022760
1872.334315   12.706550   0.023930
1872.344041   12.699970   0.023380
1872.353623   12.675160   0.024030
1872.363427   12.657510   0.022860
1872.373279   12.671860   0.022630
1872.383099   12.656600   0.022920
1872.392766   12.697530   0.022980
1872.402203   12.685780   0.023850
1872.412032   12.702240   0.025470
1872.421585   12.678510   0.025290
1872.431130   12.660940   0.027890
1872.439874   12.706640   0.028700
1872.447517   12.691790   0.027310
1872.454162   12.690790   0.028240
1872.459603   12.699980   0.030720
1872.463903   12.676900   0.031360
1872.467716   12.661450   0.029270
1872.470496   12.675600   0.030730
1872.473152   12.654170   0.030900
1872.474857   12.665060   0.031530
1872.476617   12.654290   0.031370
1872.478370   12.659630   0.031130
1872.480228   12.674810   0.031300
1872.541663   12.699370   0.038340
1872.550845   12.652360   0.038930
1872.560270   12.624670   0.040490
1872.569828   12.666920   0.042910
1872.579400   12.602530   0.044930
1872.588943   12.691720   0.051240
1872.598488   12.654810   0.056670
1872.608116   12.716890   0.067100
1872.617527   12.689440   0.075160
1872.627101   12.716280   0.091260
1872.636625   12.729370   0.127320
1873.229437   12.699290   0.026730
1873.238826   12.692190   0.027610
1873.248403   12.678260   0.027720
1873.258009   12.685220   0.026390
1873.267456   12.688010   0.029110
1873.276959   12.700820   0.027420
1873.286788   12.706710   0.027660
1873.296275   12.713520   0.029820
1873.305896   12.714210   0.032970
1873.315548   12.707310   0.032300
1873.325684   12.668250   0.033440
1873.335346   12.665970   0.035620
1873.344943   12.669580   0.036630
1873.354842   12.670490   0.034360
1873.364691   12.701300   0.038910
1873.374458   12.691580   0.036150
1873.383960   12.704300   0.032510
1873.393856   12.680840   0.034240
1873.403606   12.680430   0.034860
1873.413210   12.669590   0.040830
1873.422938   12.681250   0.040410
1873.432622   12.680290   0.037260
1873.441010   12.680310   0.033150
1873.447044   12.710770   0.033260
1873.453044   12.683750   0.032860
1873.457630   12.705600   0.034550
1873.462090   12.695020   0.034480
1873.465548   12.686820   0.034070
1873.468261   12.710750   0.035570
1873.470892   12.740990   0.036320
1873.472722   12.645670   0.034760
1873.474437   12.662640   0.035590
1873.476606   12.672150   0.050710
1873.539305   12.686690   0.067500
1873.548852   12.633900   0.103450
1873.558313   12.685270   0.080970
1873.567696   12.709130   0.077370
1873.577180   12.713690   0.091130
1873.586745   12.654780   0.077540
1873.596227   12.673510   0.098430
1873.605773   12.682560   0.105200
1873.615321   12.635110   0.085760
1873.624816   12.733070   0.097270
1874.032527   12.702640   0.017610
1874.041923   12.704750   0.018420
1874.051714   12.704580   0.018250
1874.061193   12.685020   0.017960
1874.070741   12.702620   0.019460
1874.080230   12.669660   0.018940
1874.089638   12.673390   0.018710
1874.098984   12.673410   0.019750
1874.108441   12.687510   0.019000
1874.117749   12.701970   0.020380
1874.127103   12.693830   0.020620
1874.136654   12.695640   0.020150
1874.145982   12.682360   0.021660
1874.155173   12.685360   0.022400
1874.164605   12.653270   0.024780
1874.174153   12.663360   0.030340
1874.183645   12.642650   0.037770
1874.193053   12.638960   0.051060
1874.202515   12.644660   0.052400
1874.212179   12.653070   0.058550
1874.222051   12.669380   0.049260
1874.593715   12.552700   0.090460
1874.603390   12.610210   0.086040
1874.613039   12.653660   0.103740
1876.992585   12.658970   0.018880
1877.002277   12.671250   0.019860
1877.012009   12.654920   0.020970
1877.021623   12.669130   0.020150
1877.031340   12.674790   0.022520
1877.041094   12.629080   0.021310
1877.050632   12.628410   0.018300
1877.060512   12.657570   0.019640
1877.070280   12.650030   0.020050
1877.080037   12.652230   0.019870
1877.089835   12.658090   0.020510
1877.099542   12.659080   0.020960
1877.109324   12.652740   0.025250
1877.119234   12.628870   0.023430
1877.128562   12.664060   0.022080
1877.137988   12.671710   0.022580
1877.147449   12.688620   0.027960
1877.157081   12.684220   0.025580
1877.166514   12.684550   0.023390
1877.175811   12.677490   0.022920
1877.185180   12.694290   0.025350
1877.194638   12.666140   0.022650
1877.204359   12.658080   0.022520
1877.213829   12.694400   0.021940
1877.223290   12.664980   0.023160
1877.232928   12.668160   0.022230
1877.242583   12.651550   0.025080
1877.252102   12.668900   0.025820
1877.261424   12.674260   0.025410
1877.271317   12.692950   0.022770
1877.280810   12.680990   0.020670
1877.290913   12.689260   0.023390
1877.300784   12.682920   0.026870
1877.310552   12.664320   0.022880
1877.320329   12.653800   0.027250
1877.330019   12.657740   0.023730
1877.339609   12.651730   0.020850
1877.349339   12.669870   0.024260
1877.359563   12.636950   0.021540
1877.369289   12.652630   0.025000
1877.379166   12.644220   0.023510
1877.389199   12.651320   0.028600
1877.398748   12.696880   0.031530
1877.408188   12.712180   0.031660
1877.417610   12.744180   0.031760
1877.426444   12.807050   0.029160
1877.433416   12.859760   0.033490
1877.439426   12.889360   0.036370
1877.444578   12.936560   0.039680
1877.449101   12.962200   0.035290
1877.452622   12.994030   0.042400
1877.456119   13.029220   0.038340
1877.458826   13.008100   0.035800
1877.460660   13.044470   0.037590
1877.462441   13.060980   0.038640
1877.464144   13.065700   0.039500
1877.465872   13.090750   0.043250
1877.528546   12.912320   0.041110
1877.538164   12.858290   0.042390
1877.547759   12.779970   0.041200
1877.557433   12.728870   0.042760
1877.566991   12.733720   0.040880
1877.956588   12.671810   0.031010
1877.966360   12.681440   0.028110
1877.975795   12.679680   0.020960
1877.985575   12.675810   0.018880
1877.995071   12.674620   0.017730
1878.004964   12.672220   0.017610
1878.014335   12.651820   0.018880
1878.023915   12.644890   0.015410
1878.033403   12.657880   0.017610
1878.042881   12.640580   0.017030
1878.052477   12.674320   0.019570
1878.062202   12.680680   0.019050
1878.072038   12.670420   0.019570
1878.081838   12.671840   0.020150
1878.091595   12.649750   0.018880
1878.101204   12.653140   0.019460
1878.111056   12.644780   0.020040
1878.120475   12.664790   0.020900
1878.129972   12.649850   0.022170
1878.139452   12.646950   0.025520
1878.148981   12.641260   0.045150
1878.158293   12.653090   0.037590
1878.167692   12.648000   0.022580
1878.177309   12.632360   0.021830
1878.186872   12.653590   0.028060
1878.196273   12.628360   0.027540
1878.206054   12.625550   0.031470
1878.215833   12.624400   0.034540
1878.225557   12.637970   0.036700
1878.235117   12.633360   0.028410
1878.244657   12.648580   0.029220
1878.254352   12.630450   0.031940
1878.263984   12.621890   0.035290
1878.273770   12.631500   0.033780
1878.283405   12.616360   0.036620
1878.293079   12.580630   0.036240
1878.302887   12.588280   0.043300
1878.312828   12.616710   0.048000
1878.322431   12.581250   0.046410
1878.332111   12.586900   0.048170
1878.342126   12.564620   0.032640
1878.351898   12.637710   0.038560
1878.361666   12.613650   0.036980
1878.371492   12.663090   0.038240
1878.381052   12.668240   0.040570
1878.390611   12.684990   0.031820
1878.400035   12.647100   0.037960
1878.409523   12.615540   0.037590
1878.419250   12.623500   0.041070
1878.427139   12.623350   0.043110
1878.434256   12.632240   0.035890
1878.439734   12.639590   0.041460
1878.444205   12.639460   0.034440
1878.448555   12.626500   0.034080
1878.452064   12.611330   0.040750
1878.454721   12.609530   0.040010
1878.457364   12.604260   0.040650
1878.459093   12.634270   0.040610
1878.460943   12.670560   0.041120
1878.463071   12.675640   0.057330
1878.523903   12.670420   0.041890
1878.533380   12.697500   0.043600
1878.542754   12.680640   0.040420
1878.552323   12.650740   0.046090
1878.561961   12.658960   0.052630
1878.571685   12.659330   0.068490
1878.581234   12.761080   0.066420
1878.590773   12.759280   0.066520
1878.600390   12.773970   0.091010
1878.885725   12.737900   0.052720
1878.896259   12.683840   0.047540
1878.907039   12.688780   0.041230
1878.917827   12.674910   0.041070
1878.928636   12.644910   0.040420
1878.939490   12.685640   0.035100
1878.950209   12.684170   0.031660
1878.960985   12.703200   0.029970
1878.971663   12.683640   0.026970
1878.982256   12.688640   0.027540
1878.992862   12.669410   0.026450
1879.003349   12.672210   0.028130
1879.014056   12.672950   0.028460
1879.024781   12.686500   0.029220
1879.035403   12.691260   0.032280
1879.046338   12.672060   0.032060
1879.056998   12.689800   0.033140
1879.067120   12.694980   0.034940
1879.077625   12.667970   0.033950
1879.087804   12.666950   0.032970
1879.097718   12.679330   0.037850
1879.108265   12.648890   0.040490
1879.118677   12.676460   0.043110
1879.128946   12.660110   0.034800
1879.138951   12.655070   0.039650
1879.148948   12.664270   0.045050
1879.158753   12.702980   0.048850
1879.168681   12.671280   0.048610
1879.178653   12.672320   0.048790
1879.188532   12.682550   0.052200
1879.198658   12.675760   0.055110
1879.208980   12.646670   0.049670
1879.219105   12.653140   0.050850
1879.229198   12.677400   0.053520
1879.239692   12.659700   0.052330
1879.249885   12.664450   0.051970
1879.259988   12.674870   0.050290
1879.270136   12.650270   0.049930
1879.279998   12.626050   0.042450
1879.290256   12.624440   0.051440
1879.300321   12.615530   0.050250
1879.310604   12.597420   0.048930
1879.321132   12.576350   0.048970
1879.331398   12.617960   0.051470
1879.341711   12.658590   0.053360
1879.352168   12.664190   0.051330
1879.362239   12.659040   0.049190
1879.372581   12.674010   0.051120
1879.383093   12.703670   0.031500
1879.393142   12.717500   0.054220
1879.403333   12.744720   0.058890
1879.413718   12.746180   0.058740
1879.422210   12.740370   0.058850
1879.430290   12.722770   0.061060
1879.436891   12.719330   0.060050
1879.441492   12.714700   0.060750
1879.445571   12.691670   0.065360
1879.449457   12.693380   0.063990
1879.452342   12.687670   0.051190
1879.454194   12.675660   0.069120
1879.456055   12.712040   0.053840
1879.457932   12.649840   0.068420
1879.460282   12.683760   0.089350
1879.524043   12.703640   0.081010
1879.534146   12.677620   0.088370
1879.544253   12.690980   0.090820
1879.554321   12.677600   0.048600
1879.564508   12.745240   0.093530
1879.574677   12.656250   0.094310
1879.584814   12.747980   0.102260
1879.594935   12.713860   0.099490
1879.605121   12.707170   0.110470
1879.615186   12.718600   0.115810
1879.625350   12.735300   0.127100
1879.885631   12.666000   0.067350
1879.895153   12.683050   0.053320
1879.904711   12.669770   0.043310
1879.914664   12.666860   0.034820
1879.924232   12.648340   0.030230
1879.933937   12.667650   0.025990
1879.943742   12.668120   0.023330
1879.953255   12.683180   0.020440
1879.962965   12.688350   0.018590
1879.972299   12.691910   0.018360
1879.982133   12.697010   0.019170
1879.991480   12.703120   0.020270
1880.001350   12.686380   0.021260
1880.010995   12.700300   0.024310
1880.020489   12.690040   0.022820
1880.030167   12.671570   0.023800
1880.040004   12.671530   0.022690
1880.050020   12.663000   0.023100
1880.059700   12.663390   0.023570
1880.069635   12.672430   0.024770
1880.079469   12.674920   0.025170
1880.089000   12.677820   0.023910
1880.098524   12.676610   0.024670
1880.108072   12.678310   0.026740
1880.117530   12.654240   0.024030
1880.127140   12.655160   0.024890
1880.200091   12.641480   0.026210
1880.209735   12.665360   0.027840
1880.219431   12.646630   0.027510
1880.229324   12.647380   0.024370
1880.238989   12.678500   0.024440
1880.248836   12.672310   0.024430
1880.258298   12.676960   0.025480
1880.267686   12.681320   0.026860
1880.277275   12.701920   0.026510
1880.286928   12.715180   0.031930
1880.306613   12.689500   0.027030
1880.369120   12.667350   0.025650
1880.684731   12.732580   0.073230
1880.693935   12.680110   0.078610
1880.703424   12.709410   0.088010
1880.712965   12.822660   0.107520
1880.722745   12.650740   0.078000
1880.967707   12.667210   0.030170
1880.977730   12.678320   0.030670
1880.987626   12.661640   0.024030
1880.997175   12.688500   0.023150
1881.007352   12.677670   0.024270
1881.017262   12.673170   0.024660
1881.027023   12.667590   0.025650
1881.036583   12.652930   0.023960
1881.046307   12.664760   0.024960
1881.055914   12.665520   0.029280
1881.065565   12.664630   0.027910
1881.075352   12.650230   0.029830
1881.085120   12.664690   0.027230
1881.094964   12.675090   0.027890
1881.104801   12.668880   0.023330
1881.114937   12.666000   0.033790
1881.124474   12.664870   0.028640
1881.134326   12.647820   0.032460
1881.143810   12.657920   0.023670
1881.153419   12.661630   0.032980
1881.163015   12.680310   0.029230
1881.171357   12.683020   0.025120
1881.180981   12.695630   0.026620
1881.190627   12.692720   0.022410
1881.200550   12.718090   0.024600
1881.210473   12.724420   0.026800
1881.220305   12.711810   0.028230
1881.230199   12.748230   0.028580
1881.239668   12.736570   0.028930
1881.249328   12.746970   0.028870
1881.258917   12.719250   0.027770
1881.268352   12.709320   0.028880
1881.278189   12.692060   0.028700
1881.288137   12.659750   0.028700
1881.297680   12.646060   0.028470
1881.307337   12.653610   0.029040
1881.317394   12.651460   0.029560
1881.327336   12.648500   0.031070
1881.337373   12.661650   0.031300
1881.347129   12.634620   0.031520
1881.357110   12.638600   0.031880
1881.366722   12.639960   0.032220
1881.376276   12.697820   0.034880
1881.386104   12.670500   0.036700
1881.395996   12.666200   0.034760
1881.405772   12.640440   0.037010
1881.414838   12.652950   0.035630
1881.422098   12.620040   0.036960
1881.428287   12.672650   0.036430
1881.433496   12.663470   0.037620
1881.437835   12.638470   0.037450
1881.441542   12.651910   0.038420
1881.445078   12.665560   0.040180
1881.447777   12.655270   0.038630
1881.449541   12.651020   0.037700
1881.451276   12.684300   0.039560
1881.453055   12.659480   0.038290
1881.455245   12.690400   0.055130
1881.512259   12.690120   0.041170
1881.522032   12.700730   0.044370
1881.531584   12.687990   0.043540
1881.541053   12.651490   0.045590
1881.550943   12.674800   0.048500
1881.560601   12.667270   0.048630
1881.570473   12.708930   0.047290
1881.580253   12.719320   0.056040
1881.589860   12.686610   0.050400
1881.599577   12.637660   0.054080
1881.609472   12.730370   0.054890
1881.619114   12.647560   0.059320
1881.628942   12.613190   0.069580
1881.638590   12.670350   0.071150
1881.648351   12.730860   0.083650
1881.816745   12.695320   0.117130
1881.826319   12.610770   0.092870
1881.835921   12.744040   0.066490
1881.845731   12.655030   0.061340
1881.855252   12.725570   0.050350
1881.864967   12.770270   0.046480
1881.874874   12.723730   0.042550
1881.884546   12.671300   0.035340
1881.894462   12.669050   0.031750
1881.904494   12.652540   0.028240
1881.914271   12.676970   0.027430
1881.923884   12.675630   0.027190
1881.933466   12.686220   0.025580
1881.943231   12.663710   0.026860
1881.952875   12.683380   0.035430
1881.962633   12.664240   0.036960
1881.972149   12.650990   0.039300
1881.982098   12.639290   0.040080
1881.992169   12.681220   0.049770
1882.001889   12.651480   0.058080
1882.011594   12.681970   0.056660
1882.021627   12.645000   0.043180
1882.031644   12.731000   0.051350
1882.041324   12.647510   0.048740
1882.051198   12.673960   0.041870
1882.060871   12.648590   0.047230
1882.070527   12.636200   0.084920
1882.080330   12.708050   0.033490
1882.090096   12.624940   0.073480
1882.099492   12.740080   0.090720
1882.109365   12.689190   0.059920
1882.121972   12.682320   0.049110
1882.131558   12.692180   0.040530
1882.141120   12.702820   0.067280
1882.150540   12.676150   0.040390
1882.160119   12.686900   0.044230
1882.169652   12.666580   0.044630
1882.179008   12.678170   0.041900
1882.188466   12.718060   0.049130
1882.198063   12.700810   0.054110
1882.208031   12.741550   0.100530
1882.217722   12.653400   0.081810
1882.227231   12.759390   0.066530
1882.236839   12.720550   0.070320
1882.246327   12.735250   0.103180
1882.256107   12.715770   0.096810
1882.266006   12.749850   0.095730
1882.275585   12.742460   0.075840
1882.285301   12.712230   0.079750
1882.295361   12.736270   0.074350
1882.305067   12.694690   0.105890
1882.315226   12.599090   0.070500
1882.325032   12.673500   0.081540
1882.334886   12.716290   0.065300
1882.344919   12.678760   0.082570
1882.354771   12.712890   0.096390
1882.364587   12.668970   0.073110
1882.374737   12.673870   0.073390
1883.093660   12.593010   0.031200
1883.103366   12.606360   0.053080
1883.112818   12.565760   0.034530
1883.122237   12.648650   0.039370
1883.131900   12.605100   0.033090
1883.141295   12.618630   0.035990
1883.150882   12.652730   0.036960
1883.160374   12.618050   0.039910
1883.169871   12.667270   0.041340
1883.179271   12.687260   0.033660
1883.188727   12.702360   0.035700
1883.198404   12.696000   0.040130
1883.207904   12.665720   0.039720
1883.217549   12.630860   0.041340
1883.226897   12.687320   0.041480
1883.236210   12.668060   0.044900
1883.245790   12.646390   0.043540
1883.255334   12.671580   0.045360
1883.265175   12.651440   0.044580
1883.274780   12.669380   0.044590
1883.284849   12.724750   0.064120
1883.294394   12.716880   0.065890
1883.304305   12.698240   0.059950
1883.314080   12.740210   0.072850
1883.323720   12.728130   0.059800
1883.333437   12.705330   0.049060
1883.343435   12.683200   0.056050
1883.353548   12.658140   0.059620
1883.363493   12.707340   0.050560
1883.373027   12.646030   0.054320
1883.382657   12.673460   0.054580
1883.392439   12.661640   0.050870
1883.402040   12.686140   0.051120
1883.410061   12.704930   0.058200
1883.417485   12.721530   0.060420
1883.423677   12.720690   0.056040
1883.428949   12.671050   0.058590
1883.433300   12.768300   0.065310
1883.436812   12.730670   0.058730
1883.440325   12.707260   0.065010
1883.443180   12.729220   0.056470
1883.444926   12.665440   0.062660
1883.446707   12.640510   0.051140
1883.448508   12.636680   0.055970
1883.507335   12.629840   0.054840
1883.517022   12.645820   0.055500
1883.526655   12.644370   0.070570
1883.536232   12.771710   0.067480
1883.545818   12.750060   0.075190
1883.555341   12.650200   0.071400
1883.565051   12.817680   0.074360
1883.574608   12.750390   0.066980
1883.584302   12.838230   0.066130
1883.593915   12.684140   0.064740
1884.099534   12.708200   0.016750
1884.109140   12.696870   0.016340
1884.118686   12.674500   0.020150
1884.128292   12.719060   0.025800
1884.137551   12.700090   0.018300
1884.147279   12.673930   0.020270
1884.156774   12.697450   0.021710
1884.166197   12.714280   0.027290
1884.175960   12.694990   0.026190
1884.185414   12.718170   0.024090
1884.194977   12.721730   0.019230
1884.204574   12.686880   0.021030
1884.214174   12.707810   0.018590
1884.223839   12.723550   0.022580
1884.233272   12.665940   0.030030
1884.242628   12.696330   0.017320
1884.252195   12.683170   0.017150
1884.261682   12.695780   0.017320
1884.271201   12.702010   0.017260
1884.280876   12.681780   0.018720
1884.290846   12.696240   0.020560
1884.300573   12.722170   0.022290
1884.310420   12.743310   0.032410
1884.320206   12.719560   0.021020
1884.330156   12.741550   0.021590
1884.340081   12.727530   0.026470
1884.350052   12.708350   0.024880
1884.360119   12.718560   0.020960
1884.370060   12.711210   0.021540
1884.379738   12.710030   0.023160
1884.389528   12.700270   0.018420
1884.399065   12.694100   0.019290
1884.406881   12.688670   0.023100
1884.413865   12.715860   0.026210
1884.420368   12.711100   0.030900
1884.425635   12.702360   0.020440
1884.430150   12.689980   0.018470
1884.433678   12.700470   0.020620
1884.437202   12.675760   0.020270
1884.439908   12.683430   0.021770
1884.441669   12.672620   0.021250
1884.443407   12.657720   0.020210
1884.445186   12.664310   0.019800
1884.446926   12.689260   0.027170
1884.503638   12.670460   0.018480
1884.513187   12.648980   0.022580
1884.522993   12.659040   0.018820
1884.532900   12.647070   0.017150
1884.542819   12.669450   0.021500
1884.552706   12.631000   0.025500
1884.562458   12.642540   0.015990
1884.572213   12.664980   0.019780
1884.581820   12.671040   0.016740
1884.591479   12.656360   0.021260
1884.600983   12.605250   0.018940
1884.610820   12.577980   0.017960
1884.886961   12.648660   0.051050
1884.896459   12.691910   0.055410
1884.906042   12.782530   0.056670
1884.915643   12.853500   0.076060
1884.925737   12.893590   0.058310
1884.935570   13.019080   0.085560
1884.945448   13.000160   0.070160
1884.954875   12.995240   0.078160
1884.964329   13.062660   0.075580
1884.974229   12.951370   0.082600
1884.983546   12.898840   0.079230
1884.993441   12.827800   0.064100
1885.003341   12.686470   0.054640
1885.013229   12.663070   0.065770
1885.022911   12.561540   0.058840
1885.032502   12.557950   0.068780
1885.042137   12.561690   0.064380
1885.052183   12.529010   0.060490
1885.061957   12.512130   0.068850
1885.071678   12.570760   0.072600
1885.081285   12.620810   0.086940
1885.090973   12.556970   0.077480
1885.100847   12.527350   0.077080
1885.278794   12.534460   0.038660
1885.288696   12.550240   0.055620
1885.298475   12.527090   0.044350
1885.308250   12.566260   0.040620
1885.318087   12.590050   0.046280
1885.328301   12.587660   0.050690
1885.338173   12.683950   0.081200
1885.347960   12.664030   0.062460
1885.357853   12.613500   0.069690
1885.367578   12.680620   0.071230
1885.377344   12.700600   0.085020
1885.386938   12.707810   0.092340
1885.396599   12.611530   0.066540
1885.404395   12.625150   0.069340
1885.411445   12.634920   0.070010
1885.417511   12.692470   0.079660
1885.422892   12.680420   0.087950
1885.427461   12.653410   0.086250
1885.430989   12.589790   0.060240
1885.434637   12.662290   0.070320
1885.437356   12.682220   0.076180
1885.439093   12.692000   0.078020
1885.440855   12.687530   0.072030
1885.442624   12.722360   0.066090
1885.444416   12.712100   0.067760
1885.502228   12.664080   0.073890
1885.511985   12.626400   0.094270
1885.521821   12.675490   0.076110
1885.531512   12.675490   0.073110
1885.541243   12.629030   0.078360
1885.551133   12.723840   0.064350
1885.560860   12.784160   0.062160
1885.570601   12.867550   0.062290
1885.580236   12.808100   0.083440
1885.590133   12.768920   0.057220
1886.072366   12.747750   0.015420
1886.082057   12.711310   0.016860
1886.091456   12.657980   0.017320
1886.101064   12.649960   0.017670
1886.110701   12.639120   0.017320
1886.120214   12.668630   0.017550
1886.129544   12.667960   0.018190
1886.138882   12.691910   0.018940
1886.148233   12.677440   0.018710
1886.157943   12.683160   0.019630
1886.167550   12.656020   0.022710
1886.177101   12.651670   0.021710
1886.186997   12.666710   0.022980
1886.196609   12.671130   0.024080
1886.206153   12.673370   0.026740
1886.215757   12.677930   0.028360
1886.225422   12.635970   0.035980
1886.234829   12.653580   0.038420
1886.244630   12.671620   0.038080
1886.254426   12.652140   0.027770
1886.263771   12.659210   0.022470
1886.273578   12.646430   0.038750
1886.283270   12.660600   0.022060
1886.293134   12.664590   0.023390
1886.303115   12.674490   0.026640
1886.312914   12.677950   0.024310
1886.322818   12.663930   0.024920
1886.332859   12.694890   0.024890
1886.342543   12.668990   0.024250
1886.352534   12.659000   0.024770
1886.362281   12.658470   0.026510
1886.372003   12.641520   0.027140
1886.381496   12.668220   0.028180
1886.391198   12.673520   0.030440
1886.399994   12.668230   0.030900
1886.408171   12.668570   0.031010
1886.414363   12.663040   0.037130
1886.419581   12.635340   0.036900
1886.423873   12.606900   0.037100
1886.427459   12.658520   0.035110
1886.431086   12.653160   0.034190
1886.433748   12.666820   0.040530
1886.435540   12.693850   0.043130
1886.437293   12.703900   0.036570
1886.439058   12.656720   0.036730
1886.441348   12.667490   0.071280
