1863.169882   11.383970   0.010280
1863.179028   11.380260   0.011140
1863.188111   11.377560   0.012700
1863.197263   11.385050   0.011780
1863.206453   11.386670   0.011550
1863.215516   11.383590   0.013450
1863.224486   11.378540   0.012700
1863.233708   11.388010   0.013860
1863.243026   11.386790   0.013860
1863.252052   11.378520   0.012480
1863.260978   11.384150   0.012120
1863.270074   11.384000   0.013340
1863.279229   11.376480   0.012300
1863.288341   11.380200   0.011780
1863.297662   11.386630   0.011080
1863.306748   11.386670   0.012360
1863.315898   11.385680   0.012590
1863.325261   11.393500   0.012470
1863.334632   11.391520   0.012760
1863.344416   11.365490   0.012410
1863.353962   11.381290   0.012240
1863.363511   11.386950   0.011080
1863.372640   11.376500   0.010390
1863.381795   11.386680   0.010570
1863.391577   11.391140   0.011080
1863.400670   11.371140   0.011430
1863.410157   11.387370   0.011490
1863.419415   11.381770   0.011840
1863.428728   11.379330   0.012530
1863.438171   11.382740   0.012990
1863.447725   11.379170   0.013220
1863.457038   11.393810   0.015190
1863.464667   11.403150   0.017670
1863.471563   11.392120   0.018650
1863.477686   11.384770   0.017150
1863.482900   11.390410   0.017260
1863.487037   11.373510   0.018710
1863.490505   11.375550   0.018360
1863.494064   11.388620   0.017380
1863.496621   11.393220   0.018300
1863.498272   11.393240   0.018250
1863.500087   11.419530   0.019400
1863.501889   11.388870   0.019630
1863.503937   11.389880   0.027110
1864.122118   11.378600   0.008600
1864.131216   11.379550   0.010910
1864.140349   11.385970   0.009930
1864.149328   11.387630   0.009870
1864.158727   11.383820   0.009580
1864.168077   11.379960   0.011610
1864.177441   11.379950   0.010850
1864.186471   11.371040   0.009120
1864.195786   11.374360   0.011140
1864.204761   11.374030   0.010280
1864.213956   11.380650   0.009700
1864.223275   11.382800   0.009470
1864.232312   11.374640   0.010970
1864.241734   11.375950   0.011140
1864.250994   11.390690   0.009870
1864.260292   11.383670   0.011430
1864.269452   11.381050   0.010160
1864.278712   11.397950   0.011780
1864.288040   11.388500   0.011610
1864.297228   11.380470   0.011320
1864.306786   11.377700   0.011550
1864.315982   11.375510   0.011780
1864.325240   11.397050   0.011660
1864.334830   11.387550   0.011260
1864.344223   11.382750   0.014780
1864.353629   11.382950   0.014320
1864.362884   11.390580   0.015360
1864.372284   11.389210   0.018010
1864.381718   11.376600   0.016110
1864.391386   11.373070   0.013910
1864.401175   11.372940   0.016800
1864.410777   11.379120   0.015300
1864.420158   11.371500   0.015190
1864.429378   11.373390   0.016510
1864.438639   11.373090   0.018650
1864.448098   11.365980   0.021540
1864.457409   11.386450   0.021710
1864.465120   11.397110   0.020620
1864.472313   11.382460   0.024130
1864.477494   11.386730   0.027780
1864.482643   11.400590   0.036360
1864.486002   11.391460   0.047780
1864.489646   11.386140   0.043850
1864.492216   11.371740   0.032790
1864.494776   11.369470   0.033370
1864.496480   11.392350   0.035460
1864.498365   11.398830   0.034930
1864.500091   11.406700   0.037610
1864.501760   11.424680   0.035400
1865.081649   11.374040   0.011840
1865.090914   11.387640   0.012640
1865.103000   11.383150   0.011950
1865.121493   11.389280   0.013800
1865.180915   11.389740   0.008600
1865.189934   11.388440   0.007160
1865.199137   11.375040   0.008780
1865.208040   11.382270   0.007220
1865.217207   11.381190   0.010170
1865.226382   11.376640   0.009700
1865.235932   11.381520   0.010450
1865.245886   11.381550   0.010680
1865.255783   11.375970   0.010450
1865.265750   11.370370   0.013160
1865.275774   11.372400   0.011550
1865.285892   11.379570   0.010220
1865.295973   11.389700   0.011550
1865.306185   11.386560   0.011320
1865.316145   11.371250   0.010800
1865.326150   11.385970   0.011720
1865.336276   11.376820   0.013570
1865.346577   11.385870   0.012240
1865.356675   11.394140   0.012120
1865.366812   11.391900   0.007700
1866.165339   11.378540   0.007970
1866.174723   11.395840   0.007970
1866.184057   11.383410   0.008030
1866.193410   11.386470   0.008200
1866.202706   11.377460   0.008550
1866.212035   11.380800   0.008660
1866.221409   11.383210   0.008830
1866.230791   11.381370   0.008660
1866.240551   11.379060   0.008600
1866.250004   11.385750   0.008660
1866.259354   11.379030   0.008830
1867.193045   11.381920   0.006180
1867.202355   11.385060   0.006350
1867.211516   11.386520   0.006410
1867.220585   11.379870   0.006640
1867.230131   11.386240   0.006750
1867.239707   11.383890   0.006750
1867.249230   11.382220   0.006700
1867.258785   11.380320   0.006750
1867.268385   11.380640   0.006810
1867.277702   11.383840   0.006930
1867.287153   11.381820   0.006990
1867.296854   11.382180   0.007160
1867.306121   11.387720   0.007100
1867.315500   11.391550   0.007280
1867.325094   11.376870   0.007390
1867.334502   11.381470   0.007510
1867.344482   11.379520   0.007680
1867.354030   11.380460   0.007680
1867.363492   11.388050   0.008310
1867.372735   11.381400   0.007970
1867.382212   11.377200   0.008140
1867.391671   11.386900   0.008600
1867.401392   11.390920   0.008600
1867.410805   11.382400   0.008370
1867.420288   11.385570   0.009530
1867.429722   11.378780   0.010340
1867.439192   11.392330   0.009870
1867.448574   11.387880   0.010850
1867.456168   11.377140   0.009760
1867.463320   11.374330   0.010050
1867.469421   11.383320   0.010050
1867.473939   11.376840   0.008550
1867.478291   11.376940   0.008080
1867.481655   11.381420   0.008140
1867.484335   11.377720   0.008490
1867.486951   11.380280   0.008490
1867.488639   11.381860   0.008550
1867.490315   11.381110   0.008830
1867.492002   11.384970   0.008600
1867.493724   11.381300   0.008430
1868.197661   11.385910   0.010340
1868.207123   11.382950   0.010450
1868.225986   11.377050   0.011780
1868.235811   11.373450   0.013180
1868.245580   11.387110   0.012990
1868.264815   11.379410   0.014200
1868.274279   11.372070   0.015470
1868.283929   11.373640   0.013860
1868.293537   11.392500   0.019290
1868.303104   11.371380   0.020840
1868.312574   11.389320   0.020900
1868.322548   11.390270   0.015710
1868.332083   11.384570   0.015470
1868.341800   11.380910   0.016050
1868.351466   11.382900   0.018650
1868.360837   11.377120   0.018950
1868.370659   11.379860   0.018010
1868.380417   11.395170   0.018710
1868.390367   11.387830   0.017960
1868.399668   11.377780   0.018020
1868.409622   11.391240   0.019520
1868.419023   11.363410   0.018300
1868.428372   11.382530   0.018420
1868.437691   11.380550   0.019400
1868.446987   11.388140   0.019110
1868.454949   11.373590   0.019690
1868.461066   11.374440   0.019460
1868.467151   11.384060   0.020210
1868.471440   11.389050   0.021190
1868.475710   11.393500   0.023510
1868.479187   11.379320   0.023610
1868.481793   11.376220   0.022920
1868.484421   11.391120   0.022460
1868.486154   11.381770   0.021710
1868.487874   11.379160   0.022630
1868.489584   11.380490   0.022520
1868.491280   11.370660   0.023210
1868.552972   11.379890   0.038680
1868.562396   11.378310   0.034420
1868.571961   11.397270   0.071980
1868.581607   11.366860   0.058740
1868.591155   11.396360   0.054510
1868.600621   11.282060   0.066860
1868.610180   11.419150   0.076610
1869.239644   11.415810   0.027320
1869.249027   11.396610   0.027830
1869.268460   11.403500   0.036240
1869.278238   11.417950   0.039500
1869.287800   11.369240   0.039500
1869.297392   11.405490   0.039970
1869.307040   11.378700   0.045870
1869.316723   11.385320   0.064350
1869.326588   11.427290   0.057430
1869.336288   11.384770   0.063270
1869.345989   11.389640   0.073080
1869.355938   11.408430   0.070820
1869.365922   11.396980   0.082350
1869.375686   11.454560   0.073270
1869.384959   11.303150   0.102500
1869.394348   11.300870   0.082300
1869.403952   11.395010   0.090540
1869.413415   11.336800   0.086690
1869.422812   11.375580   0.114100
1869.432155   11.412480   0.118940
1869.441546   11.463820   0.070400
1869.472757   11.329420   0.101500
1869.476419   11.286060   0.068900
1869.479040   11.447790   0.076800
1870.219778   11.365100   0.007330
1870.229270   11.372580   0.007510
1870.238762   11.383210   0.007970
1870.248135   11.382350   0.007790
1870.257691   11.385410   0.008660
1870.267266   11.392150   0.008310
1870.276950   11.391150   0.008370
1870.286498   11.400260   0.008660
1870.305565   11.385240   0.008490
1870.315197   11.373220   0.009300
1870.325274   11.382010   0.009530
1870.335174   11.391680   0.009180
1870.344892   11.385560   0.009580
1870.354573   11.385320   0.010910
1870.364104   11.385180   0.013860
1870.373603   11.381840   0.013170
1870.383600   11.384820   0.014900
1870.393243   11.388980   0.017550
1870.402820   11.394460   0.024500
1870.412418   11.396960   0.022410
1870.421719   11.384610   0.022460
1870.431056   11.380380   0.023730
1870.440608   11.372660   0.019640
1870.448993   11.372680   0.017550
1870.461756   11.364130   0.020920
1870.466593   11.377510   0.023060
1870.470290   11.369520   0.020670
1870.474034   11.387500   0.024260
1870.476825   11.385670   0.025230
1870.478569   11.377360   0.024600
1870.480341   11.344550   0.023690
1870.482097   11.390830   0.024370
1870.483838   11.377800   0.025690
1870.485602   11.386180   0.025360
1871.136689   11.372080   0.008200
1871.146179   11.376170   0.007910
1871.164955   11.387480   0.008660
1871.183469   11.380020   0.008890
1871.192872   11.377510   0.008490
1871.202392   11.389930   0.008890
1871.211865   11.373950   0.009990
1871.221273   11.383030   0.009930
1871.230922   11.379160   0.009240
1871.240394   11.376400   0.009010
1871.250018   11.373650   0.009300
1871.259511   11.374290   0.009120
1871.269122   11.378510   0.009300
1871.278903   11.372970   0.009350
1871.288648   11.391470   0.009820
1871.298226   11.379280   0.009470
1871.307789   11.379310   0.009990
1871.317562   11.386740   0.010280
1871.327342   11.381280   0.010620
1871.337079   11.379640   0.011370
1871.346725   11.373460   0.011780
1871.356495   11.375790   0.011490
1871.366277   11.376920   0.012590
1871.375944   11.373620   0.012760
1871.385808   11.378510   0.013740
1871.395399   11.380360   0.014720
1871.404882   11.375680   0.016570
1871.414342   11.385180   0.015940
1871.423744   11.386000   0.015880
1871.433495   11.379460   0.015590
1871.442405   11.370520   0.014780
1871.449670   11.379610   0.014900
1871.455742   11.379680   0.015300
1871.461191   11.363500   0.016110
1871.465968   11.368250   0.015590
1871.469461   11.400520   0.015990
1871.472994   11.382670   0.015880
1871.476070   11.380050   0.015240
1871.479709   11.391870   0.015130
1871.481438   11.363950   0.014900
1871.550420   11.395610   0.016460
1871.559908   11.399530   0.016800
1871.578835   11.378930   0.018360
1871.588334   11.377920   0.020150
1871.597765   11.384250   0.024080
1871.607264   11.390350   0.026390
1871.616819   11.394710   0.030890
1871.626324   11.425230   0.037420
1872.324463   11.371160   0.009240
1872.334315   11.382240   0.009580
1872.344041   11.380400   0.009580
1872.363427   11.389210   0.009350
1872.373279   11.386150   0.009470
1872.383099   11.374220   0.009530
1872.392766   11.382360   0.009470
1872.402203   11.370850   0.009700
1872.412032   11.380820   0.010050
1872.421585   11.383630   0.010220
1872.431130   11.388610   0.010800
1872.439874   11.384550   0.010800
1872.447517   11.385050   0.010850
1872.454162   11.393800   0.011080
1872.459603   11.381440   0.011780
1872.463903   11.384770   0.011950
1872.467716   11.386610   0.011660
1872.470496   11.393020   0.011780
1872.473152   11.393240   0.011950
1872.474857   11.386670   0.012070
1872.476617   11.373420   0.012010
1872.478370   11.379680   0.012010
1872.480228   11.368840   0.012010
1872.541663   11.391650   0.014720
1872.550845   11.395790   0.015070
1872.560270   11.406860   0.015530
1872.569828   11.398500   0.016340
1872.579400   11.395010   0.017670
1872.588943   11.401040   0.019340
1872.598488   11.405050   0.013900
1872.617527   11.321150   0.027200
1872.627101   11.380450   0.034250
1872.636625   11.428320   0.043300
1872.646041   11.417430   0.054780
1873.229437   11.365490   0.010570
1873.238826   11.361760   0.010910
1873.248403   11.365680   0.010740
1873.276959   11.379490   0.010970
1873.286788   11.388160   0.011030
1873.296275   11.399030   0.011380
1873.315548   11.399390   0.011950
1873.325684   11.403210   0.012240
1873.335346   11.410180   0.013110
1873.364691   11.422620   0.013680
1873.374458   11.406750   0.013050
1873.383960   11.401590   0.012240
1873.393856   11.409160   0.012760
1873.403606   11.413000   0.013160
1873.413210   11.413480   0.015080
1873.422938   11.400060   0.014550
1873.432622   11.368570   0.013510
1873.441010   11.373550   0.012820
1873.447044   11.379020   0.012700
1873.453044   11.375980   0.012820
1873.457630   11.390190   0.013110
1873.462090   11.376820   0.013280
1873.465548   11.377360   0.013400
1873.468261   11.369870   0.013400
1873.470892   11.377190   0.013860
1873.472722   11.379330   0.013510
1873.474437   11.365170   0.013400
1873.476606   11.377370   0.019230
1873.548852   11.390350   0.039760
1873.558313   11.397390   0.030500
1873.567696   11.373630   0.028660
1873.577180   11.383260   0.032970
1873.586745   11.405520   0.028240
1873.596227   11.365450   0.038070
1873.605773   11.374780   0.036810
1873.615321   11.393020   0.035980
1873.624816   11.403910   0.035050
1874.041923   11.389860   0.007680
1874.051714   11.390770   0.007620
1874.061193   11.386370   0.007560
1874.089638   11.378990   0.007740
1874.098984   11.386030   0.008030
1874.127103   11.390070   0.008260
1874.136654   11.390040   0.008310
1874.155173   11.394620   0.009300
1874.164605   11.390610   0.009760
1874.174153   11.384020   0.011260
1874.193053   11.374220   0.018650
1874.202515   11.374050   0.019280
1874.212179   11.390030   0.020380
1874.222051   11.391750   0.018250
1874.593715   11.364190   0.036500
1874.603390   11.367800   0.033080
1874.613039   11.416700   0.042620
1877.021623   11.371490   0.007790
1877.050632   11.383750   0.007620
1877.060512   11.379470   0.007910
1877.080037   11.378850   0.008200
1877.089835   11.376020   0.008140
1877.109324   11.386480   0.009350
1877.119234   11.392960   0.009240
1877.128562   11.384240   0.008780
1877.157081   11.384900   0.009300
1877.166514   11.380130   0.008950
1877.175811   11.378980   0.008720
1877.185180   11.373030   0.009350
1877.194638   11.380290   0.008950
1877.204359   11.375310   0.008890
1877.213829   11.375890   0.008660
1877.223290   11.374750   0.009010
1877.232928   11.382530   0.008950
1877.242583   11.373820   0.009470
1877.252102   11.383910   0.009530
1877.261424   11.380040   0.009410
1877.271317   11.388390   0.009010
1877.280810   11.377490   0.008600
1877.290913   11.388890   0.009240
1877.300784   11.388240   0.010100
1877.310552   11.379230   0.009070
1877.320329   11.386630   0.009930
1877.330019   11.384730   0.009180
1877.339609   11.386980   0.008720
1877.349339   11.382860   0.009410
1877.359563   11.380970   0.008780
1877.369289   11.367810   0.009470
1877.389199   11.369130   0.010160
1877.398748   11.380490   0.010910
1877.408188   11.393690   0.010510
1877.417610   11.378360   0.010280
1877.426444   11.379330   0.009820
1877.439426   11.392150   0.011090
1877.449101   11.384600   0.010340
1877.452622   11.376350   0.011320
1877.456119   11.373140   0.010510
1877.458826   11.380060   0.010390
1877.460660   11.376100   0.010570
1877.462441   11.372100   0.010570
1877.538164   11.379600   0.013340
1877.547759   11.387460   0.014090
1877.557433   11.379570   0.014610
1877.566991   11.379080   0.014610
1877.995071   11.376350   0.007620
1878.004964   11.371440   0.007560
1878.023915   11.363510   0.006580
1878.033403   11.371160   0.007620
1878.062202   11.374950   0.008140
1878.072038   11.369160   0.008310
1878.081838   11.373350   0.008490
1878.111056   11.376520   0.008550
1878.139452   11.380920   0.010620
1878.148981   11.361090   0.016740
1878.158293   11.373870   0.015010
1878.167692   11.380770   0.009580
1878.177309   11.394530   0.009470
1878.196273   11.381830   0.011430
1878.206054   11.382400   0.012640
1878.215833   11.388460   0.013510
1878.235117   11.382060   0.011610
1878.244657   11.384540   0.011780
1878.254352   11.376240   0.012470
1878.263984   11.383450   0.013630
1878.273770   11.384440   0.013800
1878.283405   11.386730   0.014490
1878.293079   11.373600   0.014090
1878.302887   11.392290   0.017440
1878.312828   11.376980   0.017900
1878.322431   11.378640   0.017550
1878.332111   11.390210   0.018480
1878.342126   11.375680   0.012870
1878.351898   11.370830   0.014660
1878.361666   11.382760   0.014260
1878.371492   11.383690   0.014670
1878.381052   11.373610   0.015650
1878.390611   11.393580   0.012020
1878.400035   11.376890   0.014660
1878.409523   11.380700   0.014030
1878.419250   11.376960   0.015300
1878.427139   11.377860   0.015940
1878.444205   11.371960   0.012730
1878.454721   11.365480   0.015360
1878.460943   11.374060   0.015130
1878.463071   11.390740   0.021880
1878.523903   11.362050   0.015820
1878.533380   11.385090   0.015990
1878.542754   11.388910   0.015470
1878.552323   11.389040   0.016690
1878.590773   11.375800   0.026390
1878.885725   11.363640   0.021610
1878.896259   11.376570   0.017610
1878.907039   11.398680   0.015590
1878.917827   11.376470   0.015530
1878.928636   11.396850   0.015760
1878.939490   11.403490   0.013340
1878.950209   11.417200   0.011430
1878.960985   11.412670   0.011030
1878.971663   11.416110   0.010620
1878.982256   11.397700   0.010850
1878.992862   11.394890   0.010510
1879.003349   11.396370   0.011260
1879.014056   11.396380   0.011320
1879.024781   11.385210   0.011490
1879.035403   11.391080   0.012700
1879.046338   11.370760   0.012640
1879.056998   11.372650   0.013160
1879.067120   11.369130   0.013340
1879.077625   11.369400   0.013400
1879.087804   11.372410   0.013740
1879.097718   11.379630   0.015010
1879.108265   11.397030   0.016110
1879.118677   11.395740   0.016800
1879.128946   11.372540   0.013720
1879.138951   11.386580   0.015880
1879.148948   11.370630   0.017840
1879.158753   11.369360   0.018130
1879.168681   11.371220   0.018250
1879.178653   11.375540   0.018820
1879.188532   11.390360   0.019400
1879.198658   11.378050   0.019340
1879.208980   11.365610   0.019170
1879.219105   11.391560   0.020040
1879.229198   11.381620   0.019860
1879.239692   11.377880   0.019800
1879.249885   11.388200   0.019520
1879.259988   11.393490   0.018940
1879.270136   11.374860   0.018530
1879.279998   11.378990   0.014990
1879.290256   11.387510   0.018530
1879.300321   11.384210   0.018480
1879.310604   11.380120   0.018650
1879.321132   11.379710   0.018590
1879.331398   11.394220   0.019050
1879.341711   11.366190   0.018820
1879.352168   11.389680   0.019170
1879.362239   11.371320   0.019050
1879.372581   11.393370   0.019630
1879.383093   11.375620   0.011200
1879.393142   11.377210   0.019980
1879.403333   11.391930   0.020840
1879.413718   11.399730   0.021420
1879.422210   11.387350   0.021590
1879.430290   11.415830   0.022350
1879.436891   11.384120   0.022580
1879.441492   11.376770   0.022630
1879.445571   11.386330   0.023160
1879.449457   11.378990   0.023330
1879.452342   11.389630   0.019160
1879.454194   11.404320   0.024020
1879.456055   11.397290   0.019660
1879.457932   11.375160   0.024080
1879.460282   11.386330   0.034340
1879.524043   11.397080   0.029680
1879.534146   11.409910   0.030780
1879.544253   11.409930   0.032160
1879.554321   11.415290   0.018200
1879.564508   11.401380   0.034820
1879.574677   11.385320   0.034540
1879.584814   11.378490   0.037660
1879.594935   11.402760   0.036270
1879.605121   11.386100   0.039620
1879.615186   11.323330   0.044170
1879.625350   11.364090   0.051390
1879.895153   11.387170   0.020790
1879.904711   11.401290   0.016170
1879.924232   11.391790   0.010280
1879.953255   11.383460   0.007620
1879.972299   11.382070   0.007330
1879.982133   11.374150   0.007620
1880.030167   11.386010   0.008780
1880.040004   11.376550   0.008490
1880.050020   11.369610   0.008600
1880.098524   11.378830   0.009410
1880.108072   11.377450   0.009820
1880.200091   11.386210   0.009990
1880.209735   11.384870   0.010620
1880.219431   11.390260   0.010170
1880.229324   11.377540   0.009530
1880.238989   11.383870   0.009580
1880.267686   11.379640   0.010160
1880.277275   11.385150   0.010390
1880.286928   11.398690   0.011490
1880.306613   11.377190   0.010220
1880.369120   11.387050   0.010100
1880.684731   11.351510   0.028880
1880.693935   11.360040   0.029750
1880.703424   11.369760   0.033320
1880.722745   11.401510   0.045860
1880.732752   11.394230   0.050870
1880.743114   11.382360   0.064920
1880.753480   11.360850   0.089840
1880.828480   11.364950   0.073330
1880.839020   11.426110   0.067160
1880.967707   11.393550   0.010390
1880.997175   11.374470   0.008660
1881.036583   11.368750   0.009180
1881.046307   11.371440   0.009590
1881.075352   11.376970   0.011030
1881.085120   11.380580   0.010180
1881.094964   11.386860   0.009990
1881.124474   11.380150   0.010910
1881.134326   11.376290   0.011430
1881.143810   11.378100   0.009180
1881.153419   11.370660   0.011500
1881.163015   11.364450   0.010510
1881.171357   11.385060   0.009410
1881.180981   11.379460   0.009700
1881.190627   11.381030   0.008660
1881.200550   11.380990   0.009180
1881.210473   11.383520   0.009760
1881.220305   11.384820   0.010390
1881.230199   11.378390   0.010220
1881.239668   11.381970   0.010680
1881.249328   11.384470   0.010570
1881.258917   11.386340   0.010450
1881.268352   11.382510   0.010740
1881.278189   11.383890   0.010800
1881.288137   11.380120   0.011030
1881.297680   11.382880   0.011030
1881.307337   11.392190   0.011320
1881.317394   11.395270   0.011660
1881.327336   11.393460   0.012180
1881.337373   11.381620   0.012010
1881.347129   11.377310   0.012240
1881.357110   11.388190   0.012470
1881.366722   11.387770   0.012700
1881.395996   11.386160   0.013400
1881.405772   11.378970   0.013680
1881.414838   11.383840   0.013630
1881.428287   11.391670   0.013970
1881.437835   11.380420   0.014260
1881.441542   11.381120   0.014660
1881.449541   11.378070   0.014840
1881.451276   11.379120   0.014900
1881.453055   11.394890   0.014840
1881.455245   11.378760   0.020900
1881.512259   11.390740   0.015820
1881.522032   11.373270   0.016860
1881.531584   11.374190   0.017380
1881.541053   11.399680   0.017210
1881.550943   11.374960   0.017610
1881.560601   11.392460   0.018300
1881.570473   11.383740   0.018250
1881.580253   11.379460   0.020610
1881.609472   11.384120   0.019800
1881.619114   11.364400   0.022460
1881.628942   11.367240   0.025870
1881.638590   11.384630   0.026620
1881.648351   11.456250   0.029790
1881.807277   11.365800   0.046540
1881.816745   11.312880   0.041230
1881.826319   11.359470   0.033560
1881.855252   11.390010   0.019520
1881.864967   11.385880   0.017670
1881.874874   11.402060   0.015880
1881.884546   11.385560   0.012990
1881.894462   11.395250   0.011780
1881.904494   11.407770   0.010860
1881.972149   11.394210   0.014380
1881.982098   11.385600   0.015190
1881.992169   11.387640   0.018600
1882.021627   11.380430   0.016170
1882.031644   11.382470   0.017960
1882.041324   11.379220   0.017730
1882.051198   11.382660   0.015830
1882.090096   11.354820   0.027550
1882.150540   11.360460   0.015420
1882.160119   11.384850   0.015880
1882.169652   11.378670   0.016400
1882.179008   11.386830   0.016170
1882.188466   11.404240   0.018200
1882.198063   11.372820   0.020710
1882.208031   11.350420   0.038070
1882.217722   11.342990   0.030770
1882.227231   11.363580   0.025760
1882.236839   11.374510   0.026850
1882.246327   11.409180   0.038080
1882.256107   11.392840   0.035050
1882.266006   11.401080   0.034490
1882.275585   11.398820   0.030550
1882.285301   11.368320   0.030490
1882.295361   11.390260   0.028600
1882.305067   11.386320   0.037990
1882.315073   11.361490   0.045450
1882.325032   11.400840   0.028060
1882.334886   11.389450   0.025290
1882.344919   11.402270   0.029680
1882.354771   11.413430   0.030030
1882.364587   11.389300   0.026500
1882.374737   11.381210   0.026330
1882.384757   11.346860   0.069000
1883.093660   11.381800   0.011610
1883.103366   11.360880   0.018490
1883.122237   11.410470   0.013700
1883.131900   11.381580   0.011720
1883.150882   11.370380   0.014140
1883.160374   11.377280   0.015020
1883.169871   11.379540   0.015830
1883.179271   11.375030   0.012640
1883.188880   11.389940   0.007300
1883.198404   11.370570   0.015370
1883.207904   11.387510   0.015070
1883.217549   11.377700   0.015880
1883.226897   11.381370   0.015940
1883.236210   11.383080   0.015940
1883.245790   11.383260   0.016050
1883.255334   11.379770   0.016460
1883.265175   11.393970   0.016920
1883.274780   11.386830   0.017090
1883.284849   11.379980   0.022520
1883.294394   11.371320   0.023880
1883.304305   11.396090   0.022410
1883.314080   11.369050   0.025900
1883.323720   11.371710   0.022670
1883.333437   11.389590   0.019000
1883.343435   11.390170   0.021550
1883.363493   11.388540   0.018710
1883.373027   11.374170   0.019920
1883.382657   11.385850   0.021070
1883.392439   11.394500   0.019580
1883.402040   11.382790   0.019810
1883.417485   11.376770   0.022110
1883.423677   11.385400   0.020670
1883.428949   11.386090   0.021830
1883.433300   11.388540   0.023960
1883.436812   11.395580   0.020210
1883.440325   11.394280   0.022410
1883.443180   11.388180   0.020610
1883.444926   11.384870   0.022350
1883.446707   11.387720   0.020050
1883.507335   11.390270   0.022350
1883.517022   11.390640   0.021880
1883.526655   11.368140   0.024770
1883.536232   11.382360   0.026630
1883.545818   11.369470   0.027200
1883.555341   11.380900   0.026330
1883.565051   11.377300   0.026760
1883.574608   11.381460   0.024540
1883.584302   11.357560   0.025780
1883.593915   11.377440   0.022520
1884.099534   11.388930   0.006530
1884.109140   11.388120   0.006530
1884.137551   11.396710   0.007220
1884.147279   11.388260   0.008030
1884.156774   11.387060   0.008430
1884.166197   11.394590   0.009430
1884.175960   11.388910   0.009880
1884.185414   11.385030   0.008730
1884.194977   11.381470   0.007450
1884.204574   11.384820   0.008080
1884.214174   11.392220   0.007450
1884.223839   11.391760   0.007850
1884.233272   11.388040   0.011160
1884.242628   11.389150   0.006930
1884.252195   11.385380   0.006810
1884.261682   11.392240   0.006930
1884.280876   11.389660   0.007390
1884.290846   11.385780   0.007970
1884.300573   11.372340   0.008550
1884.320206   11.390050   0.008200
1884.330156   11.381290   0.008310
1884.340081   11.383150   0.009640
1884.350052   11.382320   0.009410
1884.360119   11.381610   0.008140
1884.370060   11.381830   0.008310
1884.379738   11.387050   0.008950
1884.389528   11.381850   0.007280
1884.399065   11.385680   0.007620
1884.406881   11.375370   0.008370
1884.413865   11.380930   0.009820
1884.420368   11.369310   0.010520
1884.425635   11.389570   0.007850
1884.430150   11.385150   0.007280
1884.433678   11.375420   0.007970
1884.437202   11.383080   0.007970
1884.439908   11.373740   0.008310
1884.441669   11.371060   0.008080
1884.443407   11.375970   0.007910
1884.445186   11.376550   0.007680
1884.446926   11.377300   0.009770
1884.503638   11.377450   0.007220
1884.513187   11.392430   0.008330
1884.532900   11.398940   0.006810
1884.542819   11.389420   0.007800
1884.562458   11.401570   0.006410
1884.572213   11.405080   0.007460
1884.581820   11.395400   0.006580
1884.591479   11.394670   0.008080
1884.600983   11.402930   0.007390
1884.610820   11.404160   0.007100
1884.886961   11.375200   0.016510
1884.896459   11.378510   0.017520
1884.915643   11.375520   0.020330
1884.925584   11.400860   0.008700
1885.003341   11.387860   0.017610
1885.052183   11.390190   0.022920
1885.061957   11.409510   0.026460
1885.071678   11.382180   0.027780
1885.278794   11.388430   0.014430
1885.288696   11.365540   0.019170
1885.298475   11.388880   0.016120
1885.308250   11.374470   0.015530
1885.318087   11.391870   0.016230
1885.328301   11.384460   0.019410
1885.338173   11.384820   0.028290
1885.347960   11.401140   0.023790
1885.357853   11.383670   0.025930
1885.367578   11.390050   0.026980
1885.377344   11.400280   0.032270
1885.386938   11.372280   0.033060
1885.396599   11.403630   0.026620
1885.404395   11.395060   0.024020
1885.411445   11.388380   0.028000
1885.417511   11.408830   0.029220
1885.422892   11.417080   0.031340
1885.427461   11.416060   0.028370
1885.430989   11.397070   0.022760
1885.434637   11.382480   0.026290
1885.437356   11.377640   0.026740
1885.439093   11.383400   0.026100
1885.440855   11.377140   0.025540
1885.442624   11.407530   0.024720
1885.444416   11.406360   0.025460
1885.502228   11.386890   0.027020
1885.511985   11.385960   0.035690
1885.521821   11.378970   0.027830
1885.531512   11.385960   0.027050
1885.541243   11.371490   0.028810
1885.551133   11.396070   0.024480
1885.560860   11.368030   0.023740
1885.570601   11.369910   0.023210
1885.580236   11.371320   0.029560
1885.590133   11.381810   0.019400
1886.072366   11.379450   0.006410
1886.082057   11.385750   0.006870
1886.110701   11.372650   0.007160
1886.120214   11.375500   0.007280
1886.157943   11.382860   0.008080
1886.167550   11.378090   0.008840
1886.177101   11.386150   0.008950
1886.186997   11.390510   0.009240
1886.196609   11.385730   0.009700
1886.215757   11.378130   0.011140
1886.225422   11.362790   0.014380
1886.254426   11.384700   0.010680
1886.263771   11.378640   0.009010
1886.273578   11.375580   0.014090
1886.283270   11.374460   0.008720
1886.293134   11.373380   0.009070
1886.303115   11.377580   0.010220
1886.312914   11.372000   0.009300
1886.322818   11.373990   0.009590
1886.332859   11.375000   0.009640
1886.342543   11.379530   0.009300
1886.352534   11.377030   0.009470
1886.362281   11.373250   0.010050
1886.372003   11.374200   0.010510
1886.381496   11.373770   0.010740
1886.408171   11.376450   0.011890
1886.414363   11.379820   0.014140
1886.419581   11.378570   0.014440
1886.427459   11.383250   0.013110
1886.431086   11.383090   0.012990
1886.433748   11.376370   0.014790
1886.439058   11.385670   0.014090
1886.441348   11.382610   0.027530
