1863.169882   12.509290   0.021660
1863.179028   12.500950   0.023500
1863.188111   12.500460   0.026790
1863.197263   12.489360   0.024770
1863.206453   12.499660   0.024190
1863.215516   12.513140   0.028980
1863.224486   12.513710   0.027370
1863.233708   12.485820   0.028760
1863.243026   12.469690   0.028700
1863.252052   12.462300   0.026980
1863.260978   12.478570   0.025170
1863.270074   12.485250   0.029280
1863.279229   12.508010   0.025640
1863.288341   12.498970   0.024660
1863.297662   12.504160   0.023210
1863.306748   12.500830   0.025980
1863.315898   12.496290   0.026210
1863.325261   12.498090   0.025980
1863.334632   12.527690   0.026850
1863.344416   12.499310   0.026330
1863.353962   12.497010   0.025580
1863.363511   12.505900   0.023150
1863.372640   12.498950   0.021540
1863.381795   12.505850   0.021880
1863.391577   12.495160   0.022980
1863.400670   12.497940   0.024250
1863.410157   12.494150   0.024190
1863.419415   12.492740   0.025230
1863.428728   12.491520   0.026730
1863.438171   12.507440   0.027720
1863.447725   12.491510   0.028350
1863.457038   12.491980   0.032680
1863.464667   12.515590   0.038990
1863.471563   12.514970   0.041980
1863.477686   12.505400   0.038540
1863.482900   12.516220   0.038290
1863.487037   12.502970   0.039950
1863.490505   12.496100   0.040600
1863.494064   12.495720   0.038420
1863.496621   12.495340   0.040810
1863.498272   12.518400   0.039960
1863.500087   12.508500   0.042630
1863.501889   12.508250   0.042050
1863.503937   12.508100   0.061360
1864.122118   12.495760   0.017780
1864.131216   12.500850   0.023220
1864.140349   12.497200   0.020610
1864.149328   12.515520   0.020560
1864.158727   12.492150   0.019520
1864.168077   12.506870   0.025010
1864.177441   12.507110   0.023040
1864.186471   12.489250   0.018770
1864.195786   12.487980   0.023270
1864.204761   12.487350   0.021250
1864.213956   12.493520   0.020040
1864.223275   12.495790   0.019460
1864.232312   12.490510   0.023100
1864.241734   12.480710   0.023100
1864.250994   12.493520   0.020210
1864.260292   12.491470   0.023900
1864.269452   12.487030   0.020730
1864.278712   12.487540   0.024140
1864.288040   12.507900   0.024550
1864.297228   12.487150   0.023210
1864.306786   12.479550   0.023790
1864.315982   12.496130   0.024650
1864.325240   12.499040   0.023960
1864.334830   12.511160   0.023560
1864.344223   12.476380   0.030900
1864.353629   12.505120   0.030370
1864.362884   12.536280   0.033840
1864.372284   12.508350   0.038970
1864.381718   12.499830   0.034780
1864.391386   12.512000   0.030140
1864.401175   12.500090   0.035920
1864.410777   12.500620   0.032620
1864.420158   12.503680   0.032910
1864.429378   12.513880   0.035920
1864.438639   12.515010   0.040420
1864.448098   12.506550   0.044750
1864.457409   12.457730   0.052390
1864.465120   12.519980   0.046370
1864.472313   12.504940   0.054670
1864.477494   12.497450   0.064120
1864.482643   12.455490   0.077190
1864.486002   12.561550   0.110580
1864.489646   12.481250   0.096860
1864.492216   12.490500   0.076100
1864.494776   12.505600   0.079510
1864.496480   12.504100   0.080670
1864.498365   12.534470   0.080090
1864.500091   12.437660   0.080760
1864.501760   12.499660   0.077370
1865.081649   12.487210   0.026280
1865.090914   12.469710   0.027310
1865.103000   12.491620   0.026330
1865.112265   12.503480   0.025110
1865.121493   12.472240   0.031240
1865.180915   12.481270   0.017610
1865.189934   12.484640   0.014380
1865.199137   12.485660   0.017960
1865.208040   12.513280   0.014550
1865.217207   12.480580   0.021780
1865.226382   12.501550   0.020500
1865.235932   12.503740   0.022760
1865.245886   12.480760   0.023100
1865.255783   12.500600   0.022180
1865.265750   12.493350   0.029690
1865.275774   12.522950   0.025930
1865.285892   12.531550   0.022350
1865.295973   12.530440   0.025120
1865.306185   12.551790   0.024020
1865.316145   12.525540   0.023270
1865.326150   12.523600   0.026620
1865.336276   12.505720   0.030500
1865.346577   12.519640   0.028240
1865.356675   12.534960   0.027090
1865.366659   12.510590   0.029170
1865.376904   12.501730   0.029100
1865.387088   12.495470   0.029500
1865.397153   12.477740   0.030580
1865.407149   12.472190   0.028700
1865.417333   12.457150   0.028310
1865.427630   12.499700   0.029860
1865.437669   12.471080   0.030610
1865.448171   12.495150   0.038440
1865.457324   12.444020   0.040210
1865.465615   12.492490   0.045750
1865.471988   12.493020   0.054270
1865.477591   12.508430   0.067200
1865.482335   12.470360   0.057800
1865.486159   12.546070   0.063090
1865.489785   12.441760   0.054340
1865.492667   12.455230   0.053880
1865.494427   12.494540   0.050020
1865.496283   12.446460   0.048850
1865.498551   12.463920   0.082100
1866.165339   12.498600   0.015990
1866.174723   12.496010   0.016110
1866.184057   12.493960   0.016280
1866.193410   12.491070   0.016630
1866.202706   12.497020   0.017260
1866.212035   12.496690   0.017610
1866.221409   12.488850   0.017780
1866.230791   12.491360   0.017490
1866.240551   12.490930   0.017440
1866.250004   12.499430   0.017550
1866.259354   12.481200   0.017730
1867.193045   12.495280   0.012120
1867.202355   12.490870   0.012470
1867.211516   12.491950   0.012590
1867.220585   12.493700   0.013220
1867.230131   12.497380   0.013510
1867.239707   12.491650   0.013340
1867.249230   12.501250   0.013220
1867.258785   12.492510   0.013400
1867.268385   12.492380   0.013510
1867.277702   12.496550   0.013970
1867.287153   12.493710   0.013920
1867.296854   12.504300   0.014430
1867.306121   12.507550   0.014550
1867.315500   12.486060   0.014550
1867.325094   12.507620   0.015070
1867.334502   12.500280   0.015300
1867.344482   12.496610   0.015940
1867.354030   12.493580   0.015820
1867.363492   12.506230   0.018310
1867.372735   12.497760   0.016860
1867.382212   12.486820   0.016980
1867.391671   12.499480   0.018130
1867.401392   12.508100   0.017960
1867.410805   12.485670   0.017440
1867.420288   12.503600   0.021080
1867.429722   12.493810   0.023270
1867.439192   12.499670   0.020960
1867.448574   12.502750   0.023210
1867.456168   12.496960   0.020610
1867.463320   12.492240   0.021130
1867.469421   12.493120   0.021590
1867.473939   12.490740   0.017780
1867.478291   12.504040   0.016690
1867.481655   12.503670   0.016740
1867.484335   12.520950   0.018250
1867.486951   12.509480   0.017840
1867.488639   12.496180   0.018190
1867.490315   12.509810   0.018650
1867.492002   12.513020   0.018420
1867.493724   12.503960   0.018020
1868.197661   12.484290   0.021250
1868.207123   12.507130   0.021480
1868.216495   12.523790   0.027610
1868.225986   12.476900   0.025410
1868.235811   12.476860   0.029610
1868.245580   12.480480   0.027340
1868.255259   12.513070   0.027890
1868.264815   12.488920   0.029220
1868.274279   12.505690   0.031990
1868.283929   12.502710   0.028990
1868.293537   12.476920   0.040590
1868.303104   12.487640   0.047460
1868.312574   12.503000   0.046330
1868.322548   12.508690   0.033500
1868.332083   12.511990   0.031870
1868.341800   12.502650   0.033080
1868.351466   12.527620   0.039960
1868.360837   12.480110   0.041320
1868.370659   12.489820   0.039610
1868.380417   12.508280   0.039200
1868.390367   12.514400   0.037420
1868.399668   12.488530   0.036840
1868.409622   12.473390   0.040080
1868.419023   12.492680   0.038160
1868.428372   12.492240   0.039110
1868.437691   12.484330   0.041340
1868.446987   12.481790   0.039200
1868.454949   12.509750   0.042560
1868.461066   12.519420   0.041890
1868.467151   12.502310   0.042850
1868.471440   12.498800   0.046720
1868.475710   12.511580   0.048270
1868.479187   12.463030   0.050120
1868.481793   12.478090   0.049500
1868.484421   12.506110   0.047060
1868.486154   12.524420   0.046190
1868.487874   12.522310   0.048200
1868.489584   12.493010   0.049870
1868.491280   12.491780   0.052000
1868.552972   12.521950   0.081740
1868.562396   12.521500   0.075160
1868.581607   12.554490   0.122770
1868.591155   12.531870   0.119020
1868.600621   12.425120   0.078400
1869.239644   12.507850   0.060700
1869.249027   12.532880   0.065800
1869.258676   12.486980   0.064820
1869.268460   12.444230   0.077730
1869.278238   12.533440   0.088050
1869.287800   12.521940   0.093710
1869.297392   12.420440   0.093310
1869.307040   12.458470   0.102890
1869.326664   12.530180   0.105110
1869.336135   12.543330   0.077500
1870.219778   12.499400   0.014720
1870.229270   12.492330   0.014900
1870.238762   12.489830   0.016170
1870.248135   12.508590   0.015710
1870.257691   12.492840   0.017380
1870.267266   12.500050   0.016800
1870.276950   12.504950   0.017090
1870.286498   12.491640   0.017490
1870.295849   12.480360   0.016280
1870.305565   12.500140   0.017320
1870.315197   12.481440   0.019000
1870.325274   12.492290   0.019570
1870.335174   12.479470   0.018420
1870.344892   12.482110   0.019520
1870.354573   12.486140   0.022290
1870.364104   12.491940   0.029560
1870.373603   12.498590   0.027600
1870.383600   12.495930   0.032060
1870.393243   12.486300   0.040310
1870.402820   12.472200   0.055830
1870.412418   12.496410   0.050850
1870.421719   12.499000   0.049880
1870.431056   12.522950   0.049730
1870.440608   12.486830   0.041790
1870.448993   12.485650   0.037830
1870.456179   12.506010   0.036780
1870.461756   12.506220   0.044870
1870.466593   12.543750   0.052870
1870.470290   12.502590   0.046480
1870.474034   12.509400   0.051890
1870.476825   12.477950   0.061000
1870.478569   12.536690   0.056640
1870.480341   12.527910   0.051870
1870.482097   12.547710   0.051810
1870.483838   12.535170   0.060850
1870.485602   12.513390   0.054880
1871.136689   12.504120   0.017150
1871.146179   12.491350   0.016220
1871.155384   12.486160   0.016280
1871.164955   12.495080   0.017840
1871.174269   12.488460   0.017380
1871.183469   12.490420   0.018360
1871.192872   12.502020   0.017550
1871.202392   12.487260   0.018710
1871.211865   12.477250   0.021830
1871.221273   12.499790   0.021590
1871.230922   12.506730   0.019110
1871.240394   12.482030   0.018420
1871.250018   12.486220   0.020320
1871.259511   12.501820   0.019340
1871.269122   12.500590   0.019110
1871.278903   12.509000   0.019050
1871.288648   12.498720   0.020210
1871.298226   12.494230   0.019580
1871.307789   12.501620   0.020840
1871.317562   12.499860   0.021480
1871.327342   12.483100   0.022060
1871.337079   12.500220   0.024320
1871.346725   12.508770   0.025240
1871.356495   12.504550   0.024490
1871.366277   12.486710   0.026100
1871.375944   12.501180   0.026960
1871.385808   12.495090   0.029160
1871.395399   12.497180   0.030950
1871.404882   12.496120   0.035800
1871.414342   12.503050   0.033960
1871.423744   12.489410   0.032970
1871.433495   12.495160   0.033490
1871.442405   12.488040   0.031240
1871.449670   12.516940   0.032160
1871.455742   12.497060   0.033370
1871.461191   12.514000   0.035810
1871.465968   12.502840   0.033660
1871.469461   12.507630   0.034940
1871.472994   12.471270   0.033200
1871.476070   12.507750   0.032560
1871.477819   12.513510   0.032330
1871.479709   12.513290   0.032340
1871.481438   12.482890   0.032160
1871.550420   12.467060   0.035100
1871.559908   12.467910   0.036730
1871.569340   12.474450   0.039560
1871.578835   12.515100   0.040890
1871.588334   12.508630   0.044130
1871.597765   12.456380   0.055810
1871.607264   12.451660   0.062570
1871.616819   12.586990   0.075010
1871.626324   12.497140   0.092040
1872.324463   12.501520   0.019470
1872.334315   12.513580   0.019810
1872.344041   12.488290   0.019630
1872.353623   12.498510   0.019690
1872.363427   12.483870   0.018940
1872.373279   12.486180   0.019000
1872.383099   12.505350   0.019630
1872.392766   12.491550   0.019230
1872.402203   12.496530   0.019800
1872.412032   12.504890   0.020670
1872.421585   12.507110   0.021250
1872.431130   12.499800   0.022400
1872.439874   12.493510   0.022580
1872.447517   12.493610   0.022630
1872.454162   12.515860   0.023500
1872.459603   12.486980   0.024600
1872.463903   12.512820   0.025640
1872.467716   12.495670   0.024650
1872.470496   12.507410   0.025000
1872.473152   12.498720   0.025290
1872.474857   12.519240   0.025810
1872.476617   12.505880   0.025400
1872.478370   12.508740   0.025810
1872.480228   12.491470   0.025640
1872.541663   12.489560   0.031760
1872.550845   12.521300   0.033310
1872.560270   12.467680   0.033550
1872.569828   12.478370   0.034990
1872.579400   12.513090   0.037410
1872.588943   12.505410   0.042790
1872.598488   12.525210   0.048370
1872.608116   12.548110   0.054990
1872.617527   12.505800   0.060070
1872.627101   12.525720   0.080780
1872.636625   12.526940   0.103130
1872.646041   12.562120   0.127840
1873.229437   12.487940   0.021480
1873.238826   12.489230   0.022290
1873.248403   12.500790   0.022110
1873.258009   12.493240   0.022170
1873.267456   12.489400   0.022750
1873.276959   12.514680   0.022920
1873.286788   12.503120   0.023150
1873.296275   12.509620   0.024490
1873.305896   12.485370   0.025580
1873.315548   12.512560   0.026970
1873.325684   12.522250   0.026860
1873.335346   12.513150   0.029570
1873.344943   12.517350   0.030230
1873.354842   12.480620   0.028520
1873.364691   12.495380   0.031470
1873.374458   12.498760   0.029330
1873.383960   12.497670   0.027090
1873.393856   12.497370   0.028820
1873.403606   12.521190   0.029820
1873.413210   12.476130   0.033730
1873.422938   12.492490   0.032050
1873.432622   12.526890   0.028930
1873.441010   12.492990   0.027540
1873.447044   12.504850   0.027140
1873.453044   12.506140   0.027250
1873.457630   12.491340   0.027840
1873.462090   12.505100   0.028520
1873.465548   12.500080   0.028230
1873.468261   12.489480   0.028880
1873.470892   12.490360   0.029790
1873.472722   12.502570   0.029160
1873.474437   12.492770   0.028640
1873.476606   12.483630   0.040750
1873.539458   12.461750   0.107410
1873.548852   12.568350   0.093280
1873.558313   12.466390   0.071660
1873.567696   12.534000   0.068440
1873.577180   12.516330   0.080860
1873.586745   12.479370   0.061340
1873.596227   12.526700   0.086990
1873.605773   12.491080   0.089320
1873.615321   12.536480   0.084530
1873.624816   12.530160   0.082210
1874.032527   12.494930   0.014840
1874.041923   12.496730   0.015650
1874.051714   12.502890   0.015650
1874.061193   12.488410   0.015130
1874.070741   12.503840   0.016050
1874.080230   12.500680   0.016110
1874.089638   12.496790   0.015760
1874.098984   12.508050   0.016340
1874.108441   12.496110   0.016110
1874.117749   12.499800   0.016740
1874.127103   12.506200   0.016970
1874.136654   12.494220   0.017030
1874.145982   12.492010   0.017670
1874.155173   12.495780   0.018820
1874.164605   12.500680   0.020380
1874.174153   12.503020   0.023790
1874.183645   12.483580   0.030320
1874.193053   12.454200   0.042390
1874.202515   12.513780   0.041110
1874.212179   12.507610   0.043630
1874.222051   12.508580   0.038580
1874.593715   12.448400   0.073870
1874.603390   12.497540   0.068650
1874.613039   12.447850   0.087790
1876.992585   12.501570   0.015940
1877.002277   12.490910   0.015760
1877.012009   12.489950   0.016750
1877.021623   12.490120   0.016280
1877.031340   12.503440   0.017790
1877.041094   12.496880   0.017380
1877.050632   12.491820   0.015300
1877.060512   12.489880   0.016000
1877.070280   12.505350   0.016750
1877.080037   12.486870   0.016810
1877.089835   12.500230   0.016510
1877.099542   12.502330   0.017390
1877.109324   12.487350   0.019860
1877.119234   12.497300   0.019590
1877.128562   12.510670   0.018900
1877.137988   12.475620   0.018140
1877.147449   12.464430   0.022120
1877.157081   12.484210   0.020040
1877.166514   12.517980   0.019470
1877.175811   12.493790   0.018420
1877.185180   12.463040   0.020450
1877.194638   12.508290   0.018660
1877.204359   12.482790   0.019050
1877.213829   12.478860   0.017840
1877.223290   12.496500   0.019000
1877.232928   12.488770   0.018590
1877.242583   12.485470   0.020800
1877.252102   12.507960   0.020610
1877.261424   12.502200   0.020560
1877.271317   12.501130   0.018770
1877.280810   12.507810   0.017840
1877.290913   12.519600   0.019460
1877.300784   12.498890   0.023390
1877.310552   12.494740   0.019460
1877.320329   12.467180   0.023150
1877.330019   12.490400   0.019410
1877.339609   12.512450   0.018130
1877.349339   12.511830   0.019920
1877.359563   12.493610   0.017960
1877.369289   12.484720   0.020380
1877.379166   12.495970   0.019750
1877.389199   12.488470   0.022460
1877.398748   12.520360   0.024370
1877.408188   12.509800   0.023520
1877.417610   12.497890   0.022060
1877.426444   12.501250   0.020210
1877.433416   12.493390   0.021770
1877.439426   12.497760   0.023800
1877.444578   12.495230   0.024370
1877.449101   12.497320   0.021480
1877.452622   12.489680   0.024500
1877.456119   12.489570   0.021890
1877.458826   12.500820   0.021650
1877.460660   12.494850   0.022060
1877.462441   12.490940   0.022110
1877.464144   12.501010   0.022400
1877.465872   12.503800   0.022980
1877.528546   12.489740   0.027430
1877.538164   12.498230   0.028180
1877.547759   12.500390   0.029960
1877.557433   12.479860   0.030670
1877.566991   12.510080   0.031750
1877.956588   12.496370   0.026570
1877.966360   12.500590   0.022230
1877.975795   12.503920   0.017840
1877.985575   12.508440   0.016170
1877.995071   12.490910   0.015130
1878.004964   12.500390   0.015070
1878.014335   12.508020   0.016170
1878.023915   12.500740   0.013220
1878.033403   12.503570   0.015010
1878.042881   12.507000   0.014840
1878.052477   12.507580   0.016800
1878.062202   12.516420   0.016400
1878.072038   12.497500   0.016690
1878.081838   12.500660   0.017090
1878.091595   12.505610   0.016220
1878.101204   12.484860   0.016400
1878.111056   12.493200   0.017030
1878.120475   12.494510   0.017210
1878.129972   12.496120   0.018820
1878.139452   12.511240   0.021540
1878.148981   12.496840   0.034410
1878.158293   12.476420   0.031250
1878.167692   12.491820   0.019050
1878.177309   12.508190   0.018710
1878.186872   12.492560   0.023270
1878.196273   12.505480   0.023210
1878.206054   12.504750   0.026040
1878.215833   12.501420   0.027310
1878.225557   12.474270   0.028470
1878.235117   12.512940   0.023730
1878.244657   12.505870   0.024310
1878.254352   12.504830   0.025990
1878.263984   12.519510   0.028600
1878.273770   12.501860   0.028580
1878.283405   12.490280   0.030150
1878.293079   12.517530   0.029970
1878.302887   12.496800   0.036850
1878.312828   12.522650   0.037350
1878.322431   12.536920   0.038290
1878.332111   12.493130   0.039580
1878.342126   12.525360   0.027510
1878.351898   12.516880   0.031180
1878.361666   12.513640   0.029970
1878.371492   12.509770   0.031890
1878.381052   12.509270   0.033830
1878.390611   12.498670   0.025100
1878.400035   12.507520   0.031250
1878.409523   12.504330   0.029730
1878.419250   12.524740   0.032740
1878.427139   12.496640   0.035630
1878.434256   12.493420   0.028890
1878.439734   12.483050   0.036510
1878.444205   12.516110   0.027160
1878.448555   12.476390   0.027650
1878.452064   12.467040   0.034650
1878.454721   12.477420   0.032390
1878.457364   12.467770   0.033370
1878.459093   12.473930   0.034380
1878.460943   12.502120   0.033030
1878.463071   12.496950   0.046790
1878.523903   12.496110   0.034960
1878.533380   12.511830   0.034830
1878.542754   12.530030   0.033950
1878.552323   12.488250   0.037650
1878.561961   12.492540   0.041460
1878.571685   12.489540   0.059130
1878.581234   12.472320   0.053180
1878.590773   12.521330   0.060740
1878.600390   12.492970   0.078380
1878.885725   12.537080   0.045380
1878.896259   12.513640   0.037640
1878.907039   12.537500   0.035170
1878.917827   12.485380   0.033840
1878.928636   12.505340   0.034300
1878.939490   12.484680   0.029160
1878.950209   12.495010   0.024360
1878.960985   12.506350   0.023560
1878.971663   12.493120   0.021890
1878.982256   12.497940   0.022290
1878.992862   12.495420   0.021540
1879.003349   12.488730   0.022980
1879.014056   12.488350   0.023220
1879.024781   12.492260   0.023380
1879.035403   12.487120   0.025870
1879.046338   12.491500   0.026100
1879.056998   12.505770   0.027480
1879.067120   12.501980   0.027830
1879.077625   12.488910   0.027480
1879.087804   12.500690   0.028290
1879.097718   12.492950   0.030830
1879.108265   12.517920   0.033140
1879.118677   12.507150   0.034590
1879.128946   12.492580   0.028780
1879.138951   12.493950   0.032800
1879.148948   12.479960   0.037530
1879.158753   12.482530   0.038400
1879.168681   12.473580   0.037710
1879.178653   12.490340   0.038750
1879.188532   12.532080   0.041450
1879.198658   12.488870   0.042110
1879.208980   12.491260   0.041460
1879.219105   12.526460   0.042670
1879.229198   12.486220   0.043050
1879.239692   12.483240   0.043560
1879.249885   12.476390   0.041110
1879.259988   12.504960   0.039030
1879.270136   12.474840   0.039490
1879.279998   12.517940   0.031960
1879.290256   12.486010   0.037940
1879.300321   12.520750   0.039500
1879.310604   12.501360   0.038460
1879.321132   12.505770   0.038860
1879.331398   12.505530   0.038910
1879.341711   12.481470   0.039550
1879.352168   12.461340   0.041870
1879.362239   12.501800   0.041540
1879.372581   12.514850   0.040480
1879.383093   12.498680   0.023000
1879.393142   12.506550   0.041170
1879.403333   12.485240   0.044230
1879.413718   12.502500   0.043070
1879.422210   12.503340   0.045230
1879.430290   12.485360   0.046940
1879.436891   12.510510   0.049850
1879.441492   12.522060   0.048340
1879.445571   12.534180   0.049610
1879.449457   12.500470   0.048620
1879.452342   12.492690   0.041880
1879.454194   12.496530   0.049420
1879.456055   12.513970   0.040470
1879.457932   12.516150   0.052980
1879.460282   12.491540   0.073660
1879.524043   12.469090   0.064420
1879.534146   12.502310   0.067150
1879.544253   12.510700   0.074600
1879.554321   12.487390   0.037600
1879.564508   12.513690   0.073070
1879.574677   12.431710   0.076930
1879.584814   12.456720   0.078900
1879.594935   12.451400   0.076330
1879.605121   12.484650   0.092640
1879.615186   12.503930   0.089650
1879.625350   12.530360   0.106980
1879.885631   12.630820   0.049710
1879.895153   12.551590   0.041280
1879.904711   12.560640   0.034130
1879.914664   12.529040   0.027990
1879.924232   12.531240   0.023090
1879.933937   12.522310   0.019920
1879.943742   12.510430   0.017380
1879.953255   12.519040   0.016220
1879.962965   12.519570   0.015240
1879.972299   12.532990   0.015130
1879.982133   12.517220   0.015710
1879.991480   12.509090   0.016510
1880.001350   12.485260   0.016980
1880.010995   12.474250   0.018890
1880.020489   12.484510   0.018660
1880.030167   12.484660   0.019130
1880.040004   12.497930   0.018020
1880.050020   12.499180   0.018650
1880.059700   12.500890   0.018940
1880.069635   12.488580   0.019350
1880.079469   12.487800   0.020620
1880.089000   12.478550   0.019580
1880.098524   12.512730   0.020150
1880.108072   12.506910   0.022410
1880.117530   12.479540   0.019280
1880.127140   12.482030   0.020620
1880.200091   12.488360   0.022520
1880.209735   12.487990   0.024540
1880.219431   12.479670   0.022580
1880.229324   12.484250   0.020390
1880.238989   12.493460   0.020440
1880.248836   12.481800   0.020850
1880.258298   12.490460   0.021770
1880.267686   12.490960   0.022060
1880.277275   12.497930   0.022350
1880.286928   12.481490   0.026110
1880.306613   12.502710   0.022410
1880.369120   12.470940   0.020790
1880.684731   12.464440   0.068380
1880.693935   12.487510   0.070100
1880.703424   12.450860   0.074780
1880.712965   12.559380   0.087370
1880.722745   12.441640   0.099230
1880.732752   12.575650   0.113440
1880.967707   12.503960   0.023390
1880.977730   12.480010   0.024140
1880.987626   12.504830   0.019920
1880.997175   12.498680   0.018530
1881.007352   12.508470   0.019280
1881.017262   12.496690   0.020000
1881.027023   12.507460   0.021190
1881.036583   12.506000   0.019920
1881.046307   12.505860   0.021360
1881.055914   12.494280   0.024310
1881.065565   12.520800   0.023390
1881.075352   12.486060   0.024650
1881.085120   12.511620   0.022460
1881.094964   12.469680   0.021940
1881.104801   12.487690   0.018960
1881.114937   12.480400   0.027090
1881.124474   12.530030   0.023110
1881.134326   12.501140   0.025230
1881.143810   12.513920   0.019400
1881.153419   12.480000   0.026220
1881.163015   12.496200   0.022060
1881.171357   12.492610   0.019520
1881.180981   12.502540   0.020560
1881.190627   12.498200   0.017670
1881.200550   12.508830   0.019050
1881.210473   12.499330   0.020150
1881.220305   12.508420   0.021590
1881.230199   12.509660   0.021480
1881.239668   12.502330   0.022000
1881.249328   12.503980   0.022000
1881.258917   12.492520   0.021480
1881.268352   12.499690   0.022400
1881.278189   12.496870   0.022230
1881.288137   12.508010   0.022920
1881.297680   12.513910   0.023210
1881.307337   12.506340   0.023500
1881.317394   12.494000   0.024190
1881.327336   12.489090   0.025350
1881.337373   12.497370   0.025290
1881.347129   12.501010   0.025580
1881.357110   12.513430   0.026450
1881.366722   12.506830   0.026730
1881.376276   12.477470   0.027020
1881.386104   12.496400   0.028940
1881.395996   12.500050   0.028350
1881.405772   12.522380   0.029450
1881.414838   12.508700   0.029270
1881.422098   12.494660   0.030200
1881.428287   12.498620   0.029680
1881.433496   12.502620   0.030600
1881.437835   12.498530   0.030540
1881.441542   12.486400   0.032290
1881.445078   12.487370   0.032100
1881.447777   12.514650   0.031410
1881.449541   12.525230   0.032400
1881.451276   12.532000   0.032100
1881.453055   12.522370   0.031990
1881.455245   12.510810   0.045460
1881.512259   12.505760   0.032970
1881.522032   12.513760   0.035400
1881.531584   12.519020   0.037280
1881.541053   12.503640   0.036320
1881.550943   12.494710   0.036030
1881.560601   12.501800   0.038530
1881.570473   12.503390   0.037180
1881.580253   12.497650   0.044140
1881.589860   12.476950   0.040770
1881.599577   12.470780   0.044880
1881.609472   12.478870   0.041050
1881.619114   12.496950   0.049100
1881.628942   12.482360   0.053550
1881.638590   12.469410   0.058870
1881.648351   12.546340   0.064480
1881.778175   12.601100   0.068400
1881.787777   12.509400   0.113730
1881.797497   12.380120   0.108780
1881.807277   12.483610   0.098850
1881.816745   12.524460   0.090730
1881.826319   12.542720   0.069990
1881.835921   12.522460   0.054050
1881.845731   12.511690   0.046770
1881.855252   12.469110   0.042030
1881.864967   12.480760   0.039590
1881.874874   12.465600   0.034300
1881.884546   12.490450   0.029040
1881.894462   12.519400   0.026040
1881.904494   12.510410   0.023280
1881.914271   12.496030   0.022060
1881.923884   12.499760   0.022400
1881.933466   12.518230   0.021300
1881.943231   12.489530   0.022000
1881.952875   12.496630   0.028700
1881.962633   12.519860   0.030610
1881.972149   12.514530   0.032220
1881.982098   12.497130   0.033850
1881.992169   12.527970   0.041790
1882.001889   12.492160   0.049550
1882.011594   12.493000   0.051040
1882.021627   12.506400   0.035330
1882.031644   12.503520   0.039790
1882.041324   12.507030   0.039290
1882.051198   12.516410   0.035120
1882.060871   12.511550   0.037780
1882.070527   12.496100   0.074050
1882.080330   12.483750   0.029280
1882.090096   12.505140   0.066060
1882.099569   12.455370   0.095940
1882.109365   12.527940   0.050760
1882.121972   12.476580   0.041750
1882.131558   12.503850   0.033410
1882.141120   12.446930   0.053400
1882.150540   12.503570   0.033780
1882.160119   12.481220   0.035350
1882.169652   12.524410   0.038570
1882.179008   12.503190   0.036980
1882.188466   12.522620   0.040250
1882.198063   12.529530   0.047210
1882.208031   12.574990   0.093680
1882.217722   12.507640   0.072810
1882.227231   12.548190   0.060600
1882.236839   12.504030   0.062970
1882.246327   12.446890   0.083320
1882.256107   12.478900   0.082180
1882.266006   12.482230   0.078050
1882.275585   12.493610   0.068190
1882.285301   12.477290   0.074720
1882.295361   12.512500   0.065710
1882.305067   12.484810   0.088590
1882.315073   12.520530   0.100630
1882.325032   12.518540   0.064300
1882.334886   12.525100   0.057640
1882.344919   12.449100   0.069010
1882.354771   12.392690   0.073330
1882.364587   12.433010   0.057360
1882.374737   12.533760   0.065560
1882.394964   12.421230   0.118010
1883.093660   12.513760   0.027970
1883.103366   12.503440   0.045670
1883.112818   12.508280   0.030430
1883.122237   12.504690   0.033720
1883.131900   12.508350   0.029330
1883.141295   12.515980   0.031490
1883.150882   12.505560   0.032560
1883.160374   12.473330   0.035390
1883.169871   12.494580   0.037590
1883.179271   12.512740   0.028870
1883.188727   12.508330   0.030000
1883.198404   12.503460   0.036260
1883.207904   12.501660   0.034530
1883.217549   12.502110   0.037310
1883.226897   12.470320   0.037890
1883.236210   12.530450   0.037870
1883.245790   12.501360   0.036780
1883.255334   12.472920   0.038860
1883.265175   12.506760   0.038940
1883.274780   12.464980   0.040310
1883.284849   12.547840   0.056380
1883.294394   12.568220   0.060740
1883.304305   12.526210   0.052540
1883.314080   12.577510   0.067880
1883.323720   12.519950   0.055020
1883.333437   12.513380   0.043220
1883.343435   12.500830   0.048280
1883.353548   12.501200   0.053650
1883.363493   12.517730   0.043290
1883.373027   12.513180   0.044710
1883.382657   12.456940   0.048990
1883.392439   12.493820   0.045490
1883.402040   12.476900   0.044670
1883.410061   12.524360   0.054000
1883.417485   12.505570   0.049340
1883.423677   12.533150   0.048250
1883.428949   12.482910   0.051300
1883.433300   12.521600   0.056990
1883.436812   12.518240   0.047470
1883.440325   12.477220   0.052950
1883.443180   12.527630   0.049720
1883.444926   12.514740   0.053930
1883.446707   12.497830   0.045230
1883.448508   12.533620   0.048120
1883.507335   12.458430   0.053590
1883.517022   12.479420   0.050590
1883.526655   12.479200   0.059990
1883.536232   12.479870   0.059400
1883.545818   12.506980   0.063340
1883.555341   12.511020   0.059600
1883.565051   12.471310   0.062710
1883.574608   12.548310   0.057640
1883.584302   12.502190   0.062790
1883.593915   12.501630   0.053920
1884.099534   12.494260   0.013970
1884.109140   12.509630   0.013920
1884.118686   12.503530   0.017150
1884.128292   12.505580   0.021440
1884.137551   12.500740   0.015710
1884.147279   12.496740   0.017790
1884.156774   12.498050   0.018770
1884.166197   12.496200   0.022670
1884.175960   12.508720   0.022180
1884.185414   12.496890   0.019930
1884.194977   12.511020   0.016460
1884.204574   12.498390   0.018070
1884.214174   12.507620   0.016290
1884.223839   12.499020   0.018250
1884.233272   12.504150   0.024970
1884.242628   12.486300   0.014960
1884.252195   12.499130   0.014490
1884.261682   12.490230   0.014780
1884.271201   12.494990   0.014720
1884.280876   12.500270   0.016000
1884.290846   12.501960   0.017320
1884.300573   12.500740   0.018770
1884.310420   12.469860   0.029120
1884.320206   12.493340   0.018010
1884.330156   12.486340   0.018130
1884.340081   12.500750   0.022110
1884.350052   12.516380   0.021360
1884.360119   12.497630   0.018130
1884.370060   12.494660   0.018190
1884.379738   12.481980   0.019400
1884.389528   12.495490   0.015700
1884.399065   12.506680   0.016570
1884.406881   12.480010   0.019000
1884.413865   12.491880   0.021830
1884.420368   12.498080   0.024870
1884.425635   12.493400   0.017090
1884.430150   12.488760   0.015470
1884.433678   12.493190   0.017500
1884.437202   12.497320   0.017320
1884.439908   12.505770   0.018590
1884.441669   12.510730   0.018070
1884.443407   12.498970   0.017500
1884.445186   12.497780   0.016740
1884.446926   12.489510   0.022280
1884.503638   12.499870   0.015760
1884.513187   12.513170   0.018970
1884.522993   12.499490   0.015940
1884.532900   12.509740   0.014720
1884.542819   12.509230   0.017790
1884.552706   12.477930   0.020800
1884.562458   12.500140   0.013570
1884.572213   12.492410   0.016150
1884.581820   12.498670   0.014090
1884.591479   12.482000   0.017850
1884.600983   12.514890   0.016110
1884.610820   12.500020   0.015070
1884.886961   12.504920   0.037540
1884.896459   12.495810   0.041290
1884.906042   12.514490   0.035560
1884.915643   12.513040   0.047780
1884.925737   12.525320   0.034480
1884.935570   12.495010   0.048280
1884.945448   12.520670   0.039050
1884.954875   12.495800   0.042270
1884.964329   12.461480   0.040060
1884.974229   12.430190   0.047640
1884.983546   12.489890   0.048360
1884.993441   12.493410   0.045050
1885.003341   12.506280   0.038770
1885.013229   12.505680   0.046320
1885.022911   12.505750   0.045790
1885.032502   12.476180   0.050480
1885.042137   12.470380   0.054300
1885.052183   12.490340   0.049900
1885.061957   12.538390   0.059330
1885.071678   12.552420   0.061770
1885.081285   12.498460   0.070260
1885.090973   12.480550   0.065600
1885.100847   12.472020   0.064130
1885.278794   12.480940   0.034320
1885.288696   12.501830   0.046780
1885.298475   12.486700   0.037300
1885.308250   12.496310   0.034470
1885.318087   12.479820   0.037730
1885.328301   12.494670   0.044820
1885.338173   12.544160   0.066930
1885.347960   12.460420   0.058620
1885.357853   12.511920   0.062540
1885.367578   12.501210   0.061900
1885.377344   12.550640   0.077830
1885.386938   12.483990   0.076650
1885.396599   12.504080   0.062560
1885.404395   12.490340   0.057020
1885.411445   12.477840   0.065090
1885.417511   12.507350   0.069530
1885.422892   12.475900   0.072270
1885.427461   12.517470   0.065020
1885.430989   12.532200   0.053580
1885.434637   12.484780   0.061550
1885.437356   12.513830   0.062500
1885.439093   12.541560   0.059670
1885.440855   12.526450   0.061410
1885.442624   12.487730   0.056530
1885.444416   12.489740   0.057330
1885.502228   12.490170   0.065190
1885.511985   12.550960   0.089210
1885.521821   12.547930   0.061670
1885.531512   12.444120   0.063660
1885.541243   12.487430   0.067960
1885.551133   12.462310   0.057740
1885.560860   12.469100   0.058030
1885.570601   12.480040   0.056400
1885.580236   12.463430   0.069050
1885.590133   12.508250   0.048100
1886.072366   12.505150   0.013340
1886.082057   12.504150   0.014260
1886.091456   12.497620   0.014840
1886.101064   12.504320   0.015190
1886.110701   12.504660   0.015070
1886.120214   12.500690   0.015190
1886.129544   12.503510   0.015880
1886.138882   12.499130   0.016280
1886.148233   12.498200   0.016110
1886.157943   12.503440   0.016860
1886.167550   12.483400   0.019360
1886.177101   12.480510   0.018590
1886.186997   12.508360   0.019920
1886.196609   12.503060   0.021250
1886.206153   12.493110   0.023210
1886.215757   12.498340   0.024320
1886.225422   12.494870   0.033910
1886.234829   12.507290   0.033440
1886.244630   12.459890   0.034260
1886.254426   12.489430   0.023280
1886.263771   12.508850   0.019460
1886.273578   12.478400   0.032690
1886.283270   12.494820   0.018940
1886.293134   12.507090   0.019860
1886.303115   12.482500   0.022870
1886.312914   12.518740   0.020840
1886.322818   12.509650   0.021770
1886.332859   12.497010   0.021540
1886.342543   12.505400   0.020550
1886.352534   12.501260   0.020730
1886.362281   12.499270   0.022400
1886.372003   12.508820   0.023730
1886.381496   12.492820   0.024250
1886.391198   12.503230   0.026680
1886.399994   12.509770   0.026330
1886.408171   12.484160   0.026270
1886.414363   12.500840   0.034280
1886.419581   12.509870   0.034120
1886.423873   12.490160   0.033140
1886.427459   12.504760   0.030020
1886.431086   12.497630   0.029930
1886.433748   12.497490   0.033690
1886.435540   12.488560   0.036880
1886.437293   12.521730   0.031930
1886.439058   12.491560   0.031230
1886.441348   12.509030   0.065590
