1863.169882   9.307890   0.002940
1863.179028   9.306280   0.003120
1863.188111   9.299650   0.003460
1863.197263   9.307760   0.003290
1863.206453   9.303390   0.003290
1863.215516   9.303590   0.003640
1863.224486   9.303030   0.003460
1863.233708   9.302320   0.003700
1863.243026   9.297190   0.003640
1863.252052   9.303530   0.003350
1863.260978   9.300000   0.003290
1863.270074   9.299540   0.003580
1863.279229   9.301480   0.003290
1863.288341   9.293950   0.003290
1863.297662   9.292600   0.003120
1863.306748   9.292690   0.003410
1863.315898   9.292630   0.003460
1863.325261   9.287320   0.003460
1863.334632   9.298170   0.003460
1863.344416   9.289530   0.003460
1863.353962   9.287530   0.003350
1863.363511   9.290090   0.003120
1863.372640   9.293980   0.002940
1863.381795   9.294710   0.002940
1863.391577   9.303290   0.003120
1863.400670   9.298920   0.003120
1863.410157   9.302290   0.003120
1863.419415   9.303990   0.003180
1863.428728   9.301310   0.003290
1863.438171   9.302850   0.003460
1863.447725   9.307200   0.003350
1863.457038   9.313390   0.003640
1863.464667   9.317690   0.004100
1863.471563   9.325740   0.004160
1863.477686   9.319250   0.003980
1863.482900   9.320770   0.003980
1863.487037   9.316450   0.004160
1863.490505   9.320680   0.004160
1863.494064   9.320920   0.003980
1863.496621   9.321520   0.004160
1863.498272   9.321800   0.004160
1863.500087   9.320580   0.004160
1863.501889   9.318820   0.004330
1863.503937   9.325750   0.006040
1864.122118   9.298840   0.002600
1864.131216   9.289810   0.003120
1864.140349   9.297350   0.002830
1864.149328   9.299760   0.002770
1864.158727   9.299010   0.002770
1864.168077   9.300940   0.003290
1864.177441   9.295700   0.003060
1864.186471   9.305410   0.002770
1864.195786   9.304320   0.003120
1864.204761   9.309610   0.002940
1864.213956   9.306710   0.002940
1864.223275   9.305930   0.002770
1864.232312   9.304950   0.003120
1864.241734   9.302910   0.003230
1864.250994   9.307640   0.002940
1864.260292   9.298120   0.003290
1864.269452   9.298900   0.002940
1864.278712   9.303730   0.003290
1864.288040   9.300750   0.003290
1864.297228   9.293030   0.003290
1864.306786   9.295040   0.003290
1864.315982   9.297660   0.003290
1864.325240   9.298220   0.003290
1864.334830   9.289330   0.003120
1864.344223   9.286960   0.003980
1864.353629   9.297940   0.003810
1864.362884   9.302980   0.003980
1864.372284   9.296840   0.004500
1864.381718   9.295380   0.004160
1864.391386   9.305640   0.003640
1864.401175   9.310420   0.004160
1864.410777   9.309280   0.003930
1864.420158   9.301420   0.003980
1864.429378   9.310060   0.003980
1864.438639   9.307620   0.004390
1864.448098   9.300210   0.004850
1864.457409   9.304420   0.004970
1864.465120   9.298370   0.004680
1864.472313   9.294470   0.005140
1864.477494   9.284640   0.005600
1864.482643   9.284830   0.007100
1864.486002   9.288380   0.009010
1864.489646   9.303770   0.008080
1864.492216   9.295410   0.006530
1864.494776   9.294220   0.006580
1864.496480   9.293340   0.006750
1864.498365   9.306760   0.006810
1864.500091   9.314790   0.007040
1864.501760   9.312820   0.006750
1865.081649   9.297730   0.003120
1865.090914   9.296990   0.003460
1865.103000   9.302600   0.003290
1865.112265   9.308070   0.003290
1865.121493   9.300780   0.003640
1865.180915   9.302800   0.002540
1865.189934   9.307440   0.002250
1865.199137   9.312290   0.002600
1865.208040   9.317950   0.002250
1865.217207   9.317630   0.002940
1865.226382   9.316340   0.002890
1865.235932   9.306770   0.002940
1865.245886   9.308840   0.003120
1865.255783   9.314460   0.002940
1865.265750   9.297120   0.003580
1865.275774   9.307100   0.003290
1865.285892   9.308330   0.002940
1865.295973   9.310260   0.003290
1865.306185   9.305780   0.003120
1865.316145   9.313790   0.003120
1865.326150   9.309230   0.003290
1865.336276   9.310470   0.003640
1865.346577   9.313470   0.003290
1865.356675   9.301880   0.003290
1865.366659   9.293520   0.003640
1865.376904   9.311520   0.003640
1865.387088   9.303890   0.003640
1865.397153   9.308160   0.003640
1865.407149   9.301890   0.003520
1865.417333   9.305470   0.003460
1865.427630   9.306320   0.003640
1865.437669   9.307800   0.003640
1865.448171   9.308510   0.004160
1865.457324   9.306330   0.004160
1865.465615   9.324910   0.004330
1865.471988   9.312220   0.004970
1865.477591   9.334190   0.005660
1865.482335   9.301670   0.004910
1865.486159   9.317810   0.005540
1865.489785   9.302930   0.005080
1865.492667   9.305880   0.004910
1865.494427   9.307810   0.004790
1865.496283   9.304080   0.004680
1865.498551   9.312720   0.007280
1866.165339   9.302630   0.002430
1866.174723   9.303730   0.002480
1866.184057   9.302820   0.002600
1866.193410   9.302590   0.002600
1866.202706   9.301990   0.002600
1866.212035   9.305960   0.002600
1866.221409   9.308510   0.002770
1866.230791   9.303020   0.002770
1866.240551   9.303130   0.002660
1866.250004   9.301810   0.002600
1866.259354   9.303380   0.002770
1867.193045   9.305800   0.002080
1867.202355   9.301610   0.002080
1867.211516   9.310530   0.002080
1867.220585   9.302190   0.002080
1867.230131   9.311230   0.002250
1867.239707   9.303070   0.002250
1867.249230   9.300600   0.002250
1867.258785   9.298730   0.002250
1867.268385   9.301170   0.002250
1867.277702   9.307510   0.002250
1867.287153   9.304710   0.002250
1867.296854   9.310840   0.002250
1867.306121   9.313410   0.002250
1867.315500   9.314300   0.002250
1867.325094   9.307150   0.002370
1867.334502   9.308850   0.002430
1867.344482   9.309730   0.002430
1867.354030   9.306170   0.002430
1867.363492   9.302870   0.002480
1867.372735   9.307680   0.002430
1867.382212   9.312310   0.002600
1867.391671   9.301530   0.002600
1867.401392   9.309290   0.002600
1867.410805   9.306270   0.002600
1867.420288   9.311150   0.002770
1867.429722   9.320620   0.002940
1867.439192   9.316180   0.002770
1867.448574   9.313750   0.003120
1867.456168   9.308660   0.002940
1867.463320   9.307310   0.002940
1867.469421   9.310440   0.002940
1867.473939   9.316690   0.002600
1867.478291   9.318170   0.002430
1867.481655   9.317720   0.002430
1867.484335   9.313620   0.002600
1867.486951   9.313720   0.002430
1867.488639   9.312050   0.002430
1867.490315   9.305990   0.002600
1867.492002   9.312820   0.002430
1867.493724   9.309210   0.002430
1868.197661   9.306500   0.002940
1868.207123   9.308560   0.003120
1868.216495   9.305960   0.003350
1868.225986   9.303190   0.003290
1868.235811   9.310770   0.003580
1868.245580   9.315860   0.003640
1868.255259   9.305400   0.003640
1868.264815   9.310610   0.003980
1868.274279   9.305330   0.004210
1868.283929   9.307670   0.003930
1868.293537   9.302630   0.004970
1868.303104   9.291880   0.005200
1868.312574   9.310950   0.005310
1868.322548   9.305400   0.004160
1868.332083   9.307040   0.004160
1868.341800   9.302270   0.004330
1868.351466   9.314490   0.004680
1868.360837   9.296140   0.004730
1868.370659   9.303200   0.004680
1868.380417   9.308190   0.004680
1868.390367   9.287990   0.004680
1868.399668   9.291700   0.004680
1868.409622   9.285140   0.004850
1868.419023   9.283100   0.004850
1868.428372   9.291990   0.004850
1868.437691   9.281850   0.005020
1868.446987   9.293020   0.004910
1868.454949   9.298760   0.005020
1868.461066   9.300100   0.005020
1868.467151   9.294500   0.005200
1868.471440   9.292240   0.005260
1868.475710   9.291830   0.005600
1868.479187   9.289410   0.005720
1868.481793   9.294020   0.005660
1868.484421   9.298170   0.005540
1868.486154   9.302240   0.005370
1868.487874   9.294350   0.005490
1868.489584   9.287550   0.005540
1868.491280   9.285910   0.005540
1868.552972   9.308050   0.007330
1868.562396   9.303830   0.006700
1868.572038   9.272100   0.015260
1868.581607   9.309020   0.009930
1868.591155   9.312460   0.010050
1868.600621   9.324560   0.012590
1868.610180   9.299550   0.017100
1868.619802   9.260960   0.021280
1868.629292   9.274820   0.034070
1869.239644   9.315610   0.006410
1869.249027   9.317340   0.006640
1869.258676   9.321190   0.007280
1869.268460   9.319470   0.008030
1869.278238   9.312170   0.008720
1869.287800   9.330080   0.008780
1869.297392   9.332470   0.009070
1869.307040   9.313380   0.009700
1869.316646   9.322800   0.010190
1869.326511   9.306770   0.009480
1869.336288   9.332070   0.013060
1869.345989   9.313480   0.013920
1869.356015   9.319000   0.016360
1869.365922   9.338700   0.015650
1869.375609   9.297040   0.017440
1869.384883   9.295740   0.018610
1869.394424   9.277020   0.020150
1869.403953   9.257680   0.020560
1869.413491   9.297640   0.020610
1869.422812   9.303020   0.021940
1869.432155   9.282550   0.022870
1869.441546   9.288410   0.025060
1869.449371   9.299380   0.045710
1869.456537   9.312880   0.027080
1869.462798   9.306600   0.028530
1869.468109   9.318040   0.029970
1869.472681   9.280340   0.025580
1869.476266   9.294710   0.025750
1869.478887   9.321400   0.027020
1869.481532   9.319270   0.028580
1869.483195   9.312010   0.022420
1869.485003   9.308110   0.027370
1869.486718   9.293290   0.027830
1869.488400   9.310690   0.029050
1869.544878   9.319110   0.033490
1869.554590   9.324570   0.039670
1869.564207   9.323160   0.042280
1870.219778   9.310830   0.002250
1870.229270   9.309050   0.002310
1870.238762   9.315880   0.002430
1870.248135   9.320530   0.002430
1870.257691   9.315860   0.002600
1870.267266   9.311650   0.002430
1870.276950   9.312720   0.002600
1870.286498   9.312450   0.002600
1870.295849   9.307080   0.002430
1870.305565   9.309960   0.002600
1870.315197   9.313600   0.002770
1870.325274   9.309100   0.002770
1870.335174   9.300370   0.002770
1870.344892   9.318010   0.002770
1870.354573   9.305750   0.003120
1870.364104   9.309450   0.003640
1870.373603   9.315260   0.003520
1870.383600   9.317320   0.003810
1870.393243   9.313780   0.004390
1870.402820   9.309040   0.005540
1870.412418   9.304700   0.005310
1870.421719   9.303370   0.005310
1870.431056   9.306110   0.005430
1870.440608   9.304240   0.004560
1870.448993   9.300440   0.004160
1870.456179   9.304480   0.004160
1870.461756   9.299940   0.004790
1870.466593   9.299160   0.005140
1870.470290   9.298010   0.004680
1870.474034   9.296800   0.005200
1870.476825   9.302320   0.005600
1870.478569   9.294900   0.005490
1870.480341   9.301890   0.005200
1870.482097   9.302680   0.005370
1870.483838   9.295170   0.005540
1870.485602   9.303390   0.005540
1871.136689   9.312230   0.002430
1871.146179   9.317580   0.002430
1871.155384   9.310960   0.002430
1871.164955   9.312960   0.002600
1871.174269   9.314630   0.002600
1871.183469   9.313920   0.002600
1871.192872   9.315710   0.002600
1871.202392   9.312280   0.002600
1871.211865   9.303960   0.002770
1871.221273   9.314250   0.002770
1871.230922   9.302250   0.002770
1871.240394   9.309230   0.002660
1871.250018   9.297930   0.002770
1871.259511   9.303630   0.002710
1871.269122   9.302140   0.002770
1871.278903   9.289490   0.002770
1871.288648   9.306590   0.002770
1871.298226   9.319970   0.002770
1871.307789   9.298010   0.002830
1871.317562   9.311350   0.002940
1871.327342   9.310080   0.003120
1871.337079   9.301020   0.003180
1871.346725   9.295930   0.003290
1871.356495   9.315470   0.003290
1871.366277   9.292420   0.003460
1871.375944   9.303090   0.003520
1871.385808   9.300300   0.003750
1871.395399   9.299930   0.003980
1871.404882   9.294910   0.004330
1871.414342   9.299250   0.004160
1871.423744   9.299070   0.004040
1871.433495   9.297370   0.003980
1871.442405   9.305880   0.003810
1871.449670   9.306800   0.003810
1871.455742   9.300660   0.003810
1871.461191   9.304430   0.003980
1871.465968   9.307190   0.003980
1871.469461   9.305420   0.003980
1871.472994   9.309990   0.003870
1871.476070   9.311340   0.003810
1871.477819   9.304710   0.003810
1871.479709   9.306390   0.003810
1871.481438   9.312390   0.003810
1871.550420   9.316410   0.003810
1871.559908   9.317110   0.003810
1871.569340   9.316950   0.003980
1871.578835   9.320460   0.004160
1871.588334   9.326420   0.004330
1871.597765   9.314530   0.004850
1871.607264   9.325980   0.005370
1871.616819   9.320740   0.006120
1871.626324   9.306280   0.007100
1872.324463   9.320560   0.002770
1872.334315   9.314080   0.002770
1872.344041   9.315190   0.002260
1872.353623   9.304230   0.002770
1872.363427   9.305750   0.002770
1872.373279   9.308280   0.002770
1872.383099   9.307180   0.002770
1872.392766   9.304130   0.002770
1872.402203   9.305290   0.002770
1872.412032   9.299870   0.002770
1872.421585   9.300220   0.002940
1872.431130   9.304630   0.002940
1872.439874   9.311490   0.002940
1872.447517   9.297610   0.002940
1872.454162   9.309900   0.003000
1872.459603   9.310850   0.003120
1872.463903   9.314240   0.003120
1872.467716   9.305320   0.003120
1872.470496   9.310450   0.003120
1872.473152   9.305940   0.003120
1872.474857   9.311730   0.003120
1872.476617   9.310920   0.003120
1872.478370   9.306250   0.003120
1872.480228   9.303930   0.003120
1872.541663   9.306320   0.003460
1872.550845   9.311440   0.003520
1872.560270   9.305960   0.003640
1872.569828   9.306750   0.003700
1872.579400   9.314690   0.003810
1872.588943   9.316150   0.004160
1872.598488   9.312730   0.004390
1872.608116   9.318580   0.004850
1872.617527   9.326530   0.005540
1872.627101   9.354190   0.006580
1872.636625   9.318560   0.007970
1872.646041   9.304610   0.009930
1873.229437   9.304310   0.002940
1873.238826   9.300080   0.003120
1873.248403   9.301710   0.003060
1873.258009   9.307260   0.003120
1873.267456   9.297170   0.003120
1873.276959   9.290910   0.003120
1873.286788   9.307590   0.003120
1873.296275   9.303020   0.003120
1873.305896   9.299270   0.003290
1873.315548   9.290610   0.003290
1873.325684   9.296060   0.003290
1873.335346   9.273710   0.003460
1873.344943   9.298830   0.003460
1873.354842   9.310130   0.003460
1873.364691   9.300890   0.003460
1873.374458   9.302840   0.003460
1873.383960   9.307110   0.003410
1873.393856   9.305700   0.003460
1873.403606   9.299150   0.003460
1873.413210   9.309930   0.003640
1873.422938   9.294470   0.003640
1873.432622   9.301030   0.003640
1873.441010   9.295770   0.003460
1873.447044   9.293390   0.003460
1873.453044   9.306740   0.003460
1873.457630   9.297540   0.003460
1873.462090   9.291490   0.003520
1873.465548   9.292550   0.003580
1873.468261   9.288500   0.003640
1873.470892   9.290150   0.003640
1873.472722   9.296310   0.003640
1873.474437   9.292610   0.003640
1873.476606   9.294010   0.005140
1873.539458   9.280790   0.009300
1873.548852   9.291310   0.007620
1873.558313   9.294870   0.006240
1873.567696   9.293800   0.006000
1873.577180   9.295620   0.006580
1873.586745   9.309100   0.005600
1873.596227   9.302760   0.007220
1873.605773   9.307200   0.007160
1873.615321   9.323510   0.006580
1873.624816   9.308310   0.006750
1874.032527   9.290070   0.002250
1874.041923   9.284360   0.002430
1874.051714   9.295070   0.002370
1874.061193   9.299210   0.002250
1874.070741   9.300830   0.002430
1874.080230   9.304270   0.002430
1874.089638   9.308650   0.002430
1874.098984   9.306790   0.002430
1874.108441   9.305160   0.002430
1874.117749   9.302260   0.002430
1874.127103   9.297610   0.002430
1874.136654   9.300750   0.002480
1874.145982   9.305640   0.002600
1874.155173   9.305750   0.002770
1874.164605   9.311200   0.002830
1874.174153   9.309750   0.003120
1874.183645   9.301560   0.003810
1874.193053   9.313620   0.004620
1874.202515   9.312340   0.004850
1874.212179   9.314840   0.005080
1874.222051   9.325930   0.004620
1874.593715   9.300010   0.006750
1874.603390   9.295440   0.006240
1874.613039   9.295290   0.007050
1876.992585   9.311670   0.002250
1877.002277   9.308290   0.002250
1877.012009   9.306140   0.002310
1877.021623   9.310130   0.002250
1877.031340   9.329020   0.002430
1877.041094   9.311320   0.002430
1877.050632   9.311180   0.002250
1877.060512   9.321270   0.002430
1877.070280   9.322350   0.002430
1877.080037   9.314060   0.002430
1877.089835   9.319610   0.002430
1877.099542   9.325980   0.002430
1877.109324   9.315870   0.002600
1877.119234   9.335580   0.002600
1877.128562   9.322080   0.002600
1877.137988   9.313380   0.002600
1877.147449   9.312420   0.002660
1877.157081   9.323990   0.002600
1877.166514   9.313270   0.002600
1877.175811   9.313220   0.002600
1877.185180   9.301950   0.002600
1877.194638   9.321770   0.002600
1877.204359   9.323900   0.002600
1877.213829   9.323930   0.002600
1877.223290   9.309280   0.002600
1877.232928   9.314160   0.002600
1877.242583   9.315850   0.002660
1877.252102   9.318280   0.002660
1877.261424   9.308760   0.002600
1877.271317   9.305830   0.002600
1877.280810   9.309670   0.002600
1877.290913   9.314080   0.002600
1877.300784   9.311570   0.002770
1877.310552   9.311780   0.002600
1877.320329   9.320110   0.002770
1877.330019   9.314080   0.002660
1877.339609   9.311140   0.002600
1877.349339   9.303140   0.002770
1877.359563   9.305290   0.002600
1877.369289   9.303240   0.002770
1877.379166   9.309720   0.002770
1877.389199   9.309010   0.002770
1877.398748   9.301300   0.002940
1877.408188   9.310840   0.002940
1877.417610   9.306680   0.002940
1877.426444   9.313570   0.002890
1877.433416   9.323010   0.002940
1877.439426   9.314800   0.003060
1877.444578   9.311120   0.003060
1877.449101   9.313420   0.002940
1877.452622   9.304640   0.003060
1877.456119   9.314720   0.002940
1877.458826   9.322060   0.002940
1877.460660   9.317160   0.002940
1877.462441   9.315320   0.002940
1877.464144   9.314000   0.002940
1877.465872   9.321770   0.003120
1877.528546   9.316480   0.003290
1877.538164   9.328770   0.003460
1877.547759   9.335900   0.003460
1877.557433   9.313400   0.003640
1877.566991   9.323750   0.003640
1877.956588   9.319140   0.002940
1877.966360   9.306250   0.002830
1877.975795   9.299960   0.002600
1877.985575   9.296650   0.002430
1877.995071   9.302010   0.002430
1878.004964   9.300380   0.002430
1878.014335   9.297400   0.002430
1878.023915   9.291580   0.001980
1878.033403   9.301750   0.002430
1878.042881   9.292180   0.002430
1878.052477   9.295520   0.002600
1878.062202   9.291520   0.002480
1878.072038   9.298260   0.002600
1878.081838   9.303320   0.002600
1878.091595   9.297330   0.002600
1878.101204   9.300570   0.002600
1878.111056   9.305900   0.002600
1878.120475   9.308720   0.002600
1878.129972   9.307580   0.002770
1878.139452   9.301210   0.003120
1878.148981   9.302910   0.004450
1878.158293   9.303210   0.003980
1878.167692   9.302400   0.002940
1878.177309   9.304180   0.002770
1878.186872   9.301790   0.003290
1878.196273   9.301310   0.003290
1878.206054   9.302180   0.003460
1878.215833   9.306390   0.003640
1878.225557   9.308810   0.003640
1878.235117   9.305670   0.003290
1878.244657   9.300040   0.003290
1878.254352   9.312550   0.003460
1878.263984   9.292280   0.003640
1878.273770   9.306880   0.003810
1878.283405   9.306180   0.003810
1878.293079   9.301410   0.003810
1878.302887   9.307730   0.004500
1878.312828   9.295980   0.004500
1878.322431   9.301730   0.004500
1878.332111   9.295220   0.004680
1878.342126   9.302950   0.003390
1878.351898   9.296830   0.003980
1878.361666   9.293230   0.003810
1878.371492   9.304630   0.003870
1878.381052   9.296980   0.004160
1878.390611   9.295950   0.003110
1878.400035   9.284810   0.003870
1878.409523   9.297370   0.003810
1878.419250   9.297030   0.003980
1878.427139   9.315130   0.003980
1878.434256   9.294990   0.003320
1878.439734   9.293500   0.004160
1878.444205   9.301030   0.003250
1878.448555   9.293530   0.003250
1878.452064   9.295470   0.003980
1878.454721   9.295860   0.003810
1878.457364   9.301080   0.003980
1878.459093   9.298020   0.003980
1878.460943   9.299190   0.003980
1878.463071   9.301460   0.005510
1878.523903   9.311640   0.003810
1878.533380   9.300560   0.003870
1878.542754   9.304090   0.003810
1878.552323   9.306620   0.003980
1878.561961   9.302530   0.004500
1878.571685   9.306750   0.005720
1878.581234   9.312460   0.005370
1878.590773   9.306140   0.005540
1878.600390   9.312700   0.006750
1878.885725   9.301020   0.003640
1878.896259   9.317720   0.003290
1878.907039   9.321630   0.003120
1878.917827   9.318050   0.003290
1878.928636   9.320870   0.003290
1878.939490   9.307670   0.003120
1878.950209   9.297930   0.002940
1878.960985   9.287800   0.002940
1878.971663   9.286510   0.002940
1878.982256   9.286960   0.002940
1878.992862   9.287920   0.002940
1879.003349   9.281290   0.003120
1879.014056   9.282080   0.003120
1879.024781   9.283190   0.003120
1879.035403   9.291200   0.003350
1879.046338   9.278490   0.003410
1879.056998   9.293410   0.003460
1879.067120   9.286090   0.003580
1879.077625   9.288490   0.003640
1879.087804   9.289800   0.003640
1879.097718   9.298220   0.003810
1879.108265   9.302730   0.003980
1879.118677   9.302750   0.004100
1879.128946   9.304940   0.003390
1879.138951   9.296110   0.004100
1879.148948   9.300130   0.004330
1879.158753   9.311840   0.004330
1879.168681   9.312640   0.004450
1879.178653   9.313580   0.004500
1879.188532   9.325380   0.004620
1879.198658   9.316960   0.004680
1879.208980   9.319930   0.004680
1879.219105   9.313950   0.004680
1879.229198   9.311080   0.004680
1879.239692   9.316050   0.004680
1879.249885   9.320690   0.004680
1879.259988   9.309200   0.004680
1879.270136   9.311610   0.004680
1879.279998   9.297230   0.003820
1879.290256   9.307420   0.004680
1879.300321   9.300730   0.004680
1879.310604   9.296480   0.004680
1879.321132   9.296890   0.004680
1879.331398   9.299320   0.004680
1879.341711   9.299590   0.004730
1879.352168   9.300860   0.004850
1879.362239   9.297250   0.004850
1879.372581   9.310130   0.004850
1879.383093   9.289240   0.002800
1879.393142   9.305900   0.005020
1879.403333   9.309810   0.005020
1879.413718   9.304660   0.005020
1879.422210   9.299130   0.005200
1879.430290   9.304460   0.005200
1879.436891   9.310100   0.005310
1879.441492   9.302440   0.005370
1879.445571   9.308820   0.005370
1879.449457   9.302830   0.005540
1879.452342   9.302500   0.004530
1879.454194   9.296670   0.005540
1879.456055   9.298400   0.004530
1879.457932   9.301870   0.005540
1879.460282   9.299100   0.007840
1879.524043   9.306970   0.006410
1879.534146   9.301150   0.006580
1879.544253   9.302320   0.006700
1879.554321   9.307390   0.003900
1879.564508   9.302170   0.006930
1879.574677   9.310420   0.007100
1879.584814   9.295320   0.007160
1879.594935   9.303420   0.007280
1879.605121   9.296200   0.007620
1879.615186   9.297360   0.007970
1879.625350   9.296730   0.008660
1879.885631   9.297940   0.003980
1879.895153   9.317210   0.003460
1879.904711   9.319600   0.002940
1879.914664   9.319600   0.002600
1879.924232   9.315540   0.002430
1879.933937   9.305420   0.002430
1879.943742   9.299390   0.002250
1879.953255   9.298510   0.002250
1879.962965   9.301720   0.002250
1879.972299   9.297450   0.002250
1879.982133   9.303820   0.002250
1879.991480   9.295730   0.002250
1880.001350   9.300880   0.002250
1880.010995   9.309280   0.002430
1880.020489   9.295670   0.002430
1880.030167   9.298790   0.002430
1880.040004   9.307860   0.002430
1880.050020   9.300060   0.002430
1880.059700   9.313980   0.002430
1880.069635   9.311550   0.002430
1880.079469   9.306610   0.002430
1880.089000   9.309810   0.002430
1880.098524   9.310850   0.002600
1880.108072   9.311440   0.002600
1880.117530   9.309610   0.002540
1880.127140   9.308780   0.002600
1880.200091   9.299810   0.002600
1880.209735   9.311750   0.002770
1880.219431   9.301900   0.002770
1880.229324   9.299020   0.002600
1880.238989   9.293070   0.002600
1880.248836   9.308490   0.002600
1880.258298   9.314780   0.002770
1880.267686   9.313350   0.002770
1880.277275   9.322820   0.002770
1880.286928   9.310300   0.002940
1880.306613   9.304610   0.002770
1880.369120   9.307210   0.002770
1880.684731   9.318820   0.005200
1880.693935   9.341420   0.005200
1880.703424   9.323050   0.006000
1880.712965   9.336060   0.006810
1880.722745   9.303880   0.008140
1880.732752   9.312710   0.009820
1880.743114   9.285800   0.011550
1880.753480   9.299780   0.014780
1880.828480   9.271900   0.012410
1880.839020   9.303380   0.010740
1880.967707   9.309530   0.002480
1880.977730   9.295520   0.002600
1880.987626   9.297370   0.002430
1880.997175   9.302110   0.002430
1881.007352   9.301790   0.002430
1881.017262   9.292980   0.002430
1881.027023   9.293500   0.002430
1881.036583   9.289060   0.002430
1881.046307   9.290930   0.002480
1881.055914   9.282290   0.002600
1881.065565   9.290530   0.002600
1881.075352   9.278320   0.002600
1881.085120   9.297810   0.002540
1881.094964   9.309350   0.002600
1881.104801   9.311450   0.002480
1881.114937   9.302230   0.002770
1881.124474   9.301920   0.002660
1881.134326   9.295780   0.002770
1881.143810   9.303540   0.002600
1881.153419   9.290220   0.002770
1881.163015   9.298700   0.002770
1881.171357   9.301610   0.002600
1881.180981   9.302780   0.002600
1881.190627   9.290200   0.002600
1881.200550   9.301520   0.002600
1881.210473   9.309610   0.002710
1881.220305   9.314820   0.002770
1881.230199   9.318170   0.002770
1881.239668   9.315680   0.002770
1881.249328   9.322690   0.002770
1881.258917   9.313820   0.002770
1881.268352   9.317300   0.002770
1881.278189   9.320220   0.002770
1881.288137   9.319630   0.002830
1881.297680   9.320520   0.002940
1881.307337   9.322310   0.002940
1881.317394   9.318830   0.002940
1881.327336   9.322840   0.003120
1881.337373   9.322020   0.003120
1881.347129   9.319370   0.003120
1881.357110   9.313500   0.003120
1881.366722   9.323160   0.003120
1881.376276   9.325910   0.003290
1881.386104   9.318740   0.003290
1881.395996   9.313840   0.003290
1881.405772   9.315010   0.003460
1881.414838   9.314760   0.003460
1881.422098   9.308640   0.003460
1881.428287   9.310960   0.003460
1881.433496   9.312920   0.003460
1881.437835   9.316120   0.003460
1881.441542   9.311000   0.003640
1881.445078   9.306790   0.003640
1881.447777   9.309960   0.003640
1881.449541   9.312970   0.003640
1881.451276   9.307420   0.003640
1881.453055   9.309200   0.003640
1881.455245   9.311780   0.005140
1881.512259   9.310930   0.003810
1881.522032   9.314620   0.003980
1881.531584   9.306180   0.003980
1881.541053   9.310470   0.003980
1881.550943   9.310620   0.004160
1881.560601   9.309080   0.004160
1881.570473   9.299990   0.004160
1881.580253   9.297230   0.004330
1881.589860   9.302510   0.004330
1881.599577   9.292140   0.004560
1881.609472   9.290290   0.004500
1881.619114   9.288300   0.004850
1881.628942   9.287930   0.005020
1881.638590   9.300750   0.005200
1881.648351   9.283690   0.005540
1881.778022   9.301030   0.008030
1881.787777   9.318610   0.007620
1881.797497   9.322460   0.007450
1881.807277   9.304230   0.006700
1881.816745   9.299690   0.005890
1881.826319   9.286480   0.005200
1881.835921   9.307510   0.004500
1881.845731   9.318800   0.003810
1881.855252   9.313810   0.003460
1881.864967   9.321700   0.003290
1881.874874   9.308700   0.003120
1881.884546   9.310540   0.002770
1881.894462   9.303050   0.002710
1881.904494   9.287600   0.002600
1881.914271   9.291510   0.002600
1881.923884   9.288190   0.002600
1881.933466   9.276970   0.002600
1881.943231   9.275260   0.002600
1881.952875   9.288040   0.003120
1881.962633   9.283830   0.003290
1881.972149   9.299780   0.003460
1881.982098   9.287930   0.003460
1881.992169   9.297700   0.004160
1882.001889   9.290750   0.004450
1882.011594   9.293040   0.004500
1882.021627   9.294440   0.003810
1882.031644   9.293060   0.003980
1882.041324   9.287900   0.003980
1882.051198   9.304300   0.003700
1882.060871   9.302780   0.003750
1882.070527   9.313320   0.005890
1882.080330   9.293970   0.003120
1882.090096   9.308360   0.005310
1882.099569   9.319690   0.007760
1882.109365   9.306380   0.004680
1882.121972   9.303760   0.003990
1882.131558   9.304790   0.003350
1882.141120   9.304660   0.004620
1882.150540   9.299320   0.003580
1882.160119   9.292430   0.003640
1882.169652   9.301920   0.003750
1882.179008   9.292410   0.003640
1882.188466   9.307370   0.003980
1882.198063   9.306090   0.004390
1882.208031   9.322840   0.006760
1882.217722   9.303230   0.005720
1882.227231   9.305310   0.005200
1882.236839   9.296580   0.005200
1882.246327   9.317040   0.006700
1882.256107   9.313810   0.006410
1882.266006   9.313230   0.006350
1882.275585   9.303390   0.005770
1882.285301   9.303280   0.005720
1882.295361   9.311610   0.005490
1882.305067   9.312060   0.006930
1882.315073   9.313750   0.008080
1882.325032   9.312210   0.005490
1882.334886   9.300660   0.004970
1882.344919   9.299390   0.005660
1882.354771   9.297510   0.006060
1882.364587   9.293130   0.005200
1882.374737   9.292950   0.005260
1882.384834   9.288600   0.020590
1882.394964   9.325320   0.010570
1882.404739   9.254270   0.047500
1883.093660   9.293650   0.002830
1883.103366   9.289240   0.003640
1883.112818   9.292020   0.002890
1883.122237   9.333320   0.003060
1883.131900   9.311350   0.002770
1883.141295   9.317380   0.003120
1883.150882   9.314850   0.003230
1883.160374   9.321310   0.003350
1883.169871   9.314390   0.003410
1883.179271   9.319030   0.003120
1883.188727   9.318710   0.003120
1883.198404   9.320920   0.003410
1883.207904   9.315500   0.003460
1883.217549   9.313200   0.003410
1883.226897   9.317000   0.003460
1883.236210   9.316610   0.003520
1883.245790   9.316480   0.003460
1883.255334   9.309050   0.003640
1883.265175   9.315230   0.003640
1883.274780   9.310260   0.003700
1883.284849   9.316630   0.004330
1883.294394   9.319890   0.004620
1883.304305   9.306350   0.004500
1883.314080   9.308870   0.004790
1883.323720   9.314690   0.004450
1883.333437   9.310150   0.004160
1883.343435   9.309410   0.004270
1883.353548   9.316760   0.004330
1883.363493   9.308990   0.003980
1883.373027   9.309720   0.004160
1883.382657   9.301590   0.004330
1883.392439   9.288810   0.004160
1883.402040   9.297470   0.004160
1883.410061   9.299430   0.004330
1883.417485   9.310380   0.004450
1883.423677   9.306310   0.004160
1883.428949   9.302150   0.004330
1883.433300   9.305200   0.004570
1883.436812   9.299290   0.004160
1883.440325   9.298210   0.004330
1883.443180   9.299420   0.004160
1883.444926   9.303030   0.004270
1883.446707   9.295270   0.004100
1883.448508   9.299900   0.004160
1883.507335   9.291460   0.004330
1883.517022   9.299750   0.004450
1883.526655   9.293360   0.004850
1883.536232   9.291180   0.005140
1883.545818   9.292260   0.005200
1883.555341   9.298920   0.005020
1883.565051   9.297030   0.005020
1883.574608   9.296190   0.004970
1883.584302   9.291230   0.004970
1883.593915   9.294410   0.004500
1884.099534   9.299570   0.001730
1884.109140   9.301070   0.001790
1884.118686   9.312400   0.002080
1884.128292   9.313630   0.002080
1884.137551   9.308850   0.001910
1884.147279   9.317080   0.002080
1884.156774   9.318070   0.002140
1884.166197   9.302480   0.002140
1884.175960   9.318500   0.002370
1884.185414   9.309770   0.002080
1884.194977   9.309310   0.001910
1884.204574   9.313340   0.002080
1884.214174   9.309800   0.002020
1884.223839   9.301010   0.002080
1884.233272   9.324600   0.002540
1884.242628   9.307780   0.001910
1884.252195   9.306130   0.001910
1884.261682   9.314690   0.001910
1884.271201   9.301980   0.001910
1884.280876   9.308190   0.001970
1884.290846   9.317410   0.002080
1884.300573   9.319230   0.002190
1884.310420   9.327720   0.002540
1884.320206   9.319700   0.002080
1884.330156   9.320050   0.002080
1884.340081   9.319790   0.002250
1884.350052   9.321080   0.002250
1884.360119   9.320560   0.002080
1884.370060   9.320920   0.002080
1884.379738   9.317980   0.002250
1884.389528   9.315490   0.002020
1884.399065   9.314200   0.002080
1884.406881   9.309270   0.002080
1884.413865   9.318070   0.002430
1884.420368   9.303290   0.002310
1884.425635   9.307230   0.002080
1884.430150   9.314280   0.001910
1884.433678   9.309640   0.002080
1884.437202   9.306540   0.002080
1884.439908   9.317310   0.002080
1884.441669   9.308760   0.002080
1884.443407   9.313260   0.002080
1884.445186   9.311000   0.002020
1884.446926   9.298650   0.002250
1884.503638   9.297330   0.001910
1884.513187   9.303540   0.002080
1884.522993   9.295880   0.001910
1884.532900   9.294080   0.001910
1884.542819   9.285800   0.001970
1884.552706   9.312590   0.001860
1884.562458   9.296970   0.001730
1884.572213   9.294850   0.001910
1884.581820   9.304790   0.001910
1884.591479   9.298180   0.002080
1884.600983   9.302630   0.001970
1884.610820   9.294770   0.001910
1884.886961   9.299280   0.003460
1884.896459   9.295860   0.003580
1884.906042   9.294540   0.003460
1884.915643   9.286430   0.003930
1884.925737   9.292770   0.003460
1884.935570   9.290620   0.003980
1884.945448   9.291860   0.003640
1884.954875   9.292840   0.003810
1884.964329   9.286250   0.003750
1884.974229   9.304370   0.004210
1884.983546   9.298740   0.004270
1884.993441   9.296100   0.004100
1885.003341   9.298790   0.003980
1885.013229   9.301400   0.004390
1885.022911   9.305890   0.004390
1885.032502   9.303730   0.004850
1885.042137   9.309760   0.004790
1885.052183   9.314300   0.004850
1885.061957   9.307290   0.005200
1885.071678   9.308790   0.005370
1885.081285   9.312310   0.005770
1885.090973   9.303010   0.005490
1885.100847   9.309470   0.005540
1885.278794   9.322250   0.003230
1885.288696   9.330300   0.003640
1885.298475   9.332500   0.003350
1885.308250   9.313730   0.003290
1885.318087   9.330140   0.003460
1885.328301   9.325520   0.003810
1885.338173   9.338660   0.004910
1885.347960   9.327900   0.004500
1885.357853   9.320150   0.004790
1885.367578   9.320080   0.004850
1885.377344   9.315410   0.005660
1885.386938   9.313800   0.005770
1885.396599   9.306470   0.004850
1885.404395   9.300630   0.004390
1885.411445   9.308320   0.004970
1885.417511   9.311450   0.005140
1885.422892   9.304230   0.005320
1885.427461   9.306710   0.004970
1885.430989   9.302420   0.004330
1885.434637   9.296610   0.004680
1885.437356   9.293460   0.004680
1885.439093   9.288830   0.004680
1885.440855   9.288160   0.004680
1885.442624   9.287350   0.004500
1885.444416   9.291860   0.004500
1885.502228   9.287280   0.004910
1885.511985   9.284750   0.006180
1885.521821   9.275710   0.005020
1885.531512   9.285420   0.004790
1885.541243   9.294740   0.004970
1885.551133   9.288420   0.004450
1885.560860   9.283560   0.004450
1885.570601   9.293060   0.004450
1885.580236   9.299270   0.005020
1885.590133   9.303190   0.003870
1886.072366   9.287190   0.001910
1886.082057   9.300630   0.001910
1886.091456   9.297360   0.002080
1886.101064   9.299660   0.002080
1886.110701   9.306620   0.002080
1886.120214   9.305180   0.002080
1886.129544   9.303150   0.002080
1886.138882   9.306170   0.002080
1886.148233   9.301960   0.002250
1886.157943   9.304040   0.002250
1886.167550   9.313630   0.002370
1886.177101   9.301660   0.002430
1886.186997   9.295960   0.002430
1886.196609   9.303790   0.002600
1886.206153   9.307540   0.002770
1886.215757   9.304050   0.002770
1886.225422   9.321040   0.003460
1886.234829   9.316260   0.003460
1886.244630   9.318260   0.003290
1886.254426   9.309860   0.002770
1886.263771   9.305870   0.002430
1886.273578   9.320940   0.003230
1886.283270   9.304050   0.002430
1886.293134   9.307530   0.002430
1886.303115   9.307440   0.002600
1886.312914   9.308960   0.002430
1886.322818   9.315220   0.002480
1886.332859   9.307370   0.002480
1886.342543   9.304060   0.002430
1886.352534   9.309320   0.002430
1886.362281   9.310480   0.002600
1886.372003   9.304010   0.002600
1886.381496   9.309210   0.002770
1886.391198   9.314700   0.002830
1886.399994   9.313710   0.002890
1886.408171   9.311380   0.002940
1886.414363   9.313490   0.003290
1886.419581   9.319240   0.003290
1886.423873   9.304320   0.003120
1886.427459   9.298390   0.003120
1886.431086   9.294860   0.003120
1886.433748   9.303300   0.003230
1886.435540   9.309730   0.003460
1886.437293   9.305420   0.003120
1886.439058   9.307870   0.003180
1886.441348   9.308350   0.005770
