1863.169882   12.665210   0.023680
1863.179028   12.664810   0.026040
1863.188111   12.666450   0.029680
1863.197263   12.674890   0.027610
1863.206453   12.673420   0.026680
1863.215516   12.654940   0.030950
1863.224486   12.657810   0.029790
1863.233708   12.661940   0.031990
1863.243026   12.658190   0.032800
1863.252052   12.650390   0.029970
1863.260978   12.652320   0.027830
1863.270074   12.648590   0.031640
1863.279229   12.639360   0.027540
1864.122118   12.641890   0.019290
1864.131216   12.650810   0.025490
1864.140349   12.647470   0.022580
1864.149328   12.659740   0.022460
1864.158727   12.652340   0.021360
1864.168077   12.648440   0.027600
1864.177441   12.657300   0.025590
1864.186471   12.656490   0.020500
1864.195786   12.652760   0.026100
1864.204761   12.652500   0.023270
1864.213956   12.651920   0.022520
1864.223275   12.651580   0.021420
1864.232312   12.638010   0.025520
1864.241734   12.655010   0.025580
1864.250994   12.649250   0.022110
1864.260292   12.657450   0.026220
1864.269452   12.666380   0.022870
1865.081649   12.627090   0.031060
1865.090914   12.640530   0.030670
1865.103000   12.628780   0.029420
1865.112265   12.646760   0.028650
1865.121493   12.622400   0.035280
1865.180915   12.650220   0.019460
1865.189934   12.652490   0.015880
1865.199137   12.646000   0.020160
1865.208040   12.657560   0.015990
1865.217207   12.654900   0.024140
1865.226382   12.651760   0.022720
1865.235932   12.663220   0.025180
1865.245886   12.661850   0.024840
1865.255783   12.658720   0.025300
1865.265750   12.702370   0.031350
1865.275774   12.652060   0.029000
1865.285892   12.647500   0.024960
1865.295973   12.649080   0.027660
1865.306185   12.668760   0.026910
1865.316145   12.660410   0.025760
1865.326150   12.628780   0.027370
1866.165339   12.634380   0.017490
1866.174723   12.650610   0.017730
1866.184057   12.657530   0.018070
1866.193410   12.655810   0.018420
1866.202706   12.646890   0.018940
1866.221409   12.648680   0.019460
1866.230791   12.647440   0.019230
1866.240551   12.665760   0.019110
1866.250004   12.657410   0.019170
1866.259354   12.649580   0.019630
1867.193045   12.660150   0.013280
1867.202355   12.659540   0.013860
1867.211516   12.672260   0.013910
1867.220585   12.655250   0.014610
1867.230131   12.652880   0.014840
1867.239707   12.657140   0.014720
1867.249230   12.664660   0.014550
1867.258785   12.658860   0.014780
1867.268385   12.654520   0.014950
1867.277702   12.659880   0.015360
1867.287153   12.656460   0.015530
1867.296854   12.651530   0.015820
1867.306121   12.677780   0.016110
1867.315500   12.650650   0.016110
1867.325094   12.659170   0.016810
1867.334502   12.647160   0.017210
1867.344482   12.663650   0.017900
1867.354030   12.656040   0.017670
1867.363492   12.654640   0.020040
1867.372735   12.665930   0.018540
1867.382288   12.671470   0.015840
1867.391671   12.645880   0.019800
1868.197661   12.685790   0.023960
1868.207123   12.671730   0.023900
1868.216495   12.611040   0.032190
1868.225986   12.666400   0.029280
1868.235811   12.663330   0.034050
1868.245580   12.678950   0.032040
1868.255259   12.634200   0.032740
1868.264815   12.657850   0.034040
1868.274279   12.659840   0.036730
1868.283929   12.699920   0.033600
1868.293537   12.663300   0.048690
1868.303104   12.611550   0.053390
1868.312574   12.639090   0.052510
1868.322548   12.631190   0.037300
1868.332083   12.639460   0.036500
1868.341800   12.667320   0.038560
1868.351466   12.655690   0.046780
1868.360837   12.658250   0.048050
1868.370659   12.672730   0.045450
1869.239644   12.681790   0.067220
1869.249027   12.707680   0.071870
1869.258676   12.618390   0.083220
1869.268460   12.629400   0.091630
1869.297392   12.615770   0.105290
1869.307040   12.643330   0.108630
1870.219778   12.678800   0.016050
1870.229270   12.677850   0.016570
1870.238762   12.685820   0.018190
1870.248135   12.656540   0.017210
1870.267266   12.666230   0.018530
1870.276950   12.671450   0.018880
1870.286498   12.669290   0.019400
1870.295849   12.666630   0.018130
1870.315197   12.659170   0.021310
1870.325274   12.651640   0.022460
1870.335174   12.672760   0.020440
1870.456179   12.661060   0.041720
1871.136689   12.655360   0.019000
1871.146179   12.675210   0.018360
1871.155384   12.657180   0.018190
1871.164955   12.662070   0.020270
1871.174269   12.665830   0.019570
1871.183469   12.637960   0.021780
1871.192872   12.660610   0.019750
1871.202392   12.658220   0.020900
1871.211865   12.655100   0.025290
1871.221273   12.657030   0.024370
1871.230922   12.673290   0.020960
1871.240394   12.671640   0.020620
1871.250018   12.665180   0.022170
1871.259511   12.627600   0.021420
1871.269122   12.634000   0.021770
1871.278903   12.669010   0.021130
1871.288648   12.650820   0.022760
1871.298226   12.679690   0.022230
1871.327342   12.660390   0.024730
1871.337079   12.643790   0.027320
1871.346725   12.648490   0.027370
1871.395399   12.695700   0.035000
1871.455742   12.666260   0.036260
1871.465968   12.669430   0.037590
1871.477819   12.616140   0.036320
1871.616819   12.589880   0.082810
1872.344041   12.628580   0.021770
1872.353623   12.657370   0.022760
1872.363427   12.668210   0.021660
1872.617527   12.671360   0.068260
1872.627101   12.692260   0.081880
1872.636625   12.672760   0.101990
1873.238826   12.666050   0.025580
1873.248403   12.676170   0.024190
1873.258009   12.671630   0.025070
1873.276959   12.651700   0.025640
1873.286788   12.662510   0.026910
1873.296275   12.633820   0.027730
1873.305896   12.656760   0.030270
1873.344943   12.621570   0.034760
1873.413210   12.674330   0.039680
1874.032527   12.666540   0.016460
1874.061193   12.645950   0.017090
1874.070741   12.660590   0.018070
1874.080230   12.668610   0.017900
1874.089638   12.652200   0.017840
1874.098984   12.651340   0.018420
1874.108441   12.656160   0.017670
1874.117749   12.662950   0.018710
1874.127103   12.658490   0.018710
1874.136654   12.671560   0.019400
1874.145982   12.659020   0.019290
1874.155173   12.670950   0.021080
1874.164605   12.661270   0.022640
1874.174153   12.694350   0.026910
1874.193053   12.670500   0.043190
1874.202515   12.662500   0.047730
1874.212179   12.680400   0.051460
1874.222051   12.677270   0.045170
1874.593715   12.690220   0.082860
1876.992585   12.675750   0.017380
1877.002277   12.669130   0.017840
1877.031340   12.645270   0.020400
1877.041094   12.645620   0.019870
1877.060512   12.669490   0.018310
1877.070280   12.653330   0.018650
1877.080037   12.648860   0.018710
1877.089835   12.649690   0.018770
1877.099542   12.680070   0.019340
1877.128562   12.657970   0.020910
1877.137988   12.680390   0.020210
1877.147449   12.692610   0.024370
1877.166514   12.661220   0.021770
1877.175811   12.645630   0.021250
1877.185180   12.666700   0.022230
1877.194638   12.670570   0.021030
1877.204359   12.654570   0.020500
1877.213829   12.663280   0.020090
1877.223290   12.662530   0.021480
1877.232928   12.678260   0.020790
1877.242583   12.661310   0.022600
1877.252102   12.650020   0.023570
1877.261424   12.650960   0.023730
1877.271317   12.666520   0.021950
1877.280810   12.651630   0.019920
1877.290913   12.667120   0.022690
1877.300784   12.635550   0.025760
1877.320329   12.647930   0.026160
1877.330019   12.641080   0.022430
1877.339609   12.659850   0.020100
1877.379166   12.648580   0.021880
1877.433416   12.647200   0.026620
1877.444578   12.672040   0.026160
1877.956588   12.650720   0.028070
1877.995071   12.646240   0.016860
1878.004964   12.645550   0.016510
1878.023915   12.678510   0.014990
1878.033403   12.641320   0.016460
1878.052477   12.643650   0.018190
1878.062202   12.646620   0.017840
1878.072038   12.645050   0.018300
1878.081838   12.670320   0.019280
1878.091595   12.656760   0.017900
1878.101204   12.647620   0.018300
1878.111056   12.646120   0.018770
1878.120475   12.650570   0.019000
1878.129972   12.652850   0.020730
1878.139452   12.646070   0.023440
1878.148981   12.659460   0.037880
1878.158293   12.657550   0.034860
1878.167692   12.665690   0.021140
1878.177309   12.660550   0.020550
1878.186872   12.638480   0.025690
1878.196273   12.663920   0.025750
1878.206054   12.655000   0.028930
1878.215833   12.664150   0.031020
1878.225557   12.657110   0.031940
1878.235117   12.659270   0.026040
1878.244657   12.649090   0.026870
1878.254352   12.660470   0.029280
1878.263984   12.648450   0.030950
1878.273770   12.661700   0.031880
1878.283405   12.669350   0.033140
1878.293079   12.675700   0.032970
1878.302887   12.648180   0.041140
1878.312828   12.660900   0.041050
1878.322431   12.677800   0.041860
1878.332111   12.665510   0.045510
1878.434256   12.660830   0.032320
1878.439734   12.668770   0.038990
1878.448555   12.678240   0.030900
1878.452064   12.670480   0.039110
1878.457364   12.678630   0.037830
1878.459093   12.695450   0.036430
1879.003349   12.676140   0.025980
1879.014056   12.645810   0.025350
1879.024781   12.643110   0.025350
1879.035403   12.656380   0.029220
1879.046338   12.641470   0.028710
1879.056998   12.669030   0.030090
1879.067120   12.614260   0.030020
1879.077625   12.658440   0.030500
1879.087804   12.658950   0.030710
1879.097718   12.645870   0.034140
1879.108265   12.645110   0.036910
1879.118677   12.642310   0.038120
1879.128946   12.664010   0.031470
1879.138951   12.660960   0.035800
1879.148948   12.641790   0.042850
1879.158753   12.663440   0.045010
1879.168681   12.684100   0.043880
1879.178653   12.650780   0.045830
1879.188532   12.662940   0.047320
1879.198658   12.658440   0.047410
1879.208980   12.656890   0.046750
1879.219105   12.684700   0.047340
1879.229198   12.673410   0.048100
1879.239692   12.676260   0.047880
1879.249885   12.668400   0.047040
1879.259988   12.688350   0.044440
1879.270136   12.651930   0.045330
1879.279998   12.644930   0.037280
1879.290256   12.637480   0.043260
1879.300321   12.643870   0.044240
1879.310604   12.673190   0.044350
1879.321132   12.630100   0.045330
1879.341711   12.661190   0.043250
1879.991480   12.660090   0.018130
1880.010995   12.663530   0.021080
1880.020489   12.626800   0.019690
1880.030167   12.650070   0.021130
1880.040004   12.644880   0.020560
1880.050020   12.649020   0.021070
1880.059700   12.646650   0.021830
1880.069635   12.656940   0.022240
1880.079469   12.680650   0.023150
1880.089000   12.665470   0.021600
1880.098524   12.647790   0.023330
1880.108072   12.664430   0.025290
1880.117530   12.662830   0.021880
1880.127140   12.661940   0.023280
1880.200091   12.666480   0.025710
1880.209735   12.639850   0.028000
1880.219431   12.655070   0.026510
1880.229324   12.679530   0.023100
1880.238989   12.664930   0.023160
1880.248836   12.678190   0.022690
1880.258298   12.668810   0.023560
1880.267686   12.652140   0.025470
1880.277275   12.629130   0.025200
1880.286928   12.668450   0.029700
1880.306613   12.632210   0.023670
1880.369120   12.669120   0.023560
1880.967707   12.674480   0.026000
1880.997175   12.655380   0.020610
1881.007352   12.659420   0.021250
1881.017262   12.664560   0.021950
1881.027023   12.671150   0.022750
1881.036583   12.643200   0.023210
1881.046307   12.638790   0.022990
1881.055914   12.644580   0.027370
1881.065565   12.663000   0.025480
1881.075352   12.652950   0.027430
1881.085120   12.649660   0.025120
1881.094964   12.650360   0.023970
1881.104801   12.677340   0.021260
1881.114937   12.651240   0.031350
1881.134326   12.657070   0.027490
1881.143810   12.672470   0.021360
1881.153419   12.641110   0.028010
1881.163015   12.651360   0.025230
1881.171357   12.661390   0.021590
1881.180981   12.680840   0.023150
1881.190627   12.672930   0.019570
1881.200550   12.669240   0.021020
1881.210473   12.672120   0.022750
1881.220305   12.648860   0.023620
1881.230199   12.647700   0.023040
1881.239668   12.662380   0.024710
1881.249328   12.666240   0.024480
1881.258917   12.668210   0.024250
1881.268352   12.668150   0.025170
1881.278189   12.658030   0.025060
1881.288137   12.669190   0.025460
1881.297680   12.654830   0.025230
1881.307337   12.651320   0.025980
1881.317394   12.643250   0.026860
1881.376276   12.660940   0.030540
1881.422098   12.675440   0.033780
1881.433496   12.641950   0.033200
1881.445078   12.656440   0.035100
1881.550943   12.660380   0.041250
1881.628942   12.700250   0.057920
1881.972149   12.631650   0.035950
1882.011594   12.682460   0.052120
1882.021627   12.648260   0.041750
1882.031644   12.623790   0.046660
1882.041324   12.672100   0.044900
1882.051198   12.638340   0.040260
1882.060871   12.664370   0.043430
1882.070527   12.697420   0.077120
1882.090096   12.674340   0.064060
1882.099569   12.655090   0.102960
1882.109365   12.667700   0.055590
1882.121972   12.637020   0.042330
1882.131558   12.661450   0.034710
1882.141120   12.647810   0.055890
1882.150540   12.643440   0.040370
1882.179008   12.639480   0.042220
1882.188466   12.640520   0.044950
1882.198063   12.603660   0.054350
1882.208031   12.664860   0.092820
1882.227231   12.691890   0.067630
1882.236839   12.673630   0.067720
1882.246327   12.662710   0.092560
1882.256107   12.684480   0.089240
1882.295361   12.654100   0.072690
1882.305067   12.686100   0.091660
1882.315073   12.635980   0.112200
1883.093660   12.649620   0.030210
1883.103366   12.683190   0.053000
1883.112818   12.688980   0.032250
1883.122237   12.645030   0.038780
1883.131900   12.671580   0.031130
1883.141295   12.660170   0.034160
1883.179271   12.629530   0.032230
1883.188727   12.656850   0.031990
1883.198404   12.629490   0.038990
1883.207904   12.665760   0.038050
1883.245790   12.688440   0.041440
1883.255334   12.729540   0.042910
1883.265175   12.678750   0.043480
1883.274780   12.662400   0.043410
1883.304305   12.685670   0.051960
1883.314080   12.574170   0.071120
1883.323720   12.584470   0.058700
1883.410061   12.689810   0.054620
1884.099534   12.661260   0.015770
1884.109140   12.638650   0.015240
1884.118686   12.658400   0.018940
1884.128292   12.647700   0.023150
1884.147279   12.658560   0.019630
1884.156774   12.640600   0.020610
1884.166197   12.662610   0.024160
1884.185414   12.678710   0.021360
1884.194977   12.655570   0.018010
1884.204574   12.651750   0.019460
1884.233272   12.655200   0.027820
1884.242628   12.653920   0.016400
1884.252195   12.655130   0.015990
1884.261682   12.646220   0.016110
1884.280876   12.661700   0.017550
1884.290846   12.654900   0.019050
1884.300573   12.637750   0.020620
1884.320206   12.650830   0.019630
1884.360119   12.635790   0.019690
1884.370060   12.627770   0.019860
1884.406881   12.645310   0.020500
1885.003341   12.647390   0.041750
1885.013229   12.692690   0.050130
1885.022911   12.669010   0.047110
1885.032502   12.704080   0.057650
1885.042137   12.697880   0.054020
1885.052183   12.667220   0.055160
1885.061957   12.666640   0.065560
1885.071678   12.657410   0.066380
1885.081285   12.635010   0.074000
1885.090973   12.666120   0.069690
1885.100847   12.688840   0.065840
1885.278794   12.622700   0.040370
1885.308250   12.671580   0.040870
1885.338173   12.635850   0.073990
1885.347960   12.644000   0.062120
1886.072366   12.641840   0.014670
1886.082057   12.649510   0.015650
1886.091456   12.645020   0.016280
1886.101064   12.650390   0.016740
1886.120214   12.643710   0.016740
1886.129544   12.663090   0.017500
1886.138882   12.660700   0.018070
1886.148233   12.661320   0.017840
1886.157943   12.664270   0.018650
1886.167550   12.668740   0.021320
1886.177101   12.660290   0.020730
1886.186997   12.667240   0.021820
1886.196609   12.664590   0.022860
1886.206153   12.677970   0.025690
1886.225422   12.663760   0.035280
1886.234829   12.684810   0.035450
1886.244630   12.672390   0.034940
1886.254426   12.662450   0.025820
1886.263771   12.661870   0.021310
1886.293134   12.646660   0.022290
1886.391198   12.658130   0.028640
1886.399994   12.671750   0.029400
1886.423873   12.656630   0.033370
