1863.169882   12.826960   0.027080
1863.179028   12.843660   0.030200
1863.188111   12.833450   0.034120
1863.197263   12.835900   0.032060
1863.206453   12.825390   0.030310
1863.215516   12.814430   0.036910
1863.224486   12.827000   0.034180
1863.233708   12.813860   0.036730
1863.243026   12.804840   0.039280
1863.252052   12.832960   0.034890
1863.260978   12.810280   0.031580
1863.270074   12.811020   0.036390
1863.279229   12.801510   0.032700
1863.288341   12.815840   0.031520
1863.297662   12.814530   0.028930
1863.306748   12.818970   0.032970
1863.315898   12.804010   0.033200
1863.325261   12.808370   0.032910
1863.334632   12.824090   0.033830
1863.344416   12.816780   0.033200
1863.353962   12.827840   0.032800
1863.363511   12.820990   0.029560
1863.372640   12.808960   0.027190
1863.381795   12.817410   0.027940
1863.391577   12.834680   0.029910
1863.400670   12.844030   0.032410
1863.410157   12.810450   0.031370
1863.419415   12.828330   0.033280
1863.428728   12.838830   0.035540
1863.438171   12.820780   0.037010
1863.447725   12.814810   0.040790
1863.457038   12.772660   0.045550
1863.464667   12.806510   0.053940
1863.471563   12.813740   0.057580
1863.477686   12.803810   0.055440
1863.482900   12.841100   0.056940
1863.487037   12.860060   0.058710
1863.490505   12.842530   0.058410
1863.494064   12.808250   0.055680
1863.496621   12.810690   0.056530
1863.498272   12.805670   0.056290
1863.500087   12.854160   0.060300
1863.501889   12.817060   0.060520
1863.503937   12.823240   0.087890
1864.122118   12.835210   0.022520
1864.131216   12.840740   0.029470
1864.140349   12.824790   0.026210
1864.149328   12.825480   0.025980
1864.158727   12.827750   0.024890
1864.168077   12.816750   0.031470
1864.177441   12.827040   0.029220
1864.186471   12.832460   0.024030
1864.195786   12.789820   0.029110
1864.204761   12.823500   0.027190
1864.213956   12.826070   0.025750
1864.223275   12.805070   0.024480
1864.232312   12.820820   0.029220
1864.241734   12.819380   0.029560
1864.250994   12.819200   0.025810
1864.260292   12.830880   0.030380
1864.269452   12.833130   0.026620
1864.278712   12.804120   0.030020
1864.288040   12.805690   0.031070
1864.297228   12.823510   0.029500
1864.306786   12.834460   0.030600
1864.315982   12.817660   0.031010
1864.325240   12.821110   0.031180
1864.334830   12.834210   0.029970
1864.344223   12.825380   0.040080
1864.353629   12.820670   0.037880
1864.362884   12.846420   0.043420
1864.372284   12.800610   0.052340
1864.381718   12.833820   0.046410
1864.391386   12.830010   0.040080
1864.401175   12.813110   0.049720
1864.410777   12.825780   0.045500
1864.420158   12.805050   0.046130
1864.429378   12.826590   0.047480
1864.438639   12.803920   0.056190
1864.448098   12.809490   0.065990
1864.457409   12.751790   0.069340
1864.465120   12.838180   0.067900
1864.472313   12.757090   0.072000
1864.477494   12.706070   0.080260
1864.482643   12.794610   0.100860
1864.486002   12.810610   0.065600
1864.489646   12.778810   0.111060
1864.492216   12.853800   0.096620
1864.494776   12.822210   0.097000
1864.496480   12.923810   0.105780
1864.498365   12.863550   0.100090
1864.500091   12.830190   0.103750
1864.501760   12.780810   0.096210
1865.081649   12.850790   0.035130
1865.090914   12.848790   0.033960
1865.103000   12.833040   0.035400
1865.112265   12.826390   0.031880
1865.121493   12.828260   0.039310
1865.180915   12.820670   0.023400
1865.189934   12.816550   0.018420
1865.199137   12.819610   0.023330
1865.208040   12.808430   0.018480
1865.217207   12.821040   0.027440
1865.226382   12.817110   0.026280
1865.235932   12.815820   0.028640
1865.245886   12.828470   0.028580
1865.255783   12.825030   0.028640
1865.265750   12.826610   0.037150
1865.275774   12.824280   0.032970
1865.285892   12.851390   0.028180
1865.295973   12.829890   0.032600
1865.306185   12.843550   0.031760
1865.316145   12.851100   0.030040
1865.326150   12.817310   0.032400
1865.336276   12.847220   0.039790
1865.346577   12.849850   0.036620
1865.356675   12.823710   0.033780
1865.366659   12.836630   0.037130
1865.376904   12.809890   0.037440
1865.387088   12.821120   0.038830
1865.397153   12.814260   0.040780
1865.407149   12.825150   0.040530
1865.417333   12.832010   0.036220
1865.427630   12.814780   0.037090
1865.437669   12.842900   0.039550
1865.448171   12.824620   0.045620
1865.457324   12.824520   0.052950
1865.465615   12.827780   0.060250
1865.471988   12.819390   0.073680
1865.477591   12.813860   0.082220
1865.482335   12.804530   0.069950
1865.486159   12.774560   0.082340
1865.489785   12.813330   0.067510
1865.492667   12.778460   0.066480
1865.494427   12.767080   0.064320
1865.496283   12.819800   0.056850
1865.498551   12.783750   0.105330
1866.165339   12.843480   0.020380
1866.174723   12.829060   0.020260
1866.184057   12.833360   0.020910
1866.193410   12.814510   0.021250
1866.202706   12.824590   0.021710
1866.212035   12.828560   0.022640
1866.221409   12.833890   0.022690
1866.230791   12.837510   0.022400
1866.240551   12.837300   0.022230
1866.250004   12.825130   0.022060
1866.259354   12.826560   0.022750
1867.193045   12.831540   0.015300
1867.202355   12.813290   0.015820
1867.211516   12.823800   0.015880
1867.220585   12.832410   0.016920
1867.230131   12.826590   0.017030
1867.239707   12.839540   0.016920
1867.249230   12.834760   0.016690
1867.258785   12.815100   0.016920
1867.268385   12.824440   0.017260
1867.277702   12.824660   0.017670
1867.287153   12.849410   0.018020
1867.296854   12.824790   0.018250
1867.306121   12.837550   0.018420
1867.315500   12.820070   0.018470
1867.325094   12.821810   0.019110
1867.334502   12.819440   0.019520
1867.344482   12.835320   0.020450
1867.354030   12.819890   0.020210
1867.363492   12.828450   0.023280
1867.372735   12.833160   0.021310
1867.382212   12.814900   0.021770
1867.391671   12.818070   0.024370
1867.401392   12.827700   0.023110
1867.410805   12.825320   0.022460
1867.420288   12.829070   0.027210
1867.429722   12.819280   0.028870
1867.439192   12.808980   0.026970
1867.448574   12.835060   0.029450
1867.456168   12.814480   0.027210
1867.463320   12.838490   0.028070
1867.469421   12.820630   0.028000
1867.473939   12.833600   0.023040
1867.478291   12.819870   0.021250
1867.481655   12.815170   0.021420
1867.484335   12.830830   0.023440
1867.486951   12.813550   0.023150
1867.488639   12.830100   0.024140
1867.490315   12.839250   0.025580
1867.492002   12.833670   0.025000
1867.493724   12.820880   0.023160
1868.197661   12.815290   0.027620
1868.207123   12.825630   0.028470
1868.216495   12.807370   0.035730
1868.225986   12.830350   0.033260
1868.235811   12.828110   0.037260
1868.245580   12.840720   0.036630
1868.255259   12.822650   0.038480
1868.264815   12.853060   0.038750
1868.274279   12.819570   0.043720
1868.283929   12.823870   0.037420
1868.293537   12.836910   0.054980
1868.303104   12.781990   0.064730
1868.312574   12.824340   0.063000
1868.322548   12.820600   0.043210
1868.332083   12.849730   0.043190
1868.341800   12.831370   0.043900
1868.351466   12.862160   0.056920
1868.360837   12.815450   0.057480
1868.370659   12.822650   0.051200
1868.380417   12.828260   0.053900
1868.390367   12.846490   0.049320
1868.399668   12.847810   0.051100
1868.409622   12.777920   0.053660
1868.419023   12.842430   0.051870
1868.428372   12.824660   0.051870
1868.437691   12.817080   0.056830
1868.446987   12.839790   0.058840
1868.454949   12.851350   0.059160
1868.461066   12.840510   0.054420
1868.467151   12.809130   0.062020
1868.471440   12.822250   0.063750
1868.475710   12.840550   0.072990
1868.479187   12.777530   0.073610
1868.481793   12.825890   0.069040
1868.484421   12.781810   0.067850
1868.486154   12.851270   0.067440
1868.487874   12.844340   0.070040
1868.489584   12.854030   0.067970
1868.491280   12.885840   0.076040
1868.552972   12.797350   0.105690
1868.562396   12.912850   0.098400
1869.239644   12.807940   0.078710
1869.249027   12.782890   0.085080
1869.258676   12.796370   0.091420
1869.268460   12.786540   0.104990
1869.278238   12.762670   0.111860
1869.287800   12.892850   0.121950
1869.297392   12.784540   0.118300
1869.307117   12.839210   0.110710
1870.219778   12.840810   0.018480
1870.229270   12.830780   0.018880
1870.238762   12.836360   0.020670
1870.248135   12.816280   0.019750
1870.257691   12.848960   0.022580
1870.267266   12.827510   0.021300
1870.276950   12.832280   0.021590
1870.286498   12.827260   0.022110
1870.295849   12.831980   0.020730
1870.305565   12.829880   0.022000
1870.315197   12.813530   0.024200
1870.325274   12.821250   0.024540
1870.335174   12.837870   0.023500
1870.344892   12.836150   0.025240
1870.354573   12.856840   0.028520
1870.364104   12.841640   0.038460
1870.373603   12.846530   0.035390
1870.383600   12.830320   0.040260
1870.393243   12.850960   0.054170
1870.402820   12.797910   0.069800
1870.412418   12.859080   0.066690
1870.421719   12.815800   0.065510
1870.431056   12.822370   0.068860
1870.440608   12.851160   0.057980
1870.448993   12.854080   0.050020
1870.456179   12.848870   0.049670
1870.461756   12.814820   0.064350
1870.466593   12.822900   0.068210
1870.470290   12.844300   0.064140
1870.474034   12.810670   0.070130
1870.476825   12.822000   0.080380
1870.478569   12.832160   0.077160
1870.480341   12.839150   0.069420
1870.482097   12.847460   0.072980
1870.483838   12.861460   0.077200
1870.485602   12.855840   0.077770
1871.136689   12.826480   0.021880
1871.146179   12.828300   0.021370
1871.155384   12.834930   0.020960
1871.164955   12.822480   0.023740
1871.174269   12.848150   0.022630
1871.183469   12.836830   0.023970
1871.192872   12.839670   0.022400
1871.202392   12.844400   0.024090
1871.211789   12.883210   0.023690
1871.221273   12.838230   0.027550
1871.230922   12.826520   0.024720
1871.240394   12.838920   0.023440
1871.250018   12.817680   0.024830
1871.259511   12.815810   0.024420
1871.269122   12.824800   0.024720
1871.278903   12.820720   0.023960
1871.288648   12.828370   0.026390
1871.298226   12.820080   0.025110
1871.307789   12.831800   0.027380
1871.317562   12.800670   0.028250
1871.327342   12.801670   0.028410
1871.337079   12.808970   0.030890
1871.346725   12.832890   0.033680
1871.356495   12.812390   0.030620
1871.366277   12.812200   0.034650
1871.375944   12.854970   0.034070
1871.385808   12.842490   0.037990
1871.395399   12.813900   0.039460
1871.404882   12.832570   0.047320
1871.414342   12.836600   0.046730
1871.423744   12.816180   0.043060
1871.433495   12.810290   0.044730
1871.442405   12.825650   0.042210
1871.449670   12.836700   0.044000
1871.455742   12.833520   0.043830
1871.461191   12.839780   0.048150
1871.465968   12.820200   0.046480
1871.469461   12.837210   0.047850
1871.472994   12.832100   0.044590
1871.476070   12.840870   0.044940
1871.477819   12.824590   0.042130
1871.479709   12.791340   0.043930
1871.481438   12.841870   0.045200
1871.550420   12.833890   0.050060
1871.559908   12.846250   0.048610
1871.569340   12.861260   0.055790
1871.578835   12.783320   0.059530
1871.588334   12.807630   0.061870
1871.597765   12.836800   0.079400
1871.607264   12.841840   0.081500
1871.616819   12.757410   0.089200
1871.626401   12.845100   0.099700
1872.324463   12.807230   0.024310
1872.334315   12.830670   0.025700
1872.344041   12.817960   0.025410
1872.353623   12.815950   0.026270
1872.363427   12.822290   0.024950
1872.373279   12.830980   0.024890
1872.383099   12.830440   0.025290
1872.392766   12.824390   0.024650
1872.402203   12.819830   0.025350
1872.412032   12.833840   0.027570
1872.421585   12.837440   0.027670
1872.431130   12.830630   0.029710
1872.439874   12.830210   0.029110
1872.447517   12.828540   0.030110
1872.454162   12.829510   0.031600
1872.459603   12.845070   0.033900
1872.463903   12.797230   0.033960
1872.467716   12.822130   0.032450
1872.470496   12.833930   0.032930
1872.473152   12.809260   0.033770
1872.474857   12.835440   0.034590
1872.476617   12.841360   0.033950
1872.478370   12.834480   0.034410
1872.480228   12.827560   0.034530
1872.541663   12.826330   0.044200
1872.550845   12.821140   0.045460
1872.560270   12.852950   0.045840
1872.569828   12.845550   0.050640
1872.579400   12.774290   0.052570
1872.588943   12.824810   0.058120
1872.598488   12.841800   0.065190
1872.608116   12.791730   0.065600
1872.617527   12.758130   0.081760
1872.627101   12.956080   0.110170
1873.229437   12.826810   0.027310
1873.238826   12.836590   0.029340
1873.248403   12.839570   0.028180
1873.258009   12.818180   0.028530
1873.267456   12.832920   0.029330
1873.276959   12.815840   0.030410
1873.286788   12.796680   0.030960
1873.296275   12.824630   0.031730
1873.305896   12.813600   0.035240
1873.315548   12.814670   0.034190
1873.325684   12.825450   0.035470
1873.335346   12.819330   0.037340
1873.344943   12.810390   0.038180
1873.354842   12.823010   0.037340
1873.364691   12.844380   0.043090
1873.374458   12.821710   0.039460
1873.383960   12.801680   0.036340
1873.393856   12.843700   0.036900
1873.403606   12.828050   0.040000
1873.413210   12.843980   0.041360
1873.422938   12.862170   0.042850
1873.432622   12.845230   0.039950
1873.441010   12.808880   0.036740
1873.447044   12.849550   0.034470
1873.453044   12.836730   0.036850
1873.457630   12.813240   0.036800
1873.462090   12.813360   0.038300
1873.465548   12.830390   0.037190
1873.468261   12.824060   0.037700
1873.470892   12.825530   0.042390
1873.472722   12.828430   0.037990
1873.474437   12.814050   0.038410
1873.476606   12.851460   0.055190
1873.539305   12.811330   0.067400
1873.548852   12.798810   0.105000
1873.558313   12.806430   0.087610
1873.567696   12.763220   0.085540
1873.577180   12.834390   0.098560
1873.586745   12.822670   0.084340
1873.596227   12.906350   0.112540
1873.605773   12.846320   0.110560
1873.615321   12.838510   0.109290
1873.624816   12.775440   0.107740
1874.032527   12.812230   0.018710
1874.041923   12.852670   0.020040
1874.051714   12.830770   0.019920
1874.061193   12.834400   0.019460
1874.070741   12.823300   0.021020
1874.080230   12.839240   0.020610
1874.089638   12.829280   0.020150
1874.098984   12.826330   0.021360
1874.108441   12.818030   0.020380
1874.117749   12.816740   0.021420
1874.127103   12.825720   0.022120
1874.136654   12.807760   0.021950
1874.145982   12.828690   0.022520
1874.155173   12.829630   0.024540
1874.164605   12.829070   0.026580
1874.174153   12.838480   0.031370
1874.183645   12.839730   0.040800
1874.193053   12.804840   0.053080
1874.202515   12.807150   0.055330
1874.212179   12.816020   0.063830
1874.222051   12.826590   0.051460
1874.593715   12.746910   0.097980
1874.603390   12.764830   0.094300
1874.613039   12.831200   0.110770
1876.992585   12.813580   0.020150
1877.002277   12.821500   0.020840
1877.012009   12.831540   0.022650
1877.021623   12.834380   0.021490
1877.031340   12.833400   0.023640
1877.041094   12.826000   0.023040
1877.050632   12.836040   0.020090
1877.060512   12.811690   0.021020
1877.070280   12.820450   0.022240
1877.080037   12.816310   0.021540
1877.089835   12.825950   0.021830
1877.099542   12.832570   0.022300
1877.109324   12.846650   0.026700
1877.119234   12.815220   0.026880
1877.128562   12.821750   0.024990
1877.137988   12.835690   0.024080
1877.147449   12.824730   0.029390
1877.157081   12.811690   0.026970
1877.166514   12.815290   0.025420
1877.175811   12.814570   0.024430
1877.185180   12.828600   0.026340
1877.194638   12.834600   0.024740
1877.204359   12.837630   0.024020
1877.213829   12.806390   0.023960
1877.223290   12.808320   0.024950
1877.232928   12.817260   0.024900
1877.242583   12.821730   0.026770
1877.252102   12.830000   0.026870
1877.261424   12.825380   0.028580
1877.271317   12.815350   0.025060
1877.280810   12.834380   0.023210
1877.290913   12.792470   0.026900
1877.300784   12.832550   0.030210
1877.310552   12.803920   0.025350
1877.320329   12.836910   0.028780
1877.330019   12.839280   0.026620
1877.339609   12.840320   0.023280
1877.349339   12.820780   0.026810
1877.359563   12.812030   0.023340
1877.369289   12.827620   0.027720
1877.379166   12.836770   0.025290
1877.389199   12.828390   0.029810
1877.398748   12.801990   0.031650
1877.408188   12.819760   0.031150
1877.417610   12.829260   0.029910
1877.426444   12.822700   0.026850
1877.433416   12.831940   0.029220
1877.439426   12.823840   0.033580
1877.444578   12.801200   0.032620
1877.449101   12.814580   0.027860
1877.452622   12.832220   0.032760
1877.456119   12.830710   0.030020
1877.458826   12.843640   0.028690
1877.460660   12.818970   0.029790
1877.462441   12.815330   0.029340
1877.464144   12.803610   0.029450
1877.465872   12.836530   0.032400
1877.528546   12.826710   0.038740
1877.538164   12.821680   0.040590
1877.547759   12.882110   0.045500
1877.557433   12.835280   0.044190
1877.566991   12.835200   0.046130
1877.956588   12.818860   0.031250
1877.966360   12.813270   0.029180
1877.975795   12.826530   0.022980
1877.985575   12.837530   0.020610
1877.995071   12.815850   0.019400
1878.004964   12.828310   0.019170
1878.014335   12.818260   0.020670
1878.023915   12.827190   0.017250
1878.033403   12.822140   0.019110
1878.042881   12.838260   0.018770
1878.052477   12.812290   0.021310
1878.062202   12.825750   0.020670
1878.072038   12.820170   0.021430
1878.081838   12.824460   0.021820
1878.091595   12.810420   0.020560
1878.101204   12.832460   0.021130
1878.111056   12.806560   0.022070
1878.120475   12.823310   0.022110
1878.129972   12.825280   0.024250
1878.139452   12.816890   0.027310
1878.148981   12.808400   0.045690
1878.158293   12.809770   0.042130
1878.167692   12.821840   0.024600
1878.177309   12.833350   0.023730
1878.186872   12.822100   0.030140
1878.196273   12.827920   0.029560
1878.206054   12.849760   0.034140
1878.215833   12.822340   0.035970
1878.225557   12.826400   0.037840
1878.235117   12.804650   0.031200
1878.244657   12.832000   0.031180
1878.254352   12.804790   0.033490
1878.263984   12.835560   0.036260
1878.273770   12.802710   0.036890
1878.283405   12.805030   0.039210
1878.293079   12.819710   0.038070
1878.302887   12.803160   0.051360
1878.312828   12.816990   0.051350
1878.322431   12.835970   0.048920
1878.332111   12.827490   0.052090
1878.342126   12.807950   0.038120
1878.351898   12.799680   0.041020
1878.361666   12.826880   0.039380
1878.371492   12.841350   0.041930
1878.381052   12.807670   0.044700
1878.390611   12.787730   0.036350
1878.400035   12.810940   0.043090
1878.409523   12.809390   0.041410
1878.419250   12.824240   0.044880
1878.427139   12.817250   0.046610
1878.434256   12.825760   0.038440
1878.439734   12.813510   0.049350
1878.444205   12.863900   0.039320
1878.448555   12.820380   0.037190
1878.452064   12.826850   0.046210
1878.454721   12.790280   0.046130
1878.457364   12.817970   0.045550
1878.459093   12.808240   0.045760
1878.460943   12.824150   0.046910
1878.463071   12.836680   0.066240
1878.523903   12.814060   0.049880
1878.533380   12.823120   0.049910
1878.542754   12.807810   0.048270
1878.552323   12.815720   0.051870
1878.561961   12.839800   0.060420
1878.571685   12.817010   0.081680
1878.581234   12.826020   0.073670
1878.590773   12.816240   0.079400
1878.600390   12.799570   0.098420
1878.885725   12.859450   0.058850
1878.896259   12.859700   0.052270
1878.907039   12.851060   0.046300
1878.917827   12.845940   0.044760
1878.928636   12.819670   0.044170
1878.939490   12.814270   0.038620
1878.950209   12.815520   0.031870
1878.960985   12.832690   0.030430
1878.971663   12.817700   0.028410
1878.982256   12.808160   0.028520
1878.992862   12.817110   0.027250
1879.003349   12.819470   0.029920
1879.014056   12.817930   0.029500
1879.024781   12.828840   0.030250
1879.035403   12.839860   0.033890
1879.046338   12.821400   0.034030
1879.056998   12.812500   0.034880
1879.067120   12.817110   0.035220
1879.077625   12.833060   0.035220
1879.087804   12.838340   0.036490
1879.097718   12.830740   0.039670
1879.108265   12.810270   0.041860
1879.118677   12.807360   0.045050
1879.128946   12.820190   0.036140
1879.138951   12.854020   0.043330
1879.148948   12.803430   0.049450
1879.158753   12.806750   0.050350
1879.168681   12.790610   0.051240
1879.178653   12.807310   0.052280
1879.188532   12.829720   0.054410
1879.198658   12.833120   0.054480
1879.208980   12.828920   0.056940
1879.219105   12.836900   0.056600
1879.229198   12.815960   0.055880
1879.239692   12.874670   0.059430
1879.249885   12.856830   0.054250
1879.259988   12.868410   0.056610
1879.270136   12.827560   0.052800
1879.279998   12.839510   0.043780
1879.290256   12.872960   0.051440
1879.300321   12.899170   0.051870
1879.310604   12.915520   0.051790
1879.321132   12.899190   0.051860
1879.331398   12.908600   0.053680
1879.341711   12.883680   0.052990
1879.352168   12.886000   0.055640
1879.362239   12.892190   0.054740
1879.372581   12.886330   0.055720
1879.383093   12.786050   0.030900
1879.393142   12.847760   0.056890
1879.403333   12.813650   0.059470
1879.413718   12.856550   0.059770
1879.422210   12.837610   0.062760
1879.430290   12.805670   0.064520
1879.436891   12.809170   0.065990
1879.441492   12.881320   0.068940
1879.445571   12.813090   0.069930
1879.449457   12.834930   0.071990
1879.452342   12.755840   0.058630
1879.454194   12.851440   0.072650
1879.456055   12.834680   0.057920
1879.457932   12.859770   0.074550
1879.460282   12.851760   0.106070
1879.524043   12.791860   0.086760
1879.534146   12.839560   0.093370
1879.544253   12.884960   0.093920
1879.554321   12.900490   0.056600
1879.564508   12.895410   0.100670
1879.574677   12.816410   0.099020
1879.584814   12.804340   0.100630
1879.594935   12.849210   0.104680
1879.605121   12.832810   0.112430
1879.615186   12.799540   0.117550
1879.625350   12.849460   0.128620
1879.885631   12.733780   0.073110
1879.895153   12.812980   0.056330
1879.904711   12.803490   0.043820
1879.914664   12.817770   0.036030
1879.924232   12.844550   0.030550
1879.933937   12.805230   0.026390
1879.943742   12.833490   0.023320
1879.953255   12.818900   0.021190
1879.962965   12.817110   0.019690
1879.972299   12.830510   0.019570
1879.982133   12.815480   0.019920
1879.991480   12.820580   0.021480
1880.001350   12.821270   0.022410
1880.010995   12.804320   0.023970
1880.020489   12.839180   0.023860
1880.030167   12.822030   0.024420
1880.040004   12.817470   0.023100
1880.050020   12.828520   0.024030
1880.059700   12.828640   0.024310
1880.069635   12.818310   0.024310
1880.079469   12.835180   0.026460
1880.089000   12.799870   0.024940
1880.098524   12.798660   0.025750
1880.108072   12.814820   0.028430
1880.117530   12.817610   0.025110
1880.127140   12.812490   0.026860
1880.200091   12.819870   0.028240
1880.209735   12.844430   0.031290
1880.219431   12.829140   0.029230
1880.229324   12.830050   0.026790
1880.238989   12.801070   0.026960
1880.248836   12.811370   0.026680
1880.258298   12.829140   0.027650
1880.267686   12.834960   0.028640
1880.277275   12.823140   0.028760
1880.286928   12.836960   0.034580
1880.306613   12.838520   0.029500
1880.369120   12.821390   0.028000
1880.684731   12.813920   0.092130
1880.693935   12.839960   0.084590
1880.703424   12.902210   0.102650
1880.712965   12.803700   0.124770
1880.967707   12.837880   0.028870
1880.977730   12.827290   0.030740
1880.987626   12.825220   0.025000
1880.997175   12.826250   0.023790
1881.007352   12.818850   0.024250
1881.017262   12.824590   0.025250
1881.027023   12.826250   0.026850
1881.036583   12.844390   0.026110
1881.046307   12.849910   0.027030
1881.055914   12.822440   0.031200
1881.065565   12.819780   0.029760
1881.075352   12.855510   0.032810
1881.085120   12.857130   0.029720
1881.094964   12.802760   0.027540
1881.104801   12.815840   0.024450
1881.114937   12.811010   0.034420
1881.124474   12.822630   0.028870
1881.134326   12.826480   0.032340
1881.143810   12.819730   0.025170
1881.153419   12.830300   0.032390
1881.163015   12.826120   0.028700
1881.171357   12.835800   0.025930
1881.180981   12.830260   0.027030
1881.190627   12.822590   0.022810
1881.200550   12.831150   0.025120
1881.210473   12.837710   0.026850
1881.220305   12.829210   0.028580
1881.230199   12.822900   0.028240
1881.239668   12.817360   0.029100
1881.249328   12.816530   0.028700
1881.258917   12.819330   0.028870
1881.268352   12.842390   0.030020
1881.278189   12.809300   0.029100
1881.288137   12.820160   0.029790
1881.297680   12.801170   0.029680
1881.307337   12.827690   0.031120
1881.317394   12.824910   0.032220
1881.327336   12.806690   0.032450
1881.337373   12.820410   0.033550
1881.347129   12.866300   0.034350
1881.357110   12.839660   0.034180
1881.366722   12.826470   0.035280
1881.376276   12.829890   0.035290
1881.386104   12.815810   0.036610
1881.395996   12.826940   0.037240
1881.405772   12.810290   0.038570
1881.414838   12.822450   0.038220
1881.422098   12.820140   0.039230
1881.428287   12.813460   0.038280
1881.433496   12.811020   0.040540
1881.437835   12.855500   0.041050
1881.441542   12.813180   0.041940
1881.445078   12.829160   0.044630
1881.447777   12.852040   0.042690
1881.449541   12.828400   0.043660
1881.451276   12.821680   0.044120
1881.453055   12.805580   0.044260
1881.455245   12.821400   0.062500
1881.512259   12.840260   0.046870
1881.522032   12.838630   0.053780
1881.531584   12.828860   0.053980
1881.541053   12.814480   0.052450
1881.550943   12.830240   0.051580
1881.560601   12.849480   0.056010
1881.570473   12.834670   0.053360
1881.580253   12.837570   0.060450
1881.589860   12.829570   0.057410
1881.599577   12.830400   0.064290
1881.609472   12.827420   0.057640
1881.619114   12.819040   0.069990
1881.628942   12.808850   0.074570
1881.638590   12.769330   0.076590
1881.648351   12.852890   0.082920
1881.816745   12.838000   0.101990
1881.826319   12.765610   0.102900
1881.835921   12.906950   0.080550
1881.845731   12.800560   0.061590
1881.855252   12.861480   0.054770
1881.864967   12.783130   0.048500
1881.874874   12.822840   0.045030
1881.884546   12.832190   0.038220
1881.894462   12.844900   0.034240
1881.904494   12.829240   0.030020
1881.914271   12.818090   0.029390
1881.923884   12.813830   0.029160
1881.933466   12.812170   0.027190
1881.943231   12.808560   0.027830
1881.952875   12.790300   0.034760
1881.962633   12.834260   0.038920
1881.972149   12.837230   0.041530
1881.982098   12.836950   0.043590
1881.992169   12.835590   0.055490
1882.001889   12.802450   0.059990
1882.011594   12.804430   0.065390
1882.021627   12.782730   0.046910
1882.031644   12.786480   0.055060
1882.041324   12.841880   0.051860
1882.051198   12.789650   0.046320
1882.060871   12.831520   0.049380
1882.070527   12.807750   0.089440
1882.080330   12.833040   0.037100
1882.090096   12.880450   0.082690
1882.099492   12.909320   0.101900
1882.109365   12.823240   0.064050
1882.121972   12.813310   0.055670
1882.131558   12.798230   0.042880
1882.141120   12.830500   0.065570
1882.150540   12.832550   0.044400
1882.160119   12.833280   0.046330
1882.169652   12.786810   0.046220
1882.179008   12.832390   0.047000
1882.188466   12.829910   0.054600
1882.198063   12.834660   0.065920
1882.208031   12.832240   0.120760
1882.217722   12.789910   0.092760
1882.227231   12.808350   0.081350
1882.236839   12.786580   0.079760
1882.246327   12.780890   0.111870
1882.256107   12.769480   0.106870
1882.266006   12.927070   0.121350
1882.275585   12.867530   0.094180
1882.285301   12.808070   0.095390
1882.295361   12.830470   0.088170
1882.305067   12.781230   0.113350
1882.325032   12.835040   0.082910
1882.334886   12.759380   0.072870
1882.344919   12.905950   0.091820
1882.354771   12.740380   0.096140
1882.364587   12.915060   0.079230
1882.374737   12.865700   0.084070
1883.093660   12.821000   0.033970
1883.103366   12.839890   0.059510
1883.112818   12.830740   0.036440
1883.122237   12.816520   0.045070
1883.131900   12.860700   0.036320
1883.141295   12.811440   0.041070
1883.150882   12.783270   0.040420
1883.160374   12.815880   0.045450
1883.169871   12.815220   0.045670
1883.179271   12.814340   0.037820
1883.188727   12.819450   0.037130
1883.198404   12.808350   0.046110
1883.207904   12.805000   0.042850
1883.217549   12.836870   0.045240
1883.226897   12.829020   0.045560
1883.236210   12.808370   0.044350
1883.245790   12.826430   0.045460
1883.255334   12.843820   0.046480
1883.265175   12.904020   0.047810
1883.274780   12.783340   0.048160
1883.284849   12.822080   0.068920
1883.294394   12.858390   0.071880
1883.304305   12.831280   0.068910
1883.314080   12.860320   0.084720
1883.323720   12.836130   0.065430
1883.333437   12.881280   0.055660
1883.343435   12.808730   0.060130
1883.353548   12.858530   0.067400
1883.363493   12.869810   0.052470
1883.373027   12.858670   0.055900
1883.382657   12.841100   0.061080
1883.392439   12.825320   0.053860
1883.402040   12.824870   0.053590
1883.410061   12.847150   0.060450
1883.417485   12.841610   0.062870
1883.423677   12.866750   0.060580
1883.428949   12.838240   0.060650
1883.433300   12.805810   0.075160
1883.436812   12.832610   0.060850
1883.440325   12.840060   0.069810
1883.443180   12.840520   0.061520
1883.444926   12.824740   0.069470
1883.446707   12.856180   0.058190
1883.448508   12.837780   0.057740
1883.507335   12.820170   0.069290
1883.517022   12.845280   0.066560
1883.526655   12.861620   0.073290
1883.536232   12.793300   0.082850
1883.545818   12.832970   0.084320
1883.555341   12.870200   0.084230
1883.565051   12.768830   0.080200
1883.574608   12.892690   0.082750
1883.584302   12.826540   0.079740
1883.593915   12.812930   0.070450
1884.099534   12.832730   0.018190
1884.109140   12.838530   0.017960
1884.118686   12.829930   0.022060
1884.128292   12.810390   0.027900
1884.137551   12.839130   0.020390
1884.147279   12.835370   0.023100
1884.156774   12.807020   0.023900
1884.166197   12.823750   0.028440
1884.175960   12.815540   0.028940
1884.185414   12.825660   0.024600
1884.194977   12.825850   0.021190
1884.204574   12.823890   0.022860
1884.214174   12.818120   0.021140
1884.223839   12.845280   0.022990
1884.233272   12.827870   0.032630
1884.242628   12.813770   0.019170
1884.252195   12.812840   0.018820
1884.261682   12.807090   0.019280
1884.271201   12.819510   0.019280
1884.280876   12.813740   0.020850
1884.290846   12.815060   0.022630
1884.300573   12.797890   0.024420
1884.310420   12.844640   0.035530
1884.320206   12.810180   0.023380
1884.330156   12.822650   0.023900
1884.340081   12.818290   0.028710
1884.350052   12.822200   0.028000
1884.360119   12.810970   0.023500
1884.370060   12.821180   0.023900
1884.379738   12.832250   0.026040
1884.389528   12.813980   0.020550
1884.399065   12.797840   0.021310
1884.406881   12.811770   0.024020
1884.413865   12.835510   0.029100
1884.420368   12.830980   0.031900
1884.425635   12.816310   0.022350
1884.430150   12.803970   0.020210
1884.433678   12.819340   0.022870
1884.437202   12.825670   0.022750
1884.439908   12.809460   0.023730
1884.441669   12.815760   0.023100
1884.443407   12.810930   0.022460
1884.445186   12.814260   0.021540
1884.446926   12.840730   0.030040
1884.503638   12.827330   0.020670
1884.513187   12.826530   0.024530
1884.522993   12.834260   0.020730
1884.532900   12.825450   0.018940
1884.542819   12.818200   0.022770
1884.552706   12.826200   0.028340
1884.562458   12.813570   0.017490
1884.572213   12.830450   0.021450
1884.581820   12.837000   0.018360
1884.591479   12.808490   0.022930
1884.600983   12.817920   0.020560
1884.610820   12.818630   0.019290
1884.886961   12.812910   0.048210
1884.896459   12.862600   0.052170
1884.906042   12.861470   0.046950
1884.915643   12.886040   0.064200
1884.925737   12.832330   0.043190
1884.935570   12.762710   0.062410
1884.945448   12.787250   0.048540
1884.954875   12.822080   0.055890
1884.964329   12.791160   0.046610
1884.974229   12.792310   0.061530
1884.983546   12.803020   0.059650
1884.993441   12.808370   0.055270
1885.003341   12.822830   0.049960
1885.013229   12.814630   0.058160
1885.022911   12.800730   0.057160
1885.032502   12.816140   0.066780
1885.042137   12.822510   0.065630
1885.052183   12.804910   0.063410
1885.061957   12.807080   0.079530
1885.071678   12.790710   0.078660
1885.081285   12.745810   0.094650
1885.090973   12.819270   0.083190
1885.100847   12.795900   0.081760
1885.278794   12.830150   0.043500
1885.288696   12.860380   0.059740
1885.298475   12.839490   0.047820
1885.308250   12.885710   0.044580
1885.318087   12.819390   0.047850
1885.328301   12.814010   0.055320
1885.338173   12.852430   0.091020
1885.347960   12.807770   0.073500
1885.357853   12.865600   0.080500
1885.367578   12.858950   0.089300
1885.377344   12.866800   0.102380
1885.386938   12.877190   0.110490
1885.396599   12.837890   0.080890
1885.404395   12.819210   0.076390
1885.411445   12.800180   0.083750
1885.417511   12.805110   0.094780
1885.422892   12.824550   0.097330
1885.427461   12.832740   0.092000
1885.430989   12.810850   0.063220
1885.434637   12.807500   0.080280
1885.437356   12.830000   0.086920
1885.439093   12.847560   0.079720
1885.440855   12.828450   0.082370
1885.442624   12.855690   0.079600
1885.444416   12.830260   0.083490
1885.502228   12.862800   0.089920
1885.511985   12.795820   0.107050
1885.521821   12.800800   0.086330
1885.531512   12.869190   0.085940
1885.541243   12.894780   0.091980
1885.551133   12.790160   0.076120
1885.560860   12.813290   0.074080
1885.570601   12.836720   0.075100
1885.580236   12.754620   0.088110
1885.590133   12.833240   0.067640
1886.072366   12.819850   0.017040
1886.082057   12.815830   0.018360
1886.091456   12.825730   0.019110
1886.101064   12.809000   0.019630
1886.110701   12.811870   0.019400
1886.120214   12.806800   0.019520
1886.129544   12.811280   0.020330
1886.138882   12.803820   0.020960
1886.148233   12.804890   0.020670
1886.157943   12.812890   0.021710
1886.167550   12.816490   0.024740
1886.177101   12.801300   0.024310
1886.186997   12.814300   0.025750
1886.196609   12.797360   0.027140
1886.206153   12.808170   0.029850
1886.215757   12.805880   0.031360
1886.225422   12.812870   0.041510
1886.234829   12.777350   0.041630
1886.244630   12.774580   0.041520
1886.254426   12.803400   0.030560
1886.263771   12.815000   0.025240
1886.273578   12.818720   0.042290
1886.283270   12.820800   0.024540
1886.293134   12.806620   0.025520
1886.303115   12.808300   0.029510
1886.312914   12.798590   0.026620
1886.322818   12.794630   0.027380
1886.332859   12.788400   0.027430
1886.342543   12.795000   0.026210
1886.352534   12.818680   0.026960
1886.362281   12.801920   0.029160
1886.372003   12.797020   0.030200
1886.381496   12.782860   0.030430
1886.391198   12.809450   0.034620
1886.399994   12.787340   0.035000
1886.408171   12.840690   0.034530
1886.414363   12.822310   0.041520
1886.419581   12.856140   0.043310
1886.423873   12.826600   0.040710
1886.427459   12.858610   0.038460
1886.431086   12.853960   0.038460
1886.433748   12.832680   0.044140
1886.435540   12.831480   0.049370
1886.437293   12.831550   0.040760
1886.439058   12.860810   0.041950
1886.441348   12.823630   0.088690
