1863.169882   14.779790   0.116890
1863.179028   14.828600   0.129120
1863.187958   14.784010   0.078000
1863.197263   14.782450   0.127670
1863.206453   14.721300   0.119370
1863.251898   14.810210   0.081100
1863.260825   14.766360   0.075700
1863.279076   14.769080   0.072100
1863.288341   14.805170   0.107300
1863.297662   14.765600   0.129230
1863.306748   14.717620   0.107340
1863.344339   14.749110   0.113330
1863.354116   14.755710   0.076900
1863.363511   14.843020   0.126870
1863.372640   14.858800   0.120580
1863.381795   14.805570   0.119230
1863.391577   14.765170   0.125970
1863.400670   14.856870   0.132700
1863.419338   14.695510   0.106350
1864.122118   14.759230   0.096120
1864.131139   14.779850   0.099010
1864.140349   14.790570   0.120390
1864.149328   14.748780   0.113960
1864.158727   14.744580   0.103530
1864.168077   14.727670   0.125200
1864.177441   14.785180   0.105290
1864.186471   14.728220   0.104680
1864.195786   14.790810   0.129050
1864.204761   14.793550   0.118730
1864.213956   14.781540   0.110880
1864.223275   14.791060   0.109780
1864.232312   14.775530   0.128180
1864.241734   14.842480   0.129150
1864.250994   14.802510   0.116600
1864.260292   14.820750   0.130860
1864.269452   14.843530   0.118720
1864.278712   14.704600   0.123420
1864.288040   14.731300   0.127270
1864.297228   14.776130   0.128100
1864.306786   14.801760   0.126090
1864.315982   14.742400   0.127250
1864.325240   14.803470   0.134090
1864.334830   14.803440   0.127650
1865.102847   14.894050   0.073100
1865.112265   14.775140   0.075800
1865.180915   14.780900   0.104340
1865.189934   14.803110   0.082970
1865.199137   14.823450   0.106180
1865.208040   14.785340   0.082340
1865.217207   14.786850   0.120500
1865.226382   14.744830   0.114040
1865.235932   14.760650   0.116400
1865.245886   14.788100   0.123380
1865.255707   14.737200   0.097600
1865.285892   14.758360   0.116540
1865.306185   14.731130   0.126930
1865.316145   14.811850   0.128630
1866.165339   14.794850   0.085820
1866.174723   14.763720   0.088570
1866.184057   14.769270   0.093280
1866.193410   14.796790   0.092070
1866.202706   14.828140   0.098090
1866.212035   14.801010   0.095140
1866.221409   14.814610   0.092550
1866.230791   14.813880   0.097010
1866.240551   14.740140   0.092890
1866.250004   14.744350   0.093960
1866.259354   14.831750   0.100580
1867.193045   14.771340   0.067260
1867.202355   14.803760   0.070790
1867.211516   14.782400   0.071380
1867.220585   14.791280   0.076280
1867.230131   14.767290   0.072670
1867.239707   14.792680   0.075890
1867.249230   14.754860   0.074870
1867.258785   14.808000   0.075890
1867.268385   14.809640   0.079530
1867.277702   14.758660   0.078990
1867.287153   14.831490   0.076230
1867.296854   14.717640   0.080490
1867.306121   14.739070   0.080900
1867.315500   14.794380   0.084710
1867.325094   14.734910   0.084330
1867.334502   14.741000   0.085140
1867.344482   14.815510   0.092840
1867.354030   14.857670   0.095540
1867.363492   14.812020   0.106740
1867.372735   14.772590   0.094870
1867.382212   14.764260   0.096320
1867.391671   14.766420   0.108280
1867.401392   14.859760   0.108260
1867.410805   14.789460   0.100790
1867.420288   14.777490   0.114080
1867.429799   14.821340   0.106850
1867.439192   14.784000   0.123970
1867.448574   14.783140   0.130510
1867.456168   14.818570   0.121890
1867.463320   14.893960   0.122660
1867.469421   14.733110   0.121950
1867.473939   14.776610   0.100100
1867.478291   14.729950   0.091360
1867.481655   14.805540   0.095450
1867.484335   14.871780   0.113310
1867.486951   14.768990   0.102050
1867.488639   14.854080   0.110980
1867.490315   14.862770   0.115830
1867.492002   14.825440   0.108850
1867.493724   14.812960   0.107370
1868.197661   14.798300   0.121770
1868.207046   14.784730   0.095960
1870.219778   14.787330   0.083840
1870.229270   14.741740   0.083140
1870.238762   14.833930   0.095430
1870.248135   14.799180   0.091820
1870.257691   14.778910   0.100160
1870.267266   14.760470   0.095230
1870.276950   14.711450   0.094460
1870.286498   14.754990   0.096200
1870.295849   14.795530   0.091450
1870.305565   14.794010   0.099620
1870.315197   14.841880   0.111790
1870.325274   14.797510   0.112510
1870.335174   14.768310   0.100830
1870.344892   14.810190   0.113970
1870.354573   14.741810   0.118970
1871.136689   14.731920   0.098370
1871.146179   14.755400   0.092920
1871.155384   14.784240   0.094760
1871.164955   14.754480   0.101610
1871.174269   14.781310   0.103720
1871.183469   14.830270   0.115710
1871.192872   14.798260   0.105150
1871.202392   14.865460   0.109840
1871.211865   14.711870   0.112990
1871.221273   14.755650   0.119680
1871.230922   14.852760   0.114600
1871.240394   14.779560   0.109780
1871.250018   14.768150   0.113340
1871.259511   14.764930   0.107630
1871.269122   14.802170   0.111160
1871.278903   14.787940   0.108440
1871.288648   14.735480   0.111190
1871.298226   14.774300   0.109650
1871.307789   14.851320   0.122140
1871.317562   14.862970   0.125920
1871.327342   14.736040   0.118390
1871.337079   14.710400   0.117450
1871.346725   14.862400   0.075900
1871.356419   14.794150   0.103510
1871.376020   14.757490   0.109040
1872.324463   14.859850   0.111020
1872.334315   14.812360   0.112760
1872.344041   14.888260   0.116980
1872.353623   14.834850   0.112300
1872.363427   14.773040   0.111700
1872.373279   14.733110   0.103130
1872.383099   14.876520   0.114670
1872.392766   14.813650   0.111310
1872.402203   14.812110   0.109730
1872.412032   14.854150   0.119740
1872.421585   14.802120   0.119230
1872.431206   14.733380   0.099630
1872.439797   14.895260   0.109320
1872.447517   14.825760   0.127900
1872.454162   14.902520   0.135220
1872.475010   14.705730   0.077800
1872.480381   14.742710   0.078800
1873.229437   14.712240   0.114690
1873.238826   14.787200   0.124440
1873.248403   14.817450   0.125930
1873.258009   14.694320   0.122190
1873.267533   14.764100   0.101220
1873.276959   14.792170   0.127890
1873.286864   14.732480   0.102490
1873.296275   14.693800   0.070000
1874.032527   14.735020   0.079990
1874.041923   14.772470   0.086920
1874.051714   14.746950   0.087590
1874.061193   14.781510   0.087880
1874.070741   14.759170   0.094920
1874.080230   14.823100   0.093890
1874.089638   14.789370   0.087310
1874.098984   14.784190   0.093610
1874.108441   14.769370   0.092450
1874.117749   14.795090   0.098520
1874.127103   14.798150   0.098910
1874.136654   14.722000   0.095640
1874.145982   14.856730   0.104840
1874.155173   14.755790   0.109890
1874.164605   14.745150   0.116020
1874.174000   14.742140   0.070400
1876.992585   14.748040   0.092570
1877.002277   14.739170   0.094640
1877.012009   14.820880   0.105390
1877.021623   14.782730   0.097050
1877.031340   14.750150   0.107800
1877.041094   14.905650   0.109930
1877.050632   14.769750   0.087830
1877.060512   14.706920   0.090720
1877.070280   14.731560   0.097460
1877.080037   14.810050   0.099590
1877.089835   14.777050   0.096550
1877.099542   14.895330   0.109130
1877.109401   14.787140   0.093100
1877.119234   14.780970   0.123110
1877.128562   14.743720   0.106740
1877.137988   14.875560   0.113500
1877.157158   14.858640   0.094380
1877.166514   14.760100   0.110460
1877.175811   14.795140   0.104740
1877.185103   14.877570   0.093060
1877.194638   14.766850   0.114720
1877.204359   14.859480   0.112610
1877.213829   14.717440   0.104370
1877.223290   14.764960   0.112050
1877.232928   14.723350   0.105700
1877.242583   14.782740   0.118230
1877.252255   14.830510   0.066100
1877.261424   14.798950   0.114320
1877.271317   14.778200   0.109700
1877.280810   14.823370   0.105140
1877.290913   14.831130   0.123930
1877.310552   14.809480   0.113190
1877.330019   14.832630   0.119540
1877.339609   14.812530   0.109100
1877.349339   14.753860   0.112390
1877.359563   14.793930   0.104790
1877.369213   14.800720   0.094260
1877.379166   14.756980   0.112140
1877.389046   14.714660   0.067300
1877.417610   14.809580   0.124130
1877.426444   14.822550   0.118700
1877.433416   14.793630   0.128780
1877.444425   14.740830   0.075600
1877.449101   14.894280   0.125470
1877.456119   14.834240   0.120960
1877.458826   14.805060   0.120440
1877.460660   14.755200   0.126850
1877.462441   14.821980   0.132750
1877.464144   14.796870   0.128670
1877.465949   14.763480   0.105260
1877.956435   14.649560   0.070000
1877.966360   14.744060   0.123470
1877.975795   14.754850   0.095150
1877.985575   14.795860   0.089320
1877.995071   14.716920   0.080950
1878.004964   14.747020   0.087120
1878.014335   14.793090   0.088470
1878.023915   14.751520   0.072620
1878.033403   14.762830   0.087130
1878.042881   14.767750   0.077790
1878.052477   14.711460   0.087350
1878.062202   14.806780   0.090250
1878.072038   14.757020   0.091810
1878.081838   14.792890   0.099380
1878.091595   14.804650   0.090130
1878.101204   14.734350   0.090190
1878.111056   14.791020   0.087400
1878.120475   14.794080   0.099770
1878.129972   14.775850   0.109610
1878.139452   14.816560   0.119370
1878.167692   14.747250   0.103110
1878.177309   14.798250   0.107990
1878.186872   14.808870   0.131430
1878.196273   14.815150   0.132440
1878.206054   14.772690   0.079500
1878.235117   14.818480   0.130990
1878.244504   14.836470   0.076300
1878.950362   14.828400   0.075800
1878.960908   14.746090   0.100970
1878.971663   14.771390   0.120370
1878.982256   14.797510   0.122570
1878.992862   14.834280   0.122030
1879.003349   14.804460   0.129260
1879.014056   14.726350   0.123210
1879.024781   14.773650   0.129400
1879.046262   14.657420   0.106430
1879.077472   14.694880   0.076200
1879.933937   14.899850   0.098340
1879.943742   14.819430   0.108100
1879.953255   14.808910   0.098640
1879.962965   14.835500   0.094050
1879.972299   14.784540   0.084700
1879.982133   14.791610   0.092270
1879.991480   14.830620   0.101860
1880.001350   14.754970   0.099800
1880.010995   14.834000   0.115380
1880.020489   14.839200   0.117800
1880.030167   14.838730   0.115610
1880.040004   14.790100   0.107760
1880.050020   14.887050   0.119820
1880.059700   14.799110   0.112060
1880.069635   14.756460   0.111780
1880.079469   14.811150   0.116650
1880.089000   14.752210   0.112570
1880.098524   14.820690   0.117000
1880.108072   14.881870   0.100970
1880.117530   14.844810   0.116260
1880.127140   14.770170   0.124250
1880.219355   14.749260   0.093830
1880.229324   14.829860   0.127820
1880.238989   14.809460   0.125420
1880.248836   14.811990   0.125230
1880.258298   14.761860   0.124690
1880.267686   14.784660   0.105800
1880.277351   14.752350   0.102250
1880.306536   14.807820   0.107360
1880.369120   14.743240   0.120380
1880.987626   14.824060   0.117690
1880.997175   14.768830   0.112310
1881.007352   14.801380   0.117180
1881.017262   14.822540   0.116650
1881.027023   14.769140   0.115280
1881.036583   14.748570   0.117280
1881.046307   14.819380   0.120980
1881.065411   14.762890   0.068900
1881.085120   14.832020   0.070500
1881.094964   14.785600   0.126950
1881.104801   14.827990   0.113560
1881.124321   14.674720   0.068600
1881.143810   14.791960   0.113640
1881.163168   14.712650   0.076500
1881.171357   14.728990   0.113700
1881.180981   14.772440   0.123580
1881.190627   14.781310   0.103900
1881.200550   14.800040   0.112070
1881.210473   14.812610   0.122410
1881.220305   14.789990   0.120770
1881.230199   14.788000   0.118850
1881.239668   14.829280   0.131760
1881.249328   14.800340   0.126950
1881.258917   14.775010   0.123710
1881.268352   14.816220   0.132980
1881.278113   14.841530   0.103610
1881.288137   14.825220   0.135030
1881.297680   14.799910   0.133540
1881.307414   14.783690   0.107090
1881.317547   14.769870   0.076100
1881.327337   14.701110   0.112710
1881.337220   14.716520   0.079700
1881.376123   14.659430   0.079200
1881.904417   14.806670   0.101270
1881.914271   14.896710   0.133020
1881.923884   14.791540   0.126240
1881.933466   14.759590   0.116250
1881.943231   14.846420   0.128020
1884.099534   14.752160   0.086500
1884.109140   14.810550   0.086040
1884.118686   14.851690   0.106840
1884.137551   14.835820   0.098880
1884.147279   14.821080   0.109560
1884.156774   14.846930   0.116440
1884.176037   14.804620   0.099020
1884.185338   14.768030   0.089700
1884.194977   14.885910   0.105730
1884.204574   14.917060   0.116200
1884.214174   14.790320   0.094940
1884.223915   14.804360   0.083420
1884.242628   14.762810   0.082710
1884.252195   14.752450   0.088750
1884.261682   14.685020   0.088410
1884.271201   14.715280   0.090590
1884.280876   14.762930   0.098770
1884.290846   14.818440   0.101790
1884.300573   14.764100   0.114460
1884.320206   14.823050   0.113640
1884.330156   14.760970   0.108190
1884.340158   14.689040   0.093850
1884.349976   14.787890   0.099690
1884.360119   14.746930   0.108950
1884.370060   14.865670   0.109650
1884.379738   14.780190   0.114270
1884.389528   14.749970   0.093600
1884.399065   14.807090   0.100830
1884.406881   14.779070   0.110540
1884.413865   14.813400   0.124740
1884.425635   14.714880   0.101670
1884.430150   14.783470   0.091660
1884.433678   14.792400   0.109340
1884.437202   14.769980   0.103620
1884.439908   14.757620   0.108220
1884.441669   14.806830   0.113280
1884.443407   14.773910   0.105080
1884.445186   14.748480   0.104150
1884.447079   14.743690   0.060500
1884.503638   14.719800   0.098160
1884.513187   14.793160   0.109060
1884.522993   14.798360   0.100410
1884.532900   14.763200   0.087760
1884.542819   14.796570   0.105430
1884.552782   14.728370   0.054600
1884.562458   14.814110   0.083530
1884.572213   14.837720   0.102400
1884.581820   14.766270   0.086090
1884.591479   14.797820   0.109070
1884.600983   14.851080   0.096280
1884.610820   14.790010   0.088960
1886.072366   14.814520   0.081650
1886.082057   14.814990   0.083320
1886.091456   14.793690   0.090270
1886.101064   14.760860   0.089870
1886.110701   14.765230   0.087930
1886.120214   14.824000   0.090580
1886.129544   14.753130   0.096640
1886.138882   14.781570   0.094870
1886.148233   14.746520   0.090480
1886.157943   14.829320   0.102630
1886.167550   14.823520   0.116450
1886.177101   14.861380   0.116380
1886.186997   14.848180   0.112380
1886.196533   14.819070   0.098790
1886.206077   14.766370   0.108610
1886.215757   14.811250   0.135200
1886.254273   14.794150   0.073400
1886.263771   14.795430   0.114560
1886.283270   14.789390   0.112530
1886.293134   14.824860   0.117470
1886.302962   14.756920   0.070600
1886.312914   14.766060   0.121110
1886.322818   14.804120   0.123330
1886.332858   14.843780   0.104580
1886.342543   14.799890   0.123620
1886.352534   14.822750   0.122240
1886.362281   14.769970   0.127420
1886.371926   14.711720   0.101110
1886.381496   14.771040   0.074900
