1863.169882   13.742370   0.051160
1863.179028   13.769110   0.056240
1863.188111   13.769230   0.070320
1863.197263   13.761080   0.061320
1863.206453   13.698150   0.059360
1863.215516   13.753700   0.069850
1863.224486   13.746670   0.070280
1863.233708   13.737250   0.078030
1863.243026   13.727920   0.073930
1863.252052   13.732050   0.068390
1863.260978   13.732800   0.066720
1863.270074   13.762880   0.069540
1863.279229   13.723850   0.062160
1863.288341   13.714540   0.060320
1863.297662   13.792650   0.056380
1863.306748   13.761880   0.064840
1863.315898   13.737370   0.064800
1863.325261   13.744820   0.064120
1863.334632   13.784140   0.068700
1863.344416   13.704240   0.061300
1863.353962   13.753470   0.063000
1863.363511   13.755150   0.054470
1863.372640   13.744440   0.055180
1863.381795   13.757400   0.051790
1863.391577   13.765780   0.056940
1863.400670   13.742360   0.060690
1863.410157   13.754590   0.057860
1863.419415   13.797680   0.066350
1863.428728   13.740940   0.064630
1863.438171   13.745090   0.073260
1863.447725   13.741830   0.076610
1863.457038   13.739320   0.084510
1863.464667   13.687420   0.102930
1863.471563   13.764500   0.108280
1863.477686   13.717400   0.098320
1863.482900   13.824980   0.104010
1863.487037   13.772640   0.109370
1863.490505   13.794160   0.112020
1863.494064   13.743670   0.103980
1863.496621   13.765770   0.111710
1863.498272   13.770620   0.106580
1863.500087   13.750410   0.111600
1863.501889   13.816600   0.116680
1863.503937   13.726270   0.161190
1864.122118   13.766500   0.042680
1864.131216   13.737750   0.056190
1864.140349   13.731360   0.049840
1864.149328   13.769050   0.049780
1864.158727   13.777370   0.047650
1864.168077   13.707020   0.063070
1864.177441   13.737430   0.057510
1864.186471   13.735160   0.044520
1864.195786   13.755480   0.055800
1864.204761   13.768350   0.052640
1864.213956   13.767850   0.049310
1864.223275   13.744430   0.046830
1864.232312   13.756790   0.058810
1864.241734   13.738120   0.057130
1864.250994   13.770320   0.048500
1864.260292   13.733630   0.057220
1864.269452   13.731600   0.049020
1864.278712   13.744440   0.063860
1864.288040   13.778120   0.060720
1864.297228   13.751880   0.055720
1864.306786   13.721680   0.058010
1864.315982   13.710370   0.057830
1864.325240   13.753410   0.060450
1864.334830   13.765340   0.055150
1864.344223   13.816980   0.080940
1864.353629   13.736030   0.079410
1864.362884   13.732920   0.088480
1864.372284   13.750220   0.104170
1864.381718   13.731250   0.090010
1864.391386   13.686350   0.076070
1864.401175   13.707440   0.099950
1864.410777   13.734570   0.089330
1864.420158   13.726970   0.083340
1864.429378   13.767260   0.091980
1864.438639   13.689520   0.106610
1864.448098   13.767390   0.120780
1864.457409   13.770070   0.124280
1864.465120   13.803500   0.124670
1864.472160   13.728860   0.077000
1865.081649   13.786560   0.071420
1865.090914   13.762560   0.066160
1865.103000   13.728410   0.064520
1865.112265   13.745870   0.062980
1865.121493   13.803330   0.088400
1865.180915   13.767510   0.044920
1865.189934   13.751570   0.035050
1865.199137   13.733170   0.043620
1865.208040   13.722620   0.034590
1865.217207   13.724230   0.056190
1865.226382   13.736270   0.050060
1865.235932   13.736220   0.058920
1865.245886   13.734850   0.056040
1865.255783   13.731940   0.060380
1865.265750   13.784340   0.074200
1865.275774   13.776090   0.067220
1865.285892   13.822240   0.055810
1865.295973   13.752050   0.064650
1865.306185   13.776000   0.062540
1865.316145   13.724910   0.058280
1865.326150   13.738540   0.066810
1865.336276   13.764380   0.083340
1865.346577   13.753450   0.073850
1865.356675   13.764710   0.065570
1865.366659   13.724340   0.077950
1865.376904   13.694900   0.077730
1865.387088   13.720280   0.074130
1865.397153   13.684880   0.081440
1865.407149   13.696000   0.076910
1865.417333   13.718810   0.071470
1865.427630   13.725500   0.076380
1865.437669   13.785550   0.076460
1865.448171   13.769640   0.104070
1865.457324   13.715000   0.104680
1865.465615   13.762640   0.109040
1865.472064   13.729400   0.099810
1865.489785   13.802470   0.127640
1865.492744   13.773630   0.102470
1865.494427   13.791820   0.121250
1865.496283   13.760600   0.119730
1865.498167   13.721290   0.103600
1866.165339   13.757720   0.038450
1866.174723   13.765110   0.040310
1866.184057   13.745000   0.039860
1866.193410   13.751150   0.040190
1866.202706   13.729890   0.040930
1866.212035   13.746700   0.042380
1866.221409   13.752030   0.042670
1866.230791   13.722970   0.041630
1866.240551   13.760550   0.041920
1866.250004   13.756340   0.041420
1866.259354   13.727940   0.042150
1867.193045   13.727260   0.028640
1867.202355   13.763220   0.029680
1867.211516   13.750440   0.029850
1867.220585   13.770140   0.031580
1867.230131   13.771160   0.032270
1867.239707   13.764130   0.032110
1867.249230   13.765800   0.031240
1867.258785   13.765270   0.031990
1867.268385   13.759900   0.032500
1867.277702   13.758030   0.033840
1867.287153   13.792180   0.033890
1867.296854   13.750620   0.034760
1867.306121   13.765330   0.035220
1867.315500   13.729940   0.034940
1867.325094   13.777790   0.036670
1867.334502   13.736590   0.037210
1867.344482   13.755990   0.039680
1867.354030   13.737740   0.037590
1867.363492   13.757770   0.046340
1867.372735   13.753610   0.040150
1867.382212   13.723560   0.043490
1867.391671   13.744330   0.051330
1867.401392   13.726810   0.045260
1867.410805   13.767240   0.044690
1867.420288   13.700070   0.055090
1867.429722   13.718870   0.059320
1867.439192   13.712030   0.054190
1867.448574   13.719950   0.061840
1867.456168   13.757430   0.053740
1867.463320   13.740480   0.052530
1867.469421   13.795850   0.057490
1867.473939   13.762220   0.045980
1867.478291   13.783680   0.041170
1867.481655   13.764780   0.041420
1867.484335   13.755720   0.048910
1867.486951   13.722590   0.046130
1867.488639   13.772900   0.046340
1867.490315   13.732360   0.050080
1867.492002   13.739810   0.047540
1867.493724   13.734700   0.046710
1868.197661   13.740550   0.053100
1868.207123   13.716810   0.053340
1868.216495   13.756510   0.073460
1868.225986   13.760990   0.065650
1868.235811   13.721400   0.076580
1868.245580   13.713180   0.071290
1868.255259   13.720320   0.068150
1868.264815   13.780760   0.071880
1868.274279   13.730100   0.079340
1868.283929   13.780150   0.069940
1868.293537   13.741950   0.116730
1868.303104   13.841570   0.127400
1868.312574   13.789500   0.127500
1868.322548   13.719030   0.087990
1868.332083   13.739740   0.079200
1868.341800   13.738950   0.085090
1868.351466   13.706890   0.107000
1868.360837   13.746690   0.106620
1868.370659   13.776630   0.101100
1868.380417   13.687490   0.102090
1868.390367   13.761910   0.100570
1868.399668   13.787900   0.097180
1868.409622   13.782560   0.108120
1868.419023   13.786560   0.093160
1868.428372   13.751670   0.097910
1868.437691   13.811600   0.103790
1868.446987   13.740880   0.086450
1868.454949   13.708250   0.099260
1868.461066   13.723100   0.095660
1868.467151   13.728160   0.093780
1868.471440   13.792010   0.117150
1868.475710   13.747180   0.125940
1868.479187   13.706340   0.127480
1868.481793   13.741930   0.127400
1868.484421   13.796090   0.127150
1868.486154   13.744220   0.119390
1868.487874   13.747940   0.118830
1868.489584   13.740500   0.123610
1868.491280   13.673980   0.127090
1870.219778   13.770360   0.035630
1870.229270   13.749810   0.036030
1870.238762   13.726010   0.038070
1870.248135   13.773740   0.038070
1870.257691   13.774680   0.042790
1870.267266   13.785360   0.041980
1870.276950   13.739520   0.040420
1870.286498   13.743050   0.041860
1870.295849   13.744030   0.039260
1870.305565   13.762100   0.042330
1870.315197   13.770050   0.047350
1870.325274   13.754680   0.050510
1870.335174   13.760070   0.044340
1870.344892   13.763160   0.047110
1870.354573   13.754150   0.058140
1870.364104   13.728970   0.068940
1870.373603   13.748710   0.077310
1870.383600   13.719470   0.083840
1870.393243   13.766270   0.110810
1870.402667   13.778200   0.073100
1870.412494   13.820080   0.100800
1870.421719   13.731960   0.126260
1870.431056   13.706530   0.127340
1870.440608   13.827750   0.118270
1870.448993   13.705490   0.102890
1870.456179   13.687180   0.096340
1870.461756   13.679270   0.119320
1870.466593   13.662690   0.125850
1870.470290   13.739000   0.120440
1870.474034   13.779690   0.081600
1870.478722   13.785010   0.077100
1870.480264   13.726280   0.106570
1870.482097   13.752690   0.105690
1870.483991   13.755840   0.077000
1870.485602   13.722640   0.109340
1871.136689   13.776420   0.043780
1871.146179   13.765700   0.040550
1871.155384   13.783780   0.040740
1871.164955   13.706950   0.045360
1871.174269   13.720160   0.042770
1871.183469   13.744290   0.048430
1871.192872   13.774510   0.043620
1871.202392   13.754180   0.048680
1871.211865   13.703300   0.055630
1871.221273   13.710830   0.057750
1871.230922   13.765040   0.049070
1871.240394   13.769110   0.044760
1871.250018   13.716430   0.054570
1871.259511   13.740150   0.048790
1871.269122   13.786810   0.048410
1871.278903   13.731730   0.046030
1871.288648   13.731990   0.051070
1871.298226   13.739810   0.048350
1871.307789   13.772710   0.054320
1871.317562   13.756360   0.051580
1871.327342   13.743310   0.054210
1871.337079   13.707880   0.058680
1871.346725   13.785370   0.062970
1871.356495   13.800480   0.064560
1871.366277   13.773360   0.067180
1871.375944   13.725330   0.068160
1871.385808   13.774990   0.081350
1871.395399   13.748150   0.079740
1871.404882   13.769120   0.092330
1871.414342   13.639160   0.081600
1871.423744   13.728940   0.085390
1871.433495   13.755010   0.090370
1871.442405   13.733870   0.083370
1871.449670   13.782950   0.082100
1871.455742   13.837130   0.085410
1871.461191   13.779890   0.097070
1871.465968   13.764840   0.086500
1871.469461   13.790880   0.093330
1871.472994   13.703050   0.083890
1871.476070   13.770100   0.082170
1871.477819   13.728990   0.078280
1871.479709   13.770520   0.084870
1871.481438   13.745210   0.088490
1871.550420   13.740660   0.095100
1871.559908   13.691010   0.094980
1871.569340   13.722740   0.104310
1871.578835   13.765490   0.108170
1871.588334   13.638620   0.110150
1871.597765   13.652710   0.120580
1872.324463   13.803000   0.046750
1872.334315   13.767930   0.047500
1872.344041   13.744690   0.052200
1872.353623   13.743420   0.050650
1872.363427   13.740300   0.046130
1872.373279   13.746580   0.047410
1872.383099   13.771070   0.046600
1872.392766   13.726490   0.047400
1872.402203   13.771490   0.050370
1872.412032   13.765560   0.052140
1872.421585   13.750010   0.054590
1872.431130   13.691800   0.058050
1872.439874   13.777520   0.056180
1872.447517   13.774180   0.058230
1872.454162   13.792990   0.057540
1872.459603   13.764060   0.065680
1872.463903   13.809130   0.064700
1872.467716   13.734810   0.063940
1872.470496   13.778830   0.066030
1872.473152   13.769990   0.061000
1872.474857   13.768390   0.068310
1872.476617   13.738980   0.066370
1872.478370   13.764890   0.063480
1872.480228   13.767730   0.064140
1872.541663   13.745090   0.083100
1872.550845   13.786170   0.087420
1872.560270   13.757730   0.084720
1872.569828   13.812420   0.097100
1872.579400   13.796950   0.105990
1872.588943   13.687560   0.107050
1872.598488   13.797340   0.124960
1872.608039   13.689410   0.103660
1873.229437   13.798910   0.053060
1873.238826   13.716790   0.054980
1873.248403   13.699280   0.050990
1873.258009   13.757450   0.054370
1873.267456   13.771800   0.057300
1873.276959   13.756500   0.059040
1873.286788   13.711950   0.056750
1873.296275   13.776990   0.067080
1873.305896   13.717940   0.067840
1873.315548   13.740600   0.072550
1873.325684   13.690040   0.069920
1873.335346   13.745540   0.079020
1873.344943   13.768770   0.079520
1873.354842   13.754640   0.075900
1873.364691   13.829490   0.088740
1873.374458   13.726630   0.082840
1873.383960   13.750010   0.071750
1873.393856   13.793520   0.079590
1873.403606   13.821770   0.080890
1873.413210   13.751200   0.091510
1873.422938   13.768990   0.087180
1873.432622   13.727250   0.077460
1873.441010   13.766320   0.071870
1873.447044   13.706600   0.070450
1873.453044   13.708900   0.071940
1873.457630   13.739220   0.071440
1873.462090   13.739980   0.069040
1873.465548   13.743700   0.071960
1873.468261   13.732570   0.075150
1873.470892   13.745430   0.082670
1873.472722   13.794340   0.075400
1873.474437   13.776020   0.079970
1873.476606   13.733480   0.109380
1874.032527   13.734190   0.035820
1874.041923   13.767240   0.037770
1874.051714   13.775250   0.037830
1874.061193   13.754480   0.037820
1874.070741   13.767540   0.042450
1874.080230   13.754260   0.038800
1874.089638   13.755790   0.039120
1874.098984   13.745480   0.042570
1874.108441   13.743690   0.040130
1874.117749   13.738300   0.039850
1874.127103   13.759690   0.042460
1874.136654   13.761220   0.042060
1874.145982   13.764730   0.044120
1874.155173   13.754430   0.046180
1874.164605   13.787740   0.054360
1874.174153   13.756910   0.059350
1874.183645   13.795840   0.078900
1874.193053   13.765370   0.108440
1874.202515   13.756460   0.110760
1874.212179   13.822330   0.117230
1874.222051   13.647840   0.101220
1876.992585   13.736850   0.038340
1877.002277   13.730050   0.041700
1877.012009   13.715000   0.041630
1877.021623   13.731700   0.041700
1877.031340   13.752180   0.049120
1877.041094   13.765580   0.045610
1877.050632   13.731910   0.038190
1877.060512   13.770610   0.039170
1877.070280   13.750020   0.043510
1877.080037   13.764380   0.042160
1877.089835   13.728180   0.042880
1877.099542   13.745050   0.042560
1877.109324   13.711750   0.053670
1877.119234   13.744320   0.052730
1877.128562   13.727010   0.049250
1877.137988   13.715620   0.045400
1877.147449   13.793180   0.061280
1877.157081   13.741020   0.055740
1877.166514   13.761380   0.052130
1877.175811   13.744490   0.047220
1877.185180   13.717910   0.056350
1877.194638   13.692920   0.050250
1877.204359   13.753600   0.048390
1877.213829   13.723530   0.045850
1877.223290   13.736390   0.050100
1877.232928   13.738310   0.047920
1877.242583   13.776500   0.054280
1877.252102   13.803140   0.054230
1877.261424   13.816430   0.057200
1877.271317   13.792410   0.048170
1877.280810   13.760320   0.045190
1877.290913   13.729850   0.051450
1877.300784   13.771250   0.061680
1877.310552   13.748340   0.047050
1877.320329   13.753160   0.060120
1877.330019   13.747580   0.049030
1877.339609   13.723800   0.042990
1877.349339   13.758450   0.053660
1877.359563   13.739110   0.043640
1877.369289   13.750830   0.054890
1877.379166   13.740050   0.052260
1877.389199   13.754680   0.060750
1877.398748   13.784830   0.065590
1877.408188   13.756880   0.059600
1877.417610   13.757030   0.059190
1877.426444   13.723260   0.053360
1877.433416   13.736150   0.054930
1877.439426   13.744650   0.063430
1877.444578   13.741740   0.063940
1877.449101   13.743810   0.052850
1877.452622   13.759000   0.064910
1877.456119   13.776540   0.055930
1877.458826   13.731420   0.055530
1877.460660   13.766990   0.058380
1877.462441   13.725050   0.056650
1877.464144   13.760550   0.057390
1877.465872   13.737080   0.059140
1877.528546   13.801190   0.072490
1877.538164   13.758990   0.072550
1877.547759   13.756800   0.077480
1877.557433   13.786440   0.085980
1877.566991   13.756500   0.082590
1877.956588   13.745000   0.066720
1877.966360   13.741630   0.058550
1877.975795   13.757760   0.043820
1877.985575   13.748330   0.037880
1877.995071   13.754620   0.036790
1878.004964   13.728040   0.035810
1878.014335   13.771270   0.040660
1878.023915   13.766150   0.031610
1878.033403   13.762860   0.035740
1878.042881   13.762610   0.035510
1878.052477   13.745750   0.039660
1878.062202   13.758750   0.038170
1878.072038   13.755820   0.039890
1878.081838   13.736570   0.042970
1878.091595   13.762480   0.039610
1878.101204   13.756580   0.039260
1878.111056   13.738200   0.041310
1878.120475   13.762310   0.041750
1878.129972   13.775600   0.045570
1878.139452   13.775670   0.051330
1878.148981   13.772630   0.090280
1878.158293   13.784830   0.081670
1878.167692   13.731690   0.046250
1878.177309   13.743090   0.044520
1878.186872   13.735070   0.054210
1878.196273   13.769360   0.054990
1878.206054   13.744850   0.067130
1878.215833   13.730590   0.066780
1878.225557   13.774770   0.073050
1878.235117   13.731700   0.057220
1878.244657   13.740990   0.062320
1878.254352   13.793360   0.064140
1878.263984   13.796670   0.066420
1878.273770   13.738380   0.070090
1878.283405   13.779690   0.079520
1878.293079   13.717390   0.076370
1878.302887   13.733430   0.099050
1878.312828   13.752910   0.101300
1878.322431   13.753510   0.099400
1878.332111   13.800200   0.105520
1878.342126   13.831980   0.078230
1878.351898   13.767850   0.078530
1878.361666   13.729240   0.073960
1878.371492   13.762060   0.081590
1878.381052   13.771720   0.090480
1878.390611   13.780510   0.070910
1878.400035   13.767380   0.084940
1878.409523   13.839890   0.080510
1878.419250   13.883320   0.086110
1878.427139   13.757120   0.089540
1878.434256   13.722240   0.076650
1878.439734   13.723910   0.095970
1878.444205   13.737580   0.073240
1878.448555   13.756150   0.076100
1878.452064   13.725150   0.088840
1878.454721   13.740590   0.082400
1878.457364   13.716580   0.089650
1878.459093   13.748370   0.088960
1878.460943   13.708740   0.086240
1878.463071   13.721420   0.125630
1878.523903   13.726210   0.097240
1878.533380   13.784190   0.092530
1878.542754   13.764330   0.092580
1878.552323   13.742440   0.096880
1878.561961   13.782880   0.109630
1878.571532   13.649580   0.077200
1878.581234   13.599990   0.072700
1878.590773   13.656220   0.072400
1878.885725   13.674770   0.113690
1878.896259   13.648680   0.097630
1878.907039   13.670540   0.092730
1878.917827   13.716370   0.093710
1878.928636   13.743200   0.092670
1878.939490   13.733270   0.077960
1878.950209   13.719760   0.066410
1878.960985   13.700830   0.053130
1878.971663   13.736990   0.051910
1878.982256   13.748540   0.055390
1878.992862   13.726860   0.051100
1879.003349   13.765790   0.054630
1879.014056   13.784860   0.056410
1879.024781   13.765480   0.056290
1879.035403   13.766530   0.063370
1879.046338   13.747510   0.063870
1879.056998   13.767840   0.064410
1879.067120   13.721100   0.064670
1879.077625   13.709660   0.064550
1879.087804   13.733840   0.065290
1879.097718   13.755210   0.074670
1879.108265   13.691160   0.080750
1879.118677   13.796730   0.100570
1879.128946   13.730010   0.070310
1879.138951   13.785290   0.082020
1879.148948   13.703840   0.096520
1879.158753   13.697800   0.101820
1879.168681   13.649730   0.095720
1879.178653   13.731490   0.100000
1879.188532   13.716450   0.107820
1879.198658   13.784110   0.111010
1879.208980   13.755470   0.104500
1879.219105   13.763570   0.116000
1879.229198   13.690150   0.108720
1879.239692   13.763050   0.108770
1879.249885   13.813250   0.112390
1879.259988   13.714530   0.101040
1879.270136   13.781170   0.101270
1879.279998   13.801190   0.078060
1879.290256   13.774520   0.100830
1879.300321   13.793130   0.102680
1879.310604   13.737160   0.092640
1879.321132   13.793000   0.100410
1879.331398   13.744580   0.107570
1879.341711   13.770250   0.100390
1879.352168   13.770060   0.106550
1879.362239   13.779310   0.104800
1879.372581   13.710430   0.101920
1879.383093   13.804730   0.064100
1879.393142   13.735280   0.102380
1879.403333   13.796000   0.117180
1879.413718   13.773410   0.118580
1879.422210   13.864390   0.128810
1879.430290   13.725370   0.124410
1879.436891   13.768650   0.131430
1879.441492   13.764570   0.131210
1879.445571   13.760070   0.134620
1879.449457   13.801590   0.131950
1879.452342   13.780840   0.108990
1879.454194   13.738780   0.076600
1879.455902   13.763160   0.078800
1879.457932   13.775350   0.103730
1879.460407   13.714640   0.169130
1879.895153   13.764260   0.105920
1879.904711   13.752380   0.096550
1879.914664   13.830040   0.073990
1879.924232   13.781880   0.063830
1879.933937   13.731000   0.055000
1879.943742   13.720970   0.043190
1879.953255   13.751250   0.040660
1879.962965   13.752030   0.036960
1879.972299   13.744930   0.037370
1879.982133   13.732360   0.037260
1879.991480   13.775510   0.041050
1880.001350   13.758010   0.042780
1880.010995   13.737270   0.050570
1880.020489   13.738590   0.046910
1880.030167   13.748160   0.048550
1880.040004   13.742510   0.044120
1880.050020   13.758700   0.049310
1880.059700   13.771240   0.048890
1880.069635   13.733610   0.047460
1880.079469   13.700820   0.054910
1880.089000   13.739570   0.053780
1880.098524   13.762930   0.053970
1880.108072   13.691410   0.058470
1880.117530   13.727990   0.050030
1880.127140   13.723650   0.056680
1880.200091   13.751970   0.056830
1880.209735   13.757350   0.063840
1880.219431   13.728350   0.060980
1880.229324   13.731380   0.054480
1880.238989   13.743340   0.055570
1880.248836   13.764250   0.054000
1880.258298   13.802540   0.058530
1880.267686   13.745120   0.058880
1880.277275   13.808680   0.060630
1880.286928   13.777310   0.069170
1880.306613   13.742770   0.059110
1880.369120   13.759430   0.052310
1880.967707   13.785990   0.065880
1880.977730   13.701770   0.064610
1880.987626   13.761230   0.054510
1880.997175   13.770670   0.047820
1881.007352   13.729360   0.051690
1881.017262   13.732360   0.053140
1881.027023   13.742250   0.055680
1881.036583   13.684790   0.052430
1881.046307   13.773740   0.056390
1881.055914   13.745350   0.063750
1881.065565   13.751810   0.060570
1881.075352   13.720850   0.064170
1881.085120   13.759660   0.062530
1881.094964   13.743350   0.058150
1881.104801   13.756350   0.048700
1881.114937   13.825160   0.074330
1881.124474   13.742670   0.061460
1881.134326   13.770680   0.066750
1881.143810   13.784830   0.051400
1881.153419   13.752490   0.067240
1881.163015   13.769460   0.061420
1881.171357   13.744920   0.049940
1881.180981   13.723540   0.053760
1881.190627   13.710290   0.043700
1881.200550   13.745360   0.049260
1881.210473   13.713820   0.052780
1881.220305   13.740950   0.054870
1881.230199   13.777380   0.054730
1881.239668   13.737420   0.056950
1881.249328   13.789230   0.055560
1881.258917   13.750340   0.057710
1881.268352   13.745300   0.061710
1881.278189   13.773540   0.055740
1881.288137   13.729740   0.059230
1881.297680   13.734290   0.056830
1881.307337   13.785820   0.065900
1881.317394   13.728770   0.061420
1881.327336   13.750230   0.065530
1881.337373   13.735870   0.064570
1881.347129   13.717510   0.066770
1881.357110   13.767780   0.067910
1881.366722   13.765420   0.069530
1881.376276   13.770330   0.074550
1881.386104   13.771040   0.075660
1881.395996   13.742510   0.073670
1881.405772   13.784180   0.078200
1881.414838   13.714560   0.077380
1881.422098   13.729480   0.081990
1881.428287   13.809250   0.080460
1881.433496   13.786600   0.082990
1881.437835   13.745410   0.081050
1881.441542   13.789760   0.083070
1881.445078   13.767090   0.088500
1881.447777   13.789750   0.082830
1881.449541   13.795390   0.085660
1881.451276   13.740730   0.083840
1881.453055   13.715050   0.086550
1881.455245   13.704190   0.112880
1881.512259   13.687120   0.082180
1881.522032   13.781470   0.094200
1881.531584   13.729630   0.094130
1881.541053   13.683450   0.090120
1881.550943   13.637370   0.095380
1881.560601   13.744200   0.098550
1881.570473   13.746020   0.095250
1881.580253   13.811220   0.114050
1881.589860   13.747500   0.103300
1881.599577   13.780860   0.116130
1881.609472   13.827590   0.112020
1881.619114   13.681940   0.117760
1881.628942   13.615330   0.122780
1881.845731   13.803440   0.121310
1881.855252   13.752840   0.108650
1881.864967   13.778560   0.104080
1881.874874   13.720920   0.087970
1881.884546   13.728110   0.080740
1881.894462   13.748810   0.070670
1881.904494   13.686700   0.059890
1881.914271   13.738670   0.059760
1881.923884   13.788900   0.060100
1881.933466   13.764300   0.055570
1881.943231   13.755880   0.056540
1881.952875   13.769240   0.070320
1881.962633   13.748540   0.081380
1881.972149   13.762910   0.084140
1881.982098   13.742190   0.091300
1881.992169   13.673670   0.109530
1882.001889   13.670690   0.118380
1882.011594   13.797130   0.123560
1882.021627   13.784920   0.100260
1882.031644   13.717500   0.106250
1882.041324   13.773320   0.110620
1882.051198   13.797070   0.095920
1882.060871   13.756970   0.098100
1882.080330   13.793850   0.079310
1882.090096   13.762260   0.074900
1882.109365   13.766380   0.109060
1882.121972   13.824240   0.115440
1882.131558   13.748510   0.087840
1882.141120   13.757310   0.072400
1882.150540   13.815130   0.099890
1882.160119   13.661330   0.094580
1882.169652   13.659310   0.094710
1882.179008   13.768960   0.102020
1882.188466   13.706330   0.108840
1882.198063   13.751210   0.119550
1883.093660   13.770510   0.076320
1883.103366   13.781410   0.068300
1883.112818   13.810000   0.081450
1883.122237   13.689320   0.088190
1883.131900   13.782160   0.075420
1883.141295   13.771460   0.088240
1883.150882   13.689670   0.088630
1883.160374   13.729980   0.095760
1883.169871   13.829740   0.102450
1883.179271   13.730580   0.075820
1883.188727   13.687740   0.078040
1883.198404   13.729110   0.097630
1883.207904   13.708000   0.092610
1883.217549   13.665870   0.091670
1883.226897   13.710590   0.091780
1883.236210   13.798480   0.100000
1883.245790   13.796370   0.100960
1883.255334   13.754570   0.102240
1883.265175   13.759550   0.098440
1883.274780   13.765130   0.100570
1883.294470   13.697550   0.094260
1883.304305   13.867690   0.128010
1883.323566   13.635950   0.064900
1883.333437   13.788460   0.114280
1883.343435   13.854520   0.117680
1883.353625   13.775820   0.097170
1883.363493   13.699360   0.108690
1883.373027   13.771480   0.117110
1883.382657   13.751680   0.116700
1883.392439   13.637660   0.115050
1883.402040   13.738460   0.114940
1883.410061   13.722720   0.122720
1883.417485   13.687460   0.116780
1883.423677   13.747960   0.116720
1883.428949   13.723090   0.113240
1883.433147   13.711860   0.068900
1883.436812   13.850250   0.121440
1883.440478   13.813990   0.067000
1883.443256   13.752850   0.098300
1883.444926   13.777310   0.066600
1883.446707   13.694860   0.110200
1883.448508   13.688590   0.112550
1883.507335   13.701810   0.120760
1883.517022   13.784460   0.125660
1883.526808   13.703890   0.074000
1883.574608   13.726020   0.070100
1883.593991   13.767350   0.100940
1884.099534   13.765780   0.037960
1884.109140   13.775970   0.037360
1884.118686   13.788260   0.046660
1884.128292   13.727860   0.060190
1884.137551   13.743700   0.043570
1884.147279   13.762500   0.046600
1884.156774   13.731930   0.047030
1884.166197   13.705390   0.061460
1884.175960   13.779850   0.062580
1884.185414   13.739400   0.055420
1884.194977   13.777870   0.044360
1884.204574   13.734290   0.048910
1884.214174   13.785010   0.044380
1884.223839   13.794930   0.051730
1884.233272   13.764650   0.072720
1884.242628   13.768080   0.037320
1884.252195   13.749040   0.038750
1884.261682   13.739640   0.036260
1884.271201   13.750160   0.040900
1884.280876   13.723810   0.045270
1884.290846   13.734700   0.045740
1884.300573   13.769140   0.051110
1884.310420   13.798190   0.078840
1884.320206   13.733330   0.048080
1884.330156   13.737320   0.050420
1884.340081   13.790980   0.062280
1884.350052   13.742290   0.061000
1884.360119   13.748040   0.051370
1884.370060   13.741370   0.050030
1884.379738   13.753500   0.053500
1884.389528   13.785190   0.043670
1884.399065   13.748780   0.044030
1884.406881   13.676630   0.052860
1884.413865   13.714420   0.063890
1884.420368   13.744450   0.066740
1884.425635   13.762630   0.047820
1884.430150   13.746670   0.042100
1884.433678   13.783580   0.050290
1884.437202   13.780290   0.047780
1884.439908   13.792620   0.051710
1884.441669   13.745480   0.048390
1884.443407   13.727180   0.049530
1884.445186   13.768980   0.046880
1884.446926   13.733040   0.062820
1884.503638   13.761590   0.043640
1884.513187   13.808030   0.054520
1884.522993   13.772700   0.042500
1884.532900   13.780350   0.039210
1884.542819   13.716010   0.048380
1884.552706   13.829070   0.057540
1884.562458   13.782070   0.033840
1884.572213   13.739560   0.045270
1884.581820   13.814700   0.036910
1884.591479   13.804700   0.049800
1884.600983   13.749920   0.041740
1884.610820   13.769160   0.039970
1884.886961   13.716600   0.101410
1884.896459   13.725840   0.104200
1884.906042   13.750480   0.097430
1884.915643   13.768120   0.087400
1884.925737   13.773100   0.088980
1884.935570   13.581500   0.056400
1884.945448   13.817650   0.101400
1884.954875   13.693560   0.104660
1884.964329   13.658000   0.095410
1884.974229   13.788870   0.110160
1884.983546   13.801830   0.116950
1884.993441   13.756560   0.107520
1885.003341   13.730580   0.102520
1885.013229   13.763000   0.123090
1885.022911   13.731580   0.113110
1885.032502   13.759950   0.127570
1885.042138   13.753830   0.104020
1885.052183   13.841390   0.109440
1885.278794   13.736050   0.089160
1885.288543   13.731990   0.056400
1885.298475   13.827340   0.099310
1885.308250   13.747590   0.097880
1885.318087   13.693720   0.098030
1885.328301   13.701790   0.086550
1885.404395   13.621350   0.087700
1885.570754   13.748810   0.070300
1885.590210   13.815300   0.093690
1886.072366   13.777720   0.032970
1886.082057   13.751400   0.035820
1886.091456   13.759920   0.037370
1886.101064   13.766990   0.041400
1886.110701   13.756750   0.038370
1886.120214   13.740520   0.037200
1886.129544   13.713630   0.039780
1886.138882   13.724560   0.039920
1886.148233   13.743950   0.040860
1886.157943   13.741270   0.041310
1886.167550   13.736580   0.047220
1886.177101   13.749230   0.046930
1886.186997   13.737770   0.050990
1886.196609   13.700210   0.056210
1886.206153   13.711190   0.060550
1886.215757   13.766780   0.064740
1886.225422   13.762290   0.091660
1886.234829   13.726950   0.081990
1886.244630   13.807860   0.093650
1886.254426   13.744810   0.064590
1886.263771   13.711570   0.050940
1886.273578   13.770320   0.089400
1886.283270   13.743600   0.048430
1886.293134   13.761490   0.054590
1886.303115   13.796260   0.065480
1886.312914   13.697310   0.055060
1886.322818   13.777080   0.062070
1886.332859   13.756590   0.061260
1886.342543   13.785940   0.055740
1886.352534   13.758310   0.058800
1886.362281   13.728990   0.062050
1886.372003   13.709890   0.062740
1886.381496   13.726010   0.065990
1886.391198   13.799200   0.071480
1886.399994   13.737700   0.072260
1886.408171   13.734980   0.076690
1886.414363   13.660920   0.090970
1886.419581   13.706390   0.089320
1886.423873   13.743340   0.084140
1886.427459   13.772910   0.085170
1886.431086   13.762340   0.080410
1886.433748   13.756120   0.091940
1886.435540   13.706850   0.095800
1886.437293   13.753950   0.086170
1886.439058   13.697760   0.084010
1886.441232   13.812220   0.152640
