1863.169882   9.933730   0.004160
1863.179028   9.935220   0.004500
1863.188111   9.928080   0.005020
1863.197263   9.936240   0.004730
1863.206453   9.939340   0.004560
1863.215516   9.932380   0.005200
1863.224486   9.925450   0.005020
1863.233708   9.936580   0.005310
1863.243026   9.923560   0.005310
1863.252052   9.931850   0.004910
1863.260978   9.927100   0.004850
1863.270074   9.924370   0.005260
1863.279229   9.936140   0.004850
1863.288341   9.920690   0.004680
1863.297662   9.921640   0.004330
1863.306748   9.922830   0.004850
1863.315898   9.924260   0.004850
1863.325261   9.928550   0.004850
1863.334632   9.930400   0.004970
1863.344416   9.948540   0.004970
1863.353962   9.954680   0.004850
1863.363511   9.954360   0.004500
1863.372640   9.954370   0.004270
1863.381795   9.954700   0.004330
1863.391577   9.959020   0.004500
1863.400670   9.957320   0.004500
1863.410157   9.966770   0.004500
1863.419415   9.951420   0.004560
1863.428728   9.937320   0.004850
1863.438171   9.926830   0.004850
1863.447725   9.932860   0.004910
1863.457038   9.932310   0.005490
1863.464667   9.925110   0.006060
1863.471563   9.943610   0.006410
1863.477686   9.950200   0.006060
1863.482900   9.940760   0.006060
1863.487037   9.947180   0.006240
1863.490505   9.942350   0.006240
1863.494064   9.937040   0.005890
1863.496621   9.932280   0.006240
1863.498272   9.934580   0.006240
1863.500087   9.934420   0.006410
1863.501889   9.946040   0.006470
1863.503937   9.943760   0.009150
1864.122118   9.925510   0.003580
1864.131216   9.926440   0.004330
1864.140349   9.932980   0.003980
1864.149328   9.932880   0.003980
1864.158727   9.926320   0.003980
1864.168077   9.931090   0.004560
1864.177441   9.924690   0.004330
1864.186471   9.922770   0.003810
1864.195786   9.919410   0.004500
1864.204761   9.928070   0.004160
1864.213956   9.929640   0.003980
1864.223275   9.936660   0.003930
1864.232312   9.931250   0.004390
1864.241734   9.939580   0.004500
1864.250994   9.931090   0.004040
1864.260292   9.928870   0.004620
1864.269452   9.940430   0.004160
1864.278712   9.931930   0.004680
1864.288040   9.937830   0.004560
1864.297228   9.930890   0.004500
1864.306786   9.938860   0.004680
1864.315982   9.926350   0.004680
1864.325240   9.933350   0.004680
1864.334830   9.936580   0.004500
1864.344223   9.932200   0.005720
1864.353629   9.933260   0.005540
1864.362884   9.933430   0.005890
1864.372284   9.926740   0.006700
1864.381718   9.931580   0.006060
1864.391386   9.926410   0.005310
1864.401175   9.917840   0.006180
1864.410777   9.930490   0.005720
1864.420158   9.928360   0.005660
1864.429378   9.919390   0.005890
1864.438639   9.924730   0.006530
1864.448098   9.926680   0.007280
1864.457409   9.929150   0.007560
1864.465120   9.948220   0.007100
1864.472313   9.943270   0.007850
1864.477494   9.935220   0.008720
1864.482643   9.945350   0.011150
1864.486002   9.947830   0.014490
1864.489646   9.933540   0.012700
1864.492216   9.932120   0.010160
1864.494776   9.935450   0.010340
1864.496480   9.945720   0.010620
1864.498365   9.944510   0.010680
1864.500091   9.936400   0.011140
1864.501760   9.929960   0.010680
1865.081649   9.935190   0.004560
1865.090914   9.919010   0.004850
1865.103000   9.930120   0.004680
1865.112265   9.931840   0.004680
1865.121493   9.935720   0.005200
1865.180915   9.949990   0.003580
1865.189934   9.936840   0.003120
1865.199137   9.928840   0.003640
1865.208040   9.933030   0.003120
1865.217207   9.917020   0.004160
1865.226382   9.929860   0.003980
1865.235932   9.924440   0.004160
1865.245886   9.923160   0.004330
1865.255783   9.953470   0.004160
1865.265750   9.960890   0.005200
1865.275774   9.947410   0.004620
1865.285892   9.953100   0.004160
1865.295973   9.950650   0.004560
1865.306185   9.951120   0.004500
1865.316145   9.940580   0.004390
1865.326150   9.945160   0.004680
1865.336276   9.944850   0.005200
1865.346577   9.930830   0.004850
1865.356675   9.919440   0.004790
1865.366659   9.926730   0.005200
1865.376904   9.918470   0.005140
1865.387088   9.919390   0.005200
1865.397153   9.919200   0.005260
1865.407149   9.927200   0.005020
1865.417333   9.927580   0.005020
1865.427630   9.934980   0.005200
1865.437669   9.930560   0.005200
1865.448171   9.933010   0.006000
1865.457324   9.926910   0.006060
1865.465615   9.923300   0.006410
1865.471988   9.926070   0.007510
1865.477591   9.935420   0.008600
1865.482335   9.951400   0.007740
1865.486159   9.932180   0.008550
1865.489785   9.946150   0.007740
1865.492667   9.940830   0.007450
1865.494427   9.937650   0.007220
1865.496283   9.930210   0.006870
1865.498551   9.938480   0.011140
1866.165339   9.936720   0.003460
1866.174723   9.932400   0.003460
1866.184057   9.931900   0.003460
1866.193410   9.938840   0.003460
1866.202706   9.940390   0.003640
1866.212035   9.946340   0.003700
1866.221409   9.928340   0.003810
1866.230791   9.946020   0.003750
1866.240551   9.937070   0.003640
1866.250004   9.941910   0.003640
1866.259354   9.940960   0.003810
1867.193045   9.960520   0.002770
1867.202355   9.957170   0.002770
1867.211516   9.956300   0.002770
1867.220585   9.957330   0.002940
1867.230131   9.950330   0.002940
1867.239707   9.950760   0.002940
1867.249230   9.932270   0.002940
1867.258785   9.928310   0.002940
1867.268385   9.921340   0.002940
1867.277702   9.931060   0.003060
1867.287153   9.919310   0.003120
1867.296854   9.926140   0.003120
1867.306121   9.927720   0.003120
1867.315500   9.928520   0.003120
1867.325094   9.928400   0.003120
1867.334502   9.928080   0.003290
1867.344482   9.929130   0.003290
1867.354030   9.919180   0.003290
1867.363492   9.927370   0.003460
1867.372735   9.925540   0.003350
1867.382212   9.928780   0.003460
1867.391671   9.925300   0.003580
1867.401392   9.935350   0.003580
1867.410805   9.928000   0.003460
1867.420288   9.925290   0.003810
1867.429722   9.927400   0.004040
1867.439192   9.933350   0.003980
1867.448574   9.931810   0.004330
1867.456168   9.927580   0.003980
1867.463320   9.934870   0.004160
1867.469421   9.927370   0.003980
1867.473939   9.928290   0.003520
1867.478291   9.932770   0.003290
1867.481655   9.931830   0.003290
1867.484335   9.927600   0.003460
1867.486951   9.928920   0.003460
1867.488639   9.925110   0.003460
1867.490315   9.928120   0.003460
1867.492002   9.927330   0.003460
1867.493724   9.932490   0.003460
1868.197661   9.932150   0.004160
1868.207123   9.938840   0.004210
1868.216495   9.935150   0.004740
1868.225986   9.942910   0.004680
1868.235811   9.941730   0.005020
1868.245580   9.940060   0.005020
1868.255259   9.942030   0.005200
1868.264815   9.943360   0.005540
1868.274279   9.943240   0.006060
1868.283929   9.934960   0.005490
1868.293537   9.932610   0.007100
1868.303104   9.926990   0.007620
1868.312574   9.935590   0.007680
1868.322548   9.939910   0.006000
1868.332083   9.938940   0.006000
1868.341800   9.933320   0.006120
1868.351466   9.934120   0.006810
1868.360837   9.935000   0.006810
1868.370659   9.936590   0.006750
1868.380417   9.931910   0.006930
1868.390367   9.932260   0.006810
1868.399668   9.952200   0.006870
1868.409622   9.958030   0.007280
1868.419023   9.934990   0.006930
1868.428372   9.936700   0.006930
1868.437691   9.943630   0.007280
1868.446987   9.941370   0.007100
1868.454949   9.940700   0.007330
1868.461066   9.937960   0.007330
1868.467151   9.927330   0.007450
1868.471440   9.941380   0.007680
1868.475710   9.938250   0.008260
1868.479187   9.930200   0.008490
1868.481793   9.943500   0.008370
1868.484421   9.946640   0.008140
1868.486154   9.949680   0.007910
1868.487874   9.955470   0.008140
1868.489584   9.944800   0.008140
1868.491280   9.946800   0.008260
1868.552972   9.956530   0.011550
1868.562396   9.926370   0.010390
1868.581607   9.890990   0.017040
1868.591155   9.909810   0.016460
1869.239644   9.938980   0.009530
1869.249027   9.940250   0.009870
1869.258676   9.964660   0.010800
1869.268460   9.925030   0.012180
1869.278238   9.916480   0.013230
1869.287800   9.888940   0.013280
1869.297392   9.934710   0.013860
1869.307040   9.912660   0.015010
1869.316723   9.907110   0.020460
1869.326588   9.909120   0.018070
1869.336288   9.928180   0.020450
1869.345989   9.922380   0.022620
1869.356015   9.911830   0.027280
1869.365922   9.939270   0.024600
1869.375609   9.937280   0.027860
1869.384883   9.980120   0.028340
1869.394424   9.940560   0.026300
1869.403953   9.930040   0.033920
1869.413491   9.934720   0.034840
1869.422812   9.912450   0.037540
1869.432155   9.911750   0.038780
1869.441393   9.891050   0.025500
1869.456537   9.903010   0.049020
1869.462798   9.860810   0.051960
1869.468185   9.907680   0.046320
1869.472681   9.973680   0.043940
1869.476266   9.975240   0.043100
1869.478887   9.949680   0.045130
1869.481532   9.933450   0.047820
1869.483271   9.958090   0.045370
1869.485003   9.946080   0.044540
1869.486642   9.992430   0.036350
1869.488400   9.942130   0.047040
1869.544878   9.929310   0.058830
1869.554590   9.953580   0.072490
1869.564130   9.960280   0.065150
1870.219778   9.937790   0.003120
1870.229270   9.929480   0.003290
1870.238762   9.932830   0.003290
1870.248135   9.931610   0.003290
1870.257691   9.941770   0.003640
1870.267266   9.935070   0.003460
1870.276950   9.932260   0.003460
1870.286498   9.934990   0.003580
1870.295849   9.933860   0.003460
1870.305565   9.933820   0.003520
1870.315197   9.933500   0.003810
1870.325274   9.942500   0.003980
1870.335174   9.926990   0.003810
1870.344892   9.935950   0.003980
1870.354573   9.931230   0.004330
1870.364104   9.931190   0.005370
1870.373603   9.926790   0.005080
1870.383600   9.922340   0.005540
1870.393243   9.926960   0.006470
1870.402820   9.922890   0.008370
1870.412418   9.920780   0.007910
1870.421719   9.918850   0.007910
1870.431056   9.935420   0.008140
1870.440608   9.934080   0.006990
1870.448993   9.930940   0.006290
1870.456179   9.945260   0.006240
1870.461756   9.937890   0.007280
1870.466593   9.944730   0.007850
1870.470290   9.932120   0.007280
1870.474034   9.941290   0.008030
1870.476825   9.948220   0.008660
1870.478569   9.951440   0.008550
1870.480341   9.933540   0.008030
1870.482097   9.932960   0.008200
1870.483838   9.946830   0.008720
1870.485602   9.944200   0.008370
1871.136689   9.932210   0.003460
1871.146179   9.935870   0.003290
1871.155384   9.928810   0.003410
1871.164955   9.930170   0.003580
1871.174269   9.920140   0.003520
1871.183469   9.925790   0.003640
1871.192872   9.925930   0.003580
1871.202392   9.928340   0.003640
1871.211865   9.923580   0.003980
1871.221273   9.927520   0.003980
1871.230922   9.928790   0.003810
1871.240394   9.936710   0.003810
1871.250018   9.931110   0.003810
1871.259511   9.926690   0.003810
1871.269122   9.932290   0.003810
1871.278903   9.935170   0.003870
1871.288648   9.934150   0.003980
1871.298226   9.943820   0.003980
1871.307789   9.931680   0.004040
1871.317562   9.935650   0.004160
1871.327342   9.936290   0.004330
1871.337079   9.927530   0.004500
1871.346725   9.930510   0.004680
1871.356495   9.941750   0.004680
1871.366277   9.935760   0.005020
1871.375944   9.937350   0.005020
1871.385808   9.933810   0.005370
1871.395399   9.931600   0.005720
1871.404882   9.935350   0.006240
1871.414342   9.935970   0.006060
1871.423744   9.942130   0.005890
1871.433495   9.931420   0.005890
1871.442405   9.931930   0.005540
1871.449670   9.931470   0.005540
1871.455742   9.926960   0.005720
1871.461191   9.925280   0.005950
1871.465968   9.934900   0.005720
1871.469461   9.936130   0.005830
1871.472994   9.936020   0.005770
1871.476070   9.937900   0.005540
1871.477819   9.939790   0.005540
1871.479709   9.927510   0.005540
1871.481438   9.932990   0.005540
1871.550420   9.932660   0.005720
1871.559908   9.938120   0.005890
1871.569340   9.931650   0.006060
1871.578835   9.933750   0.006240
1871.588334   9.932280   0.006700
1871.626324   9.905690   0.012010
1872.324463   9.939350   0.003810
1872.334315   9.942470   0.003870
1872.344041   9.940070   0.003870
1872.353623   9.926960   0.003870
1872.363427   9.938350   0.003810
1872.373279   9.932870   0.003810
1872.383099   9.935360   0.003980
1872.392766   9.944650   0.003980
1872.402203   9.941030   0.003980
1872.412032   9.938240   0.003980
1872.421585   9.944090   0.004160
1872.431130   9.934230   0.004210
1872.439874   9.953480   0.004330
1872.447517   9.944610   0.004330
1872.454162   9.940950   0.004330
1872.459603   9.936070   0.004500
1872.463903   9.935480   0.004500
1872.467716   9.944890   0.004500
1872.470496   9.938780   0.004500
1872.473152   9.931470   0.004500
1872.474857   9.927700   0.004500
1872.476617   9.934070   0.004500
1872.478370   9.934570   0.004500
1872.480228   9.933020   0.004500
1872.541663   9.934190   0.005200
1872.550845   9.937260   0.005370
1872.560270   9.949550   0.005540
1872.569828   9.936620   0.005720
1872.579400   9.941070   0.006060
1872.588943   9.947680   0.006470
1872.645964   10.174940   0.018600
1873.229437   9.964760   0.004330
1873.238826   9.955010   0.004330
1873.248403   9.941440   0.004330
1873.258009   9.942640   0.004330
1873.267456   9.950580   0.004500
1873.276959   9.942930   0.004390
1873.286788   9.933800   0.004500
1873.296275   9.938970   0.004500
1873.305896   9.931580   0.004680
1873.315548   9.935220   0.004680
1873.325684   9.930730   0.004850
1873.335346   9.946280   0.005020
1873.344943   9.939060   0.005020
1873.354842   9.940850   0.004850
1873.364691   9.949560   0.005140
1873.374458   9.934900   0.005020
1873.383960   9.927690   0.004850
1873.393856   9.925500   0.005020
1873.403606   9.935260   0.005080
1873.413210   9.951000   0.005370
1873.422938   9.924670   0.005370
1873.432622   9.931150   0.005200
1873.441010   9.933740   0.005020
1873.447044   9.917380   0.005020
1873.453044   9.922240   0.005020
1873.457630   9.930480   0.005020
1873.462090   9.928220   0.005020
1873.465548   9.923340   0.005200
1873.468261   9.934050   0.005200
1873.470892   9.922100   0.005200
1873.472722   9.935580   0.005200
1873.474437   9.932100   0.005200
1873.476606   9.931590   0.007350
1873.539458   9.936000   0.015080
1873.548852   9.929390   0.011720
1873.558313   9.928060   0.009410
1873.567696   9.934250   0.009180
1873.577180   9.934370   0.010160
1873.586745   9.923810   0.008660
1873.596227   9.919400   0.011430
1873.605773   9.911810   0.011260
1873.615321   9.916930   0.010340
1873.624816   10.020190   0.011140
1874.032527   9.941850   0.003120
1874.041923   9.936530   0.003290
1874.051714   9.935440   0.003290
1874.061193   9.932940   0.003230
1874.070741   9.937150   0.003290
1874.080230   9.934260   0.003290
1874.089638   9.936990   0.003290
1874.098984   9.932630   0.003350
1874.108441   9.940440   0.003350
1874.117749   9.930960   0.003460
1874.127103   9.932710   0.003460
1874.136654   9.932750   0.003460
1874.145982   9.933700   0.003640
1874.155173   9.934010   0.003810
1874.164605   9.933660   0.003980
1874.174153   9.920390   0.004500
1874.183645   9.947330   0.005490
1874.193053   9.923530   0.006760
1874.202515   9.927660   0.007040
1874.212179   9.918090   0.007450
1874.222051   9.932900   0.006700
1876.992585   9.924530   0.003120
1877.002277   9.925300   0.003120
1877.012009   9.923420   0.003290
1877.021623   9.916640   0.003290
1877.031340   9.927450   0.003350
1877.041094   9.927370   0.003290
1877.050632   9.930710   0.003290
1877.060512   9.925190   0.003290
1877.070280   9.917980   0.003290
1877.080037   9.922460   0.003410
1877.089835   9.920730   0.003460
1877.099542   9.928140   0.003460
1877.109324   9.922920   0.003700
1877.119234   9.933960   0.003700
1877.128562   9.929330   0.003580
1877.137988   9.927260   0.003580
1877.147449   9.931750   0.003810
1877.157081   9.947370   0.003810
1877.166514   9.935410   0.003640
1877.175811   9.939010   0.003640
1877.185180   9.938810   0.003700
1877.194638   9.935900   0.003640
1877.204359   9.938400   0.003640
1877.213829   9.932570   0.003640
1877.223290   9.938770   0.003640
1877.232928   9.928630   0.003640
1877.242583   9.930000   0.003810
1877.252102   9.930540   0.003810
1877.261424   9.925480   0.003810
1877.271317   9.928850   0.003640
1877.280810   9.926550   0.003640
1877.290913   9.933490   0.003810
1877.300784   9.929250   0.003980
1877.310552   9.924490   0.003750
1877.320329   9.933610   0.003980
1877.330019   9.927310   0.003810
1877.339609   9.934530   0.003640
1877.349339   9.924810   0.003810
1877.359563   9.925680   0.003700
1877.369289   9.930820   0.003810
1877.379166   9.930660   0.003810
1877.389199   9.919250   0.003980
1877.398748   9.914000   0.004160
1877.408188   9.920980   0.004210
1877.417610   9.928740   0.004160
1877.426444   9.927340   0.003980
1877.433416   9.934970   0.004160
1877.439426   9.931560   0.004270
1877.444578   9.933080   0.004330
1877.449101   9.935750   0.004160
1877.452622   9.923900   0.004450
1877.456119   9.930040   0.004160
1877.458826   9.936320   0.004160
1877.460660   9.928890   0.004160
1877.462441   9.926960   0.004160
1877.464144   9.924600   0.004270
1877.465872   9.925160   0.004330
1877.528546   9.937440   0.004850
1877.538164   9.933000   0.004970
1877.547759   9.926330   0.005200
1877.557433   9.928090   0.005310
1877.566991   9.921250   0.005370
1877.956588   9.920300   0.004210
1877.966360   9.947830   0.004100
1877.975795   9.926860   0.003640
1877.985575   9.936940   0.003460
1877.995071   9.934250   0.003290
1878.004964   9.936790   0.003290
1878.014335   9.936120   0.003460
1878.023915   9.924580   0.002830
1878.033403   9.930910   0.003290
1878.042881   9.938630   0.003290
1878.052477   9.928760   0.003580
1878.062202   9.930420   0.003460
1878.072038   9.939790   0.003640
1878.081838   9.922020   0.003520
1878.091595   9.930600   0.003460
1878.101204   9.934900   0.003640
1878.111056   9.937770   0.003640
1878.120475   9.933100   0.003640
1878.129972   9.936570   0.003980
1878.139452   9.934020   0.004330
1878.148981   9.933760   0.006530
1878.158293   9.945520   0.005830
1878.167692   9.935340   0.004040
1878.177309   9.921270   0.003980
1878.186872   9.921500   0.004680
1878.196273   9.927960   0.004680
1878.206054   9.924840   0.005020
1878.215833   9.925320   0.005260
1878.225557   9.932050   0.005370
1878.235117   9.933930   0.004680
1878.244657   9.933930   0.004730
1878.254352   9.934850   0.004970
1878.263984   9.941980   0.005310
1878.273770   9.930660   0.005370
1878.283405   9.924850   0.005600
1878.293079   9.934040   0.005540
1878.302887   9.942470   0.006580
1878.312828   9.920470   0.006700
1878.322431   9.943560   0.006580
1878.332111   9.941910   0.006930
1878.342126   9.937450   0.004950
1878.351898   9.929140   0.005720
1878.361666   9.932330   0.005540
1878.371492   9.930230   0.005600
1878.381052   9.938730   0.006060
1878.390611   9.925950   0.004530
1878.400035   9.924040   0.005660
1878.409523   9.933240   0.005370
1878.419250   9.930550   0.005720
1878.427139   9.925350   0.005890
1878.434256   9.928010   0.004810
1878.439734   9.931470   0.006000
1878.444205   9.920040   0.004810
1878.448555   9.927380   0.004670
1878.452064   9.931370   0.005720
1878.454721   9.939950   0.005770
1878.457364   9.926850   0.005720
1878.459093   9.930620   0.005720
1878.460943   9.923440   0.005720
1878.463071   9.931450   0.008170
1878.523903   9.905030   0.005660
1878.533380   9.914650   0.005720
1878.542754   9.917460   0.005660
1878.552323   9.919540   0.005950
1878.561961   9.918200   0.006750
1878.571685   9.931020   0.008780
1878.581234   9.922960   0.008140
1878.590773   9.916120   0.008490
1878.600390   9.923610   0.010620
1878.885725   9.938830   0.006180
1878.896259   9.924930   0.005200
1878.907039   9.942340   0.005020
1878.917827   9.938990   0.005080
1878.928636   9.930790   0.005200
1878.939490   9.939470   0.004790
1878.950209   9.931680   0.004330
1878.960985   9.930580   0.004210
1878.971663   9.931680   0.004160
1878.982256   9.929750   0.004330
1878.992862   9.935190   0.004160
1879.003349   9.940480   0.004500
1879.014056   9.938330   0.004500
1879.024781   9.945510   0.004500
1879.035403   9.935960   0.004850
1879.046338   9.936420   0.004910
1879.056998   9.940760   0.005020
1879.067120   9.937080   0.005200
1879.077625   9.941180   0.005200
1879.087804   9.940930   0.005370
1879.097718   9.938750   0.005720
1879.108265   9.960050   0.005950
1879.118677   9.938120   0.006120
1879.128946   9.937190   0.005090
1879.138951   9.943400   0.006060
1879.148948   9.943670   0.006580
1879.158753   9.958510   0.006750
1879.168681   9.944140   0.006700
1879.178653   9.945930   0.006810
1879.188532   9.947110   0.006930
1879.198658   9.943760   0.007040
1879.208980   9.944620   0.007100
1879.219105   9.936290   0.007100
1879.229198   9.949430   0.007160
1879.239692   9.932760   0.007100
1879.249885   9.930100   0.007040
1879.259988   9.921040   0.006930
1879.270136   9.931040   0.006930
1879.279998   9.929450   0.005660
1879.290256   9.935220   0.006930
1879.300321   9.930800   0.006930
1879.310604   9.931690   0.006990
1879.321132   9.946690   0.006930
1879.331398   9.930300   0.007100
1879.341711   9.933650   0.007100
1879.352168   9.929310   0.007100
1879.362239   9.933770   0.007160
1879.372581   9.947450   0.007280
1879.383093   9.934940   0.004200
1879.393142   9.930010   0.007450
1879.403333   9.932970   0.007620
1879.413718   9.939450   0.007740
1879.422210   9.933800   0.007790
1879.430290   9.932220   0.007970
1879.436891   9.948830   0.008140
1879.441492   9.954600   0.008200
1879.445571   9.949920   0.008310
1879.449457   9.942970   0.008310
1879.452342   9.931400   0.006860
1879.454194   9.941320   0.008490
1879.456055   9.940040   0.006930
1879.457932   9.941590   0.008600
1879.460282   9.934850   0.012170
1879.524043   9.929920   0.010220
1879.534146   9.916140   0.010450
1879.544253   9.919720   0.010740
1879.554321   9.911210   0.006300
1879.564508   9.912000   0.011140
1879.574677   9.904790   0.011260
1879.584814   9.883180   0.011550
1879.594935   9.900750   0.011780
1879.605121   9.906240   0.012760
1879.615186   10.183990   0.018370
1879.625350   9.887320   0.014730
1879.885631   9.945060   0.006640
1879.895153   9.922380   0.005660
1879.904711   9.919540   0.004680
1879.914664   9.929270   0.003980
1879.924232   9.927950   0.003640
1879.933937   9.927720   0.003460
1879.943742   9.917770   0.003180
1879.953255   9.916340   0.003120
1879.962965   9.921440   0.003120
1879.972299   9.925330   0.003120
1879.982133   9.936710   0.003120
1879.991480   9.928380   0.003290
1880.001350   9.925010   0.003290
1880.010995   9.928290   0.003460
1880.020489   9.923110   0.003460
1880.030167   9.937320   0.003460
1880.040004   9.928130   0.003410
1880.050020   9.924940   0.003460
1880.059700   9.930000   0.003460
1880.069635   9.932430   0.003520
1880.079469   9.933000   0.003640
1880.089000   9.927410   0.003520
1880.098524   9.922810   0.003640
1880.108072   10.087870   0.004160
1880.117530   9.920810   0.003640
1880.127140   9.909320   0.003640
1880.200091   9.925220   0.003810
1880.209735   9.947360   0.003980
1880.219431   9.929670   0.003980
1880.229324   9.918420   0.003810
1880.238989   9.918080   0.003810
1880.248836   9.925490   0.003810
1880.258298   9.930160   0.003810
1880.267686   9.932670   0.003980
1880.277275   9.932510   0.004040
1880.286928   9.936210   0.004330
1880.306613   9.928510   0.004040
1880.369120   9.927380   0.003980
1880.684731   9.895310   0.008370
1880.693935   9.904520   0.008550
1880.703424   9.900810   0.010050
1880.712965   9.885330   0.011550
1880.722745   9.898420   0.014090
1880.732675   10.048590   0.015850
1880.743114   9.861800   0.019920
1880.753480   10.000760   0.028700
1880.828480   9.873650   0.021130
1880.839020   9.922740   0.018710
1880.967707   9.970040   0.003810
1880.977730   9.950950   0.003810
1880.987626   9.946540   0.003460
1880.997175   9.921760   0.003460
1881.007352   9.926310   0.003460
1881.017262   9.921940   0.003520
1881.027023   9.919640   0.003640
1881.036583   9.922760   0.003640
1881.046307   9.927020   0.003640
1881.055914   9.930780   0.003810
1881.065565   9.934290   0.003810
1881.075352   9.936050   0.003980
1881.085120   9.939660   0.003810
1881.094964   9.937730   0.003750
1881.104801   9.939670   0.003580
1881.114937   9.930920   0.004160
1881.124474   9.937670   0.003980
1881.134326   9.928970   0.004100
1881.143810   9.933430   0.003640
1881.153419   9.918820   0.004160
1881.163015   9.935300   0.003980
1881.171357   9.940070   0.003810
1881.180981   9.931780   0.003810
1881.190627   9.926530   0.003640
1881.200550   9.932230   0.003810
1881.210473   9.928530   0.003810
1881.220305   9.939710   0.003980
1881.230199   9.938450   0.003980
1881.239668   9.927490   0.004160
1881.249328   9.947130   0.004160
1881.258917   9.934640   0.004040
1881.268352   9.936630   0.004160
1881.278189   9.929800   0.004160
1881.288137   9.936470   0.004160
1881.297680   9.931190   0.004160
1881.307337   9.943760   0.004330
1881.317394   9.932790   0.004500
1881.327336   9.931660   0.004500
1881.337373   9.940980   0.004500
1881.347129   9.928670   0.004620
1881.357110   9.931200   0.004680
1881.366722   9.946250   0.004790
1881.376276   9.945600   0.004850
1881.386104   9.939220   0.005020
1881.395996   9.944900   0.005020
1881.405772   9.936130   0.005020
1881.414838   9.937230   0.005020
1881.422098   9.944480   0.005200
1881.428287   9.945840   0.005200
1881.433496   9.940840   0.005200
1881.437835   9.966330   0.005370
1881.441542   9.932870   0.005370
1881.445078   9.940650   0.005370
1881.447777   9.939990   0.005370
1881.449541   9.931090   0.005370
1881.451276   9.936390   0.005370
1881.453055   9.939390   0.005370
1881.455245   9.940770   0.007590
1881.512259   9.932660   0.005720
1881.522032   9.920160   0.005950
1881.531584   9.915580   0.006060
1881.541053   9.931870   0.006240
1881.560601   9.915680   0.006410
1881.570473   9.916490   0.006410
1881.580253   9.915840   0.006810
1881.589860   9.937550   0.006750
1881.599577   9.914470   0.007100
1881.638590   9.917930   0.008490
1881.648351   9.928370   0.009350
1881.778022   9.915910   0.014720
1881.787777   9.946960   0.014140
1881.797497   9.941350   0.013630
1881.807277   9.959680   0.012300
1881.816745   9.978990   0.010800
1881.826319   9.909320   0.009010
1881.835921   9.923130   0.007620
1881.845731   9.916840   0.006580
1881.855252   9.932350   0.005720
1881.864967   9.952690   0.005430
1881.874874   9.924250   0.005020
1881.884546   9.920490   0.004390
1881.894462   9.916150   0.004160
1881.904494   9.913100   0.003810
1881.914271   9.923600   0.003810
1881.923884   9.924300   0.003980
1881.933466   9.928340   0.003810
1881.943231   9.929440   0.003930
1881.952875   9.928650   0.004680
1881.962633   9.941660   0.004970
1881.972149   9.942360   0.005200
1881.982098   9.947490   0.005370
1881.992169   9.935910   0.006580
1882.001889   9.931640   0.006930
1882.011594   9.935350   0.006930
1882.021627   9.922620   0.005720
1882.031644   9.920300   0.006120
1882.041324   9.923710   0.006060
1882.051198   9.924590   0.005600
1882.060871   9.926050   0.005720
1882.070527   9.931940   0.009590
1882.080330   9.925660   0.004850
1882.090096   9.908350   0.008660
1882.099569   9.934560   0.013500
1882.109365   9.930320   0.007450
1882.121972   9.929980   0.006240
1882.131558   9.933060   0.005200
1882.141120   9.921070   0.007450
1882.150540   9.925200   0.005490
1882.160119   9.928320   0.005600
1882.169652   9.935350   0.005830
1882.179008   9.925150   0.005660
1882.188466   9.925290   0.006120
1882.198063   9.928250   0.006990
1882.208031   9.909530   0.011260
1882.217722   9.946870   0.009640
1882.227231   9.925630   0.008310
1882.236839   9.955690   0.008490
1882.246327   9.929590   0.011260
1882.256107   9.937180   0.010800
1882.266006   9.937790   0.010630
1882.275585   9.937210   0.009530
1882.285301   9.946480   0.009580
1882.295361   9.938990   0.008950
1882.305067   9.914360   0.011380
1882.315073   9.927060   0.013910
1882.325032   9.925490   0.009120
1882.334886   9.912170   0.007970
1882.344919   9.921390   0.009300
1882.354771   9.947930   0.010100
1882.364587   9.933390   0.008660
1882.374737   9.933360   0.008600
1882.384757   9.859400   0.044980
1882.394964   9.891970   0.017780
1882.404968   9.984380   0.096670
1883.093660   9.919630   0.004270
1883.103366   9.903110   0.005900
1883.112818   9.925130   0.004330
1883.122237   9.944800   0.004800
1883.131900   9.928010   0.004270
1883.141295   9.927430   0.004680
1883.150882   9.937980   0.005020
1883.160374   9.949250   0.005310
1883.169871   9.919730   0.005490
1883.179271   9.927990   0.004680
1883.188727   9.927670   0.004730
1883.198404   9.927470   0.005310
1883.207904   9.929280   0.005370
1883.217549   9.935510   0.005430
1883.226897   9.941670   0.005660
1883.236210   9.941690   0.005600
1883.245790   9.934120   0.005490
1883.255334   9.925610   0.005600
1883.265175   9.935950   0.005720
1883.274780   9.950730   0.005890
1883.284849   9.925440   0.007040
1883.294394   9.953170   0.007510
1883.304305   9.935180   0.007160
1883.314080   9.936450   0.008090
1883.323720   9.933040   0.007280
1883.333437   9.932960   0.006580
1883.343435   9.935100   0.006700
1883.353548   9.938030   0.007160
1883.363493   9.931840   0.006290
1883.373027   9.946240   0.006580
1883.382657   10.029940   0.007280
1883.392439   9.942090   0.006580
1883.402040   9.930790   0.006530
1883.410061   9.935370   0.007040
1883.417485   9.942960   0.007220
1883.423677   9.945590   0.006750
1883.428949   9.939360   0.006930
1883.433300   9.937610   0.007460
1883.436812   9.933380   0.006580
1883.440325   9.942640   0.006990
1883.443180   9.927920   0.006700
1883.444926   9.924990   0.006930
1883.446707   9.939650   0.006580
1883.448508   9.937760   0.006640
1883.507335   9.923590   0.007100
1883.517022   9.927530   0.007160
1883.526655   9.928360   0.007850
1883.536232   9.902240   0.008370
1883.545818   9.917990   0.008490
1883.555341   9.904570   0.008140
1883.565051   10.015710   0.008780
1883.574608   9.919820   0.008260
1883.584302   9.921180   0.008260
1883.593915   9.912790   0.007450
1884.099534   9.925640   0.002600
1884.109140   9.928810   0.002600
1884.118686   9.924530   0.002940
1884.128292   9.936540   0.003230
1884.137551   9.923530   0.002890
1884.147279   9.915520   0.003120
1884.156774   9.911880   0.003290
1884.166197   9.925070   0.003350
1884.175960   9.935130   0.003750
1884.185414   9.929120   0.003230
1884.194977   9.923920   0.002940
1884.204574   9.926290   0.003120
1884.214174   9.941260   0.002940
1884.223839   9.940080   0.003120
1884.233272   9.924340   0.003990
1884.242628   9.931760   0.002770
1884.252195   9.916530   0.002770
1884.261682   9.923570   0.002770
1884.271201   9.937280   0.002770
1884.280876   9.926620   0.002940
1884.290846   9.928340   0.003120
1884.300573   9.916360   0.003230
1884.310420   9.938940   0.004100
1884.320206   9.921870   0.003120
1884.330156   9.921210   0.003180
1884.340081   9.922570   0.003580
1884.350052   9.932650   0.003520
1884.360119   9.941180   0.003120
1884.370060   9.945220   0.003290
1884.379738   9.948660   0.003410
1884.389528   9.948660   0.002940
1884.399065   9.946110   0.002940
1884.406881   9.944680   0.003230
1884.413865   9.949220   0.003640
1884.420368   9.949320   0.003580
1884.425635   9.953800   0.003060
1884.430150   9.947660   0.002940
1884.433678   9.945470   0.003120
1884.437202   9.933400   0.003120
1884.439908   9.932300   0.003120
1884.441669   9.933770   0.003120
1884.443407   9.929480   0.003120
1884.445186   9.926730   0.002940
1884.446926   9.923260   0.003470
1884.503638   9.926550   0.002940
1884.513187   9.916840   0.003120
1884.522993   9.914700   0.002890
1884.532900   9.910520   0.002770
1884.542819   9.915660   0.002940
1884.552706   9.916070   0.002880
1884.562458   10.175210   0.003290
1884.581820   9.900790   0.002770
1884.591479   9.906550   0.003120
1884.600983   9.907720   0.002940
1884.610820   9.909620   0.002770
1884.886961   9.919180   0.005720
1884.896459   9.910200   0.005830
1884.906042   9.913510   0.005600
1884.915643   9.898600   0.006350
1884.925737   9.927540   0.005490
1884.935570   9.930660   0.006410
1884.945448   9.922560   0.005720
1884.954875   9.939620   0.006060
1884.964329   9.921700   0.005890
1884.974229   9.937670   0.006760
1884.983546   9.930870   0.006870
1884.993441   9.926010   0.006530
1885.003341   9.939100   0.006410
1885.013229   9.932440   0.007040
1885.022911   9.944600   0.007040
1885.032502   9.922230   0.007850
1885.042137   9.932660   0.007680
1885.052183   9.932930   0.007790
1885.061957   9.910710   0.008490
1885.071678   9.930350   0.008890
1885.081285   9.923800   0.009650
1885.090973   9.936820   0.008890
1885.100847   9.932250   0.009010
1885.278794   9.916470   0.005020
1885.288696   9.927970   0.005890
1885.298475   9.920010   0.005200
1885.308250   9.919810   0.005200
1885.318087   9.930160   0.005370
1885.328301   9.939700   0.006060
1885.338173   9.923150   0.008310
1885.347960   9.927060   0.007160
1885.357853   9.928230   0.007740
1885.367578   9.921670   0.007910
1885.377344   9.925330   0.009350
1885.386938   9.934300   0.009640
1885.396599   9.949840   0.007970
1885.404395   9.947670   0.007160
1885.411445   9.936400   0.008030
1885.417511   9.938330   0.008490
1885.422892   9.928250   0.008860
1885.427461   9.936730   0.008140
1885.430989   9.949390   0.006870
1885.434637   9.953650   0.007680
1885.437356   9.955570   0.007850
1885.439093   9.939350   0.007620
1885.440855   9.950630   0.007560
1885.442624   9.937740   0.007280
1885.444416   9.948640   0.007330
1885.502228   9.938900   0.007970
1885.511985   9.906350   0.010230
1885.521821   9.904430   0.008080
1885.531512   9.944790   0.007850
1885.541243   9.921610   0.008260
1885.551133   9.925860   0.007160
1885.560860   9.932790   0.007160
1885.570601   9.928320   0.007100
1885.580236   9.953870   0.008320
1885.590133   9.907910   0.006240
1886.072366   9.934240   0.002770
1886.082057   9.935810   0.002770
1886.091456   9.929590   0.002940
1886.101064   9.922030   0.002940
1886.110701   9.919470   0.002940
1886.120214   9.918650   0.003000
1886.129544   9.922540   0.003120
1886.138882   9.922810   0.003120
1886.148233   9.917220   0.003290
1886.157943   9.929170   0.003290
1886.167550   9.926320   0.003520
1886.177101   9.937450   0.003640
1886.186997   9.935470   0.003640
1886.196609   9.924770   0.003810
1886.206153   9.932920   0.004160
1886.215757   9.936680   0.004330
1886.225422   9.937210   0.005370
1886.234829   9.936800   0.005430
1886.244630   9.933790   0.005200
1886.254426   9.926830   0.004100
1886.263771   9.939920   0.003640
1886.273578   9.966490   0.005140
1886.283270   9.959800   0.003520
1886.293134   9.943640   0.003640
1886.303115   9.950060   0.003980
1886.312914   9.943680   0.003640
1886.322818   9.939440   0.003750
1886.332859   9.940100   0.003810
1886.342543   9.942950   0.003640
1886.352534   9.927860   0.003640
1886.362281   9.921320   0.003980
1886.372003   9.926320   0.004040
1886.381496   9.927390   0.004160
1886.391198   9.923650   0.004330
1886.399994   9.921590   0.004330
1886.408171   9.919860   0.004390
1886.414363   9.924140   0.005080
1886.419581   9.930890   0.005140
1886.423873   9.931280   0.004850
1886.427459   9.925840   0.004730
1886.431086   9.925640   0.004680
1886.433748   9.927400   0.005200
1886.435540   9.929450   0.005430
1886.437293   9.926730   0.004850
1886.439058   9.929190   0.004970
1886.441348   9.928250   0.009260
