1863.169882   12.983780   0.034870
1863.179028   12.977400   0.038120
1863.188111   12.985410   0.045910
1863.197263   12.934190   0.039630
1863.206453   12.966240   0.038350
1863.215516   12.909990   0.044880
1863.224486   12.947460   0.044920
1863.233708   12.934500   0.046190
1863.243026   12.956390   0.047810
1863.252052   12.942870   0.043460
1863.260978   12.924830   0.040660
1863.270074   12.949140   0.047660
1863.279229   12.966050   0.042330
1863.288341   12.977820   0.040930
1863.297662   12.993110   0.038980
1863.306748   12.964110   0.044240
1863.315898   12.944060   0.043650
1863.325261   12.971830   0.040190
1863.334632   12.953220   0.042280
1863.344416   12.951980   0.039850
1863.353962   12.943260   0.038050
1863.363511   12.965240   0.034130
1863.372640   12.974280   0.032000
1863.381795   12.968200   0.032170
1863.391577   12.960300   0.033780
1863.400670   12.987240   0.036960
1863.410157   12.963660   0.037540
1863.419415   12.965210   0.039260
1863.428728   12.930830   0.041000
1863.438171   12.984550   0.041520
1863.447725   12.971490   0.044990
1863.457038   12.964870   0.055070
1863.464667   12.955890   0.062260
1863.471563   12.979260   0.066290
1863.477686   12.942110   0.059640
1863.482900   12.941590   0.059620
1863.487037   12.970940   0.061200
1863.490505   12.946970   0.065640
1863.494064   12.995700   0.059220
1863.496621   12.920890   0.063690
1863.498272   12.979000   0.063560
1863.500087   12.973360   0.069020
1863.501889   12.931990   0.069670
1863.503937   12.964970   0.097760
1864.122118   13.001860   0.026390
1864.131216   13.004240   0.035710
1864.140349   12.983640   0.033950
1864.149328   12.988590   0.035690
1864.158727   12.970830   0.032350
1864.168077   12.979860   0.039620
1864.177441   12.975050   0.037650
1864.186471   12.966170   0.030080
1864.195786   12.965460   0.037590
1864.204761   12.942720   0.033280
1864.213956   12.960070   0.031990
1864.223275   12.963300   0.031350
1864.232312   12.942310   0.036560
1864.241734   12.963800   0.037190
1864.250994   12.968690   0.032570
1864.260292   12.937290   0.038460
1864.269452   12.981150   0.034070
1864.278712   12.983770   0.040070
1864.288040   13.010180   0.041510
1864.297228   12.984030   0.039440
1864.306786   12.980920   0.040770
1864.315982   13.001520   0.038600
1864.325240   12.979580   0.040220
1864.334830   12.954730   0.037480
1864.344223   12.995840   0.048600
1864.353629   12.976790   0.046670
1864.362884   12.961420   0.053250
1864.372284   12.964280   0.060190
1864.381718   12.968760   0.053800
1864.391386   12.959120   0.046910
1864.401175   12.930790   0.057240
1864.410777   12.925420   0.051130
1864.420158   12.953800   0.051380
1864.429378   12.953810   0.057140
1864.438639   12.931460   0.064130
1864.448098   12.961310   0.077100
1864.457409   12.934710   0.081720
1864.465120   13.014010   0.074670
1864.472313   12.997560   0.083850
1864.477494   13.012610   0.095660
1864.482567   13.101550   0.096950
1864.492216   13.082660   0.119250
1864.494776   13.025510   0.091920
1864.496480   13.012480   0.117380
1864.498365   13.030650   0.115880
1864.500091   13.056010   0.122430
1864.501760   12.985640   0.120200
1865.081649   13.015170   0.043410
1865.090914   12.982340   0.042830
1865.103000   12.956610   0.041300
1865.112265   12.979630   0.039330
1865.121493   13.010830   0.051280
1865.180915   13.008840   0.029100
1865.189934   12.979770   0.022980
1865.199137   12.932000   0.029040
1865.208040   12.953820   0.022800
1865.217207   12.910720   0.033790
1865.226382   12.946780   0.033140
1865.235932   12.889000   0.035340
1865.245886   12.914930   0.036320
1865.255783   12.931040   0.035630
1865.265750   12.990960   0.047150
1865.275774   12.912090   0.040360
1865.285892   12.990480   0.036670
1865.295973   13.014260   0.041280
1865.306185   13.019740   0.041170
1865.316221   12.980090   0.032120
1865.326150   12.966680   0.042390
1865.336276   12.960690   0.047430
1865.346577   12.991550   0.043060
1865.356675   12.964240   0.041820
1865.366659   12.994030   0.047390
1865.376904   13.009060   0.044530
1865.387088   13.002480   0.043140
1865.397153   13.004070   0.047870
1865.407149   12.983980   0.046170
1865.417333   12.972650   0.042780
1865.427630   13.004350   0.044940
1865.437669   13.006530   0.043040
1865.448171   12.988400   0.057810
1865.457324   12.994010   0.064620
1865.465615   12.953770   0.066280
1865.471988   13.015520   0.081180
1865.477591   13.010560   0.097840
1865.482335   12.971340   0.081320
1865.486159   12.935900   0.094480
1865.489785   12.972360   0.079350
1865.492667   13.012080   0.076060
1865.494427   12.962760   0.071590
1865.496283   13.005480   0.071800
1865.498551   12.970900   0.120830
1866.165339   13.019810   0.025920
1866.174723   12.981220   0.025760
1866.184057   12.962040   0.025980
1866.193410   12.978150   0.026440
1866.202706   12.945720   0.027140
1866.212035   12.975370   0.027790
1866.221409   12.955160   0.027720
1866.230791   12.939790   0.026910
1866.240551   12.933890   0.026500
1866.250004   12.949210   0.027140
1866.259354   12.942920   0.027610
1867.193045   13.006080   0.019920
1867.202355   12.978730   0.020040
1867.211516   12.965410   0.019690
1867.220585   12.945760   0.020500
1867.230131   12.956620   0.020840
1867.239707   12.957330   0.020960
1867.249230   12.940060   0.020440
1867.258785   12.977460   0.021190
1867.268385   12.948250   0.017890
1867.277702   12.978170   0.022580
1867.287153   13.000300   0.022460
1867.296777   12.990280   0.018460
1867.306121   12.985030   0.022860
1867.315500   12.981720   0.022690
1867.325094   12.999270   0.024540
1867.334502   12.979140   0.024540
1867.344482   12.985310   0.025520
1867.354030   12.995910   0.025120
1867.363492   12.994940   0.028940
1867.372735   12.963730   0.026730
1867.382212   12.960140   0.026970
1867.391671   12.975020   0.029960
1867.401392   12.969260   0.028190
1867.410805   12.967310   0.026640
1867.420288   12.950000   0.033080
1867.429722   12.976610   0.036110
1867.439192   12.942500   0.032810
1867.448574   12.947140   0.035450
1867.456168   12.964760   0.032820
1867.463320   12.945360   0.033280
1867.469421   12.983790   0.034360
1867.473939   12.954720   0.026520
1867.478291   12.956870   0.025000
1867.481655   12.961000   0.026100
1867.484335   12.970050   0.028550
1867.486951   12.955220   0.028310
1867.488639   12.945630   0.029270
1867.490315   12.943620   0.030490
1867.492002   12.938820   0.029390
1867.493724   12.953490   0.028500
1868.197661   12.945720   0.034300
1868.207123   12.974640   0.035510
1868.216495   12.981350   0.042750
1868.225986   12.960640   0.041050
1868.235811   12.914070   0.044820
1868.245580   12.925600   0.043950
1868.255259   12.956520   0.047530
1868.264815   13.018630   0.050420
1868.274279   12.977720   0.055550
1868.283929   12.966740   0.048500
1868.293537   12.957740   0.068490
1868.303104   12.938680   0.073960
1868.312574   12.965760   0.075020
1868.322548   12.968000   0.054820
1868.332083   12.986390   0.051040
1868.341800   12.981140   0.052620
1868.351466   13.004000   0.063710
1868.360837   12.987260   0.065700
1868.370659   12.996100   0.061640
1868.380417   12.978970   0.064730
1868.390367   12.950010   0.062310
1868.399668   12.953070   0.057870
1868.409622   12.985270   0.066440
1868.419023   12.973000   0.064490
1868.428372   13.012480   0.057300
1868.437691   12.956350   0.066910
1868.446987   12.970060   0.062140
1868.454949   12.957360   0.065860
1868.461066   12.974290   0.065850
1868.467151   12.956940   0.060690
1868.471440   12.964550   0.066290
1868.475710   13.009050   0.080770
1868.479187   13.018660   0.081930
1868.481793   13.006080   0.079610
1868.484421   12.985340   0.071330
1868.486154   12.970530   0.073010
1868.487874   12.975760   0.073020
1868.489584   13.012640   0.076910
1868.491280   12.985710   0.080520
1868.553049   12.927270   0.095610
1868.562396   12.971520   0.114620
1869.239644   12.968730   0.092380
1869.249027   12.929550   0.095970
1869.258676   13.039520   0.107180
1869.268307   12.836250   0.066100
1869.287953   13.079740   0.071900
1869.297545   12.976570   0.070600
1870.219778   12.963160   0.022760
1870.229270   12.942180   0.023210
1870.238762   12.938740   0.025470
1870.248135   12.948100   0.024650
1870.257691   12.966010   0.028130
1870.267266   12.993550   0.027430
1870.276950   12.982080   0.027430
1870.286498   12.996770   0.028010
1870.295849   12.987260   0.026450
1870.305565   12.977050   0.027770
1870.315197   13.002350   0.030310
1870.325274   12.968020   0.031310
1870.335174   12.964450   0.028150
1870.344892   12.973110   0.030320
1870.354573   12.934550   0.033500
1870.364104   12.961580   0.044600
1870.373603   12.984000   0.042260
1870.383600   12.963050   0.052140
1870.393243   12.962800   0.063890
1870.402820   12.987700   0.086780
1870.412418   12.974580   0.071340
1870.421719   12.977800   0.079220
1870.431056   12.970090   0.077850
1870.440608   12.980830   0.067590
1870.448993   12.932360   0.059370
1870.456179   12.961000   0.054270
1870.461756   12.929060   0.075020
1870.466593   12.988740   0.078350
1870.470290   12.999550   0.068600
1870.474034   12.980710   0.083320
1870.476825   12.985290   0.089390
1870.478569   13.020820   0.089460
1870.480341   12.976180   0.077900
1870.482097   12.984780   0.080410
1870.483838   13.063920   0.091240
1870.485602   13.036730   0.086960
1871.136689   13.006490   0.027140
1871.146179   12.971520   0.025920
1871.155384   12.971890   0.025810
1871.164955   12.937140   0.028180
1871.174269   12.923210   0.027480
1871.183469   12.930280   0.029560
1871.192872   12.941470   0.027480
1871.202392   12.929240   0.029330
1871.211865   12.901880   0.032850
1871.221273   12.858350   0.032450
1871.230922   12.940000   0.030890
1871.240394   12.946860   0.029910
1871.250018   12.923400   0.031010
1871.259511   12.968700   0.030320
1871.269122   12.998610   0.031130
1871.278903   12.966130   0.030250
1871.288648   12.976710   0.032340
1871.298226   13.034100   0.032910
1871.307789   13.006840   0.035220
1871.317562   12.989330   0.035290
1871.327342   12.974190   0.036380
1871.337079   12.994450   0.038110
1871.346725   12.969910   0.040020
1871.356495   12.982440   0.036900
1871.366277   12.952670   0.044410
1871.375944   12.999200   0.039440
1871.385808   13.006430   0.045230
1871.395399   12.952950   0.045970
1871.404882   12.939470   0.052960
1871.414342   12.927820   0.052790
1871.423744   12.983550   0.051400
1871.433495   12.984310   0.050730
1871.442405   12.970670   0.044460
1871.449670   12.948890   0.047470
1871.455742   12.948320   0.052650
1871.461191   12.976640   0.054640
1871.465968   12.927980   0.050190
1871.469461   12.936870   0.050170
1871.472994   12.942960   0.052340
1871.476070   12.962060   0.049740
1871.477819   12.960740   0.051990
1871.479709   12.990190   0.048810
1871.481438   12.980860   0.048390
1871.550420   12.967630   0.057070
1871.559908   12.997530   0.057290
1871.569340   12.956860   0.061160
1871.578835   12.993230   0.064660
1871.588334   12.958910   0.075940
1871.597765   13.008740   0.088860
1871.607264   12.983360   0.097720
1871.616819   13.018720   0.117640
1872.324463   13.029160   0.031160
1872.334315   12.998440   0.030890
1872.344041   12.966100   0.031410
1872.353623   12.993690   0.031930
1872.363427   12.975380   0.029540
1872.373279   12.969190   0.029640
1872.383099   12.997600   0.028930
1872.392766   12.974790   0.029450
1872.402203   12.976290   0.030700
1872.412032   12.972440   0.032810
1872.421585   12.988180   0.033720
1872.431130   12.974680   0.034940
1872.439874   12.968880   0.035570
1872.447517   12.973870   0.034530
1872.454162   12.959010   0.035210
1872.459603   12.963720   0.039280
1872.463903   12.964510   0.039630
1872.467716   12.944490   0.037510
1872.470496   12.931330   0.038740
1872.473152   12.950290   0.039040
1872.474857   12.952850   0.039890
1872.476617   12.925830   0.040160
1872.478370   12.934290   0.038710
1872.480228   12.956990   0.039730
1872.541663   12.944750   0.048280
1872.550845   12.944030   0.051800
1872.560270   12.911030   0.049950
1872.569828   12.961130   0.055980
1872.579400   12.975360   0.060650
1872.588943   12.997910   0.061210
1872.598488   12.952030   0.072860
1872.608116   13.006780   0.074540
1872.617527   13.012950   0.098520
1872.627101   12.909260   0.089330
1873.229437   12.981170   0.036210
1873.238826   12.943620   0.037530
1873.248403   12.908810   0.035520
1873.258009   12.946680   0.035800
1873.267456   12.994320   0.040010
1873.276959   12.968850   0.038740
1873.286788   12.964360   0.038570
1873.296275   12.982720   0.040710
1873.305896   12.998770   0.044110
1873.315548   12.988790   0.043770
1873.325684   12.976970   0.044580
1873.335346   12.965020   0.047320
1873.344943   12.956220   0.047640
1873.354842   12.931290   0.044870
1873.364691   12.977000   0.050580
1873.374458   12.947640   0.046880
1873.383960   12.950770   0.043440
1873.393856   12.992350   0.044750
1873.403606   12.938430   0.046660
1873.413210   12.974790   0.052370
1873.422938   12.978190   0.054270
1873.432622   12.914650   0.048040
1873.441010   12.958050   0.041660
1873.447044   12.952460   0.041920
1873.453044   12.955570   0.042490
1873.457630   12.957850   0.044050
1873.462090   12.941860   0.045200
1873.465548   13.003440   0.042670
1873.468261   12.976110   0.047320
1873.470892   12.953770   0.048850
1873.472722   12.968480   0.046110
1873.474437   12.966270   0.045810
1873.476606   12.962740   0.062760
1873.558313   13.042800   0.108330
1873.567696   12.967310   0.106630
1873.577180   13.026920   0.115180
1873.586745   13.035230   0.102660
1873.596380   12.862250   0.070900
1873.605773   12.992870   0.125090
1873.615321   12.930730   0.118430
1873.624739   12.983320   0.098800
1874.032527   12.954770   0.022860
1874.041923   12.969130   0.024150
1874.051714   12.970140   0.024650
1874.061193   12.959040   0.023980
1874.070741   12.950960   0.025000
1874.080230   12.953480   0.025810
1874.089638   12.986470   0.025590
1874.098984   12.954330   0.025760
1874.108441   12.978340   0.026210
1874.117749   12.980340   0.027320
1874.127103   13.024840   0.028010
1874.136654   12.987010   0.027830
1874.145982   12.996830   0.029210
1874.155173   13.018050   0.031300
1874.164605   12.976810   0.033500
1874.174153   12.924720   0.037990
1874.183645   12.981590   0.051510
1874.193053   12.920100   0.065640
1874.202515   12.884300   0.061980
1874.212179   12.968760   0.070570
1874.222051   12.890840   0.061200
1874.593715   13.016460   0.117300
1874.603390   12.964000   0.100820
1874.613039   12.986280   0.067500
1876.992585   12.994320   0.025240
1877.002277   12.975680   0.025460
1877.012009   12.962680   0.027080
1877.021623   12.963820   0.026390
1877.031340   12.981650   0.028990
1877.041094   12.990110   0.027720
1877.050632   12.954220   0.023900
1877.060512   12.967220   0.025710
1877.070280   12.970240   0.026970
1877.080037   12.972850   0.026960
1877.089835   12.986110   0.026220
1877.099542   12.998560   0.028010
1877.109324   13.012370   0.032970
1877.119234   12.979490   0.033910
1877.128562   12.976300   0.030150
1877.137988   12.931620   0.028000
1877.147449   12.868520   0.031530
1877.157081   12.965910   0.032040
1877.166514   12.925490   0.029620
1877.175811   12.933720   0.029100
1877.185180   12.961960   0.030830
1877.194638   12.938340   0.030610
1877.204359   12.952690   0.029850
1877.213829   12.939900   0.029280
1877.223290   12.955530   0.030890
1877.232928   12.936130   0.030430
1877.242583   12.958930   0.032040
1877.252102   12.929300   0.031760
1877.261424   12.969670   0.032160
1877.271317   12.987870   0.030430
1877.280810   13.005520   0.030020
1877.290913   13.011640   0.032630
1877.300784   13.059820   0.036320
1877.310552   12.980610   0.031930
1877.320329   13.005450   0.035220
1877.330019   12.985900   0.031700
1877.339609   12.967820   0.029340
1877.349339   12.975800   0.031760
1877.359563   12.970870   0.028760
1877.369289   12.984630   0.032910
1877.379166   12.979640   0.031300
1877.389199   12.999920   0.036140
1877.398748   13.004720   0.038760
1877.408188   12.984410   0.038870
1877.417610   12.975530   0.036690
1877.426444   12.954870   0.031730
1877.433416   12.964870   0.035050
1877.439426   12.972850   0.039980
1877.444578   12.971270   0.038810
1877.449101   12.994080   0.032740
1877.452622   12.989640   0.041370
1877.456119   12.995760   0.034140
1877.458826   12.973240   0.032970
1877.460660   12.973010   0.034490
1877.462441   12.985690   0.034090
1877.464144   12.993380   0.033960
1877.465872   13.005240   0.039190
1877.528546   12.997530   0.042280
1877.538164   12.950980   0.044830
1877.547759   12.930400   0.046420
1877.557433   12.959870   0.046020
1877.566991   12.973590   0.048690
1877.956588   12.978640   0.039750
1877.966360   12.990090   0.035730
1877.975795   12.970920   0.027200
1877.985575   12.964710   0.024600
1877.995071   12.975520   0.023040
1878.004964   12.963810   0.022120
1878.014335   12.964800   0.025240
1878.023915   12.972580   0.020220
1878.033403   12.971350   0.022520
1878.042881   12.959060   0.021540
1878.052477   12.976470   0.024420
1878.062202   12.961280   0.024080
1878.072038   12.975010   0.024420
1878.081838   12.954580   0.026640
1878.091595   12.987120   0.025170
1878.101204   12.982660   0.026390
1878.111056   12.975990   0.027310
1878.120475   12.969970   0.028290
1878.129972   12.999520   0.031060
1878.139452   12.994630   0.034760
1878.148981   12.980850   0.058450
1878.158293   12.974780   0.049510
1878.167692   12.978280   0.030950
1878.177309   12.967270   0.028180
1878.186872   12.953940   0.036840
1878.196273   12.964790   0.036500
1878.206054   12.918570   0.039420
1878.215833   12.939130   0.044930
1878.225557   12.960600   0.046200
1878.235117   12.988930   0.039260
1878.244657   13.001140   0.041580
1878.254429   13.006810   0.035350
1878.263984   12.972070   0.047370
1878.273770   12.975480   0.047000
1878.283405   12.965000   0.049350
1878.293079   12.954500   0.042680
1878.302887   12.994250   0.052620
1878.312828   13.019590   0.056080
1878.322431   12.965940   0.059410
1878.332111   12.906150   0.059330
1878.342126   13.006590   0.043070
1878.351898   12.969710   0.048200
1878.361666   13.005360   0.046430
1878.371492   12.980620   0.047310
1878.381052   12.963660   0.053390
1878.390611   12.998150   0.040390
1878.400035   12.965770   0.051180
1878.409523   12.965860   0.047450
1878.419250   12.957550   0.053530
1878.427139   12.977010   0.054210
1878.434256   12.959210   0.044130
1878.439734   12.953220   0.053690
1878.444205   12.926310   0.042070
1878.448555   12.950810   0.045190
1878.452064   12.949110   0.055050
1878.454721   12.993430   0.051480
1878.457364   12.962420   0.051780
1878.459093   12.953120   0.053640
1878.460943   12.934650   0.050580
1878.463071   12.989470   0.075620
1878.523903   12.973950   0.056640
1878.533380   12.986670   0.059150
1878.542754   12.974740   0.053120
1878.552323   12.967910   0.059700
1878.561961   12.976290   0.062150
1878.571685   13.024020   0.083370
1878.581234   13.024380   0.085120
1878.590773   12.981050   0.088490
1878.600390   13.004620   0.113180
1878.885725   12.991680   0.071320
1878.896259   12.946190   0.053350
1878.907039   12.973990   0.052040
1878.917827   12.983220   0.055890
1878.928636   12.921310   0.053100
1878.939490   12.981460   0.048130
1878.950209   12.974080   0.038010
1878.960985   12.982030   0.038230
1878.971663   12.955420   0.034880
1878.982256   12.987070   0.035690
1878.992862   12.979860   0.034140
1879.003349   12.992180   0.036890
1879.014056   12.966810   0.036350
1879.024781   12.972300   0.037240
1879.035403   12.932510   0.039720
1879.046338   12.972900   0.042380
1879.056998   12.952140   0.042190
1879.067120   12.948220   0.040880
1879.077625   12.958790   0.044770
1879.087804   13.042430   0.046680
1879.097718   12.970260   0.049710
1879.108265   12.994980   0.050130
1879.118677   12.974380   0.058090
1879.128946   12.981900   0.048300
1879.138951   12.940600   0.053900
1879.148948   12.953230   0.062540
1879.158753   12.971890   0.066540
1879.168681   12.979420   0.064840
1879.178653   12.935250   0.066820
1879.188532   12.897850   0.066060
1879.198658   12.922520   0.067850
1879.208980   12.927380   0.067110
1879.219105   12.981780   0.067930
1879.229198   12.963870   0.068780
1879.239692   12.966730   0.071120
1879.249885   12.978200   0.070910
1879.259988   12.940390   0.068250
1879.270136   12.972940   0.066410
1879.279998   12.944910   0.052260
1879.290256   13.008540   0.066200
1879.300321   12.989470   0.059690
1879.310604   13.005520   0.062730
1879.321132   13.006610   0.061740
1879.331398   12.985330   0.063280
1879.341711   12.972110   0.058310
1879.352168   12.988030   0.064780
1879.362239   12.981710   0.064290
1879.372581   12.944480   0.068720
1879.383093   12.988070   0.039700
1879.393142   12.992060   0.058840
1879.403333   12.987760   0.062490
1879.413718   12.974120   0.073750
1879.422210   12.972960   0.074200
1879.430290   12.964900   0.073430
1879.436891   12.930850   0.076040
1879.441492   12.983670   0.078230
1879.445571   12.989460   0.080400
1879.449457   12.947760   0.083040
1879.452342   12.974080   0.065620
1879.454194   13.019370   0.078940
1879.456055   13.006360   0.068030
1879.457932   12.974600   0.082540
1879.460282   12.989580   0.117210
1879.524043   12.923840   0.097790
1879.534146   12.969000   0.104380
1879.544253   12.923350   0.108620
1879.554321   12.909460   0.063000
1879.564508   12.931260   0.112230
1879.574677   12.904360   0.118030
1879.584814   12.866040   0.117090
1879.594935   12.956030   0.122730
1879.605121   12.996970   0.127500
1879.885631   13.000440   0.093310
1879.895153   12.975860   0.075160
1879.904711   12.975030   0.059740
1879.914664   13.007570   0.046660
1879.924232   12.995000   0.038830
1879.933937   12.942250   0.034080
1879.943742   12.945270   0.029280
1879.953255   12.979080   0.026390
1879.962965   12.969960   0.024130
1879.972299   12.990470   0.022930
1879.982133   12.979760   0.023450
1879.991480   12.978860   0.026160
1880.001350   12.973240   0.026790
1880.010995   12.989550   0.030570
1880.020489   12.972120   0.030140
1880.030167   12.967790   0.031120
1880.040004   12.963550   0.029820
1880.050020   12.946940   0.030320
1880.059700   12.956550   0.030890
1880.069635   12.993390   0.032640
1880.079469   13.021880   0.034930
1880.089000   12.994140   0.033090
1880.098524   13.034440   0.035510
1880.108072   13.004720   0.035160
1880.117530   13.017330   0.032450
1880.127140   12.984540   0.033260
1880.200091   12.977440   0.035340
1880.209735   12.907930   0.036660
1880.219431   12.939150   0.035690
1880.229324   12.957780   0.034180
1880.238989   12.982310   0.034240
1880.248836   12.982170   0.034240
1880.258298   13.014230   0.036370
1880.267686   12.985080   0.037880
1880.277275   13.010620   0.038860
1880.286928   12.988080   0.042840
1880.306613   12.943420   0.037880
1880.369120   12.964790   0.035060
1880.684731   12.941730   0.102170
1880.693935   12.938050   0.094110
1880.703424   12.883960   0.104830
1880.967707   12.926640   0.038340
1880.977730   13.029580   0.040070
1880.987626   12.946620   0.032100
1880.997175   12.981810   0.030200
1881.007352   12.981880   0.031480
1881.017262   12.975210   0.032520
1881.027023   12.997700   0.034810
1881.036583   12.957890   0.033780
1881.046307   12.940730   0.033900
1881.055914   12.962810   0.038510
1881.065565   12.973270   0.037590
1881.075352   12.983610   0.038860
1881.085120   12.955220   0.036840
1881.094964   12.972320   0.036320
1881.104801   12.980130   0.032120
1881.114937   12.927240   0.040590
1881.124474   12.985620   0.038570
1881.134326   12.888500   0.037990
1881.143810   12.981480   0.032220
1881.153419   12.910320   0.038740
1881.163015   12.950120   0.036370
1881.171357   12.951220   0.032620
1881.180981   12.957070   0.034180
1881.190627   12.957290   0.028520
1881.200550   12.944860   0.030540
1881.210473   12.928540   0.033540
1881.220305   12.931760   0.036610
1881.230199   13.000140   0.036910
1881.239668   13.003520   0.039210
1881.249328   13.011640   0.037440
1881.258917   13.010210   0.037320
1881.268352   12.993420   0.039210
1881.278189   13.004460   0.036000
1881.288137   12.980170   0.033890
1881.297680   12.989900   0.034590
1881.307337   12.971140   0.036230
1881.317394   12.995770   0.037190
1881.327336   12.958860   0.038000
1881.337373   12.938790   0.037530
1881.347129   12.958520   0.037940
1881.357110   12.951800   0.039770
1881.366722   12.996260   0.040410
1881.376276   12.955950   0.041640
1881.386104   12.983010   0.042380
1881.395996   12.956440   0.044360
1881.405772   12.939350   0.046480
1881.414838   12.934380   0.045280
1881.422098   12.951740   0.044570
1881.428287   12.950560   0.045260
1881.433496   12.937170   0.047580
1881.437835   12.949160   0.047610
1881.441542   12.940990   0.047510
1881.445078   12.941750   0.049310
1881.447777   12.921180   0.050290
1881.449541   12.950900   0.049500
1881.451276   12.930920   0.047290
1881.453055   12.944100   0.049530
1881.455245   12.960120   0.073490
1881.512259   12.930830   0.051030
1881.522032   12.958980   0.053140
1881.531584   12.949620   0.058070
1881.541053   12.992760   0.057880
1881.550943   12.970870   0.058900
1881.560601   12.961180   0.060850
1881.570473   12.958420   0.060680
1881.580253   12.974580   0.068420
1881.589860   12.983730   0.060360
1881.599577   12.970590   0.069620
1881.609472   13.002960   0.062270
1881.619114   12.982610   0.074140
1881.628942   12.955080   0.081630
1881.638590   13.011660   0.090310
1881.648351   12.987850   0.083780
1881.826319   12.934660   0.119700
1881.835921   12.998980   0.106390
1881.845731   13.038820   0.073890
1881.855252   13.075070   0.071160
1881.864967   12.930050   0.066640
1881.874874   12.959070   0.055580
1881.884546   12.981960   0.046680
1881.894462   12.986710   0.040420
1881.904494   12.975850   0.035200
1881.914271   12.982430   0.033600
1881.923884   12.992390   0.035400
1881.933466   13.000210   0.032340
1881.943231   12.973500   0.033110
1881.952875   12.989510   0.043020
1881.962633   12.976310   0.046850
1881.972149   12.997260   0.049130
1881.982098   12.987010   0.053270
1881.992169   12.975640   0.068690
1882.001889   12.944640   0.070630
1882.011594   12.986100   0.071040
1882.021627   12.986480   0.054520
1882.031644   12.984930   0.065430
1882.041324   13.026330   0.060890
1882.051198   12.958090   0.056180
1882.060871   12.977860   0.060930
1882.070527   13.026780   0.109850
1882.080330   12.998130   0.045900
1882.090096   13.016670   0.097760
1882.109365   13.078270   0.086750
1882.121972   12.993850   0.067930
1882.141120   12.871790   0.076950
1882.150540   12.935810   0.056850
1882.160119   12.981250   0.059540
1882.169652   12.997210   0.063050
1882.179008   12.923900   0.059990
1882.188466   12.902250   0.063880
1882.198063   12.867600   0.073340
1882.217722   12.948890   0.105270
1882.227231   12.994640   0.094120
1882.236839   12.972360   0.092450
1882.246327   13.035400   0.122380
1882.256030   12.996950   0.093910
1882.266006   13.021100   0.093480
1882.275585   12.933210   0.101250
1882.285301   13.075320   0.112710
1882.295361   13.006470   0.104150
1882.304914   12.972920   0.070500
1882.325032   12.966670   0.101440
1882.334886   12.937030   0.084950
1882.344919   12.936890   0.100570
1882.354771   13.002060   0.111150
1882.364587   12.920580   0.095210
1882.374737   13.017430   0.091540
1883.093660   12.978920   0.046330
1883.103366   13.009890   0.057430
1883.112818   13.008040   0.047050
1883.122237   12.840530   0.051060
1883.131900   12.934170   0.044010
1883.141295   12.914770   0.048860
1883.150882   12.997010   0.055450
1883.160374   12.985210   0.058330
1883.169871   12.965610   0.061840
1883.179271   12.886170   0.044280
1883.188727   12.919810   0.045930
1883.198404   12.920920   0.054280
1883.207904   12.942800   0.055680
1883.217549   13.009080   0.061500
1883.226897   12.987560   0.062470
1883.236210   12.969510   0.063280
1883.245790   12.955940   0.061040
1883.255334   12.956310   0.062700
1883.265175   12.954480   0.065190
1883.274780   12.964570   0.063610
1883.284849   12.999920   0.083490
1883.294394   13.035930   0.086430
1883.304305   12.974580   0.083950
1883.314080   13.036730   0.089670
1883.323720   12.924830   0.078440
1883.333437   12.952220   0.066950
1883.343435   12.987300   0.077090
1883.353548   12.928190   0.078930
1883.363493   12.963020   0.073740
1883.373027   12.922490   0.071450
1883.382657   12.938180   0.077760
1883.392439   12.967510   0.070810
1883.402040   12.929720   0.072010
1883.410061   12.995320   0.079290
1883.417485   12.916540   0.078380
1883.423677   12.939280   0.069350
1883.428949   12.979840   0.076010
1883.433300   12.980100   0.089110
1883.436812   13.051280   0.073580
1883.440325   12.960970   0.085000
1883.443180   12.969000   0.074470
1883.444926   12.976350   0.081950
1883.446707   12.991190   0.073220
1883.448508   12.951970   0.072750
1883.507335   12.999710   0.081750
1883.517022   13.006640   0.074860
1883.526655   12.987770   0.087690
1883.536232   12.979980   0.087850
1883.545818   12.912360   0.092850
1883.555341   12.963590   0.093140
1883.565051   12.962320   0.097580
1883.574608   12.965810   0.090280
1883.584302   12.997200   0.099890
1883.593915   13.008690   0.085290
1884.099534   12.956780   0.013100
1884.109140   12.958440   0.022810
1884.118686   12.983810   0.029440
1884.137551   13.022390   0.027030
1884.147279   12.908390   0.029790
1884.156774   12.879240   0.029740
1884.166197   12.956730   0.025460
1884.175960   12.958600   0.038060
1884.185414   12.907240   0.030780
1884.194977   12.915970   0.026330
1884.204574   12.977440   0.030430
1884.214174   13.025870   0.028180
1884.223839   12.965840   0.016900
1884.233272   12.992740   0.044080
1884.242628   12.986960   0.024600
1884.252195   13.002280   0.024250
1884.261682   12.997190   0.025230
1884.271201   12.987030   0.024600
1884.280876   12.984850   0.027110
1884.290846   12.971190   0.029330
1884.300573   12.971070   0.030830
1884.310420   13.052930   0.046730
1884.320206   12.952440   0.028780
1884.330156   12.970990   0.028120
1884.340081   12.975820   0.037940
1884.350052   12.939950   0.033330
1884.360119   12.948870   0.029620
1884.370060   12.944730   0.028120
1884.379738   12.959190   0.030980
1884.389528   12.955370   0.025070
1884.399065   12.952020   0.027140
1884.406881   12.971590   0.031870
1884.413865   12.962510   0.035450
1884.420368   13.066670   0.039360
1884.425635   12.970600   0.029220
1884.430150   12.979830   0.024940
1884.433678   12.956850   0.028480
1884.437202   12.964340   0.028070
1884.439908   12.964750   0.030140
1884.441669   12.963920   0.031180
1884.443407   12.965450   0.028890
1884.445186   12.961640   0.027430
1884.446926   13.002330   0.036850
1884.503638   12.953070   0.026100
1884.513187   12.980810   0.032490
1884.522993   12.948360   0.026180
1884.532900   12.954620   0.024080
1884.542819   13.010240   0.029340
1884.552706   12.952150   0.034570
1884.562458   12.966660   0.021370
1884.572213   12.959670   0.027010
1884.581820   12.952710   0.021540
1884.591479   12.965640   0.029450
1884.600983   12.962840   0.024940
1884.610820   12.960990   0.023210
1884.886961   12.967000   0.061390
1884.896459   12.975360   0.063760
1884.906042   12.981560   0.056920
1884.915643   13.038030   0.074200
1884.925737   12.981590   0.057550
1884.935570   12.971260   0.075120
1884.945448   12.975510   0.063750
1884.954875   12.979850   0.065620
1884.964329   12.998900   0.061890
1884.974229   12.956760   0.071270
1884.983546   12.984690   0.073120
1884.993441   12.964870   0.065940
1885.003341   12.997530   0.058520
1885.013229   13.023660   0.069390
1885.022911   12.990290   0.066720
1885.032502   12.986410   0.079440
1885.042137   12.947210   0.073840
1885.052183   12.970700   0.079660
1885.061957   12.974740   0.089260
1885.071678   12.962630   0.095070
1885.081285   12.978650   0.106470
1885.090973   12.978960   0.100130
1885.100847   12.936760   0.096310
1885.278794   13.012550   0.058350
1885.288696   12.954670   0.069240
1885.298475   12.972710   0.061280
1885.308250   12.983000   0.056480
1885.318087   12.916180   0.061530
1885.328301   12.928780   0.068020
1885.338173   13.003850   0.095190
1885.347960   12.942750   0.088250
1885.357853   12.894640   0.092600
1885.367578   12.973780   0.099220
1885.377268   12.986180   0.092770
1885.386938   12.981110   0.094610
1885.396599   12.998200   0.094960
1885.404395   12.958360   0.083880
1885.411445   13.012130   0.103490
1885.417511   13.044060   0.107050
1885.422739   13.033390   0.059700
1885.427461   13.004180   0.100880
1885.430989   12.921980   0.081700
1885.434637   12.991600   0.096320
1885.437356   13.006620   0.095530
1885.439093   13.021650   0.100860
1885.440855   12.994070   0.090480
1885.442624   12.959810   0.083870
1885.444416   12.908700   0.085570
1885.502228   12.970710   0.103420
1885.512138   12.810140   0.065600
1885.521821   13.072350   0.104840
1885.531512   12.984250   0.095010
1885.541243   12.987240   0.100280
1885.551133   12.955890   0.086240
1885.560860   12.927120   0.088410
1885.570601   13.041040   0.089320
1885.580236   12.984120   0.099780
1885.590133   13.046710   0.074170
1886.072366   12.970230   0.021140
1886.082057   12.998300   0.023730
1886.091456   12.989570   0.024830
1886.101064   12.997030   0.025590
1886.110701   12.996120   0.024830
1886.120214   12.956230   0.024650
1886.129544   12.945850   0.025930
1886.138882   12.950040   0.026850
1886.148233   12.906950   0.025690
1886.157943   12.911050   0.026040
1886.167550   12.932130   0.031920
1886.177101   12.961800   0.031180
1886.186997   12.912500   0.032850
1886.196609   12.923900   0.034010
1886.206153   12.941750   0.037710
1886.215757   12.994330   0.043370
1886.225422   12.986640   0.056990
1886.234829   12.965130   0.055120
1886.244630   12.974170   0.055720
1886.254426   13.010160   0.042680
1886.263771   12.988730   0.033610
1886.273578   12.929600   0.053990
1886.283270   12.992210   0.030200
1886.293134   12.968550   0.032760
1886.303115   12.981660   0.037070
1886.312914   12.985100   0.032790
1886.322818   12.957800   0.033570
1886.332859   12.983610   0.032740
1886.342543   12.962050   0.031480
1886.352534   12.964120   0.032460
1886.362281   12.964650   0.036060
1886.372003   12.956170   0.038050
1886.381496   12.965310   0.037880
1886.391198   12.946290   0.038860
1886.399994   12.968020   0.043050
1886.408171   12.952380   0.043110
1886.414363   12.957040   0.051940
1886.419581   12.976000   0.054060
1886.423873   12.998830   0.046890
1886.427459   12.949890   0.047260
1886.431086   12.970820   0.047620
1886.433748   12.999350   0.055560
1886.435540   12.944670   0.056790
1886.437293   12.962860   0.045760
1886.439058   12.958660   0.048740
1886.441348   12.984360   0.099980
