1863.169882   14.743890   0.108610
1863.179028   14.781040   0.127700
1863.187958   14.837160   0.080300
1863.197339   14.819050   0.108130
1863.206453   14.807420   0.130110
1863.251975   14.735050   0.104370
1863.260978   14.659880   0.103830
1863.279153   14.706410   0.114880
1863.288188   14.970240   0.081100
1863.297662   14.794650   0.124750
1863.306748   14.702540   0.130070
1863.315898   14.734180   0.077100
1863.325261   14.769220   0.133510
1863.344416   14.759290   0.078500
1863.353962   14.782540   0.109520
1863.363511   14.805870   0.126310
1863.372640   14.795200   0.116150
1863.381795   14.792650   0.119870
1863.391577   14.806010   0.126560
1863.400671   14.802640   0.104010
1863.410157   14.808250   0.130620
1863.419261   14.834580   0.082000
1864.122118   14.815460   0.103280
1864.131216   14.832140   0.123430
1864.140349   14.762330   0.112900
1864.149328   14.846640   0.119540
1864.158727   14.771600   0.100390
1864.168077   14.717690   0.127960
1864.177441   14.810990   0.131620
1864.186471   14.787810   0.104920
1864.195786   14.766800   0.127500
1864.204761   14.746930   0.113590
1864.213956   14.746680   0.103110
1864.223275   14.903400   0.115740
1864.232312   14.781740   0.130510
1864.241734   14.765390   0.121940
1864.250994   14.758420   0.108290
1864.260292   14.831560   0.129500
1864.269452   14.761730   0.116890
1864.278789   14.776950   0.106150
1864.297228   14.778950   0.129500
1864.306786   14.863930   0.131580
1864.316059   14.780110   0.110990
1864.325240   14.764680   0.127500
1864.334830   14.787310   0.126150
1865.112265   14.816360   0.076500
1865.180915   14.827470   0.107050
1865.189934   14.753640   0.082090
1865.199137   14.867780   0.108680
1865.208040   14.805420   0.083670
1865.217207   14.784960   0.122710
1865.226382   14.869070   0.119460
1865.235932   14.796190   0.128400
1865.245886   14.863900   0.125520
1865.255783   14.789970   0.118270
1865.286045   14.752990   0.067700
1865.295820   14.884120   0.077700
1865.306185   14.754740   0.123020
1865.316221   14.850170   0.102250
1866.165339   14.772310   0.089220
1866.174723   14.745080   0.085930
1866.184057   14.803670   0.090110
1866.193410   14.804490   0.089060
1866.202706   14.717620   0.090880
1866.212035   14.842110   0.098580
1866.221409   14.777850   0.098870
1866.230791   14.768980   0.092350
1866.240551   14.814730   0.086040
1866.250004   14.781640   0.098530
1866.259354   14.822010   0.097750
1867.193045   14.765720   0.065080
1867.202355   14.762670   0.067380
1867.211516   14.783040   0.067550
1867.220585   14.717260   0.072510
1867.230131   14.787690   0.078290
1867.239707   14.783980   0.077340
1867.249230   14.764990   0.072570
1867.258785   14.772140   0.075530
1867.268385   14.829130   0.079450
1867.277702   14.788070   0.078720
1867.287153   14.745540   0.080600
1867.296854   14.823020   0.082790
1867.306121   14.763090   0.080770
1867.315500   14.826160   0.084580
1867.325094   14.847930   0.091590
1867.334502   14.782270   0.087150
1867.344482   14.738830   0.091990
1867.354030   14.777760   0.093830
1867.363492   14.844960   0.107820
1867.372735   14.795390   0.098750
1867.382212   14.779560   0.098670
1867.391671   14.754610   0.105620
1867.401392   14.742160   0.102970
1867.410805   14.819060   0.103470
1867.420288   14.872000   0.119710
1867.429722   14.823110   0.132690
1867.439192   14.823270   0.119360
1867.448650   14.803440   0.105310
1867.456168   14.712880   0.111070
1867.463320   14.769090   0.119620
1867.469421   14.801140   0.123990
1867.473939   14.781880   0.100140
1867.478291   14.766180   0.096100
1867.481655   14.731630   0.096780
1867.484335   14.809390   0.110130
1867.486951   14.805790   0.106780
1867.488639   14.843810   0.110480
1867.490315   14.803670   0.112580
1867.492002   14.790260   0.106580
1867.493724   14.870160   0.110740
1868.197661   14.780240   0.121150
1868.207123   14.829080   0.124570
1868.225986   14.820480   0.073700
1870.219778   14.771290   0.079000
1870.229270   14.671330   0.079410
1870.238762   14.776090   0.092420
1870.248135   14.811710   0.088810
1870.257691   14.813960   0.097820
1870.267266   14.829620   0.099220
1870.276950   14.765010   0.096490
1870.286498   14.759360   0.097360
1870.295849   14.830110   0.097440
1870.305565   14.745810   0.096760
1870.315197   14.827870   0.113750
1870.325274   14.841850   0.115210
1870.335174   14.774750   0.097760
1870.344892   14.746510   0.110720
1870.354573   14.831280   0.126440
1871.136689   14.738470   0.098760
1871.146179   14.782150   0.097750
1871.155384   14.836670   0.099910
1871.164955   14.871780   0.111920
1871.174269   14.795360   0.103340
1871.183469   14.820150   0.108980
1871.192872   14.775660   0.102730
1871.202392   14.829570   0.105650
1871.211941   14.836370   0.098290
1871.221273   14.810410   0.119570
1871.230922   14.767600   0.106710
1871.240394   14.803280   0.107870
1871.250018   14.760790   0.113310
1871.259511   14.820740   0.110430
1871.269122   14.825020   0.112320
1871.278903   14.802870   0.108640
1871.288648   14.797810   0.114680
1871.298226   14.773590   0.113840
1871.307789   14.751000   0.115550
1871.317562   14.723820   0.117480
1871.327342   14.783830   0.127730
1871.337232   14.758900   0.070800
1871.356342   14.807760   0.074700
1872.324463   14.875240   0.108640
1872.334315   14.744620   0.111450
1872.344041   14.837060   0.115250
1872.353623   14.727060   0.107560
1872.363427   14.765220   0.110880
1872.373279   14.854920   0.108330
1872.383099   14.871110   0.107240
1872.392766   14.825810   0.107570
1872.402203   14.837670   0.110310
1872.412032   14.827260   0.118490
1872.421585   14.830270   0.121590
1872.431130   14.857110   0.129580
1872.439797   14.844610   0.101710
1872.447517   14.739860   0.125260
1872.454162   14.832630   0.126730
1872.467715   14.802820   0.110050
1872.473152   14.789250   0.079700
1872.474857   14.741590   0.109790
1873.229437   14.806100   0.121580
1873.238750   14.859790   0.106950
1873.248326   14.828540   0.104660
1873.258009   14.923650   0.132050
1873.267457   14.802990   0.102570
1873.276959   14.850110   0.130320
1873.286941   14.804780   0.071700
1873.296198   14.718380   0.104690
1874.032527   14.808250   0.084590
1874.041923   14.778440   0.085210
1874.051714   14.732630   0.086190
1874.061193   14.745480   0.083940
1874.070741   14.761400   0.093970
1874.080230   14.798180   0.093900
1874.089638   14.786980   0.092590
1874.098984   14.785690   0.094530
1874.108441   14.813700   0.095530
1874.117749   14.773860   0.101300
1874.127103   14.736000   0.095130
1874.136654   14.732570   0.094120
1874.145982   14.789930   0.101400
1874.155173   14.762500   0.104500
1874.164605   14.797950   0.112240
1874.174153   14.787290   0.106200
1876.992585   14.812810   0.089630
1877.002277   14.837610   0.098060
1877.012009   14.800140   0.099210
1877.021623   14.762410   0.095940
1877.031340   14.752400   0.101220
1877.041094   14.776680   0.101800
1877.050632   14.787960   0.084360
1877.060512   14.743490   0.092900
1877.070280   14.742210   0.098790
1877.080037   14.760760   0.094500
1877.089835   14.767410   0.092450
1877.099542   14.800050   0.103960
1877.109324   14.789700   0.109410
1877.119310   14.751770   0.091390
1877.128562   14.818050   0.108380
1877.137988   14.795710   0.109110
1877.157081   14.757470   0.108440
1877.166514   14.756250   0.110040
1877.175811   14.833680   0.110420
1877.185180   14.848310   0.093020
1877.194638   14.719340   0.107050
1877.204359   14.726000   0.109530
1877.213829   14.804950   0.105890
1877.223290   14.741120   0.106070
1877.232928   14.824370   0.109580
1877.242583   14.805640   0.116930
1877.252102   14.890650   0.117390
1877.261347   14.736430   0.086150
1877.271317   14.776740   0.105580
1877.280810   14.750540   0.102770
1877.290913   14.753800   0.110000
1877.310552   14.778780   0.108110
1877.330019   14.804310   0.112120
1877.339609   14.818670   0.102190
1877.349339   14.774290   0.117250
1877.359563   14.801800   0.105840
1877.369289   14.728010   0.110830
1877.379166   14.823390   0.114710
1877.389046   14.829770   0.067300
1877.408188   14.753430   0.064400
1877.417609   14.810510   0.099370
1877.426444   14.845720   0.116690
1877.433416   14.739380   0.122960
1877.439579   14.712500   0.069400
1877.444578   14.681020   0.096320
1877.449101   14.780480   0.112130
1877.456119   14.814390   0.125790
1877.458826   14.716700   0.116200
1877.460660   14.836320   0.127250
1877.462518   14.817370   0.103620
1877.464144   14.807450   0.127830
1877.465949   14.874620   0.107230
1877.966360   14.836910   0.101620
1877.975795   14.833420   0.103310
1877.985575   14.813140   0.086830
1877.995071   14.783720   0.084170
1878.004964   14.780850   0.080270
1878.014335   14.778270   0.090670
1878.023915   14.795830   0.075330
1878.033403   14.817590   0.085070
1878.042881   14.804060   0.084950
1878.052477   14.797800   0.084650
1878.062202   14.773770   0.088170
1878.072038   14.815630   0.092520
1878.081838   14.803920   0.096010
1878.091595   14.824300   0.092110
1878.101204   14.763410   0.086460
1878.111056   14.846160   0.095140
1878.120475   14.841330   0.098920
1878.129972   14.851970   0.106340
1878.139452   14.755080   0.114500
1878.167692   14.837820   0.101720
1878.177309   14.849670   0.101140
1878.186872   14.856110   0.128390
1878.196273   14.857780   0.132120
1878.205901   14.711440   0.071800
1878.225710   14.697930   0.078100
1878.235117   14.774330   0.128630
1878.244657   14.755160   0.128750
1878.254275   14.791890   0.110060
1878.950209   14.731430   0.106960
1878.960908   14.797780   0.108420
1878.971663   14.751470   0.114490
1878.982256   14.810250   0.125320
1878.992862   14.896390   0.123110
1879.003349   14.869820   0.132570
1879.014056   14.743650   0.126070
1879.024781   14.817630   0.125520
1879.035403   14.730600   0.113580
1879.046338   14.763810   0.137370
1879.056998   14.669300   0.073300
1879.934013   14.798210   0.098150
1879.943742   14.817340   0.108160
1879.953255   14.833480   0.099430
1879.962965   14.834370   0.091900
1879.972299   14.836810   0.088990
1879.982133   14.820430   0.093820
1879.991480   14.820870   0.098620
1880.001350   14.800520   0.099300
1880.010995   14.763340   0.105830
1880.020489   14.792990   0.105880
1880.030167   14.838220   0.115200
1880.040004   14.793410   0.104910
1880.050020   14.850480   0.110400
1880.059700   14.785170   0.108210
1880.069635   14.732620   0.110470
1880.079622   14.791950   0.066400
1880.089000   14.835050   0.112170
1880.098524   14.765230   0.112820
1880.107919   14.792610   0.064800
1880.117530   14.769110   0.112580
1880.127140   14.817300   0.114480
1880.200244   14.838650   0.065700
1880.229324   14.812300   0.117150
1880.238989   14.834190   0.117920
1880.248836   14.847030   0.120250
1880.258298   14.777590   0.116840
1880.267686   14.810660   0.124890
1880.277275   14.793380   0.124440
1880.306613   14.809710   0.124240
1880.369120   14.742480   0.114900
1880.987626   14.892330   0.118140
1880.997175   14.794150   0.108500
1881.007352   14.808030   0.112650
1881.017262   14.765640   0.110120
1881.027023   14.779230   0.111870
1881.036583   14.789520   0.111550
1881.046307   14.690960   0.114630
1881.055760   14.772480   0.066000
1881.085196   14.782260   0.091670
1881.095040   14.798740   0.096900
1881.104801   14.839500   0.111500
1881.124397   14.839270   0.094680
1881.143810   14.824570   0.111550
1881.163015   14.687690   0.115160
1881.171357   14.845000   0.115600
1881.180981   14.768310   0.112660
1881.190627   14.763440   0.096890
1881.200550   14.799050   0.104860
1881.210473   14.731580   0.112060
1881.220305   14.730170   0.117710
1881.230199   14.769900   0.115140
1881.239668   14.803840   0.124820
1881.249328   14.764490   0.118070
1881.258917   14.860050   0.121480
1881.268352   14.850720   0.127800
1881.278189   14.890230   0.123660
1881.288137   14.802790   0.124210
1881.297680   14.784380   0.120800
1881.307337   14.807370   0.124950
1881.317394   14.739080   0.128310
1881.327336   14.821680   0.133760
1881.337373   14.869420   0.077200
1881.346976   14.766910   0.075500
1881.396149   14.650240   0.080700
1881.894615   14.635540   0.068600
1881.904494   14.777900   0.123590
1881.914271   14.739860   0.121680
1881.923808   14.783390   0.100940
1881.933466   14.816020   0.121370
1881.943231   14.845570   0.129480
1884.099534   14.832670   0.090500
1884.109140   14.841900   0.090060
1884.118686   14.842500   0.103150
1884.137551   14.776310   0.097810
1884.147279   14.769380   0.106300
1884.156774   14.807520   0.111020
1884.175960   14.762830   0.121020
1884.185414   14.805960   0.106690
1884.194977   14.742540   0.098050
1884.204574   14.786960   0.105350
1884.214174   14.787600   0.099800
1884.223915   14.874520   0.084640
1884.233425   14.760640   0.075400
1884.242628   14.833450   0.092080
1884.252195   14.778430   0.089060
1884.261682   14.765440   0.090360
1884.271201   14.828900   0.093410
1884.280876   14.803270   0.096910
1884.290846   14.777510   0.103880
1884.300573   14.835680   0.116670
1884.320206   14.815010   0.109740
1884.330156   14.828740   0.113560
1884.340235   14.868400   0.070400
1884.350052   14.847110   0.122690
1884.360119   14.777640   0.109490
1884.370060   14.819730   0.107260
1884.379738   14.835910   0.118610
1884.389528   14.839270   0.091240
1884.399065   14.777350   0.096780
1884.406804   14.821320   0.096000
1884.413865   14.802570   0.128400
1884.425635   14.783130   0.105200
1884.430150   14.715640   0.091230
1884.433678   14.757180   0.105120
1884.437202   14.801280   0.107800
1884.439908   14.735270   0.106310
1884.441669   14.783420   0.110070
1884.443407   14.825940   0.108980
1884.445186   14.856830   0.105720
1884.503638   14.819580   0.101700
1884.513187   14.808760   0.109990
1884.522993   14.744220   0.096000
1884.532900   14.764680   0.090480
1884.542819   14.863440   0.113010
1884.552782   14.735350   0.052200
1884.562458   14.784230   0.075240
1884.572213   14.848210   0.101050
1884.581820   14.818740   0.076560
1884.591479   14.740560   0.100780
1884.600983   14.800260   0.090390
1884.610820   14.778630   0.081160
1886.072366   14.773140   0.074190
1886.082057   14.864050   0.084020
1886.091456   14.796530   0.090310
1886.101064   14.855800   0.092320
1886.110701   14.805570   0.089890
1886.120214   14.802760   0.089590
1886.129544   14.780570   0.096080
1886.138882   14.808180   0.099210
1886.148233   14.795220   0.094930
1886.157943   14.745620   0.095960
1886.167550   14.835670   0.107600
1886.177101   14.820810   0.108690
1886.186997   14.824890   0.116030
1886.196609   14.797450   0.122740
1886.206077   14.799570   0.105010
1886.215680   14.748070   0.106220
1886.254426   14.748800   0.073900
1886.263771   14.750640   0.113000
1886.283270   14.786870   0.110120
1886.293134   14.849330   0.116240
1886.303115   14.762350   0.121190
1886.312914   14.800690   0.119200
1886.322895   14.853010   0.102190
1886.332859   14.849880   0.124850
1886.342619   14.869350   0.098520
1886.352534   14.836190   0.122330
1886.362281   14.752660   0.127480
1886.372003   14.674790   0.128260
1886.381650   14.728090   0.074400
