1863.169882   13.580980   0.046250
1863.179028   13.572620   0.051360
1863.188111   13.582770   0.064350
1863.197263   13.586430   0.057940
1863.206453   13.575440   0.051980
1863.215516   13.587900   0.065260
1863.224486   13.566770   0.061730
1863.233708   13.577480   0.070340
1863.243026   13.601840   0.067110
1863.252052   13.606110   0.058090
1863.260978   13.567420   0.058890
1863.270074   13.600720   0.064840
1863.279229   13.588690   0.063250
1863.288341   13.579960   0.055460
1863.297662   13.594440   0.049560
1863.306748   13.574860   0.062540
1863.315898   13.589110   0.063660
1863.325261   13.595370   0.058050
1863.334632   13.551580   0.065280
1863.344416   13.613970   0.065130
1863.353962   13.572230   0.062360
1863.363511   13.598860   0.054540
1863.372640   13.575910   0.050080
1863.381795   13.593930   0.048920
1863.391577   13.578520   0.051160
1863.400670   13.572520   0.055470
1863.410157   13.559410   0.058490
1863.419415   13.573180   0.062790
1863.428728   13.579720   0.063110
1863.438171   13.553160   0.068450
1863.447725   13.604390   0.068830
1863.457038   13.603690   0.079300
1863.464667   13.571010   0.093020
1863.471563   13.522950   0.098960
1863.477686   13.585790   0.093880
1863.482900   13.610550   0.098340
1863.487037   13.605190   0.100050
1863.490505   13.602950   0.103980
1863.494064   13.522810   0.090270
1863.496621   13.549640   0.097210
1863.498272   13.577530   0.100270
1863.500087   13.527000   0.102700
1863.501889   13.523140   0.104260
1863.503937   13.539500   0.148900
1864.122118   13.575410   0.037880
1864.131216   13.548140   0.053030
1864.140349   13.590630   0.045920
1864.149328   13.612240   0.047440
1864.158727   13.596810   0.042220
1864.168077   13.557960   0.055240
1864.177441   13.601520   0.053360
1864.186471   13.571690   0.042000
1864.195786   13.605720   0.054700
1864.204761   13.585740   0.046020
1864.213956   13.595850   0.045250
1864.223275   13.583710   0.041700
1864.232312   13.639700   0.050760
1864.241734   13.620180   0.053070
1864.250994   13.608850   0.043650
1864.260292   13.610360   0.054320
1864.269452   13.592320   0.048090
1864.278712   13.591830   0.054520
1864.288040   13.581900   0.057120
1864.297228   13.590650   0.051850
1864.306786   13.578260   0.054770
1864.315982   13.598200   0.055210
1864.325240   13.533770   0.055170
1864.334830   13.578870   0.054920
1864.344223   13.579510   0.074630
1864.353629   13.578860   0.071710
1864.362884   13.588930   0.077970
1864.372284   13.510540   0.094540
1864.381718   13.525230   0.082970
1864.391386   13.558660   0.072710
1864.401175   13.605300   0.088420
1864.410777   13.565780   0.078290
1864.420158   13.577300   0.085150
1864.429378   13.606340   0.091020
1864.438639   13.589730   0.102420
1864.448098   13.612300   0.113800
1864.457409   13.675780   0.123990
1864.465120   13.560720   0.113230
1864.472313   13.560040   0.119920
1865.081649   13.580860   0.064240
1865.090914   13.592010   0.061030
1865.103000   13.558930   0.058910
1865.112265   13.533420   0.059200
1865.121493   13.539580   0.072720
1865.180915   13.609530   0.040720
1865.189934   13.591580   0.032080
1865.199137   13.576600   0.040600
1865.208040   13.598390   0.032360
1865.217207   13.579790   0.050120
1865.226382   13.594840   0.046000
1865.235932   13.583520   0.052560
1865.245886   13.622460   0.054160
1865.255783   13.589310   0.052240
1865.265750   13.614330   0.070680
1865.275774   13.595510   0.058660
1865.285892   13.588170   0.051010
1865.295973   13.563470   0.059840
1865.306185   13.605250   0.058490
1865.316145   13.577400   0.050920
1865.326150   13.583590   0.061620
1865.336276   13.631090   0.079550
1865.346577   13.561920   0.064560
1865.356675   13.569150   0.064470
1865.366659   13.570450   0.071160
1865.376904   13.562070   0.070540
1865.387088   13.569000   0.072060
1865.397153   13.572330   0.073450
1865.407149   13.590560   0.073400
1865.417333   13.596270   0.066760
1865.427630   13.634290   0.071630
1865.437669   13.579710   0.071430
1865.448171   13.591810   0.087240
1865.457324   13.581200   0.093270
1865.465615   13.632880   0.108170
1865.471988   13.529870   0.113150
1865.482335   13.569710   0.117510
1865.489785   13.613760   0.118550
1865.492667   13.525620   0.116160
1865.494427   13.590990   0.113680
1865.496283   13.629220   0.112330
1865.498283   13.516530   0.131830
1866.165339   13.572540   0.035570
1866.174723   13.580370   0.035100
1866.184057   13.560880   0.036040
1866.193410   13.564380   0.035570
1866.202706   13.585160   0.037240
1866.212035   13.592320   0.038750
1866.221409   13.572770   0.038290
1866.230791   13.583440   0.038350
1866.240551   13.573340   0.037760
1866.250004   13.573560   0.037820
1866.259354   13.578370   0.038450
1867.193045   13.581600   0.025640
1867.202355   13.588550   0.026910
1867.211516   13.572100   0.027200
1867.220585   13.594620   0.028990
1867.230131   13.580940   0.029160
1867.239707   13.576450   0.028760
1867.249230   13.583150   0.028290
1867.258785   13.597840   0.029100
1867.268385   13.579070   0.029270
1867.277702   13.569440   0.030370
1867.287153   13.587850   0.029970
1867.296854   13.568710   0.031610
1867.306121   13.596060   0.031180
1867.315500   13.573230   0.032230
1867.325094   13.582580   0.033030
1867.334502   13.572380   0.033380
1867.344482   13.578940   0.035300
1867.354030   13.579010   0.035120
1867.363492   13.540130   0.040270
1867.372735   13.566010   0.038940
1867.382212   13.543660   0.038980
1867.391671   13.578430   0.043830
1867.401392   13.571430   0.040280
1867.410805   13.577730   0.039260
1867.420288   13.601900   0.051490
1867.429722   13.572620   0.054970
1867.439192   13.545830   0.050520
1867.448574   13.550470   0.052790
1867.456168   13.583630   0.046660
1867.463320   13.577600   0.049160
1867.469421   13.603770   0.049030
1867.473939   13.580700   0.040720
1867.478291   13.597310   0.037390
1867.481655   13.565550   0.038480
1867.484335   13.562920   0.040020
1867.486951   13.592510   0.040900
1867.488639   13.568660   0.041790
1867.490315   13.590950   0.046470
1867.492002   13.597990   0.044080
1867.493724   13.601860   0.041350
1868.197661   13.570190   0.047650
1868.207123   13.600590   0.049960
1868.216495   13.601780   0.067530
1868.225986   13.623250   0.058950
1868.235811   13.576560   0.071510
1868.245580   13.584460   0.065760
1868.255259   13.552520   0.067310
1868.264815   13.568930   0.068490
1868.274279   13.599190   0.074380
1868.283929   13.607210   0.066300
1868.293537   13.658560   0.107200
1868.303104   13.558450   0.117170
1868.312574   13.576170   0.106550
1868.322548   13.648620   0.080470
1868.332083   13.597990   0.074130
1868.341800   13.633060   0.083590
1868.351466   13.622510   0.106490
1868.360837   13.584730   0.104200
1868.370659   13.628110   0.093470
1868.380417   13.568520   0.090090
1868.390367   13.622650   0.098620
1868.399668   13.562010   0.086440
1868.409622   13.471550   0.097460
1868.419023   13.564660   0.086060
1868.428372   13.590370   0.089440
1868.437691   13.652160   0.091870
1868.446987   13.680840   0.096590
1868.454949   13.596460   0.103670
1868.461066   13.600180   0.097200
1868.467151   13.601710   0.089440
1868.471440   13.565870   0.107880
1868.475710   13.543090   0.120800
1868.479187   13.611910   0.124830
1868.481793   13.665250   0.122160
1868.484421   13.633680   0.116400
1868.486154   13.615400   0.111330
1868.487874   13.575210   0.113890
1868.489584   13.609990   0.117570
1868.491280   13.611400   0.125170
1869.239797   13.526620   0.073100
1869.248874   13.538920   0.069900
1870.219778   13.549710   0.032040
1870.229270   13.567370   0.032510
1870.238762   13.616640   0.035920
1870.248135   13.591760   0.034580
1870.257691   13.562720   0.037890
1870.267266   13.603110   0.037530
1870.276950   13.595890   0.036610
1870.286498   13.572100   0.037700
1870.295849   13.580400   0.035560
1870.305565   13.570430   0.039850
1870.315197   13.575360   0.041110
1870.325274   13.571080   0.044240
1870.335174   13.575980   0.040420
1870.344892   13.603540   0.043660
1870.354573   13.548200   0.050670
1870.364104   13.568410   0.068880
1870.373603   13.573410   0.064020
1870.383600   13.609790   0.076910
1870.393243   13.522340   0.093490
1870.402820   13.648740   0.123410
1870.412418   13.587170   0.119630
1870.421719   13.561760   0.116400
1870.431056   13.537170   0.117160
1870.440608   13.617610   0.106780
1870.448993   13.605440   0.088230
1870.456179   13.609230   0.086130
1870.461756   13.617910   0.112330
1870.466593   13.486110   0.115880
1870.470290   13.624860   0.116860
1870.474034   13.600770   0.122500
1870.476901   13.541600   0.104920
1870.478646   13.554460   0.100020
1870.480341   13.517150   0.120920
1870.482097   13.621890   0.124410
1870.483838   13.652900   0.075000
1870.485602   13.629120   0.136080
1871.136689   13.579240   0.039300
1871.146179   13.553230   0.035730
1871.155384   13.559040   0.036090
1871.164955   13.553430   0.040070
1871.174269   13.579630   0.040530
1871.183469   13.593480   0.042040
1871.192872   13.531500   0.042630
1871.202392   13.553800   0.043030
1871.211865   13.598590   0.051570
1871.221273   13.568860   0.047820
1871.230922   13.573890   0.041050
1871.240394   13.572860   0.040830
1871.250018   13.585840   0.046570
1871.259511   13.597020   0.044180
1871.269122   13.571900   0.042690
1871.278903   13.580490   0.041830
1871.288648   13.635690   0.045680
1871.298226   13.579200   0.045100
1871.307789   13.587650   0.048180
1871.317562   13.581520   0.049470
1871.327342   13.579010   0.049180
1871.337079   13.598980   0.054140
1871.346725   13.566300   0.056490
1871.356495   13.580930   0.055760
1871.366277   13.589480   0.063150
1871.375944   13.564570   0.059800
1871.385808   13.571200   0.069230
1871.395399   13.578280   0.071120
1871.404882   13.594210   0.084930
1871.414342   13.605880   0.078880
1871.423744   13.590070   0.081450
1871.433495   13.535040   0.080790
1871.442405   13.584840   0.076330
1871.449670   13.617000   0.068260
1871.455742   13.571530   0.074850
1871.461191   13.606120   0.083060
1871.465968   13.569410   0.084510
1871.469461   13.573480   0.076760
1871.472994   13.562580   0.084280
1871.476070   13.583680   0.078020
1871.477819   13.559570   0.073080
1871.479709   13.552360   0.075020
1871.481438   13.585840   0.075680
1871.550420   13.587130   0.082760
1871.559908   13.666090   0.089180
1871.569340   13.628910   0.096990
1871.578835   13.539560   0.101160
1871.588334   13.589450   0.111380
1872.324463   13.574490   0.043510
1872.334315   13.554270   0.047260
1872.344041   13.575960   0.045440
1872.353623   13.604170   0.044870
1872.363427   13.548370   0.043790
1872.373279   13.559940   0.044290
1872.383099   13.562050   0.045690
1872.392766   13.575410   0.043900
1872.402203   13.586420   0.044380
1872.412032   13.600990   0.045160
1872.421585   13.604210   0.051450
1872.431130   13.572280   0.050650
1872.439874   13.592490   0.051550
1872.447517   13.581640   0.052950
1872.454162   13.589070   0.052690
1872.459603   13.596050   0.059230
1872.463903   13.607910   0.060870
1872.467716   13.598760   0.054830
1872.470496   13.557750   0.058750
1872.473152   13.590040   0.055630
1872.474857   13.563840   0.056670
1872.476617   13.573710   0.061990
1872.478370   13.564980   0.059170
1872.480228   13.574520   0.056890
1872.541663   13.590340   0.075390
1872.550845   13.571850   0.072790
1872.560270   13.534530   0.078570
1872.569828   13.619100   0.081190
1872.579400   13.562550   0.089290
1872.588943   13.600900   0.096060
1872.598488   13.671450   0.110390
1872.608116   13.631700   0.131680
1873.229437   13.579190   0.049540
1873.238826   13.545050   0.053410
1873.248403   13.543970   0.050290
1873.258009   13.571440   0.052460
1873.267456   13.596560   0.052890
1873.276959   13.634490   0.054230
1873.286788   13.542140   0.055720
1873.296275   13.591860   0.055700
1873.305896   13.553310   0.061690
1873.315548   13.570890   0.063040
1873.325684   13.509830   0.065380
1873.335346   13.433790   0.067270
1873.344943   13.563890   0.073000
1873.354842   13.609370   0.069470
1873.364691   13.564170   0.075610
1873.374458   13.545340   0.072820
1873.383960   13.518630   0.066140
1873.393856   13.550570   0.065640
1873.403606   13.591870   0.072370
1873.413210   13.573030   0.077590
1873.422938   13.608270   0.082310
1873.432622   13.583580   0.071480
1873.441010   13.622590   0.061160
1873.447044   13.623130   0.059130
1873.453044   13.571740   0.064900
1873.457630   13.608670   0.064020
1873.462090   13.596970   0.067880
1873.465548   13.528190   0.066540
1873.468261   13.543380   0.066870
1873.470892   13.555790   0.072110
1873.472722   13.587750   0.068380
1873.474437   13.606970   0.064830
1873.476606   13.607100   0.099230
1873.586745   13.575030   0.077700
1874.032527   13.586130   0.032570
1874.041923   13.596480   0.034470
1874.051714   13.600490   0.034240
1874.061193   13.562190   0.032850
1874.070741   13.593200   0.035220
1874.080230   13.538500   0.036900
1874.089638   13.560940   0.033780
1874.098984   13.561940   0.037070
1874.108441   13.589810   0.035510
1874.117749   13.577870   0.037250
1874.127103   13.585130   0.038460
1874.136654   13.582320   0.037780
1874.145982   13.558610   0.038980
1874.155173   13.557590   0.041810
1874.164605   13.557700   0.045330
1874.174153   13.585400   0.057680
1874.183645   13.550110   0.071310
1874.193053   13.591920   0.103720
1874.202515   13.521960   0.101110
1874.212179   13.585840   0.112350
1874.222051   13.585150   0.093740
1876.992585   13.602000   0.035690
1877.002277   13.601070   0.035920
1877.012009   13.599420   0.040070
1877.021623   13.558530   0.040080
1877.031340   13.548010   0.042640
1877.041094   13.584330   0.039440
1877.050632   13.576870   0.034650
1877.060512   13.570180   0.036480
1877.070280   13.614730   0.037940
1877.080037   13.605450   0.037480
1877.089835   13.564770   0.037300
1877.099542   13.567930   0.039850
1877.109324   13.538610   0.050540
1877.119234   13.557990   0.046770
1877.128562   13.645540   0.043360
1877.137988   13.568760   0.043030
1877.147449   13.618580   0.053520
1877.157081   13.610300   0.047550
1877.166514   13.603150   0.047480
1877.175811   13.602830   0.043940
1877.185180   13.640130   0.049390
1877.194638   13.564020   0.045420
1877.204359   13.606580   0.045160
1877.213829   13.594890   0.042010
1877.223290   13.571420   0.044090
1877.232928   13.589550   0.041700
1877.242583   13.548740   0.048070
1877.252102   13.603640   0.050030
1877.261424   13.605910   0.049300
1877.271317   13.559420   0.043130
1877.280810   13.580140   0.039960
1877.290913   13.546780   0.046350
1877.300784   13.631740   0.052720
1877.310552   13.584030   0.044350
1877.320329   13.622640   0.053930
1877.330019   13.572980   0.043490
1877.339609   13.585800   0.038860
1877.349339   13.611270   0.046890
1877.359563   13.582060   0.040070
1877.369289   13.563840   0.047430
1877.379166   13.583740   0.044990
1877.389199   13.608030   0.055940
1877.398748   13.523220   0.059180
1877.408188   13.591270   0.056810
1877.417610   13.557060   0.051670
1877.426444   13.603500   0.046860
1877.433416   13.573410   0.049710
1877.439426   13.625640   0.056230
1877.444578   13.571010   0.055090
1877.449101   13.598820   0.047410
1877.452622   13.599290   0.061360
1877.456119   13.629390   0.050240
1877.458826   13.578130   0.050800
1877.460660   13.570630   0.052310
1877.462441   13.561210   0.049730
1877.464144   13.597390   0.048790
1877.465872   13.607610   0.057570
1877.528546   13.583740   0.062760
1877.538164   13.555930   0.062470
1877.547759   13.557730   0.068390
1877.557433   13.592710   0.076260
1877.566991   13.585890   0.074450
1877.956588   13.617870   0.059410
1877.966360   13.593020   0.055300
1877.975795   13.554730   0.042040
1877.985575   13.591420   0.036230
1877.995071   13.578190   0.033030
1878.004964   13.597090   0.032970
1878.014335   13.592140   0.035850
1878.023915   13.580800   0.029490
1878.033403   13.577560   0.032620
1878.042881   13.580280   0.032040
1878.052477   13.589700   0.036380
1878.062202   13.596890   0.035160
1878.072038   13.588490   0.036560
1878.081838   13.585120   0.037530
1878.091595   13.560310   0.035870
1878.101204   13.571490   0.035570
1878.111056   13.613410   0.037760
1878.120475   13.571050   0.037010
1878.129972   13.548460   0.040470
1878.139452   13.585950   0.048770
1878.148981   13.591810   0.072330
1878.158293   13.564850   0.072000
1878.167692   13.580480   0.043460
1878.177309   13.582730   0.040540
1878.186872   13.570340   0.050760
1878.196273   13.595530   0.052400
1878.206054   13.577690   0.060830
1878.215833   13.619060   0.063450
1878.225557   13.560400   0.068900
1878.235117   13.558490   0.055840
1878.244657   13.588360   0.054230
1878.254352   13.632730   0.057970
1878.263984   13.533840   0.064140
1878.273770   13.612220   0.067960
1878.283405   13.589230   0.071280
1878.293079   13.620270   0.067750
1878.302887   13.609260   0.092210
1878.312828   13.629540   0.097180
1878.322431   13.625200   0.092940
1878.332111   13.613410   0.095920
1878.342126   13.523550   0.063790
1878.351898   13.620220   0.070160
1878.361666   13.623080   0.070930
1878.371492   13.620650   0.075240
1878.381052   13.616750   0.084330
1878.390611   13.582460   0.060390
1878.400035   13.634170   0.080890
1878.409523   13.602610   0.068600
1878.419250   13.585520   0.080040
1878.427139   13.543100   0.083620
1878.434256   13.516850   0.067270
1878.439734   13.622040   0.090600
1878.444205   13.504920   0.062710
1878.448555   13.598870   0.066680
1878.452064   13.561830   0.078620
1878.454721   13.571880   0.082020
1878.457364   13.542770   0.076000
1878.459093   13.605620   0.078780
1878.460943   13.602460   0.081680
1878.463071   13.555490   0.114960
1878.523903   13.547810   0.084230
1878.533380   13.561560   0.086210
1878.542754   13.553410   0.079280
1878.552323   13.577740   0.086170
1878.561961   13.642430   0.102560
1878.571532   13.597360   0.082700
1878.581234   13.636800   0.127670
1878.590927   13.574350   0.085000
1878.885725   13.545950   0.116190
1878.896259   13.567850   0.094710
1878.907039   13.558210   0.087950
1878.917827   13.518540   0.084300
1878.928636   13.624750   0.086550
1878.939490   13.658720   0.075830
1878.950209   13.598260   0.056120
1878.960985   13.603360   0.054310
1878.971663   13.577170   0.047980
1878.982256   13.594940   0.050100
1878.992862   13.600250   0.048760
1879.003349   13.580780   0.051630
1879.014056   13.577310   0.050410
1879.024781   13.573140   0.051480
1879.035403   13.556250   0.057510
1879.046338   13.589230   0.058280
1879.056998   13.601800   0.062450
1879.067120   13.588620   0.063830
1879.077625   13.610160   0.064150
1879.087804   13.561220   0.061290
1879.097718   13.625750   0.073340
1879.108265   13.595770   0.078310
1879.118677   13.584490   0.083970
1879.128946   13.537630   0.063500
1879.138951   13.568420   0.068500
1879.148948   13.599820   0.093700
1879.158753   13.543900   0.091600
1879.168681   13.554900   0.090460
1879.178653   13.573160   0.094690
1879.188532   13.542230   0.099590
1879.198658   13.575290   0.102710
1879.208980   13.586540   0.100260
1879.219105   13.659150   0.104170
1879.229198   13.557310   0.103820
1879.239692   13.537970   0.103190
1879.249885   13.571410   0.097980
1879.259988   13.625150   0.101250
1879.270136   13.549800   0.094110
1879.279998   13.551690   0.076590
1879.290256   13.609180   0.093710
1879.300321   13.472110   0.089200
1879.310604   13.553400   0.095070
1879.321132   13.580430   0.098350
1879.331398   13.485630   0.092900
1879.341711   13.527370   0.093890
1879.352168   13.531110   0.099510
1879.362239   13.612400   0.101290
1879.372581   13.554970   0.100410
1879.383093   13.656360   0.062700
1879.393142   13.559400   0.101330
1879.403333   13.627020   0.109430
1879.413718   13.595310   0.108230
1879.422210   13.527120   0.109320
1879.430290   13.682030   0.118980
1879.436891   13.629380   0.116980
1879.441492   13.592830   0.120200
1879.445571   13.691260   0.123800
1879.449457   13.578490   0.122880
1879.452342   13.579850   0.101300
1879.454194   13.594990   0.124880
1879.456055   13.579750   0.098860
1879.457932   13.613710   0.127780
1879.460407   13.546470   0.160060
1879.895153   13.665130   0.105730
1879.904711   13.485160   0.083890
1879.914664   13.557840   0.071670
1879.924232   13.584900   0.060070
1879.933937   13.594460   0.048250
1879.943742   13.620190   0.040130
1879.953255   13.582360   0.035850
1879.962965   13.563860   0.035170
1879.972299   13.613840   0.034130
1879.982133   13.581600   0.034300
1879.991480   13.581020   0.038530
1880.001350   13.579220   0.039680
1880.010995   13.573650   0.042900
1880.020489   13.576900   0.043430
1880.030167   13.591820   0.046430
1880.040004   13.594940   0.043780
1880.050020   13.585490   0.042340
1880.059700   13.580680   0.045070
1880.069635   13.579150   0.045910
1880.079469   13.560000   0.048450
1880.089000   13.582990   0.045390
1880.098524   13.552970   0.049610
1880.108072   13.561920   0.052420
1880.117530   13.592940   0.047070
1880.127140   13.595540   0.048130
1880.200091   13.567130   0.054520
1880.209735   13.542790   0.059370
1880.219431   13.514390   0.055380
1880.229324   13.570740   0.050300
1880.238989   13.599360   0.049260
1880.248836   13.615040   0.046260
1880.258298   13.558490   0.051050
1880.267686   13.609580   0.052030
1880.277275   13.558490   0.056050
1880.286928   13.573250   0.066230
1880.306613   13.542010   0.053820
1880.369120   13.564300   0.048630
1880.684731   13.474400   0.077700
1880.967707   13.611860   0.059120
1880.977730   13.589130   0.059930
1880.987626   13.584730   0.047640
1880.997175   13.609730   0.043360
1881.007352   13.555810   0.046880
1881.017262   13.546980   0.047600
1881.027023   13.596260   0.052200
1881.036583   13.554390   0.048270
1881.046307   13.589000   0.050710
1881.055914   13.642020   0.059300
1881.065565   13.554470   0.055410
1881.075352   13.588150   0.058540
1881.085120   13.592130   0.056040
1881.094964   13.554540   0.052620
1881.104801   13.556330   0.043650
1881.114937   13.562380   0.065320
1881.124474   13.602710   0.058990
1881.134326   13.597460   0.061180
1881.143810   13.586590   0.046110
1881.153419   13.577440   0.061340
1881.163015   13.589220   0.056300
1881.171357   13.560660   0.047010
1881.180981   13.550780   0.049660
1881.190627   13.565920   0.038240
1881.200550   13.596190   0.043660
1881.210473   13.587040   0.046490
1881.220305   13.577470   0.052460
1881.230199   13.574420   0.048630
1881.239668   13.571800   0.051100
1881.249328   13.595510   0.051870
1881.258917   13.581100   0.051200
1881.268352   13.607230   0.050470
1881.278189   13.576330   0.054440
1881.288137   13.595840   0.053340
1881.297680   13.563010   0.052820
1881.307337   13.560300   0.054070
1881.317394   13.550120   0.058340
1881.327336   13.587760   0.060430
1881.337373   13.571670   0.063620
1881.347129   13.569990   0.059530
1881.357110   13.576720   0.061120
1881.366722   13.573990   0.067040
1881.376276   13.584150   0.059990
1881.386104   13.580080   0.067650
1881.395996   13.576890   0.068390
1881.405772   13.569880   0.072420
1881.414838   13.572460   0.071920
1881.422098   13.597200   0.067940
1881.428287   13.598100   0.071830
1881.433496   13.625530   0.074510
1881.437835   13.592730   0.072690
1881.441542   13.583720   0.080960
1881.445078   13.564770   0.083650
1881.447777   13.594980   0.080720
1881.449541   13.555540   0.077290
1881.451276   13.614350   0.076150
1881.453055   13.603300   0.080070
1881.455245   13.584530   0.108380
1881.512259   13.545200   0.070710
1881.522032   13.550240   0.085180
1881.531584   13.568590   0.089650
1881.541053   13.590600   0.087460
1881.550943   13.541550   0.087710
1881.560601   13.581330   0.086730
1881.570473   13.567080   0.078660
1881.580253   13.561080   0.092990
1881.589860   13.653120   0.093670
1881.599577   13.657260   0.108440
1881.609472   13.615230   0.092160
1881.619114   13.517610   0.115020
1881.628942   13.490340   0.118050
1881.638590   13.605660   0.134180
1881.648504   13.531570   0.076400
1881.845731   13.725760   0.105500
1881.855252   13.637240   0.106810
1881.864967   13.723760   0.105520
1881.874874   13.548930   0.083670
1881.884546   13.597090   0.074980
1881.894462   13.538790   0.062100
1881.904494   13.574080   0.056500
1881.914271   13.567560   0.049520
1881.923884   13.594310   0.053620
1881.933466   13.593430   0.047750
1881.943231   13.578420   0.054140
1881.952875   13.588180   0.063620
1881.962633   13.566960   0.076190
1881.972149   13.605710   0.072990
1881.982098   13.579500   0.081930
1881.992169   13.656860   0.107720
1882.001889   13.522630   0.111100
1882.011594   13.576270   0.113780
1882.021627   13.585560   0.083660
1882.031644   13.687770   0.103860
1882.041324   13.611320   0.098910
1882.051198   13.626450   0.085720
1882.060871   13.505790   0.085090
1882.080330   13.594890   0.073920
1882.089942   13.504300   0.071300
1882.109365   13.607890   0.120790
1882.121972   13.609880   0.098830
1882.131558   13.602700   0.081890
1882.141120   13.589030   0.116960
1882.150540   13.576020   0.084290
1882.160119   13.674620   0.089790
1882.169652   13.567990   0.092910
1882.179008   13.676160   0.093630
1882.188466   13.600880   0.098900
1882.198063   13.649970   0.116540
1882.236686   13.585880   0.071200
1882.334963   13.637220   0.103940
1883.093660   13.476490   0.066280
1883.103290   13.778640   0.083430
1883.112818   13.510910   0.068980
1883.122237   13.556610   0.079400
1883.131900   13.561870   0.064740
1883.141295   13.556590   0.074260
1883.150882   13.626970   0.083560
1883.160374   13.576000   0.085570
1883.169871   13.592140   0.091450
1883.179271   13.591560   0.070160
1883.188727   13.591190   0.071820
1883.198404   13.557920   0.086470
1883.207904   13.626720   0.085830
1883.217549   13.571790   0.091000
1883.226897   13.565530   0.089960
1883.236210   13.590280   0.091540
1883.245790   13.596020   0.088690
1883.255334   13.607650   0.097250
1883.265175   13.625510   0.097190
1883.274780   13.560530   0.092510
1883.284849   13.542530   0.087490
1883.294470   13.549420   0.092190
1883.304305   13.635570   0.121110
1883.323643   13.585560   0.096800
1883.333437   13.536070   0.103490
1883.343435   13.680810   0.117810
1883.353625   13.577980   0.093420
1883.363493   13.558910   0.101580
1883.373027   13.527670   0.106740
1883.382657   13.481600   0.108650
1883.392439   13.516150   0.102390
1883.402040   13.507690   0.104800
1883.410061   13.592420   0.120480
1883.417485   13.513350   0.117630
1883.423677   13.567980   0.112870
1883.428949   13.593850   0.115280
1883.433223   13.620330   0.095600
1883.436812   13.591110   0.111420
1883.440171   13.520660   0.060700
1883.443180   13.578960   0.111280
1883.444926   13.507240   0.110840
1883.446707   13.626430   0.110830
1883.448508   13.572540   0.110930
1883.507335   13.631380   0.123260
1883.517022   13.570010   0.118080
1883.526578   13.593600   0.106740
1883.555341   13.558440   0.099910
1883.584455   13.683270   0.076700
1883.593915   13.620190   0.125250
1884.099534   13.595600   0.033090
1884.109140   13.565200   0.031760
1884.118686   13.543860   0.040880
1884.128292   13.564670   0.052000
1884.137551   13.561010   0.038580
1884.147279   13.572750   0.044130
1884.156774   13.578690   0.043370
1884.166197   13.591210   0.055270
1884.175960   13.578680   0.059690
1884.185414   13.549410   0.048410
1884.194977   13.605940   0.040080
1884.204574   13.586270   0.044140
1884.214174   13.604930   0.041360
1884.223839   13.578460   0.046730
1884.233272   13.616490   0.064880
1884.242628   13.573440   0.034240
1884.252195   13.591830   0.032580
1884.261682   13.581720   0.035620
1884.271201   13.571640   0.036260
1884.280876   13.603230   0.041220
1884.290846   13.567060   0.041060
1884.300573   13.571300   0.046090
1884.310420   13.556300   0.066460
1884.320206   13.559090   0.046370
1884.330156   13.556750   0.044990
1884.340081   13.575350   0.057450
1884.350052   13.553990   0.054940
1884.360119   13.562260   0.045040
1884.370060   13.607730   0.045150
1884.379738   13.611700   0.051150
1884.389528   13.581580   0.039730
1884.399065   13.557360   0.039670
1884.406881   13.559430   0.047280
1884.413865   13.558450   0.056140
1884.420368   13.576720   0.060000
1884.425635   13.549910   0.042930
1884.430150   13.593980   0.036750
1884.433678   13.545910   0.044750
1884.437202   13.570680   0.042850
1884.439908   13.604410   0.046110
1884.441669   13.590680   0.044920
1884.443407   13.619580   0.044620
1884.445186   13.567640   0.039840
1884.446926   13.609980   0.057140
1884.503638   13.557880   0.038520
1884.513187   13.575540   0.046790
1884.522993   13.540230   0.037080
1884.532900   13.572660   0.034140
1884.542819   13.592640   0.044420
1884.552706   13.602460   0.050360
1884.562458   13.563820   0.030660
1884.572213   13.574650   0.040040
1884.581820   13.569820   0.032970
1884.591479   13.603830   0.044200
1884.600983   13.573140   0.038870
1884.610820   13.547320   0.036090
1884.886961   13.564830   0.091550
1884.896459   13.524400   0.094530
1884.906042   13.524500   0.089560
1884.915643   13.548710   0.099030
1884.925737   13.574770   0.083370
1884.935570   13.615190   0.100070
1884.945448   13.607420   0.090190
1884.954875   13.558550   0.095670
1884.964329   13.578790   0.096050
1884.974229   13.569160   0.111150
1884.983546   13.545360   0.108220
1884.993441   13.594940   0.101300
1885.003341   13.602930   0.099920
1885.013229   13.567920   0.111720
1885.022911   13.617590   0.108770
1885.032502   13.607250   0.124890
1885.042137   13.575810   0.120180
1885.052183   13.624860   0.121480
1885.062110   13.501490   0.076100
1885.090819   13.589490   0.077400
1885.278794   13.569980   0.083030
1885.288696   13.561480   0.095440
1885.298475   13.514360   0.087370
1885.308250   13.508050   0.085190
1885.318087   13.545250   0.093400
1885.328301   13.479710   0.102970
1885.404395   13.518590   0.114140
1885.430912   13.526900   0.091880
1885.442471   13.658450   0.070600
1885.444569   13.553710   0.067500
1885.560937   13.655880   0.109960
1885.570677   13.641990   0.101920
1885.590056   13.619030   0.093810
1886.072366   13.562270   0.029330
1886.082057   13.586390   0.032050
1886.091456   13.593550   0.032220
1886.101064   13.589660   0.035160
1886.110701   13.588550   0.033830
1886.120214   13.584310   0.034470
1886.129544   13.587650   0.035620
1886.138882   13.588080   0.039730
1886.148233   13.604400   0.036150
1886.157943   13.594900   0.039210
1886.167550   13.542770   0.046360
1886.177101   13.590660   0.047240
1886.186997   13.577960   0.046970
1886.196609   13.592370   0.048980
1886.206153   13.585870   0.053990
1886.215757   13.601810   0.063000
1886.225422   13.573970   0.078670
1886.234829   13.649510   0.078350
1886.244630   13.677100   0.078730
1886.254426   13.567210   0.052200
1886.263771   13.562860   0.047070
1886.273578   13.624380   0.085580
1886.283270   13.560440   0.045620
1886.293134   13.530190   0.047950
1886.303115   13.564720   0.058240
1886.312914   13.587580   0.050590
1886.322818   13.565450   0.051770
1886.332859   13.549590   0.051370
1886.342543   13.567040   0.049770
1886.352534   13.572360   0.048460
1886.362281   13.571390   0.057470
1886.372003   13.547780   0.059770
1886.381496   13.555890   0.057920
1886.391198   13.588850   0.059860
1886.399994   13.570960   0.066600
1886.408171   13.574610   0.065010
1886.414363   13.596810   0.081470
1886.419581   13.544850   0.080260
1886.423873   13.591530   0.072060
1886.427459   13.611600   0.073020
1886.431086   13.553000   0.077120
1886.433748   13.586820   0.083860
1886.435540   13.607700   0.089490
1886.437293   13.611020   0.076860
1886.439058   13.610440   0.076280
1886.441348   13.602200   0.156540
