1863.169882   13.803700   0.056700
1863.179028   13.781240   0.066710
1863.188111   13.798550   0.076530
1863.197263   13.761070   0.068390
1863.206453   13.759260   0.066460
1863.215516   13.771940   0.085860
1863.224486   13.790080   0.083010
1863.233708   13.803100   0.090770
1863.243026   13.729510   0.086220
1863.252052   13.844310   0.077360
1863.260978   13.769740   0.069860
1863.270074   13.729870   0.081540
1863.279229   13.783130   0.080200
1863.288341   13.764700   0.066280
1863.297662   13.808890   0.066230
1863.306748   13.775220   0.073430
1863.315898   13.752510   0.077330
1863.325261   13.792040   0.073000
1863.334632   13.794160   0.076230
1863.344416   13.766590   0.074830
1863.353962   13.713080   0.075890
1863.363511   13.732770   0.063460
1863.372640   13.782920   0.058310
1863.381795   13.784290   0.061110
1863.391577   13.756060   0.062940
1863.400670   13.750710   0.070990
1863.410157   13.752790   0.070460
1863.419415   13.785520   0.077650
1863.428728   13.783290   0.076320
1863.438171   13.770250   0.082250
1863.447725   13.760820   0.091080
1863.457038   13.790070   0.102510
1863.464667   13.788210   0.114040
1863.471563   13.857740   0.120910
1863.477686   13.781990   0.113580
1863.482900   13.763580   0.114380
1863.487114   13.670450   0.090980
1863.490505   13.789740   0.116540
1863.494064   13.773190   0.112980
1863.496621   13.900250   0.097940
1863.498272   13.744190   0.114740
1863.500087   13.753730   0.119410
1863.501966   13.798220   0.100830
1863.503988   13.784130   0.149950
1864.122118   13.782390   0.046810
1864.131216   13.769000   0.061940
1864.140349   13.777400   0.054890
1864.149328   13.777170   0.056870
1864.158727   13.793450   0.052050
1864.168077   13.775880   0.070090
1864.177441   13.746600   0.065010
1864.186471   13.751750   0.052140
1864.195786   13.777880   0.067590
1864.204761   13.760920   0.060310
1864.213956   13.813680   0.054570
1864.223275   13.706730   0.052310
1864.232312   13.760840   0.066570
1864.241734   13.730600   0.065490
1864.250994   13.773500   0.056850
1864.260292   13.784260   0.066980
1864.269452   13.766610   0.060330
1864.278712   13.791310   0.066730
1864.288040   13.725880   0.072470
1864.297228   13.752830   0.068000
1864.306786   13.702060   0.067280
1864.315982   13.811360   0.076780
1864.325240   13.738630   0.065210
1864.334830   13.750580   0.064800
1864.344223   13.770110   0.090070
1864.353629   13.765820   0.085400
1864.362884   13.786610   0.099600
1864.372284   13.781780   0.113950
1864.381718   13.867290   0.109870
1864.391386   13.852610   0.090180
1864.401175   13.739410   0.109060
1864.410777   13.798100   0.101020
1864.420158   13.790680   0.102200
1864.429378   13.777210   0.112490
1864.438639   13.795830   0.120490
1864.448098   13.732020   0.128600
1864.465121   13.736250   0.098430
1865.081649   13.792610   0.079840
1865.090914   13.807980   0.081930
1865.103000   13.879010   0.071450
1865.112265   13.816720   0.070930
1865.121493   13.832850   0.091630
1865.180915   13.799670   0.049840
1865.189934   13.755110   0.039220
1865.199137   13.762470   0.047760
1865.208040   13.755710   0.038820
1865.217207   13.791100   0.060520
1865.226382   13.799990   0.059160
1865.235932   13.808990   0.065820
1865.245886   13.771100   0.063110
1865.255783   13.771270   0.061920
1865.265750   13.803980   0.087010
1865.275774   13.815060   0.071520
1865.285892   13.767740   0.063710
1865.295973   13.829260   0.066490
1865.306185   13.721420   0.070440
1865.316145   13.780910   0.064450
1865.326150   13.786830   0.071270
1865.336276   13.727730   0.087520
1865.346577   13.756550   0.077380
1865.356675   13.836580   0.073790
1865.366659   13.822560   0.084900
1865.376904   13.797330   0.086850
1865.387088   13.800280   0.086250
1865.397153   13.850040   0.092730
1865.407149   13.777250   0.083630
1865.417333   13.800610   0.081140
1865.427630   13.741430   0.083370
1865.437669   13.804010   0.088440
1865.448171   13.846270   0.103240
1865.457324   13.883490   0.113950
1865.465615   13.678640   0.110870
1865.472141   13.721960   0.068300
1865.492667   13.782670   0.068900
1865.494274   13.882170   0.072100
1865.496283   13.842250   0.121910
1865.498244   13.777620   0.071100
1866.165339   13.763060   0.042610
1866.174723   13.767540   0.042160
1866.184057   13.783760   0.045470
1866.193410   13.768220   0.045190
1866.202706   13.781540   0.044580
1866.212035   13.765840   0.048640
1866.221409   13.780190   0.049690
1866.230791   13.790800   0.047390
1866.240551   13.804450   0.045620
1866.250004   13.787240   0.048780
1866.259354   13.771870   0.047230
1867.193045   13.795370   0.030890
1867.202355   13.766270   0.032040
1867.211516   13.769810   0.032680
1867.220585   13.783950   0.035740
1867.230131   13.783860   0.034470
1867.239707   13.776720   0.034770
1867.249230   13.766420   0.033780
1867.258785   13.756270   0.034020
1867.268385   13.784660   0.035400
1867.277702   13.755070   0.035110
1867.287153   13.780720   0.036650
1867.296854   13.770320   0.039880
1867.306121   13.779030   0.038570
1867.315500   13.800570   0.038580
1867.325094   13.803960   0.039880
1867.334502   13.783620   0.041140
1867.344482   13.799910   0.046160
1867.354030   13.753680   0.042840
1867.363492   13.776170   0.051530
1867.372735   13.789840   0.046630
1867.382212   13.787720   0.047120
1867.391671   13.771290   0.054110
1867.401392   13.782190   0.049320
1867.410805   13.767870   0.047810
1867.420288   13.781100   0.058870
1867.429722   13.773010   0.067980
1867.439192   13.745630   0.059610
1867.448574   13.786220   0.061800
1867.456168   13.764640   0.056490
1867.463320   13.780200   0.063490
1867.469421   13.778210   0.060030
1867.473939   13.785280   0.052040
1867.478291   13.772780   0.046850
1867.481655   13.775350   0.047180
1867.484335   13.779020   0.053190
1867.486951   13.761290   0.051940
1867.488639   13.778650   0.054790
1867.490315   13.784790   0.057110
1867.492002   13.770440   0.052160
1867.493724   13.776850   0.052510
1868.197661   13.763650   0.059130
1868.207123   13.760830   0.056860
1868.216495   13.830080   0.083970
1868.225986   13.783640   0.067980
1868.235811   13.770240   0.082810
1868.245580   13.758730   0.081970
1868.255259   13.750890   0.079930
1868.264815   13.762040   0.087410
1868.274279   13.786750   0.085890
1868.283929   13.807210   0.083150
1868.293537   13.837960   0.121270
1868.312574   13.534350   0.072400
1868.322548   13.813430   0.100960
1868.332083   13.736930   0.092740
1868.341800   13.820020   0.103700
1868.351466   13.784450   0.117500
1868.360837   13.811170   0.099560
1868.370659   13.679750   0.109650
1868.380417   13.745260   0.115070
1868.390367   13.782140   0.115160
1868.399668   13.854510   0.119460
1868.419023   13.809430   0.117800
1868.428372   13.753180   0.104390
1868.437691   13.789080   0.125240
1868.446987   13.797150   0.123650
1868.454949   13.793610   0.122920
1868.461066   13.859620   0.132140
1868.467151   13.767090   0.130640
1868.471440   13.844270   0.074700
1868.479340   13.755010   0.078500
1868.484421   13.810190   0.080800
1868.486154   13.843600   0.106310
1870.219778   13.744930   0.041520
1870.229270   13.768760   0.040010
1870.238762   13.766380   0.047490
1870.248135   13.760340   0.041340
1870.257691   13.789400   0.048220
1870.267266   13.797240   0.047880
1870.276950   13.749330   0.046890
1870.286498   13.735390   0.048050
1870.295849   13.754830   0.045560
1870.305565   13.751040   0.046280
1870.315197   13.723120   0.052840
1870.325274   13.784830   0.057080
1870.335174   13.795680   0.053930
1870.344892   13.784740   0.056580
1870.354573   13.761640   0.063290
1870.364104   13.864230   0.088800
1870.373603   13.735800   0.087100
1870.383600   13.884400   0.102400
1870.393243   13.805500   0.115420
1870.412571   13.890750   0.078200
1870.440608   13.761890   0.074100
1870.448993   13.842880   0.120330
1870.456179   13.736080   0.114310
1870.461679   13.708630   0.097310
1870.470290   13.647860   0.068900
1871.136689   13.797860   0.050510
1871.146179   13.780270   0.045280
1871.155384   13.756700   0.045050
1871.164955   13.838480   0.052890
1871.174269   13.770000   0.047110
1871.183469   13.793550   0.054910
1871.192872   13.782530   0.049380
1871.202392   13.775640   0.053130
1871.211865   13.812650   0.062800
1871.221273   13.738940   0.062740
1871.230922   13.783050   0.055460
1871.240394   13.788750   0.053300
1871.250018   13.787760   0.056930
1871.259511   13.804050   0.054860
1871.269122   13.738500   0.053300
1871.278903   13.757600   0.054360
1871.288648   13.845080   0.059480
1871.298226   13.826730   0.054800
1871.307789   13.791870   0.058360
1871.317562   13.813650   0.060230
1871.327342   13.806810   0.065590
1871.337079   13.819550   0.074640
1871.346725   13.788320   0.073490
1871.356495   13.761290   0.073330
1871.366277   13.828870   0.081420
1871.375944   13.847640   0.080920
1871.385808   13.764630   0.087520
1871.395399   13.790070   0.090170
1871.404882   13.730950   0.101970
1871.414342   13.756340   0.093820
1871.423744   13.785920   0.102080
1871.433495   13.811250   0.101780
1871.442405   13.782510   0.095110
1871.449670   13.721320   0.097130
1871.455742   13.819330   0.103590
1871.461191   13.806340   0.107870
1871.465968   13.818690   0.103050
1871.469461   13.812010   0.104120
1871.472994   13.802230   0.099980
1871.476070   13.712510   0.098030
1871.477819   13.749830   0.095050
1871.479709   13.820040   0.100370
1871.481438   13.747230   0.093940
1871.550420   13.731230   0.106260
1871.559908   13.783340   0.106990
1871.569340   13.723170   0.109690
1871.578835   13.750530   0.113450
1871.588334   13.709890   0.121160
1872.324463   13.787280   0.057080
1872.334315   13.811190   0.059550
1872.344041   13.802400   0.061960
1872.353623   13.798380   0.059240
1872.363427   13.758480   0.054260
1872.373279   13.782110   0.054390
1872.383099   13.757880   0.056300
1872.392766   13.751020   0.055850
1872.402203   13.811650   0.057970
1872.412032   13.812670   0.059740
1872.421585   13.779860   0.059500
1872.431130   13.803120   0.070460
1872.439874   13.801050   0.064380
1872.447517   13.789730   0.062850
1872.454162   13.766800   0.064280
1872.459603   13.785410   0.077630
1872.463903   13.814300   0.077510
1872.467716   13.763390   0.069310
1872.470496   13.799600   0.074750
1872.473152   13.757440   0.078580
1872.474857   13.777360   0.081460
1872.476617   13.794870   0.079570
1872.478370   13.782580   0.079430
1872.480228   13.817120   0.078480
1872.541663   13.801470   0.099910
1872.550845   13.797420   0.100800
1872.560270   13.776930   0.102100
1872.569828   13.682970   0.102400
1872.579400   13.730300   0.109570
1872.588943   13.791710   0.119350
1872.598565   13.697880   0.098150
1873.229437   13.731000   0.062790
1873.238826   13.786520   0.065190
1873.248403   13.731300   0.058840
1873.258009   13.789410   0.066130
1873.267456   13.770330   0.063020
1873.276959   13.720960   0.064900
1873.286788   13.778390   0.069090
1873.296275   13.799050   0.071560
1873.305896   13.662580   0.074050
1873.315548   13.806230   0.077750
1873.325684   13.825600   0.077900
1873.335346   13.761960   0.082680
1873.344943   13.797030   0.087640
1873.354842   13.793520   0.079540
1873.364691   13.761170   0.092080
1873.374458   13.834870   0.085470
1873.383960   13.792030   0.081120
1873.393856   13.787320   0.084980
1873.403606   13.808690   0.081040
1873.413210   13.822760   0.097940
1873.422938   13.792880   0.097890
1873.432622   13.785080   0.086850
1873.441010   13.753080   0.081820
1873.447044   13.750560   0.079680
1873.453044   13.810060   0.068380
1873.457630   13.812760   0.083730
1873.462090   13.844770   0.083820
1873.465548   13.738650   0.080240
1873.468261   13.759200   0.087190
1873.470892   13.804720   0.087100
1873.472722   13.764030   0.087970
1873.474437   13.794830   0.088480
1873.476606   13.818080   0.123510
1874.032527   13.821050   0.038450
1874.041923   13.791430   0.040380
1874.051714   13.763200   0.040250
1874.061193   13.777100   0.040070
1874.070741   13.775580   0.045390
1874.080230   13.770340   0.041890
1874.089638   13.756360   0.042900
1874.098984   13.802590   0.043970
1874.108441   13.786610   0.045400
1874.117749   13.819860   0.047360
1874.127103   13.775180   0.046620
1874.136654   13.779660   0.046410
1874.145982   13.756870   0.048780
1874.155173   13.804480   0.050610
1874.164605   13.754070   0.057660
1874.174153   13.782700   0.070380
1874.183645   13.808900   0.092000
1874.193053   13.769400   0.115290
1874.202515   13.900910   0.125040
1874.212103   13.914930   0.105270
1874.222051   13.716020   0.110710
1876.992585   13.753840   0.044350
1877.002277   13.792620   0.044650
1877.012009   13.769310   0.048060
1877.021623   13.740520   0.048090
1877.031340   13.780730   0.052220
1877.041094   13.774850   0.050190
1877.050632   13.767560   0.045410
1877.060512   13.751080   0.048680
1877.070280   13.789730   0.044890
1877.080037   13.780610   0.049150
1877.089835   13.791760   0.047530
1877.099542   13.793050   0.045430
1877.109324   13.820630   0.060240
1877.119234   13.729200   0.056830
1877.128562   13.745920   0.053030
1877.137988   13.758610   0.052380
1877.147449   13.759410   0.062260
1877.157081   13.768490   0.060110
1877.166514   13.796050   0.056070
1877.175811   13.740770   0.053370
1877.185180   13.847420   0.059770
1877.194638   13.775490   0.054200
1877.204359   13.790000   0.052890
1877.213829   13.759280   0.052500
1877.223290   13.737740   0.055350
1877.232928   13.768060   0.053420
1877.242583   13.776790   0.059030
1877.252102   13.816060   0.060310
1877.261424   13.766880   0.060290
1877.271317   13.820000   0.054160
1877.280810   13.726860   0.046730
1877.290913   13.783690   0.057810
1877.300784   13.857820   0.065880
1877.310552   13.794240   0.056700
1877.320329   13.811810   0.063410
1877.330019   13.742210   0.054940
1877.339609   13.777120   0.049790
1877.349339   13.793010   0.060160
1877.359563   13.740290   0.052190
1877.369289   13.743540   0.058090
1877.379166   13.787870   0.054560
1877.389199   13.769020   0.064280
1877.398748   13.876830   0.073710
1877.408188   13.836900   0.070160
1877.417610   13.810120   0.064100
1877.426444   13.796970   0.055280
1877.433416   13.762900   0.064530
1877.439426   13.761760   0.070040
1877.444578   13.747500   0.069010
1877.449101   13.768480   0.059850
1877.452622   13.834920   0.075230
1877.456119   13.759950   0.061380
1877.458826   13.788260   0.061050
1877.460660   13.764010   0.060590
1877.462441   13.771260   0.066550
1877.464144   13.775710   0.065130
1877.465872   13.778370   0.066870
1877.528546   13.703570   0.080220
1877.538164   13.712450   0.086260
1877.547759   13.796630   0.093840
1877.557433   13.734850   0.094700
1877.566991   13.811990   0.096430
1877.956588   13.801570   0.073070
1877.966360   13.823930   0.068510
1877.975795   13.723570   0.050200
1877.985575   13.741350   0.042880
1877.995071   13.785570   0.040520
1878.004964   13.784840   0.040080
1878.014335   13.758010   0.044730
1878.023915   13.776440   0.037840
1878.033403   13.783350   0.041250
1878.042881   13.751920   0.039500
1878.052477   13.802740   0.044200
1878.062202   13.779000   0.043940
1878.072038   13.752450   0.046250
1878.081838   13.791750   0.048570
1878.091595   13.815100   0.043370
1878.101204   13.797520   0.045210
1878.111056   13.814620   0.047690
1878.120475   13.786460   0.046670
1878.129972   13.809940   0.050250
1878.139452   13.793780   0.063800
1878.148981   13.790820   0.104240
1878.158293   13.794800   0.093980
1878.167692   13.781970   0.054550
1878.177309   13.789210   0.051310
1878.186872   13.778210   0.070060
1878.196273   13.778290   0.069590
1878.206054   13.781720   0.075590
1878.215833   13.785990   0.085830
1878.225557   13.782290   0.085000
1878.235117   13.770520   0.069060
1878.244657   13.786760   0.071040
1878.254352   13.700790   0.075910
1878.263984   13.737760   0.083430
1878.273770   13.766890   0.084190
1878.283405   13.783400   0.087890
1878.293079   13.839390   0.091100
1878.302887   13.815520   0.117420
1878.312828   13.712900   0.111510
1878.322431   13.725740   0.111480
1878.332111   13.786250   0.120290
1878.342126   13.822000   0.079820
1878.351898   13.725040   0.091980
1878.361666   13.806080   0.090300
1878.371492   13.761460   0.095980
1878.381052   13.748260   0.100590
1878.390611   13.775040   0.078150
1878.400035   13.865550   0.100910
1878.409523   13.807250   0.091060
1878.419250   13.841690   0.103800
1878.427139   13.740090   0.100460
1878.434256   13.782680   0.085110
1878.439734   13.719540   0.098850
1878.444205   13.733350   0.084360
1878.448555   13.772930   0.080170
1878.452064   13.825820   0.105400
1878.454721   13.801430   0.101420
1878.457364   13.757630   0.100680
1878.459093   13.752540   0.100110
1878.460943   13.709200   0.097060
1878.463071   13.812050   0.142210
1878.523903   13.819350   0.106840
1878.533380   13.793270   0.104920
1878.542754   13.763640   0.100620
1878.552323   13.765690   0.107730
1878.561961   13.746420   0.121440
1878.896259   13.849570   0.112740
1878.907039   13.901410   0.113610
1878.917827   13.733090   0.103150
1878.928636   13.832230   0.104590
1878.939490   13.709300   0.087890
1878.950209   13.788510   0.075020
1878.960985   13.822400   0.070110
1878.971663   13.839810   0.059800
1878.982256   13.789810   0.062020
1878.992862   13.770160   0.056780
1879.003349   13.815500   0.065230
1879.014056   13.777170   0.060330
1879.024781   13.767740   0.066320
1879.035403   13.822810   0.078350
1879.046338   13.766360   0.070990
1879.056998   13.737130   0.074840
1879.067120   13.667530   0.080030
1879.077625   13.795650   0.078930
1879.087804   13.775200   0.082870
1879.097718   13.777360   0.093900
1879.108265   13.716190   0.096220
1879.118677   13.691740   0.103380
1879.128946   13.818980   0.089110
1879.138951   13.812790   0.099170
1879.148948   13.756180   0.111940
1879.158753   13.770470   0.114050
1879.168681   13.766950   0.114170
1879.178653   13.724370   0.113280
1879.188531   13.751890   0.098110
1879.198658   13.818530   0.122650
1879.208980   13.775610   0.122470
1879.219105   13.852660   0.125400
1879.229198   13.835740   0.126360
1879.239692   13.896720   0.128330
1879.249885   13.674640   0.120970
1879.259988   13.778080   0.115880
1879.270136   13.804590   0.113260
1879.279998   13.843300   0.098740
1879.290256   13.697680   0.117220
1879.300321   13.804210   0.119860
1879.310604   13.752290   0.119440
1879.321132   13.792260   0.116930
1879.331398   13.806420   0.121880
1879.341711   13.750810   0.120890
1879.352168   13.742130   0.118250
1879.362239   13.736840   0.121800
1879.372581   13.758410   0.123310
1879.383093   13.773920   0.071300
1879.393065   13.769180   0.101920
1879.403486   13.819420   0.075400
1879.413794   13.862940   0.109210
1879.422210   13.722720   0.105930
1879.436738   13.738770   0.074300
1879.904711   13.685290   0.055900
1879.914664   13.779100   0.087560
1879.924232   13.815170   0.074150
1879.933937   13.787500   0.061810
1879.943742   13.842930   0.054120
1879.953255   13.821280   0.046080
1879.962965   13.812970   0.042100
1879.972299   13.784070   0.041590
1879.982133   13.813830   0.041980
1879.991480   13.827030   0.046440
1880.001350   13.804620   0.045730
1880.010995   13.804270   0.054930
1880.020489   13.765120   0.053070
1880.030167   13.793170   0.053930
1880.040004   13.815290   0.053380
1880.050020   13.778310   0.051490
1880.059700   13.761490   0.055380
1880.069635   13.813820   0.059690
1880.079469   13.718080   0.059240
1880.089000   13.795070   0.058830
1880.098524   13.791620   0.061420
1880.108072   13.770460   0.066350
1880.117530   13.773230   0.055680
1880.127140   13.786070   0.059530
1880.200091   13.765710   0.066870
1880.209735   13.860630   0.071020
1880.219431   13.816630   0.068140
1880.229324   13.815980   0.058000
1880.238989   13.820910   0.061040
1880.248836   13.753130   0.057740
1880.258298   13.765740   0.061690
1880.267686   13.794310   0.065540
1880.277275   13.779960   0.068100
1880.286928   13.748130   0.076050
1880.306613   13.733810   0.064010
1880.369120   13.770460   0.060820
1880.967707   13.789880   0.072150
1880.977730   13.814690   0.070040
1880.987626   13.798600   0.061120
1880.997175   13.791340   0.054220
1881.007352   13.814550   0.058150
1881.017262   13.786710   0.059760
1881.027023   13.776110   0.062590
1881.036583   13.761920   0.061160
1881.046307   13.770260   0.061510
1881.055914   13.796910   0.068890
1881.065565   13.820960   0.067000
1881.075352   13.798340   0.071370
1881.085120   13.792060   0.067210
1881.094964   13.778570   0.063690
1881.104801   13.749440   0.056710
1881.114937   13.781970   0.075950
1881.124474   13.813120   0.071110
1881.134326   13.782140   0.071850
1881.143810   13.778920   0.057410
1881.153419   13.776660   0.073670
1881.163015   13.796130   0.067500
1881.171357   13.732900   0.058780
1881.180981   13.763350   0.061800
1881.190627   13.786140   0.048720
1881.200550   13.778810   0.053680
1881.210473   13.801320   0.061460
1881.220305   13.779840   0.063970
1881.230199   13.779610   0.066200
1881.239668   13.811290   0.069800
1881.249328   13.763460   0.066370
1881.258917   13.790670   0.066310
1881.268352   13.787210   0.070210
1881.278189   13.821950   0.067140
1881.288137   13.785770   0.066690
1881.297680   13.745920   0.068940
1881.307337   13.769830   0.070400
1881.317394   13.820630   0.078690
1881.327336   13.816120   0.077300
1881.337373   13.765820   0.074420
1881.347129   13.719240   0.081660
1881.357110   13.766940   0.080980
1881.366722   13.761300   0.086250
1881.376276   13.792150   0.087690
1881.386104   13.801410   0.090750
1881.395996   13.804290   0.086620
1881.405772   13.805820   0.092940
1881.414838   13.779970   0.084530
1881.422098   13.754260   0.095470
1881.428287   13.764730   0.092620
1881.433496   13.829930   0.095400
1881.437835   13.772330   0.094800
1881.441542   13.797900   0.096760
1881.445078   13.747240   0.098280
1881.447777   13.862780   0.102020
1881.449541   13.844180   0.100660
1881.451276   13.777100   0.098270
1881.453055   13.801840   0.097790
1881.455245   13.742970   0.137810
1881.512259   13.713090   0.099910
1881.522032   13.790390   0.111480
1881.531584   13.885360   0.114090
1881.541053   13.831490   0.112990
1881.550943   13.846910   0.115350
1881.560601   13.791110   0.119290
1881.570473   13.761870   0.113090
1881.580253   13.724700   0.117330
1881.589860   13.820490   0.119080
1881.599731   13.708270   0.066200
1881.609472   13.659040   0.118480
1881.855406   13.936200   0.065500
1881.864967   13.749000   0.109440
1881.874874   13.856930   0.108550
1881.884546   13.748280   0.090710
1881.894462   13.787590   0.081610
1881.904494   13.781380   0.073500
1881.914271   13.809680   0.068200
1881.923884   13.789620   0.070710
1881.933466   13.722140   0.064410
1881.943231   13.763040   0.065560
1881.952875   13.780610   0.083450
1881.962633   13.750850   0.092370
1881.972149   13.779440   0.097490
1881.982098   13.726130   0.099330
1881.992169   13.697300   0.116700
1882.001812   13.805640   0.099010
1882.011594   13.779550   0.065800
1882.021627   13.741360   0.107980
1882.031644   13.731170   0.112410
1882.041324   13.783520   0.108560
1882.051198   13.693100   0.098100
1882.060871   13.793280   0.108060
1882.080330   13.790950   0.083310
1882.121972   13.675960   0.105050
1882.131558   13.733430   0.093090
1882.141044   13.761840   0.098770
1882.150540   13.810940   0.101040
1882.160119   13.677230   0.101950
1882.169652   13.837650   0.105790
1882.179008   13.705300   0.099870
1882.188466   13.697490   0.106240
1883.093660   13.753940   0.076310
1883.112818   13.699520   0.077520
1883.122237   13.878480   0.093630
1883.131900   13.822660   0.081700
1883.141295   13.817310   0.089200
1883.150882   13.695150   0.089790
1883.160374   13.760530   0.095120
1883.169871   13.759140   0.100160
1883.179271   13.841990   0.086160
1883.188727   13.774050   0.084010
1883.198404   13.730480   0.098040
1883.207904   13.815190   0.100650
1883.217549   13.785830   0.098340
1883.226897   13.866640   0.105680
1883.236210   13.727140   0.099890
1883.245790   13.785260   0.101100
1883.255334   13.820950   0.104950
1883.265175   13.896720   0.111290
1883.274780   13.777300   0.106610
1883.294394   13.712180   0.068400
1883.304458   13.796860   0.068700
1883.323720   13.895540   0.071900
1883.333437   13.700770   0.116760
1883.343435   13.724740   0.112630
1883.363493   13.820490   0.116430
1883.373027   13.767270   0.114500
1883.382580   13.717550   0.096720
1883.392439   13.693370   0.110460
1883.402040   13.806060   0.119970
1883.410215   13.699200   0.066800
1883.423677   13.799100   0.121380
1883.436812   13.903160   0.129960
1883.443027   13.901430   0.069100
1883.444773   13.849180   0.068000
1883.446784   13.757370   0.092990
1883.448508   13.702820   0.114120
1883.507258   13.811970   0.103380
1883.517022   13.710390   0.122880
1883.593838   13.563460   0.096370
1884.099534   13.823940   0.041820
1884.109140   13.797130   0.038730
1884.118686   13.801900   0.049490
1884.128292   13.826540   0.064930
1884.137551   13.735830   0.046090
1884.147279   13.766060   0.053220
1884.156774   13.774350   0.053470
1884.166197   13.752470   0.062170
1884.175960   13.770670   0.067610
1884.185414   13.793450   0.057610
1884.194977   13.778900   0.046950
1884.204574   13.797650   0.052670
1884.214174   13.763100   0.046390
1884.223839   13.801810   0.052170
1884.233272   13.820720   0.075140
1884.242628   13.755410   0.041820
1884.252195   13.753470   0.041190
1884.261682   13.805800   0.044400
1884.271201   13.787300   0.043070
1884.280876   13.769170   0.047470
1884.290846   13.778790   0.049540
1884.300573   13.802480   0.059170
1884.310420   13.640670   0.074510
1884.320206   13.788990   0.054690
1884.330156   13.760340   0.053420
1884.340081   13.774840   0.065660
1884.350052   13.803230   0.065130
1884.360119   13.756870   0.050390
1884.370060   13.769040   0.053010
1884.379738   13.789430   0.058650
1884.389528   13.781840   0.047240
1884.399065   13.774340   0.049330
1884.406881   13.816720   0.059260
1884.413865   13.801050   0.066810
1884.420368   13.812290   0.071090
1884.425635   13.790410   0.050560
1884.430150   13.762200   0.046110
1884.433678   13.787950   0.052950
1884.437202   13.831430   0.051100
1884.439908   13.819030   0.055180
1884.441669   13.776850   0.054170
1884.443407   13.815760   0.053640
1884.445186   13.798920   0.051800
1884.446926   13.819170   0.066580
1884.503638   13.673900   0.044300
1884.513187   13.756990   0.055190
1884.522993   13.770400   0.048620
1884.532900   13.777200   0.042900
1884.542819   13.799920   0.054050
1884.552706   13.824950   0.058570
1884.562458   13.776390   0.037530
1884.572213   13.808000   0.048190
1884.581820   13.797180   0.041570
1884.591479   13.805640   0.055110
1884.600983   13.774130   0.048890
1884.610820   13.756330   0.044460
1884.886961   13.812380   0.108700
1884.896459   13.818040   0.107280
1884.906042   13.835610   0.103190
1884.925737   13.795680   0.098700
1884.945448   13.775900   0.102250
1884.954875   14.014850   0.093950
1884.964329   13.677410   0.099750
1884.974229   13.664440   0.083510
1884.983622   13.722290   0.094190
1884.993441   13.740410   0.109590
1885.003341   13.773070   0.109790
1885.013152   13.812540   0.095180
1885.022911   13.763920   0.118530
1885.032349   13.625970   0.072100
1885.042291   13.826840   0.071300
1885.278794   13.707990   0.095110
1885.298475   13.733350   0.099580
1885.308250   13.767670   0.104570
1885.318087   13.733010   0.100840
1885.328301   13.775790   0.089240
1885.590286   13.670820   0.060100
1886.072366   13.837050   0.036660
1886.082057   13.813060   0.040590
1886.091456   13.814480   0.043330
1886.101064   13.814690   0.044460
1886.110701   13.803310   0.042270
1886.120214   13.791940   0.043230
1886.129544   13.792310   0.045570
1886.138882   13.744460   0.045720
1886.148233   13.803190   0.047520
1886.157943   13.761500   0.047110
1886.167550   13.833840   0.053350
1886.177101   13.786220   0.055330
1886.186997   13.778670   0.056710
1886.196609   13.777890   0.058560
1886.206153   13.780030   0.065780
1886.215757   13.809220   0.071720
1886.225422   13.744140   0.094820
1886.234829   13.845150   0.098870
1886.244630   13.743530   0.089360
1886.254426   13.852160   0.072360
1886.263771   13.812440   0.056260
1886.273578   13.724730   0.090550
1886.283270   13.791520   0.055660
1886.293134   13.828090   0.059190
1886.303115   13.817600   0.066810
1886.312914   13.820510   0.058960
1886.322818   13.812730   0.064410
1886.332859   13.732050   0.062890
1886.342543   13.782900   0.061440
1886.352534   13.812940   0.060740
1886.362281   13.804760   0.067690
1886.372003   13.771690   0.069290
1886.381496   13.763560   0.071540
1886.391198   13.745490   0.075870
1886.399994   13.750370   0.078750
1886.408171   13.750880   0.079040
1886.414363   13.736350   0.094060
1886.419581   13.790440   0.095690
1886.423873   13.745070   0.089790
1886.427459   13.871340   0.093680
1886.431086   13.884090   0.088010
1886.433748   13.829090   0.101480
1886.435540   13.782140   0.100810
1886.437293   13.721580   0.091930
1886.439058   13.763940   0.092980
1886.440921   13.883880   0.114950
1886.441927   13.695820   0.068800
