1863.169882   14.799220   0.119280
1863.179028   14.846970   0.130700
1863.197263   14.744320   0.134520
1863.206453   14.823910   0.132960
1863.297662   14.820810   0.134010
1863.306748   14.613250   0.108440
1863.363587   14.664720   0.102900
1863.372640   14.681570   0.118250
1863.381795   14.850860   0.130720
1863.391577   14.767810   0.104160
1863.419261   14.691380   0.076000
1864.122118   14.747370   0.095550
1864.131139   14.766970   0.104340
1864.140349   14.739770   0.119430
1864.149328   14.789260   0.118990
1864.158727   14.697850   0.106910
1864.168231   14.775590   0.072500
1864.177518   14.700450   0.102690
1864.186471   14.749360   0.107000
1864.195786   14.783670   0.105860
1864.204761   14.734920   0.122280
1864.213956   14.711130   0.116070
1864.223275   14.825850   0.117220
1864.232465   14.763990   0.077100
1864.241810   14.844910   0.101690
1864.250994   14.796870   0.117540
1864.260368   14.780780   0.106290
1864.269452   14.784480   0.121130
1864.278865   14.736580   0.074200
1864.297228   14.715920   0.127940
1864.334754   14.793770   0.108260
1865.180915   14.860180   0.112840
1865.189934   14.715310   0.083820
1865.199137   14.839950   0.113630
1865.208040   14.769500   0.087740
1865.217207   14.928770   0.131360
1865.226382   14.744040   0.119870
1865.236085   14.808860   0.067200
1865.245809   14.745830   0.103660
1865.255860   14.769710   0.100290
1865.285739   14.714140   0.066500
1865.316221   14.769470   0.100930
1865.326303   14.759920   0.076900
1866.165339   14.751360   0.094170
1866.174723   14.749300   0.090130
1866.184057   14.753620   0.092200
1866.193410   14.777640   0.092260
1866.202706   14.804510   0.099130
1866.212035   14.852070   0.100780
1866.221409   14.801020   0.105020
1866.230791   14.804530   0.096370
1866.240551   14.804460   0.099320
1866.250004   14.762410   0.096850
1866.259354   14.765620   0.102120
1867.193045   14.740050   0.067570
1867.202355   14.715270   0.070040
1867.211516   14.782850   0.067590
1867.220585   14.767930   0.074040
1867.230131   14.737360   0.078360
1867.239707   14.754100   0.076710
1867.249230   14.761970   0.073940
1867.258785   14.777180   0.079720
1867.268385   14.762310   0.075990
1867.277702   14.770090   0.082240
1867.287153   14.766210   0.084600
1867.296854   14.788600   0.086270
1867.306121   14.714080   0.081590
1867.315500   14.805150   0.085000
1867.325094   14.720700   0.085290
1867.334502   14.703570   0.089490
1867.344482   14.816910   0.098980
1867.354030   14.720490   0.091340
1867.363492   14.734700   0.101070
1867.372735   14.800710   0.099850
1867.382212   14.836690   0.102490
1867.391671   14.762070   0.108360
1867.401392   14.736530   0.106090
1867.410805   14.729350   0.102130
1867.420365   14.837830   0.099450
1867.429722   14.705660   0.068200
1867.439192   14.776680   0.120970
1867.448727   14.720470   0.075400
1867.456168   14.676280   0.115610
1867.463320   14.767360   0.123600
1867.469421   14.799020   0.129540
1867.473939   14.787160   0.106310
1867.478291   14.732860   0.097560
1867.481655   14.744590   0.100900
1867.484335   14.735370   0.108100
1867.486951   14.835420   0.113550
1867.488639   14.757830   0.108260
1867.490315   14.744490   0.114140
1867.492002   14.783380   0.112760
1867.493724   14.749250   0.110750
1868.197661   14.817160   0.126750
1868.207123   14.817690   0.127050
1870.219778   14.755430   0.082170
1870.229270   14.748740   0.083120
1870.238762   14.812950   0.097960
1870.248135   14.750750   0.091200
1870.257691   14.830450   0.102920
1870.267266   14.811730   0.101230
1870.276950   14.737610   0.092600
1870.286498   14.782440   0.101150
1870.295849   14.766080   0.095510
1870.305565   14.865450   0.106000
1870.315197   14.794960   0.116590
1870.325274   14.757070   0.118350
1870.335174   14.742940   0.106080
1870.344892   14.687260   0.110400
1870.354573   14.699820   0.124010
1871.136689   14.818430   0.103710
1871.146179   14.793510   0.098820
1871.155384   14.792880   0.096570
1871.164955   14.756540   0.103460
1871.174269   14.710130   0.100870
1871.183469   14.763930   0.109020
1871.192872   14.799310   0.105990
1871.202392   14.806910   0.109360
1871.211865   14.653400   0.110390
1871.221273   14.798700   0.122840
1871.230922   14.813550   0.116250
1871.240394   14.779800   0.106730
1871.250018   14.788530   0.116010
1871.259511   14.748910   0.111340
1871.269122   14.725550   0.111910
1871.278903   14.717670   0.107010
1871.288648   14.840030   0.119750
1871.298226   14.718010   0.110170
1871.307789   14.783250   0.121860
1871.317562   14.864030   0.125260
1871.327342   14.791340   0.125130
1871.356571   14.748220   0.103100
1872.324463   14.864380   0.110270
1872.334315   14.823910   0.117280
1872.344041   14.842290   0.118470
1872.353623   14.858790   0.118600
1872.363427   14.793790   0.112020
1872.373279   14.831610   0.113350
1872.383099   14.814050   0.116570
1872.392766   14.849580   0.114700
1872.402203   14.750240   0.113080
1872.412032   14.837000   0.120770
1872.421585   14.874210   0.127740
1872.431053   14.836950   0.107470
1872.439874   14.895310   0.132980
1872.447517   14.856190   0.110810
1872.454162   14.781420   0.129730
1872.467869   14.730790   0.075900
1872.473075   14.710370   0.106870
1873.229437   14.799010   0.121790
1873.238750   14.759900   0.104670
1873.248403   14.719870   0.121330
1873.258009   14.794110   0.122570
1873.267456   14.833270   0.078200
1873.277113   14.765760   0.074900
1873.286635   14.672690   0.068600
1874.032527   14.727920   0.088410
1874.041923   14.793960   0.092100
1874.051714   14.783160   0.089710
1874.061193   14.752170   0.092470
1874.070741   14.705130   0.094590
1874.080230   14.773190   0.094520
1874.089638   14.730910   0.092610
1874.098984   14.712630   0.097770
1874.108441   14.768420   0.097280
1874.117749   14.811640   0.106260
1874.127103   14.783380   0.101530
1874.136654   14.743180   0.101320
1874.145982   14.779860   0.108010
1874.155173   14.795250   0.112680
1874.164605   14.758180   0.120490
1874.174000   14.751560   0.070800
1876.992585   14.791110   0.095980
1877.002277   14.698460   0.093400
1877.012009   14.775040   0.100650
1877.021623   14.844650   0.103180
1877.031340   14.784850   0.107100
1877.041094   14.809520   0.104620
1877.050632   14.747840   0.091530
1877.060512   14.784290   0.096100
1877.070280   14.786630   0.098050
1877.080037   14.799580   0.100860
1877.089835   14.768100   0.096600
1877.099542   14.892360   0.106810
1877.109324   14.805950   0.114400
1877.119310   14.799860   0.098770
1877.128562   14.748960   0.107460
1877.137988   14.830910   0.110670
1877.157005   14.854910   0.094920
1877.166514   14.801150   0.110750
1877.175811   14.801310   0.108510
1877.185103   14.843330   0.088520
1877.194638   14.746080   0.108240
1877.204359   14.759440   0.111220
1877.213829   14.716930   0.102040
1877.223290   14.783810   0.112630
1877.232928   14.769000   0.110170
1877.242583   14.683730   0.107190
1877.252255   14.806710   0.063100
1877.261424   14.798910   0.065700
1877.271317   14.834290   0.112980
1877.280810   14.850730   0.111860
1877.290913   14.836390   0.115940
1877.310552   14.914870   0.122380
1877.330019   14.751520   0.111640
1877.339532   14.801050   0.084750
1877.349339   14.739360   0.110420
1877.359563   14.755500   0.106930
1877.369136   14.735830   0.060600
1877.379089   14.869490   0.094890
1877.417609   14.794670   0.105640
1877.426444   14.874180   0.127280
1877.433416   14.728760   0.123540
1877.439579   14.768680   0.077500
1877.444425   14.747280   0.075300
1877.449024   14.853290   0.105350
1877.456119   14.809120   0.126420
1877.458903   14.799010   0.105500
1877.460660   14.745560   0.128430
1877.462441   14.750250   0.129930
1877.464221   14.771650   0.105220
1877.465872   14.791840   0.077900
1877.966513   14.818990   0.075300
1877.975795   14.804220   0.110560
1877.985575   14.807140   0.096760
1877.995071   14.789240   0.090770
1878.004964   14.747620   0.082900
1878.014335   14.738750   0.094990
1878.023915   14.743800   0.075790
1878.033403   14.770260   0.086020
1878.042881   14.779220   0.080160
1878.052477   14.755070   0.094640
1878.062202   14.789950   0.094170
1878.072038   14.770230   0.096600
1878.081838   14.755710   0.098040
1878.091595   14.743920   0.094170
1878.101204   14.732930   0.088110
1878.111056   14.741360   0.092800
1878.120475   14.752350   0.098430
1878.129972   14.750800   0.094630
1878.139452   14.761630   0.114530
1878.167692   14.758320   0.108020
1878.177309   14.781570   0.104290
1878.186872   14.800160   0.126260
1878.196273   14.757340   0.127180
1878.235040   14.829040   0.107640
1878.244733   14.745940   0.109490
1878.254199   14.659170   0.071800
1878.960985   14.821150   0.077700
1878.971663   14.843400   0.133320
1878.982332   14.799260   0.109720
1878.992862   14.808290   0.124820
1879.003349   14.851200   0.075800
1879.014056   14.744940   0.131630
1879.024781   14.702110   0.129740
1879.924079   14.698550   0.063500
1879.933937   14.787660   0.111750
1879.943742   14.859880   0.112410
1879.953255   14.872460   0.106470
1879.962965   14.777000   0.091690
1879.972299   14.813970   0.094950
1879.982133   14.766830   0.093670
1879.991480   14.770450   0.095540
1880.001350   14.871070   0.108030
1880.010995   14.749250   0.107160
1880.020489   14.743390   0.108720
1880.030167   14.728940   0.103300
1880.040004   14.699380   0.104580
1880.050020   14.741780   0.106650
1880.059700   14.821460   0.113770
1880.069635   14.806340   0.111740
1880.079469   14.867430   0.119560
1880.089000   14.839070   0.116260
1880.098524   14.774540   0.114210
1880.107919   14.837030   0.064200
1880.117530   14.809540   0.115900
1880.127140   14.859560   0.116340
1880.229400   14.792580   0.098090
1880.238989   14.706950   0.112670
1880.248836   14.796380   0.112040
1880.258374   14.737260   0.095110
1880.267686   14.765750   0.101420
1880.277275   14.781180   0.102660
1880.306690   14.828890   0.105880
1880.369044   14.778440   0.102390
1880.987626   14.780390   0.106960
1880.997175   14.770770   0.107010
1881.007352   14.797390   0.107520
1881.017185   14.824300   0.093380
1881.027023   14.799880   0.112120
1881.036583   14.827460   0.117110
1881.046306   14.808250   0.097440
1881.065411   14.863890   0.067300
1881.085120   14.734420   0.067100
1881.094964   14.743010   0.110130
1881.104801   14.716280   0.109160
1881.124397   14.616650   0.094120
1881.143810   14.824330   0.114960
1881.162939   14.748320   0.099170
1881.171357   14.785920   0.117880
1881.180981   14.733730   0.117930
1881.190627   14.710770   0.097540
1881.200550   14.758970   0.110080
1881.210473   14.796090   0.118220
1881.220305   14.774730   0.123090
1881.230199   14.707830   0.114320
1881.239668   14.811020   0.107210
1881.249328   14.782860   0.120930
1881.258917   14.786170   0.124020
1881.268352   14.767680   0.126400
1881.278189   14.814190   0.128420
1881.288060   14.834360   0.111170
1881.297603   14.804830   0.106710
1881.307337   14.803660   0.108900
1881.317393   14.776330   0.109800
1881.327490   14.688600   0.078200
1881.337526   14.746980   0.078600
1881.347205   14.704300   0.107260
1881.356957   14.681600   0.075300
1881.904494   14.778200   0.125740
1881.914271   14.783910   0.123760
1881.923961   14.830910   0.103170
1881.933466   14.770990   0.118360
1881.943231   14.832010   0.122190
1884.099534   14.772460   0.087270
1884.109140   14.767200   0.083200
1884.118686   14.791970   0.105580
1884.137551   14.780920   0.094110
1884.147279   14.761180   0.105480
1884.156774   14.768780   0.105470
1884.166044   14.866610   0.059100
1884.175960   14.818920   0.116190
1884.185261   14.660250   0.056400
1884.194977   14.762930   0.101040
1884.204574   14.816320   0.107520
1884.214174   14.722470   0.093420
1884.223915   14.810950   0.079900
1884.242628   14.766270   0.088490
1884.252195   14.749470   0.084240
1884.261682   14.743620   0.089860
1884.271201   14.782050   0.094300
1884.280876   14.763110   0.097430
1884.290846   14.754900   0.104900
1884.300573   14.736140   0.109170
1884.320206   14.808770   0.109710
1884.330156   14.866310   0.113350
1884.350052   14.814970   0.123100
1884.360119   14.715160   0.103890
1884.370060   14.721660   0.106250
1884.379738   14.814440   0.119620
1884.389528   14.767060   0.097300
1884.399065   14.787820   0.102840
1884.406881   14.731840   0.104380
1884.413712   14.883250   0.067900
1884.425635   14.791040   0.109760
1884.430150   14.836440   0.102580
1884.433678   14.777210   0.106520
1884.437202   14.741780   0.105790
1884.439908   14.674710   0.104150
1884.441593   14.761890   0.092050
1884.443407   14.803470   0.105840
1884.445186   14.703120   0.096080
1884.447079   14.718930   0.059900
1884.503638   14.819340   0.102800
1884.513111   14.831690   0.091510
1884.522993   14.758410   0.098240
1884.532900   14.783160   0.090790
1884.542895   14.795340   0.086150
1884.552782   14.807070   0.059300
1884.562458   14.770040   0.079180
1884.572213   14.731410   0.095410
1884.581820   14.796550   0.084540
1884.591479   14.758700   0.109550
1884.600983   14.810970   0.099080
1884.610820   14.779260   0.092920
1886.072366   14.767040   0.080670
1886.082057   14.759110   0.087780
1886.091456   14.756830   0.086480
1886.101064   14.840130   0.094640
1886.110701   14.852340   0.096730
1886.120214   14.784630   0.092680
1886.129544   14.774110   0.093420
1886.138882   14.715140   0.095960
1886.148233   14.776660   0.091440
1886.157943   14.719930   0.097990
1886.167473   14.853180   0.091130
1886.177101   14.806620   0.114730
1886.186997   14.723650   0.110690
1886.196609   14.813460   0.121720
1886.206153   14.756930   0.128070
1886.215604   14.626410   0.068000
1886.254426   14.736370   0.071900
1886.263771   14.802150   0.113930
1886.283270   14.827730   0.112150
1886.293134   14.864560   0.121180
1886.303115   14.787210   0.124630
1886.312914   14.750620   0.118690
1886.322818   14.767350   0.093110
1886.332936   14.738090   0.096910
1886.342543   14.834540   0.120060
1886.352534   14.830520   0.119170
1886.362281   14.812360   0.074600
1886.371926   14.718230   0.093860
