1863.169882   14.847080   0.121970
1863.179028   14.804170   0.129730
1863.188034   14.719810   0.109730
1863.197187   14.723520   0.107540
1863.206453   14.755530   0.127490
1863.251898   14.727450   0.074200
1863.261131   14.648230   0.077400
1863.288341   14.782450   0.133950
1863.297662   14.765750   0.125490
1863.306748   14.666580   0.103520
1863.315898   14.728300   0.072600
1863.325337   14.655840   0.101990
1863.334479   14.666130   0.076300
1863.344416   14.745730   0.109270
1863.354116   14.572870   0.071100
1863.363511   14.767590   0.102410
1863.372640   14.804070   0.119860
1863.381795   14.800480   0.121800
1863.391577   14.867690   0.132990
1863.400671   14.759120   0.105430
1863.410003   14.819500   0.077200
1864.122118   14.800410   0.101400
1864.131139   14.941680   0.105890
1864.140349   14.790350   0.113500
1864.149328   14.773410   0.117660
1864.158727   14.741190   0.104600
1864.168077   14.817840   0.133720
1864.177518   14.676610   0.096400
1864.186471   14.737420   0.102900
1864.195786   14.747030   0.124900
1864.204761   14.745410   0.115410
1864.213956   14.821540   0.112220
1864.223275   14.810870   0.108890
1864.232312   14.736010   0.123380
1864.241734   14.747760   0.124110
1864.250994   14.824850   0.110970
1864.260291   14.743190   0.104800
1864.269452   14.787240   0.112720
1864.278712   14.794600   0.127830
1864.287963   14.734630   0.101780
1864.297228   14.809830   0.126770
1864.306786   14.739380   0.130480
1864.315982   14.780290   0.106770
1864.325240   14.813600   0.126780
1864.334830   14.722470   0.123180
1865.180915   14.830980   0.106180
1865.189934   14.825960   0.086100
1865.199137   14.797740   0.107290
1865.208040   14.828520   0.087300
1865.217207   14.833130   0.126210
1865.226382   14.860910   0.121420
1865.235932   14.831840   0.127560
1865.245886   14.884220   0.073100
1865.255783   14.802830   0.075600
1865.285892   14.864760   0.070300
1865.306338   14.760860   0.075800
1865.316145   14.774230   0.129160
1866.165339   14.801560   0.080880
1866.174723   14.778810   0.091640
1866.184057   14.804340   0.097870
1866.193410   14.835740   0.097070
1866.202706   14.765000   0.098230
1866.212035   14.823040   0.100300
1866.221409   14.773560   0.100430
1866.230791   14.785010   0.095790
1866.240551   14.856280   0.099670
1866.250004   14.834170   0.098440
1866.259354   14.855810   0.107340
1867.193045   14.706710   0.062120
1867.202355   14.725520   0.069910
1867.211516   14.769210   0.065480
1867.220585   14.780360   0.072980
1867.230131   14.766540   0.077220
1867.239707   14.743580   0.075320
1867.249230   14.758750   0.072480
1867.258785   14.768740   0.074940
1867.268385   14.758320   0.083260
1867.277702   14.760680   0.078210
1867.287153   14.766260   0.082510
1867.296854   14.747370   0.083620
1867.306121   14.737370   0.081340
1867.315500   14.771900   0.084300
1867.325094   14.795960   0.088210
1867.334502   14.785180   0.088430
1867.344482   14.819110   0.097760
1867.354030   14.806610   0.093250
1867.363492   14.850730   0.108880
1867.372735   14.769030   0.099650
1867.382212   14.750000   0.097940
1867.391671   14.821880   0.109180
1867.401392   14.747650   0.104550
1867.410805   14.796560   0.100860
1867.420288   14.825520   0.117770
1867.429645   14.840150   0.104720
1867.439192   14.854800   0.126630
1867.448727   14.839870   0.074100
1867.456168   14.724210   0.113550
1867.463320   14.811710   0.123680
1867.469421   14.789690   0.128740
1867.473939   14.748390   0.101280
1867.478291   14.814510   0.096320
1867.481655   14.784060   0.101580
1867.484335   14.799240   0.109520
1867.486951   14.844560   0.111050
1867.488639   14.747820   0.109580
1867.490315   14.861650   0.121460
1867.492002   14.754070   0.108920
1867.493724   14.806710   0.110690
1868.197661   14.796220   0.122890
1868.206970   14.773110   0.067200
1870.219778   14.725290   0.083980
1870.229270   14.745650   0.082640
1870.238762   14.839080   0.098940
1870.248135   14.799340   0.093250
1870.257691   14.761620   0.098910
1870.267266   14.787910   0.096730
1870.276950   14.763000   0.097180
1870.286498   14.825030   0.099560
1870.295849   14.835950   0.098930
1870.305565   14.783360   0.098750
1870.315197   14.791940   0.107700
1870.325274   14.798040   0.117130
1870.335174   14.851270   0.110120
1870.344892   14.777930   0.109990
1870.354573   14.821500   0.125760
1871.136689   14.755630   0.103610
1871.146179   14.706320   0.093650
1871.155384   14.803450   0.100230
1871.164955   14.852020   0.110410
1871.174269   14.750000   0.108870
1871.183469   14.775090   0.110770
1871.192872   14.727230   0.101390
1871.202392   14.784280   0.110060
1871.211865   14.753970   0.098840
1871.221273   14.726170   0.122750
1871.230922   14.809730   0.112460
1871.240394   14.766440   0.106560
1871.250018   14.731160   0.117680
1871.259511   14.858590   0.117530
1871.269122   14.777660   0.111040
1871.278903   14.787630   0.110450
1871.288648   14.803710   0.120730
1871.298226   14.734150   0.111200
1871.307789   14.857200   0.120660
1871.317562   14.825410   0.127080
1871.327342   14.802800   0.124130
1871.356495   14.860670   0.078000
1872.324463   14.790440   0.110480
1872.334315   14.676660   0.108670
1872.344041   14.810540   0.115760
1872.353623   14.734820   0.115670
1872.363427   14.789760   0.110240
1872.373279   14.677760   0.105400
1872.383099   14.741040   0.112700
1872.392766   14.798250   0.113270
1872.402203   14.761560   0.114710
1872.412032   14.754400   0.123000
1872.421585   14.774400   0.122170
1872.431206   14.829080   0.108370
1872.439874   14.824160   0.130690
1872.447517   14.779470   0.130460
1872.454086   14.769520   0.107620
1872.464056   14.687570   0.077900
1872.470649   14.824080   0.079700
1873.229437   14.675990   0.116580
1873.238826   14.803690   0.122690
1873.248403   14.820960   0.126540
1873.258009   14.804360   0.128840
1873.267380   14.676670   0.101750
1873.276959   14.808140   0.121580
1873.286864   14.786140   0.103660
1873.296275   14.856840   0.079600
1874.032527   14.725420   0.080900
1874.041923   14.832920   0.090820
1874.051714   14.742310   0.086450
1874.061193   14.751680   0.089080
1874.070741   14.728850   0.091860
1874.080230   14.712940   0.089960
1874.089638   14.750060   0.092210
1874.098984   14.742840   0.097440
1874.108441   14.718830   0.091170
1874.117749   14.756360   0.102490
1874.127103   14.724170   0.097540
1874.136654   14.838980   0.100710
1874.145982   14.823720   0.104640
1874.155173   14.813560   0.110780
1874.164605   14.790370   0.126180
1874.174153   14.743880   0.100570
1876.992585   14.774130   0.098040
1877.002277   14.792060   0.099050
1877.012009   14.813670   0.107280
1877.021623   14.725840   0.096320
1877.031340   14.740020   0.105610
1877.041094   14.764950   0.103680
1877.050632   14.742270   0.094470
1877.060512   14.797620   0.098550
1877.070280   14.710260   0.097590
1877.080037   14.736850   0.096520
1877.089835   14.730020   0.094320
1877.099542   14.746440   0.097370
1877.109324   14.747310   0.110580
1877.119234   14.781250   0.112840
1877.128562   14.821370   0.108430
1877.137988   14.806560   0.107450
1877.157081   14.718280   0.108580
1877.166514   14.893940   0.115690
1877.175811   14.832640   0.113790
1877.185180   14.809600   0.065500
1877.194638   14.838800   0.114460
1877.204359   14.832590   0.115840
1877.213829   14.736640   0.100080
1877.223290   14.650970   0.105830
1877.232928   14.800240   0.115650
1877.242660   14.890940   0.099960
1877.252102   14.914650   0.099350
1877.261347   14.814630   0.089030
1877.271317   14.827450   0.117690
1877.280810   14.740610   0.105620
1877.290913   14.834870   0.118510
1877.310552   14.816350   0.115500
1877.330019   14.780290   0.111440
1877.339609   14.732620   0.106030
1877.349339   14.784110   0.113190
1877.359563   14.676580   0.100380
1877.369289   14.748750   0.117060
1877.379166   14.808050   0.119260
1877.417609   14.713130   0.101550
1877.426444   14.811560   0.117510
1877.433416   14.807550   0.127320
1877.439502   14.791360   0.103120
1877.449101   14.771440   0.122410
1877.456119   14.755690   0.118590
1877.458826   14.749570   0.120980
1877.460660   14.779510   0.127960
1877.462518   14.837380   0.099920
1877.464144   14.828130   0.131900
1877.465872   14.809040   0.078100
1877.966436   14.770440   0.100130
1877.975795   14.798650   0.105220
1877.985575   14.766980   0.089250
1877.995071   14.738300   0.085940
1878.004964   14.745660   0.084360
1878.014335   14.748530   0.089550
1878.023915   14.763220   0.074410
1878.033403   14.756420   0.086460
1878.042881   14.733500   0.083290
1878.052477   14.802700   0.098570
1878.062202   14.739150   0.088210
1878.072038   14.724190   0.094060
1878.081838   14.754420   0.097520
1878.091595   14.811280   0.093030
1878.101204   14.793550   0.091210
1878.111056   14.843740   0.100870
1878.120475   14.766660   0.097070
1878.129972   14.763550   0.103150
1878.139452   14.830210   0.118690
1878.167692   14.741760   0.108910
1878.177309   14.743810   0.101600
1878.186872   14.859660   0.131390
1878.196273   14.820540   0.132330
1878.235117   14.817410   0.132360
1878.244657   14.814760   0.108260
1878.950286   14.721610   0.105290
1878.961061   14.769960   0.104280
1878.971663   14.758310   0.121470
1878.982256   14.780310   0.127020
1878.992862   14.834680   0.123030
1879.003272   14.865410   0.109200
1879.014056   14.892390   0.111920
1879.024781   14.791470   0.129790
1879.046491   14.649060   0.078800
1879.933937   14.857890   0.113920
1879.943742   14.771230   0.104460
1879.953255   14.816660   0.102960
1879.962965   14.842050   0.094640
1879.972299   14.772180   0.088800
1879.982133   14.760430   0.091930
1879.991480   14.801690   0.104040
1880.001350   14.874250   0.108480
1880.010995   14.850970   0.114310
1880.020489   14.783070   0.109720
1880.030167   14.918760   0.115280
1880.040004   14.706040   0.101890
1880.050020   14.819670   0.109630
1880.059700   14.801370   0.112020
1880.069635   14.777900   0.110900
1880.079469   14.849650   0.095470
1880.089000   14.795570   0.114960
1880.098524   14.835880   0.114240
1880.108072   14.760830   0.110430
1880.117530   14.800000   0.114070
1880.127140   14.763300   0.112920
1880.200168   14.802400   0.091230
1880.219278   14.818880   0.070700
1880.229324   14.742570   0.115940
1880.238989   14.782290   0.120730
1880.248836   14.742620   0.113390
1880.258298   14.751410   0.119880
1880.267686   14.719440   0.122470
1880.277351   14.748920   0.097530
1880.306613   14.768750   0.117710
1880.369120   14.800090   0.123850
1880.987626   14.866050   0.116940
1880.997175   14.802830   0.114570
1881.007352   14.794580   0.113140
1881.017262   14.836610   0.117000
1881.027023   14.799400   0.117560
1881.036583   14.703800   0.110530
1881.046307   14.819720   0.117330
1881.065488   14.696060   0.090810
1881.094887   14.658600   0.091390
1881.104801   14.767430   0.111730
1881.143810   14.761750   0.113980
1881.163015   14.696560   0.119410
1881.171357   14.706270   0.112030
1881.180981   14.809240   0.117230
1881.190627   14.765710   0.104540
1881.200550   14.785680   0.112110
1881.210473   14.773890   0.118750
1881.220305   14.707290   0.120840
1881.230199   14.807750   0.118110
1881.239668   14.891200   0.125600
1881.249328   14.819220   0.123140
1881.258917   14.818790   0.125260
1881.268352   14.730650   0.123130
1881.278189   14.798550   0.125570
1881.288136   14.797530   0.106560
1881.297680   14.804520   0.130450
1881.307337   14.674680   0.122530
1881.317317   14.722880   0.105410
1881.337220   14.808290   0.077000
1881.346976   14.705130   0.073300
1881.894309   14.678710   0.073200
1881.904494   14.749440   0.123410
1881.914271   14.830240   0.124040
1881.923961   14.975100   0.106830
1881.933466   14.829670   0.123610
1881.943231   14.852090   0.126210
1884.099534   14.779640   0.087430
1884.109140   14.799810   0.084840
1884.118686   14.805230   0.109350
1884.137551   14.774850   0.097610
1884.147279   14.777900   0.106890
1884.156774   14.798950   0.110860
1884.176113   14.867080   0.073900
1884.185414   14.797960   0.110430
1884.194977   14.797730   0.102650
1884.204574   14.857440   0.112870
1884.214174   14.778580   0.097750
1884.223839   14.748500   0.102790
1884.242628   14.715350   0.089030
1884.252195   14.686880   0.082810
1884.261682   14.776990   0.088320
1884.271201   14.825590   0.093160
1884.280876   14.749070   0.098150
1884.290846   14.787440   0.105860
1884.300573   14.714190   0.107970
1884.320206   14.720660   0.107540
1884.330156   14.736480   0.110570
1884.340081   14.707530   0.067200
1884.350052   14.811300   0.121150
1884.360119   14.792320   0.110880
1884.370060   14.750010   0.112190
1884.379738   14.680310   0.111270
1884.389528   14.778360   0.097470
1884.399065   14.646650   0.094940
1884.406881   14.732110   0.110060
1884.413941   14.767160   0.106300
1884.425635   14.763730   0.106250
1884.430150   14.760350   0.097480
1884.433678   14.779410   0.106890
1884.437202   14.743350   0.105860
1884.439908   14.743160   0.113400
1884.441669   14.771380   0.109650
1884.443407   14.820280   0.113610
1884.445186   14.777080   0.100200
1884.503638   14.750620   0.097460
1884.513187   14.824270   0.113560
1884.522993   14.794940   0.103070
1884.532900   14.810350   0.095810
1884.542819   14.871640   0.111980
1884.552782   14.727450   0.059900
1884.562458   14.752500   0.081940
1884.572213   14.777260   0.102400
1884.581820   14.758560   0.090660
1884.591479   14.753950   0.110300
1884.600983   14.768580   0.101940
1884.610820   14.781340   0.095270
1886.072366   14.780370   0.082450
1886.082057   14.796820   0.087500
1886.091456   14.766610   0.091070
1886.101064   14.843620   0.100380
1886.110701   14.792770   0.090290
1886.120214   14.796120   0.094750
1886.129544   14.797020   0.101470
1886.138882   14.781370   0.100110
1886.148233   14.840390   0.098190
1886.157943   14.806340   0.101830
1886.167550   14.796380   0.121140
1886.177101   14.796660   0.111890
1886.186997   14.767170   0.112350
1886.196609   14.795170   0.125120
1886.206230   14.850180   0.109340
1886.215910   14.671040   0.071600
1886.254349   14.686150   0.101330
1886.263771   14.737000   0.111420
1886.283270   14.739290   0.109410
1886.293134   14.750110   0.114030
1886.302962   14.730170   0.067300
1886.312914   14.790740   0.122700
1886.322818   14.788910   0.122690
1886.332936   14.769170   0.099410
1886.342543   14.802680   0.122700
1886.352534   14.790240   0.121640
1886.362281   14.841390   0.129210
