1863.169882   13.484750   0.046030
1863.179028   13.476400   0.047000
1863.188111   13.474040   0.057660
1863.197263   13.459850   0.053160
1863.206453   13.510230   0.050830
1863.215516   13.495400   0.064450
1863.224486   13.436880   0.057920
1863.233708   13.497640   0.059260
1863.243026   13.507090   0.058390
1863.252052   13.501510   0.060840
1863.260978   13.482780   0.052120
1863.270074   13.461210   0.060680
1863.279229   13.464040   0.057060
1863.288341   13.484990   0.051730
1863.297662   13.452810   0.045440
1863.306748   13.528170   0.054100
1863.315898   13.522840   0.057890
1863.325261   13.535220   0.054410
1863.334632   13.481900   0.058100
1863.344416   13.516040   0.057560
1863.353962   13.478420   0.052800
1863.363511   13.491920   0.049960
1863.372640   13.527710   0.046150
1863.381795   13.526060   0.045750
1863.391577   13.507960   0.047120
1863.400747   13.490230   0.044010
1863.410157   13.482200   0.053450
1863.419415   13.517820   0.055000
1863.428728   13.438010   0.057060
1863.438171   13.466750   0.060960
1863.447725   13.472230   0.066340
1863.457038   13.474310   0.077450
1863.464667   13.503020   0.090040
1863.471563   13.495710   0.094370
1863.477686   13.500460   0.088810
1863.482900   13.487850   0.087680
1863.487037   13.546140   0.095370
1863.490505   13.472120   0.092960
1863.494064   13.447160   0.086400
1863.496621   13.450260   0.090420
1863.498272   13.476610   0.097060
1863.500087   13.528250   0.100090
1863.501889   13.508510   0.100890
1863.503937   13.496480   0.140110
1864.122118   13.500570   0.036550
1864.131216   13.463500   0.047890
1864.140349   13.464680   0.042030
1864.149328   13.451860   0.044760
1864.158727   13.481490   0.040010
1864.168077   13.474550   0.050670
1864.177441   13.477720   0.050330
1864.186471   13.446870   0.039290
1864.195786   13.523300   0.049560
1864.204761   13.518140   0.043420
1864.213956   13.481450   0.041880
1864.223275   13.484940   0.039380
1864.232312   13.487810   0.050730
1864.241734   13.465840   0.049500
1864.250994   13.485440   0.041750
1864.260292   13.470240   0.051310
1864.269452   13.460990   0.044020
1864.278712   13.417210   0.052800
1864.288040   13.471830   0.053280
1864.297228   13.456590   0.051230
1864.306786   13.457440   0.053530
1864.315982   13.459720   0.055010
1864.325240   13.457760   0.054000
1864.334830   13.440760   0.050070
1864.344223   13.491110   0.072770
1864.353629   13.485420   0.066270
1864.362884   13.476590   0.073150
1864.372284   13.429220   0.088710
1864.381718   13.431490   0.078160
1864.391386   13.465820   0.065400
1864.401175   13.437610   0.085140
1864.410777   13.461710   0.076890
1864.420158   13.509490   0.075830
1864.429378   13.502070   0.085600
1864.438639   13.461550   0.096020
1864.448098   13.402460   0.110090
1864.457409   13.391210   0.109920
1864.465120   13.414150   0.101130
1864.472313   13.465830   0.121590
1864.477494   13.377220   0.067100
1865.081649   13.478870   0.058720
1865.090914   13.484260   0.059730
1865.103000   13.471530   0.056750
1865.112265   13.462160   0.056120
1865.121493   13.453300   0.068330
1865.180915   13.486940   0.039000
1865.189934   13.476230   0.030030
1865.199137   13.491180   0.037420
1865.208040   13.491640   0.030840
1865.217207   13.480750   0.046530
1865.226382   13.496960   0.043920
1865.235932   13.473100   0.045930
1865.245886   13.485770   0.049860
1865.255783   13.472100   0.050880
1865.265750   13.483720   0.066120
1865.275774   13.436610   0.058060
1865.285892   13.448940   0.048560
1865.295973   13.443060   0.055530
1865.306185   13.473420   0.054620
1865.316145   13.506200   0.054350
1865.326150   13.494000   0.055670
1865.336276   13.518300   0.066220
1865.346577   13.487470   0.061660
1865.356675   13.513590   0.058100
1865.366659   13.448840   0.067330
1865.376904   13.499180   0.063520
1865.387088   13.509710   0.065260
1865.397153   13.462460   0.069320
1865.407149   13.492310   0.063400
1865.417333   13.528990   0.063360
1865.427630   13.471160   0.063470
1865.437669   13.500950   0.066250
1865.448171   13.460470   0.081670
1865.457324   13.516930   0.088880
1865.465615   13.468430   0.097330
1865.471988   13.513270   0.112750
1865.482335   13.519430   0.116160
1865.486236   13.396160   0.094120
1865.489785   13.521600   0.111310
1865.492667   13.504540   0.108850
1865.494427   13.553470   0.108960
1865.496283   13.458790   0.102250
1865.498459   13.432530   0.143930
1866.165339   13.467400   0.033790
1866.174723   13.469180   0.034180
1866.184057   13.467690   0.034100
1866.193410   13.484410   0.033490
1866.202706   13.498170   0.035740
1866.212035   13.468770   0.036550
1866.221409   13.476620   0.037210
1866.230791   13.489660   0.035740
1866.240551   13.494400   0.036260
1866.250004   13.465030   0.036730
1866.259354   13.488800   0.037360
1867.193045   13.468530   0.024540
1867.202355   13.492110   0.025870
1867.211516   13.478890   0.025580
1867.220585   13.466470   0.027020
1867.230131   13.466190   0.027490
1867.239707   13.461800   0.027260
1867.249230   13.471030   0.026500
1867.258785   13.476550   0.027140
1867.268385   13.476430   0.028640
1867.277702   13.471290   0.028540
1867.287153   13.481790   0.029410
1867.296854   13.449220   0.028990
1867.306121   13.476260   0.030020
1867.315500   13.478710   0.030380
1867.325094   13.466350   0.031470
1867.334502   13.471240   0.032010
1867.344482   13.449610   0.034530
1867.354030   13.484410   0.034070
1867.363492   13.484450   0.037980
1867.372735   13.473890   0.034540
1867.382212   13.455570   0.035570
1867.391671   13.466460   0.041130
1867.401392   13.474950   0.037720
1867.410805   13.469530   0.037960
1867.420288   13.500610   0.045520
1867.429722   13.450250   0.050140
1867.439192   13.498040   0.046420
1867.448574   13.470090   0.049580
1867.456168   13.497560   0.043440
1867.463320   13.481670   0.046290
1867.469421   13.490100   0.046960
1867.473939   13.504740   0.038570
1867.478291   13.518040   0.034760
1867.481655   13.504660   0.037060
1867.484335   13.475500   0.039590
1867.486951   13.470100   0.040610
1867.488639   13.466390   0.038530
1867.490315   13.484010   0.041460
1867.492002   13.458710   0.042450
1867.493724   13.460020   0.040360
1868.197661   13.438000   0.046010
1868.207123   13.513150   0.046200
1868.216495   13.492620   0.063980
1868.225986   13.444780   0.057620
1868.235811   13.482160   0.065310
1868.245580   13.485320   0.063290
1868.255259   13.509830   0.068530
1868.264815   13.457480   0.062060
1868.274279   13.498990   0.074230
1868.283929   13.484900   0.061910
1868.293537   13.501920   0.097180
1868.303104   13.405520   0.101750
1868.312574   13.456950   0.095020
1868.322548   13.437980   0.074180
1868.332083   13.473670   0.069620
1868.341800   13.538180   0.079130
1868.351466   13.519510   0.088870
1868.360837   13.495090   0.092480
1868.370659   13.475490   0.086940
1868.380417   13.499080   0.089740
1868.390367   13.480480   0.086290
1868.399668   13.459350   0.086240
1868.409622   13.501880   0.102140
1868.419023   13.505920   0.088530
1868.428372   13.495630   0.081440
1868.437691   13.479200   0.086630
1868.446987   13.460510   0.089490
1868.454949   13.465460   0.096700
1868.461066   13.489170   0.088830
1868.467151   13.502050   0.092690
1868.471440   13.498160   0.102280
1868.475710   13.482610   0.115310
1868.479187   13.562350   0.119520
1868.481793   13.463650   0.114280
1868.484421   13.472130   0.117580
1868.486154   13.503520   0.108920
1868.487874   13.537990   0.112030
1868.489584   13.509870   0.105160
1868.491280   13.492410   0.108250
1869.239491   13.527000   0.075500
1870.219778   13.487390   0.030980
1870.229270   13.470610   0.031010
1870.238762   13.473970   0.033600
1870.248135   13.458210   0.031990
1870.257691   13.447290   0.038690
1870.267266   13.459060   0.035620
1870.276950   13.481350   0.035860
1870.286498   13.439230   0.036170
1870.295849   13.464750   0.033780
1870.305565   13.463810   0.036970
1870.315197   13.503030   0.041180
1870.325274   13.468320   0.040250
1870.335174   13.472690   0.039730
1870.344892   13.476600   0.040990
1870.354573   13.476380   0.048480
1870.364104   13.488860   0.063590
1870.373603   13.514030   0.062840
1870.383600   13.446730   0.071710
1870.393243   13.410190   0.088060
1870.402744   13.477970   0.093760
1870.412418   13.491450   0.113250
1870.421719   13.518520   0.114630
1870.431056   13.401960   0.113280
1870.440608   13.450310   0.099130
1870.448993   13.463710   0.087800
1870.456179   13.461400   0.085560
1870.461756   13.485770   0.107430
1870.466593   13.435420   0.109560
1870.470290   13.590870   0.113120
1870.474034   13.474080   0.116570
1870.476825   13.499790   0.124130
1870.478569   13.464540   0.118510
1870.480341   13.516590   0.116920
1870.482097   13.545490   0.123150
1870.483838   13.432210   0.119820
1870.485602   13.501540   0.122360
1871.136689   13.492560   0.036850
1871.146179   13.496780   0.033140
1871.155384   13.495620   0.033730
1871.164955   13.479090   0.038200
1871.174269   13.483720   0.037660
1871.183469   13.484620   0.040410
1871.192872   13.474610   0.037830
1871.202392   13.472240   0.039730
1871.211865   13.515580   0.047920
1871.221273   13.433780   0.046030
1871.230922   13.464540   0.040450
1871.240394   13.461040   0.040070
1871.250018   13.475850   0.043680
1871.259511   13.465020   0.040720
1871.269122   13.477840   0.042020
1871.278903   13.443270   0.040490
1871.288648   13.455340   0.045160
1871.298226   13.484780   0.040470
1871.307789   13.472340   0.048050
1871.317562   13.501000   0.047340
1871.327342   13.432810   0.046740
1871.337079   13.470450   0.052900
1871.346725   13.483230   0.054980
1871.356495   13.521970   0.052370
1871.366277   13.486270   0.058730
1871.375944   13.480260   0.057020
1871.385808   13.489210   0.064840
1871.395399   13.487420   0.065070
1871.404882   13.464630   0.076600
1871.414342   13.426590   0.072930
1871.423744   13.494100   0.073760
1871.433495   13.512560   0.068960
1871.442405   13.499310   0.071050
1871.449670   13.466210   0.067420
1871.455742   13.536430   0.067330
1871.461191   13.526880   0.080030
1871.465968   13.456400   0.074730
1871.469461   13.533790   0.076190
1871.472994   13.454420   0.071940
1871.476070   13.526480   0.070640
1871.477819   13.497890   0.071610
1871.479709   13.460510   0.071000
1871.481438   13.521830   0.069490
1871.550420   13.528880   0.077510
1871.559908   13.493800   0.085970
1871.569340   13.496850   0.086800
1871.578835   13.459810   0.095480
1871.588334   13.435060   0.101400
1871.597765   13.460690   0.114850
1871.607264   13.329620   0.115800
1872.324463   13.482320   0.042730
1872.334315   13.439320   0.043890
1872.344041   13.484460   0.042440
1872.353623   13.502800   0.042400
1872.363427   13.504320   0.040430
1872.373279   13.463250   0.039210
1872.383099   13.474860   0.043060
1872.392766   13.464200   0.039850
1872.402203   13.512280   0.042410
1872.412032   13.446900   0.043830
1872.421585   13.466020   0.047280
1872.431130   13.452610   0.050020
1872.439874   13.507990   0.050440
1872.447517   13.474210   0.048420
1872.454162   13.495200   0.049370
1872.459603   13.422830   0.052990
1872.463903   13.498930   0.055520
1872.467716   13.497030   0.053130
1872.470496   13.437460   0.054890
1872.473152   13.466490   0.054930
1872.474857   13.487300   0.053020
1872.476617   13.448590   0.056640
1872.478370   13.478360   0.058450
1872.480228   13.488520   0.056070
1872.541663   13.440230   0.071730
1872.550845   13.496150   0.074300
1872.560270   13.465650   0.073530
1872.569828   13.427890   0.084020
1872.579400   13.457290   0.088400
1872.588943   13.398560   0.092270
1872.598488   13.477040   0.110450
1872.608116   13.381100   0.117110
1873.229437   13.470620   0.046420
1873.238826   13.473900   0.051230
1873.248403   13.476020   0.045500
1873.258009   13.475140   0.048350
1873.267456   13.505600   0.052450
1873.276959   13.443010   0.050140
1873.286788   13.485440   0.050150
1873.296275   13.436680   0.054410
1873.305896   13.463140   0.058460
1873.315548   13.418290   0.061050
1873.325684   13.453160   0.062820
1873.335346   13.464480   0.065550
1873.344943   13.467880   0.066800
1873.354842   13.483350   0.063910
1873.364691   13.518260   0.072300
1873.374458   13.454670   0.065740
1873.383960   13.483310   0.059750
1873.393856   13.477080   0.063380
1873.403606   13.450930   0.064150
1873.413210   13.481030   0.073660
1873.422938   13.516920   0.075290
1873.432622   13.413080   0.065710
1873.441010   13.500690   0.060360
1873.447044   13.434540   0.054230
1873.453044   13.471890   0.061600
1873.457630   13.493100   0.059270
1873.462090   13.548650   0.067290
1873.465548   13.518150   0.060230
1873.468261   13.474230   0.065600
1873.470892   13.459070   0.064000
1873.472722   13.471740   0.062920
1873.474437   13.502610   0.061620
1873.476606   13.455190   0.089600
1873.567850   13.429030   0.072500
1873.586745   13.474210   0.117850
1874.032527   13.482980   0.031300
1874.041923   13.460840   0.032160
1874.051714   13.464560   0.032110
1874.061193   13.469340   0.032180
1874.070741   13.453790   0.033520
1874.080230   13.478660   0.034830
1874.089638   13.473250   0.033370
1874.098984   13.477170   0.034300
1874.108441   13.471430   0.033090
1874.117749   13.486820   0.035260
1874.127103   13.458080   0.037670
1874.136654   13.479800   0.036390
1874.145982   13.454270   0.037470
1874.155173   13.479810   0.040450
1874.164605   13.487840   0.042780
1874.174153   13.479010   0.052330
1874.183645   13.461150   0.070500
1874.193053   13.446920   0.092210
1874.202515   13.468590   0.098520
1874.212179   13.514040   0.105190
1874.222051   13.537000   0.085770
1874.603314   13.468130   0.105010
1876.992585   13.473790   0.033720
1877.002277   13.451120   0.034770
1877.012009   13.450150   0.036330
1877.021623   13.447900   0.035670
1877.031340   13.449280   0.039150
1877.041094   13.479170   0.036820
1877.050632   13.481420   0.033030
1877.060512   13.464670   0.033610
1877.070280   13.471510   0.034790
1877.080037   13.447350   0.035620
1877.089835   13.475160   0.035910
1877.099542   13.472470   0.039800
1877.109324   13.441010   0.045630
1877.119234   13.468960   0.043820
1877.128562   13.488150   0.041650
1877.137988   13.467120   0.039100
1877.147449   13.520100   0.047760
1877.157081   13.531960   0.044190
1877.166514   13.490630   0.044010
1877.175811   13.472830   0.040310
1877.185180   13.503350   0.045460
1877.194638   13.466470   0.042350
1877.204359   13.477740   0.042050
1877.213829   13.505070   0.038730
1877.223290   13.500810   0.039970
1877.232928   13.497420   0.040020
1877.242583   13.455480   0.044740
1877.252102   13.522490   0.046770
1877.261424   13.496970   0.044650
1877.271317   13.480570   0.041870
1877.280810   13.467750   0.037640
1877.290913   13.495070   0.044300
1877.300784   13.436230   0.050490
1877.310552   13.449790   0.041730
1877.320329   13.441130   0.049090
1877.330019   13.480010   0.042530
1877.339609   13.487150   0.037790
1877.349339   13.455220   0.044370
1877.359563   13.467630   0.040950
1877.369289   13.464320   0.045730
1877.379166   13.460890   0.041860
1877.389199   13.452840   0.048600
1877.398748   13.488940   0.055660
1877.408188   13.513270   0.053970
1877.417610   13.448900   0.050330
1877.426444   13.467320   0.043160
1877.433416   13.494490   0.049490
1877.439426   13.485650   0.052420
1877.444578   13.449820   0.053110
1877.449101   13.505930   0.045940
1877.452622   13.511470   0.058040
1877.456119   13.451300   0.047900
1877.458826   13.480690   0.044340
1877.460660   13.501250   0.049300
1877.462441   13.469500   0.049050
1877.464144   13.493900   0.051840
1877.465872   13.503820   0.053980
1877.528546   13.445940   0.060640
1877.538164   13.500290   0.066800
1877.547759   13.475430   0.065980
1877.557433   13.464380   0.075230
1877.566991   13.499230   0.076340
1877.956588   13.427250   0.056010
1877.966360   13.481880   0.049040
1877.975795   13.471580   0.039450
1877.985575   13.489820   0.033270
1877.995071   13.492550   0.031470
1878.004964   13.487640   0.030440
1878.014335   13.484990   0.033780
1878.023915   13.464610   0.028220
1878.033403   13.502610   0.031530
1878.042881   13.473070   0.030080
1878.052477   13.482770   0.034640
1878.062202   13.485050   0.033610
1878.072038   13.458690   0.034420
1878.081838   13.471130   0.035170
1878.091595   13.482070   0.033310
1878.101204   13.479090   0.033950
1878.111056   13.477910   0.036150
1878.120475   13.474820   0.035740
1878.129972   13.468190   0.039630
1878.139452   13.470120   0.043710
1878.148981   13.465070   0.077650
1878.158293   13.523260   0.064060
1878.167692   13.482530   0.040720
1878.177309   13.468230   0.039210
1878.186872   13.480180   0.049830
1878.196273   13.493210   0.049430
1878.206054   13.474500   0.054710
1878.215833   13.504890   0.061010
1878.225557   13.497820   0.065670
1878.235117   13.500880   0.053180
1878.244657   13.472020   0.054410
1878.254352   13.481380   0.055210
1878.263984   13.458970   0.060060
1878.273770   13.476940   0.061870
1878.283405   13.505420   0.072700
1878.293079   13.430930   0.069600
1878.302887   13.415510   0.081780
1878.312828   13.506900   0.085670
1878.322431   13.439200   0.084660
1878.332111   13.441840   0.088650
1878.342126   13.470720   0.058180
1878.351898   13.457090   0.069510
1878.361666   13.435810   0.064420
1878.371492   13.452210   0.068730
1878.381052   13.472890   0.073430
1878.390611   13.483820   0.058000
1878.400035   13.518150   0.073030
1878.409523   13.445400   0.069750
1878.419250   13.496340   0.080970
1878.427139   13.503850   0.079110
1878.434256   13.567610   0.070850
1878.439734   13.502120   0.080090
1878.444205   13.446190   0.064290
1878.448555   13.477370   0.063950
1878.452064   13.428000   0.079300
1878.454721   13.443680   0.074760
1878.457364   13.481410   0.075050
1878.459093   13.515250   0.076460
1878.460943   13.445910   0.075250
1878.463071   13.492740   0.108920
1878.523903   13.483490   0.082910
1878.533380   13.485120   0.078090
1878.542754   13.491250   0.082800
1878.552323   13.431800   0.077940
1878.561961   13.426300   0.088650
1878.571685   13.400860   0.119720
1878.581234   13.475930   0.118630
1878.590773   13.537760   0.123160
1878.885725   13.537920   0.106560
1878.896259   13.518490   0.089030
1878.907039   13.527750   0.076900
1878.917827   13.492950   0.078840
1878.928636   13.441010   0.078430
1878.939490   13.501350   0.068960
1878.950209   13.514850   0.051360
1878.960985   13.501060   0.055780
1878.971663   13.502170   0.048750
1878.982256   13.491490   0.047930
1878.992862   13.513810   0.048190
1879.003349   13.501430   0.048340
1879.014056   13.499540   0.049970
1879.024781   13.508930   0.049800
1879.035403   13.511180   0.054610
1879.046338   13.498560   0.055030
1879.056998   13.533630   0.058380
1879.067120   13.477530   0.056380
1879.077625   13.493950   0.059240
1879.087804   13.433450   0.060690
1879.097718   13.467370   0.067450
1879.108265   13.444910   0.080410
1879.118677   13.424060   0.081780
1879.128946   13.447730   0.066060
1879.138951   13.478910   0.070440
1879.148948   13.492600   0.087060
1879.158753   13.483280   0.088010
1879.168681   13.481420   0.088710
1879.178653   13.463350   0.090690
1879.188532   13.507750   0.096130
1879.198658   13.487930   0.102400
1879.208980   13.491600   0.094300
1879.219105   13.538410   0.093690
1879.229198   13.453050   0.096330
1879.239692   13.473100   0.098960
1879.249885   13.457540   0.092340
1879.259988   13.462950   0.088050
1879.270136   13.501710   0.089960
1879.279998   13.514110   0.072130
1879.290256   13.402200   0.082930
1879.300321   13.432830   0.090540
1879.310604   13.507190   0.093030
1879.321132   13.485120   0.087670
1879.331398   13.519040   0.092960
1879.341711   13.461500   0.088420
1879.352168   13.488200   0.093210
1879.362239   13.447590   0.091840
1879.372581   13.453980   0.093020
1879.383093   13.477830   0.055300
1879.393142   13.448060   0.095600
1879.403333   13.457610   0.103210
1879.413718   13.508000   0.106100
1879.422210   13.452930   0.106100
1879.430290   13.523690   0.110160
1879.436891   13.490340   0.113550
1879.441492   13.435240   0.112450
1879.445571   13.467910   0.115910
1879.449457   13.516240   0.116470
1879.452342   13.498760   0.097890
1879.454194   13.510020   0.117960
1879.456055   13.464500   0.097660
1879.457932   13.525940   0.119680
1879.460282   13.508860   0.170090
1879.534299   13.339350   0.075800
1879.885631   13.501780   0.083790
1879.895153   13.451310   0.097990
1879.904711   13.554560   0.086950
1879.914664   13.463520   0.065220
1879.924232   13.481510   0.051520
1879.933937   13.473820   0.046100
1879.943742   13.464030   0.039270
1879.953255   13.476380   0.036450
1879.962965   13.469970   0.032280
1879.972299   13.471690   0.031230
1879.982133   13.474660   0.032740
1879.991480   13.480020   0.034370
1880.001350   13.455320   0.036110
1880.010995   13.456290   0.039940
1880.020489   13.471450   0.040390
1880.030167   13.436380   0.040210
1880.040004   13.464170   0.040610
1880.050020   13.468100   0.039260
1880.059700   13.475450   0.041200
1880.069635   13.450500   0.042920
1880.079469   13.472010   0.043430
1880.089000   13.489380   0.042630
1880.098524   13.478720   0.046310
1880.108072   13.484930   0.049130
1880.117530   13.469660   0.042340
1880.127140   13.536370   0.043080
1880.200091   13.476760   0.050760
1880.209735   13.505310   0.051910
1880.219431   13.481390   0.052260
1880.229324   13.466390   0.044730
1880.238989   13.460520   0.045020
1880.248836   13.496800   0.044350
1880.258298   13.516770   0.046400
1880.267686   13.490770   0.049210
1880.277275   13.465060   0.050540
1880.286928   13.450520   0.059010
1880.306613   13.434640   0.048680
1880.369120   13.418910   0.047870
1880.684731   13.326730   0.112010
1880.693935   13.496840   0.125950
1880.703271   13.374110   0.071500
1880.967707   13.464130   0.056610
1880.977730   13.469020   0.057970
1880.987626   13.465540   0.043950
1880.997175   13.481010   0.042290
1881.007352   13.475810   0.042820
1881.017262   13.501300   0.045020
1881.027023   13.427820   0.047190
1881.036583   13.503590   0.043990
1881.046307   13.514460   0.048120
1881.055914   13.460860   0.053230
1881.065565   13.527050   0.052990
1881.075352   13.462320   0.055160
1881.085120   13.460400   0.050870
1881.094964   13.473150   0.050280
1881.104801   13.454120   0.039220
1881.114937   13.476830   0.059960
1881.124474   13.475040   0.054740
1881.134326   13.510190   0.058040
1881.143810   13.497090   0.042530
1881.153419   13.516360   0.053820
1881.163015   13.475580   0.050230
1881.171357   13.460110   0.041350
1881.180981   13.481460   0.046160
1881.190627   13.478470   0.037120
1881.200550   13.486970   0.039840
1881.210473   13.437140   0.043480
1881.220305   13.455310   0.046480
1881.230199   13.504930   0.046540
1881.239668   13.497690   0.046770
1881.249328   13.446880   0.046770
1881.258917   13.500150   0.047680
1881.268352   13.491090   0.050680
1881.278189   13.487420   0.048860
1881.288137   13.486620   0.050040
1881.297680   13.480720   0.051670
1881.307337   13.501420   0.053700
1881.317394   13.481580   0.054610
1881.327336   13.472810   0.056890
1881.337373   13.455760   0.053430
1881.347129   13.435130   0.053970
1881.357110   13.483780   0.058220
1881.366722   13.456310   0.055910
1881.376276   13.460160   0.060560
1881.386104   13.475420   0.066790
1881.395996   13.435820   0.061980
1881.405772   13.494050   0.070620
1881.414838   13.498470   0.068090
1881.422098   13.452890   0.063700
1881.428287   13.488430   0.065550
1881.433496   13.413710   0.068430
1881.437835   13.464670   0.067770
1881.441542   13.436370   0.073050
1881.445078   13.532580   0.077150
1881.447777   13.473740   0.070610
1881.449541   13.489410   0.073230
1881.451276   13.407780   0.071940
1881.453055   13.486530   0.069960
1881.455245   13.469510   0.102200
1881.512259   13.498800   0.081780
1881.522032   13.471040   0.082170
1881.531584   13.445620   0.086590
1881.541053   13.467580   0.082490
1881.550943   13.460920   0.082100
1881.560601   13.488990   0.086660
1881.570473   13.487670   0.087720
1881.580253   13.524020   0.100830
1881.589860   13.474090   0.096380
1881.599577   13.435790   0.100800
1881.609472   13.470740   0.099270
1881.619114   13.539880   0.111520
1881.638590   13.493280   0.122720
1881.648351   13.438850   0.102030
1881.835998   13.585520   0.097300
1881.845731   13.418160   0.102210
1881.855252   13.582920   0.103090
1881.864967   13.562550   0.088190
1881.874874   13.518400   0.078540
1881.884546   13.495250   0.067780
1881.894462   13.500690   0.059770
1881.904494   13.484790   0.051890
1881.914271   13.503110   0.048500
1881.923884   13.459570   0.053310
1881.933466   13.475850   0.047600
1881.943231   13.462150   0.048920
1881.952875   13.497610   0.058530
1881.962633   13.497830   0.070790
1881.972149   13.500790   0.070910
1881.982098   13.446170   0.072620
1881.992169   13.478980   0.098200
1882.001889   13.473320   0.106390
1882.011594   13.466650   0.107170
1882.021627   13.473120   0.079810
1882.031644   13.461090   0.089190
1882.041324   13.392140   0.085710
1882.051198   13.462770   0.082580
1882.060871   13.460760   0.085250
1882.080330   13.473640   0.063450
1882.090096   13.453470   0.126030
1882.109365   13.486160   0.108390
1882.121972   13.464380   0.094770
1882.131558   13.470110   0.074550
1882.141120   13.365820   0.109520
1882.150540   13.485510   0.079660
1882.160119   13.509580   0.087070
1882.169652   13.450320   0.084600
1882.179008   13.476530   0.086510
1882.188466   13.487970   0.092790
1882.198063   13.469050   0.106880
1882.227154   13.522190   0.100270
1882.236916   13.468080   0.097560
1882.325032   13.459810   0.070400
1882.334886   13.402800   0.120980
1882.374890   13.466450   0.075300
1883.093660   13.443180   0.061730
1883.103290   13.483230   0.073900
1883.112818   13.500970   0.065190
1883.122237   13.498160   0.081370
1883.131900   13.498040   0.065390
1883.141295   13.500640   0.071360
1883.150882   13.493720   0.072490
1883.160374   13.527430   0.080860
1883.169871   13.458690   0.084680
1883.179271   13.529550   0.067130
1883.188727   13.507170   0.068090
1883.198404   13.521720   0.080320
1883.207904   13.449550   0.078490
1883.217549   13.485780   0.082260
1883.226897   13.507780   0.082280
1883.236210   13.600770   0.092040
1883.245790   13.527250   0.086840
1883.255334   13.549520   0.088610
1883.265175   13.501860   0.091740
1883.274780   13.510140   0.091570
1883.284849   13.503340   0.090370
1883.294470   13.522410   0.098310
1883.304305   13.461890   0.107700
1883.314234   13.470730   0.065500
1883.323720   13.522250   0.116540
1883.333437   13.443270   0.099310
1883.343435   13.475580   0.108290
1883.353548   13.518720   0.111860
1883.363493   13.474370   0.100240
1883.373027   13.500530   0.104440
1883.382657   13.427880   0.109720
1883.392439   13.403530   0.100250
1883.402040   13.497560   0.100580
1883.410061   13.511130   0.108210
1883.417485   13.506260   0.110050
1883.423677   13.551400   0.110370
1883.428949   13.526700   0.114170
1883.433223   13.430520   0.090570
1883.436812   13.401930   0.102540
1883.440325   13.532130   0.113130
1883.443180   13.509410   0.107890
1883.444926   13.527420   0.107110
1883.446707   13.381500   0.100940
1883.448508   13.351970   0.097530
1883.507335   13.443690   0.107660
1883.517022   13.480330   0.109580
1883.526655   13.385570   0.114850
1883.536232   13.341630   0.118850
1883.555341   13.442210   0.118480
1883.565051   13.398590   0.116480
1883.574608   13.577490   0.123000
1883.584302   13.452740   0.115550
1883.593915   13.473230   0.108110
1884.099534   13.486040   0.031420
1884.109140   13.462610   0.030260
1884.118686   13.455630   0.039500
1884.128292   13.443170   0.049420
1884.137551   13.468790   0.033780
1884.147279   13.503700   0.041600
1884.156774   13.484740   0.042730
1884.166197   13.522390   0.051420
1884.175960   13.484790   0.049710
1884.185414   13.489910   0.045740
1884.194977   13.511380   0.039030
1884.204574   13.515790   0.040020
1884.214174   13.512540   0.034480
1884.223839   13.544110   0.040660
1884.233272   13.512750   0.061320
1884.242628   13.503200   0.032630
1884.252195   13.496170   0.032510
1884.261682   13.491380   0.031520
1884.271201   13.484170   0.031350
1884.280876   13.464050   0.035460
1884.290846   13.449470   0.037360
1884.300573   13.472280   0.044290
1884.310420   13.504460   0.061910
1884.320206   13.494650   0.040680
1884.330156   13.465340   0.040540
1884.340081   13.480260   0.049080
1884.350052   13.477420   0.049920
1884.360119   13.457470   0.040420
1884.370060   13.466770   0.040860
1884.379738   13.478530   0.042870
1884.389528   13.464920   0.034010
1884.399065   13.488250   0.037890
1884.406881   13.461790   0.044110
1884.413865   13.469230   0.049220
1884.420368   13.467840   0.056410
1884.425635   13.451460   0.040250
1884.430150   13.470640   0.035200
1884.433678   13.458610   0.039570
1884.437202   13.480910   0.039340
1884.439908   13.494910   0.041890
1884.441669   13.472220   0.042050
1884.443407   13.486460   0.041110
1884.445186   13.477600   0.036840
1884.446926   13.424100   0.050440
1884.503638   13.500640   0.036340
1884.513187   13.470820   0.043150
1884.522993   13.471340   0.036790
1884.532900   13.500360   0.033490
1884.542819   13.476880   0.041660
1884.552706   13.483220   0.048900
1884.562458   13.489820   0.030040
1884.572213   13.480100   0.038190
1884.581820   13.485080   0.030840
1884.591479   13.470690   0.040940
1884.600983   13.533710   0.037150
1884.610820   13.478560   0.032750
1884.886961   13.428850   0.089560
1884.896459   13.378950   0.090250
1884.906042   13.465600   0.086410
1884.915643   13.405970   0.095890
1884.925737   13.461980   0.083270
1884.935570   13.437270   0.101010
1884.945448   13.464980   0.088760
1884.954875   13.530830   0.096490
1884.964329   13.509770   0.089520
1884.974229   13.434470   0.103080
1884.983546   13.433150   0.104970
1884.993441   13.535190   0.097650
1885.003341   13.453430   0.092360
1885.013229   13.455530   0.104560
1885.022911   13.416510   0.098670
1885.032502   13.492460   0.113460
1885.042137   13.582080   0.117190
1885.052183   13.547470   0.122720
1885.061957   13.503130   0.122430
1885.071525   13.479950   0.069900
1885.100847   13.440360   0.121650
1885.278794   13.562500   0.078990
1885.288696   13.436400   0.100280
1885.298475   13.507170   0.082430
1885.308250   13.427600   0.079420
1885.318087   13.465430   0.083010
1885.328301   13.508350   0.101480
1885.347960   13.374150   0.086430
1885.357853   13.544270   0.072400
1885.367501   13.453550   0.091550
1885.396752   13.619420   0.066200
1885.404395   13.518200   0.111710
1885.411445   13.481990   0.066400
1885.417665   13.460010   0.065500
1885.430989   13.480580   0.105220
1885.437356   13.393390   0.056500
1885.439246   13.506180   0.063600
1885.440702   13.379390   0.060500
1885.442624   13.568020   0.111770
1885.444416   13.487630   0.086840
1885.502075   13.377910   0.059700
1885.521898   13.442960   0.089730
1885.531512   13.494630   0.061500
1885.551133   13.521770   0.106720
1885.560860   13.508600   0.108770
1885.570601   13.577300   0.106400
1885.580236   13.349110   0.057700
1885.590133   13.445970   0.096090
1886.072366   13.481640   0.028240
1886.082057   13.487950   0.030520
1886.091456   13.488640   0.031250
1886.101064   13.483270   0.032040
1886.110701   13.489720   0.031820
1886.120214   13.477240   0.031770
1886.129544   13.475010   0.033500
1886.138882   13.470770   0.035250
1886.148233   13.479480   0.035180
1886.157943   13.456740   0.034700
1886.167550   13.452060   0.044570
1886.177101   13.444800   0.039610
1886.186997   13.475580   0.041580
1886.196609   13.447830   0.044700
1886.206153   13.457260   0.050680
1886.215757   13.479010   0.053120
1886.225422   13.495600   0.074330
1886.234829   13.486530   0.070540
1886.244630   13.479000   0.075160
1886.254426   13.468190   0.052830
1886.263771   13.467570   0.040250
1886.273578   13.486450   0.076020
1886.283270   13.511140   0.041480
1886.293134   13.490370   0.045780
1886.303115   13.465650   0.051740
1886.312914   13.459980   0.045890
1886.322818   13.492880   0.049810
1886.332859   13.510890   0.048600
1886.342543   13.489310   0.044640
1886.352534   13.487400   0.046370
1886.362281   13.483320   0.048890
1886.372003   13.512710   0.055150
1886.381496   13.471270   0.053900
1886.391198   13.470540   0.059630
1886.399994   13.506670   0.060630
1886.408171   13.462310   0.062540
1886.414363   13.501740   0.073850
1886.419581   13.448370   0.077010
1886.423873   13.458440   0.070180
1886.427459   13.476090   0.067900
1886.431086   13.477630   0.069120
1886.433748   13.512590   0.080160
1886.435540   13.434850   0.082560
1886.437293   13.451660   0.069380
1886.439058   13.443050   0.074460
1886.441348   13.498360   0.146140
