1863.169882   10.959940   0.007790
1863.179028   10.954420   0.008370
1863.188111   10.938260   0.009410
1863.197263   10.950060   0.008780
1863.206453   10.951870   0.008600
1863.215516   10.955790   0.009990
1863.224486   10.948770   0.009530
1863.233708   10.958610   0.010280
1863.243026   10.956220   0.010220
1863.252052   10.955890   0.009300
1863.260978   10.951680   0.009010
1863.270074   10.950490   0.009930
1863.279229   10.953920   0.009180
1863.288341   10.944920   0.008720
1863.297662   10.948930   0.008260
1863.306748   10.949130   0.009180
1863.315898   10.957520   0.009350
1863.325261   10.948160   0.009300
1863.334632   10.947680   0.009410
1863.344416   10.944890   0.009350
1863.353962   10.954670   0.009180
1863.363511   10.949890   0.008310
1863.372640   10.953230   0.007850
1863.381795   10.944420   0.007910
1863.391577   10.948030   0.008260
1863.400670   10.947620   0.008490
1863.410157   10.951250   0.008550
1863.419415   10.946340   0.008720
1863.428728   10.950920   0.009350
1863.438171   10.949250   0.009580
1863.447725   10.950370   0.009820
1863.457038   10.951580   0.011030
1863.464667   10.956680   0.012700
1863.471563   10.946740   0.013220
1863.477686   10.959920   0.012410
1863.482900   10.959160   0.012700
1863.487037   10.956780   0.013280
1863.490505   10.957850   0.013160
1863.494064   10.963500   0.012530
1863.496621   10.964200   0.013280
1863.498272   10.968050   0.013220
1863.500087   10.961600   0.013630
1863.501889   10.952110   0.013740
1863.503937   10.954640   0.019350
1864.122118   10.946610   0.006530
1864.131216   10.947690   0.008140
1864.140349   10.953300   0.007450
1864.149328   10.960940   0.007330
1864.158727   10.955280   0.007160
1864.168077   10.948210   0.008600
1864.177441   10.948250   0.008080
1864.186471   10.955150   0.006990
1864.195786   10.950260   0.008370
1864.204761   10.949320   0.007680
1864.213956   10.957410   0.007450
1864.223275   10.948870   0.007100
1864.232312   10.954560   0.008260
1864.241734   10.956240   0.008430
1864.250994   10.952780   0.007450
1864.260292   10.946540   0.008490
1864.269452   10.955390   0.007680
1864.278712   10.952400   0.008660
1864.288040   10.959330   0.008600
1864.297228   10.954670   0.008550
1864.306786   10.958720   0.008660
1864.315982   10.945730   0.008780
1864.325240   10.951420   0.008600
1864.334830   10.952250   0.008490
1864.344223   10.945320   0.010910
1864.353629   10.951500   0.010620
1864.362884   10.957820   0.011370
1864.372284   10.942650   0.013160
1864.381718   10.940790   0.011780
1864.391386   10.946540   0.010220
1864.401175   10.944280   0.012360
1864.410777   10.935010   0.011260
1864.420158   10.941090   0.011320
1864.429378   10.949160   0.011890
1864.438639   10.958690   0.013570
1864.448098   10.946920   0.015360
1864.457409   10.945750   0.015990
1864.465120   10.949580   0.014950
1864.472313   10.939100   0.017030
1864.477494   10.942140   0.019640
1864.482643   10.943560   0.026010
1864.486002   10.920610   0.035280
1864.489646   10.935980   0.030950
1864.492216   10.949920   0.023390
1864.494776   10.970780   0.024250
1864.496480   10.960570   0.024600
1864.498365   10.959280   0.024770
1864.500091   10.947110   0.026680
1864.501760   10.962350   0.025100
1865.081649   10.970820   0.008840
1865.090914   10.959160   0.009350
1865.103000   10.964560   0.008950
1865.112265   10.948520   0.008720
1865.121493   10.947960   0.010160
1865.180915   10.958150   0.006530
1865.189934   10.951190   0.005540
1865.199137   10.950470   0.006640
1865.208040   10.955830   0.005540
1865.217207   10.938450   0.007630
1865.226382   10.961570   0.007450
1865.235932   10.949740   0.007850
1865.245886   10.952070   0.007970
1865.255783   10.957380   0.007850
1865.265750   10.948360   0.009870
1865.275774   10.942510   0.008660
1865.285892   10.950830   0.007740
1865.295973   10.960800   0.008600
1865.306185   10.954980   0.008430
1865.316145   10.953920   0.008200
1865.326150   10.937970   0.008720
1865.336276   10.951150   0.010100
1865.346577   10.954170   0.009070
1865.356675   10.953500   0.008950
1865.366659   10.943790   0.009820
1865.376904   10.956120   0.009870
1865.387088   10.946710   0.010050
1865.397153   10.955630   0.010160
1865.407149   10.947500   0.009700
1865.417333   10.949360   0.009410
1865.427630   10.961600   0.009990
1865.437669   10.944740   0.009820
1865.448171   10.935600   0.011550
1865.457324   10.946800   0.012180
1865.465615   10.954790   0.013110
1865.471988   10.948670   0.015650
1865.477591   10.944310   0.019340
1865.482335   10.963480   0.015890
1865.486159   10.945590   0.019430
1865.489785   10.963780   0.016130
1865.492667   10.966350   0.015300
1865.494427   10.963370   0.014720
1865.496283   10.963760   0.014030
1865.498551   10.961790   0.024310
1866.165339   10.959690   0.006120
1866.174723   10.951660   0.006120
1866.184057   10.950760   0.006240
1866.193410   10.949320   0.006290
1866.202706   10.955340   0.006530
1866.212035   10.948270   0.006580
1866.221409   10.951930   0.006750
1866.230791   10.952400   0.006640
1866.240551   10.949730   0.006580
1866.250004   10.948750   0.006580
1866.259354   10.952630   0.006750
1867.193045   10.953530   0.004850
1867.202355   10.951410   0.004850
1867.211516   10.948730   0.005020
1867.220585   10.945340   0.005200
1867.230131   10.944930   0.005200
1867.239707   10.948050   0.005200
1867.249230   10.943320   0.005200
1867.258785   10.948660   0.005200
1867.268385   10.941270   0.005260
1867.277702   10.946070   0.005370
1867.287153   10.948870   0.005430
1867.296854   10.949480   0.005490
1867.306121   10.948720   0.005540
1867.315500   10.950150   0.005540
1867.325094   10.947010   0.005720
1867.334502   10.952550   0.005770
1867.344482   10.955780   0.005890
1867.354030   10.948160   0.005890
1867.363492   10.952980   0.006350
1867.372735   10.952320   0.006120
1867.382212   10.952400   0.006240
1867.391671   10.952240   0.006530
1867.401392   10.942650   0.006410
1867.410805   10.943290   0.006410
1867.420288   10.949970   0.007160
1867.429722   10.949890   0.007740
1867.439192   10.957130   0.007450
1867.448574   10.940920   0.008080
1867.456168   10.948830   0.007450
1867.463320   10.941210   0.007620
1867.469421   10.949870   0.007510
1867.473939   10.947230   0.006530
1867.478291   10.946810   0.006180
1867.481655   10.952730   0.006180
1867.484335   10.943520   0.006470
1867.486951   10.952170   0.006410
1867.488639   10.951110   0.006410
1867.490315   10.948440   0.006640
1867.492002   10.948470   0.006410
1867.493724   10.949910   0.006410
1868.197661   10.957400   0.007790
1868.207123   10.947310   0.007850
1868.225986   10.951020   0.008890
1868.235811   10.965290   0.009760
1868.245580   10.954010   0.009640
1868.255259   10.954230   0.009870
1868.264815   10.955300   0.010510
1868.274279   10.952150   0.011490
1868.283929   10.966740   0.010510
1868.293537   10.956920   0.014200
1868.303104   10.936280   0.015470
1868.312574   10.939900   0.015360
1868.322548   10.959060   0.011660
1868.332083   10.962350   0.011490
1868.341800   10.960160   0.011950
1868.351466   10.963200   0.013740
1868.360837   10.968470   0.013800
1868.370659   10.963610   0.013340
1868.380417   10.962550   0.013630
1868.390367   10.954120   0.013280
1868.399668   10.958380   0.013280
1868.409622   10.980040   0.014610
1868.419023   10.946520   0.013570
1868.428372   10.951560   0.013630
1868.437691   10.944300   0.014150
1868.446987   10.933900   0.013910
1868.454949   10.945440   0.014320
1868.461066   10.944110   0.014320
1868.467151   10.952160   0.014900
1868.471440   10.961100   0.015530
1868.475710   10.956260   0.016740
1868.479187   10.956150   0.017260
1868.481793   10.971180   0.017150
1868.484421   10.954190   0.016510
1868.486154   10.955550   0.015820
1868.487874   10.952090   0.016340
1868.489584   10.955320   0.016450
1868.491280   10.947990   0.016980
1868.552972   10.926620   0.027080
1868.562396   10.959500   0.023100
1868.572038   10.982070   0.062860
1868.581607   10.921640   0.041580
1868.591155   10.988510   0.040660
1868.600621   10.990830   0.051920
1868.610180   10.881250   0.069600
1868.619726   10.857480   0.096310
1868.629216   10.872140   0.091120
1869.239644   10.934490   0.019580
1869.249027   10.923460   0.020090
1869.258676   10.923390   0.022350
1869.268460   10.914550   0.026800
1869.278238   10.939710   0.029820
1869.287800   10.937050   0.028520
1869.297392   10.924470   0.031480
1869.307040   10.957980   0.033870
1869.316723   10.974070   0.047180
1869.326588   10.942650   0.044340
1869.336288   10.934790   0.048150
1869.345989   11.016140   0.052720
1869.356015   11.034720   0.050020
1869.365922   10.994180   0.059780
1869.375609   10.959500   0.065590
1869.384959   10.971070   0.045600
1869.394424   10.964390   0.077720
1869.403953   10.914530   0.078830
1869.413491   10.951210   0.079050
1869.422812   11.014540   0.087640
1869.432078   10.941930   0.070860
1869.441547   10.928470   0.077930
1869.456537   10.958570   0.104140
1869.462798   10.958250   0.108550
1869.468109   10.956200   0.112990
1869.472681   10.902120   0.096940
1869.476343   10.944900   0.077040
1869.478887   10.993400   0.104810
1869.481532   10.998900   0.090940
1869.483271   10.987200   0.104490
1869.485079   11.027530   0.085850
1869.486565   10.835370   0.058400
1869.488400   10.911120   0.102420
1869.544878   10.980190   0.124310
1870.219778   10.948800   0.005600
1870.229270   10.949910   0.005770
1870.238762   10.943980   0.006060
1870.248135   10.948410   0.005950
1870.257691   10.947400   0.006580
1870.267266   10.945230   0.006350
1870.276950   10.949130   0.006350
1870.286498   10.952410   0.006530
1870.295849   10.953060   0.006240
1870.305565   10.946030   0.006410
1870.315197   10.956290   0.007100
1870.325274   10.955060   0.007280
1870.335174   10.951500   0.006930
1870.344892   10.953760   0.007280
1870.354573   10.950620   0.008140
1870.364104   10.953680   0.010220
1870.373603   10.951430   0.009820
1870.383600   10.947820   0.010910
1870.393243   10.955910   0.012940
1870.402820   10.956260   0.017610
1870.412418   10.950010   0.016290
1870.421719   10.943300   0.016170
1870.431056   10.949500   0.016860
1870.440608   10.953270   0.014090
1870.448993   10.950890   0.012760
1870.456179   10.945050   0.012640
1870.461756   10.946530   0.014950
1870.466593   10.942880   0.016580
1870.470290   10.954240   0.014720
1870.474034   10.942550   0.017040
1870.476825   10.921570   0.018650
1870.478569   10.942440   0.018070
1870.480341   10.958780   0.016690
1870.482097   10.952740   0.017030
1870.483838   10.945780   0.018480
1870.485602   10.943540   0.017730
1871.136689   10.957360   0.006240
1871.146179   10.956350   0.006060
1871.155384   10.954800   0.006180
1871.164955   10.959280   0.006580
1871.174269   10.949280   0.006410
1871.183469   10.951110   0.006640
1871.192872   10.953440   0.006410
1871.202392   10.963860   0.006750
1871.211865   10.951320   0.007450
1871.221273   10.948890   0.007450
1871.230922   10.945930   0.006990
1871.240394   10.950180   0.006870
1871.250018   10.946240   0.007100
1871.259511   10.945960   0.006930
1871.269122   10.948420   0.007100
1871.278903   10.948390   0.007100
1871.288648   10.948400   0.007390
1871.298226   10.957830   0.007220
1871.307789   10.947540   0.007620
1871.317562   10.951720   0.007680
1871.327342   10.954610   0.007970
1871.337079   10.957270   0.008550
1871.346725   10.954110   0.008830
1871.356495   10.952750   0.008660
1871.366277   10.944960   0.009350
1871.375944   10.954060   0.009580
1871.385808   10.952920   0.010280
1871.395399   10.962320   0.011030
1871.404882   10.944680   0.012120
1871.414342   10.958750   0.011840
1871.423744   10.951880   0.011610
1871.433495   10.949110   0.011610
1871.442405   10.946520   0.010970
1871.449670   10.946740   0.011030
1871.455742   10.943170   0.011260
1871.461191   10.959270   0.012010
1871.465968   10.948280   0.011550
1871.469461   10.955890   0.011610
1871.472994   10.953160   0.011610
1871.476070   10.947930   0.011080
1871.477819   10.948870   0.011080
1871.479709   10.956990   0.011080
1871.481438   10.959300   0.011080
1871.550420   10.958900   0.011950
1871.559908   10.958590   0.012120
1871.569340   10.946050   0.012640
1871.578835   10.953270   0.013340
1871.588334   10.937660   0.014260
1871.597765   10.956350   0.017440
1871.607264   10.940340   0.019860
1871.616819   10.963390   0.023560
1871.626324   10.953250   0.029220
1872.324463   10.947590   0.007040
1872.334315   10.936760   0.007220
1872.344041   10.940420   0.007160
1872.353623   10.948990   0.007280
1872.363427   10.960540   0.007100
1872.373279   10.948580   0.007100
1872.383099   10.952410   0.007280
1872.392766   10.953730   0.007160
1872.402203   10.955310   0.007330
1872.412032   10.950880   0.007510
1872.421585   10.952830   0.007620
1872.431130   10.953450   0.008080
1872.439874   10.950440   0.008080
1872.447517   10.952680   0.008140
1872.454162   10.955940   0.008310
1872.459603   10.957750   0.008830
1872.463903   10.947580   0.008890
1872.467716   10.957910   0.008660
1872.470496   10.959150   0.008720
1872.473152   10.961080   0.008890
1872.474857   10.961480   0.008950
1872.476617   10.959050   0.008890
1872.478370   10.956600   0.008890
1872.480228   10.956450   0.008890
1872.541663   10.960810   0.010740
1872.550845   10.954020   0.011030
1872.560270   10.958700   0.011430
1872.569828   10.952700   0.011890
1872.579400   10.940200   0.012640
1872.588943   10.954770   0.013910
1872.598488   10.958120   0.015760
1872.608116   10.955730   0.017840
1872.617527   10.952680   0.020730
1872.627101   10.934220   0.025810
1872.636625   10.897830   0.035680
1872.646041   10.946570   0.038930
1873.229437   10.956760   0.007790
1873.238826   10.960000   0.008200
1873.248403   10.953250   0.008030
1873.258009   10.976560   0.008310
1873.276959   10.961930   0.008260
1873.286788   10.968290   0.008370
1873.296275   10.956850   0.008550
1873.315548   10.953540   0.009010
1873.325684   10.962760   0.009180
1873.335346   10.952010   0.009700
1873.364691   10.934270   0.010100
1873.374458   10.958130   0.009820
1873.383960   10.949800   0.009300
1873.393856   10.939090   0.009470
1873.403606   10.951010   0.009820
1873.413210   10.954630   0.010800
1873.422938   10.947200   0.010680
1873.432622   10.952200   0.009990
1873.441010   10.954930   0.009640
1873.447044   10.940830   0.009530
1873.453044   10.942290   0.009580
1873.457630   10.946460   0.009700
1873.462090   10.939980   0.009870
1873.465548   10.950690   0.010050
1873.468261   10.946630   0.010050
1873.470892   10.947870   0.010340
1873.472722   10.945190   0.010050
1873.474437   10.946060   0.009990
1873.476606   10.956010   0.014250
1873.539458   10.888250   0.035830
1873.548852   10.954150   0.028060
1873.558313   10.930350   0.021710
1873.567696   10.941930   0.020610
1873.577180   10.950640   0.023380
1873.586745   10.939190   0.018890
1873.596227   10.932070   0.026270
1873.605773   10.941940   0.026450
1873.615321   10.986330   0.024650
1873.624816   10.950410   0.025520
1874.032527   10.954700   0.005600
1874.041923   10.961530   0.005950
1874.051714   10.951400   0.005890
1874.061193   10.948890   0.005770
1874.070741   10.943840   0.005890
1874.089638   10.947150   0.005950
1874.098984   10.958140   0.006240
1874.108441   10.943110   0.006060
1874.117673   10.942950   0.005090
1874.127103   10.942150   0.006290
1874.136654   10.944790   0.006410
1874.145982   10.944570   0.006640
1874.155173   10.952080   0.007100
1874.164605   10.948150   0.007450
1874.174153   10.943950   0.008490
1874.183645   10.936770   0.010280
1874.193053   10.958460   0.013510
1874.202515   10.955130   0.014380
1874.212179   10.955210   0.015070
1874.222051   10.943630   0.013510
1874.593715   10.946700   0.025590
1874.603390   10.947040   0.023730
1874.613039   10.968950   0.026980
1877.012009   10.950040   0.006060
1877.021623   10.952770   0.005950
1877.050632   10.956500   0.005890
1877.060512   10.950420   0.006000
1877.080037   10.963490   0.006290
1877.089835   10.957010   0.006240
1877.109324   10.953220   0.006990
1877.119234   10.956790   0.006930
1877.128562   10.955510   0.006700
1877.157081   10.954600   0.007100
1877.166514   10.953860   0.006810
1877.175811   10.949360   0.006580
1877.185180   10.936210   0.006990
1877.194638   10.949500   0.006810
1877.204359   10.948520   0.006750
1877.213829   10.943770   0.006580
1877.223290   10.945640   0.006750
1877.232928   10.941940   0.006750
1877.242583   10.949240   0.007100
1877.252102   10.948740   0.007160
1877.261424   10.947710   0.007100
1877.271317   10.946340   0.006810
1877.280810   10.954270   0.006580
1877.290913   10.949260   0.006930
1877.300784   10.941350   0.007620
1877.310552   10.951660   0.006870
1877.320329   10.944330   0.007560
1877.330019   10.954030   0.006990
1877.339609   10.946510   0.006640
1877.349339   10.949440   0.007100
1877.359563   10.956670   0.006750
1877.369289   10.945620   0.007100
1877.379166   10.952170   0.006990
1877.389199   10.954070   0.007620
1877.398748   10.949480   0.008080
1877.408188   10.946680   0.007910
1877.417610   10.958430   0.007790
1877.426444   10.956450   0.007450
1877.433416   10.964430   0.007790
1877.439426   10.956720   0.008260
1877.444578   10.951160   0.008260
1877.449101   10.957410   0.007790
1877.452622   10.953530   0.008430
1877.456119   10.967420   0.007970
1877.458826   10.953780   0.007790
1877.460660   10.949040   0.007970
1877.462441   10.961020   0.008030
1877.464144   10.963950   0.008080
1877.465872   10.950000   0.008200
1877.528546   10.946190   0.009530
1877.538164   10.953420   0.009870
1877.547759   10.951690   0.010340
1877.557433   10.950050   0.010680
1877.566991   10.950700   0.010800
1877.956588   10.971070   0.008490
1877.966360   10.946280   0.007740
1877.975795   10.948690   0.006580
1877.985575   10.946430   0.006060
1877.995071   10.947160   0.005890
1878.004964   10.950950   0.005770
1878.023915   10.943200   0.005090
1878.033403   10.951650   0.005890
1878.052477   10.950130   0.006410
1878.062202   10.948180   0.006240
1878.072038   10.953520   0.006410
1878.081838   10.943620   0.006470
1878.091595   10.949190   0.006240
1878.101204   10.949260   0.006410
1878.111056   10.960890   0.006640
1878.120475   10.956720   0.006640
1878.129819   10.938540   0.004400
1878.139452   10.946360   0.008030
1878.148981   10.947190   0.012420
1878.158293   10.943200   0.011150
1878.167692   10.953280   0.007330
1878.177309   10.954540   0.007100
1878.186872   10.954430   0.008660
1878.196273   10.943480   0.008550
1878.206054   10.949780   0.009530
1878.215833   10.956260   0.010100
1878.225557   10.948640   0.010160
1878.235117   10.945280   0.008660
1878.244657   10.951150   0.008840
1878.254352   10.959820   0.009410
1878.263984   10.945030   0.010050
1878.273770   10.942460   0.010160
1878.283405   10.965660   0.010850
1878.293079   10.952620   0.010680
1878.302887   10.957020   0.012870
1878.312828   10.944240   0.013280
1878.322431   10.956940   0.012870
1878.332111   10.959260   0.013510
1878.342126   10.950760   0.009620
1878.351898   10.950570   0.010970
1878.361666   10.934320   0.010450
1878.371492   10.954300   0.010850
1878.381052   10.952440   0.011720
1878.390611   10.943080   0.008840
1878.400035   10.931520   0.010850
1878.409523   10.950800   0.010450
1878.419250   10.941600   0.011260
1878.427139   10.938520   0.011660
1878.434256   10.941480   0.009550
1878.439734   10.957910   0.011950
1878.444205   10.938170   0.009410
1878.448555   10.940030   0.009120
1878.452064   10.950640   0.011320
1878.454721   10.954410   0.011260
1878.457364   10.953390   0.011320
1878.459093   10.942760   0.011200
1878.460943   10.952330   0.011320
1878.463071   10.952600   0.016050
1878.523903   10.947450   0.011430
1878.533380   10.945270   0.011610
1878.542754   10.957750   0.011370
1878.552323   10.948040   0.012180
1878.561961   10.953690   0.013970
1878.571685   10.952640   0.019000
1878.581234   10.953870   0.017380
1878.590773   10.952130   0.018010
1878.600390   10.959530   0.024030
1878.885725   10.953220   0.014380
1878.896259   10.950160   0.011950
1878.907039   10.949780   0.011080
1878.917827   10.952740   0.011030
1878.928636   10.960730   0.011080
1878.939490   10.954790   0.009820
1878.950209   10.959580   0.008430
1878.960985   10.955220   0.008260
1878.971663   10.955630   0.007910
1878.982256   10.949320   0.008140
1878.992862   10.951020   0.007970
1879.003349   10.954810   0.008550
1879.014056   10.956350   0.008550
1879.024781   10.954770   0.008660
1879.035403   10.961880   0.009530
1879.046338   10.950750   0.009470
1879.056998   10.960270   0.009820
1879.067120   10.952640   0.009990
1879.077625   10.960710   0.010050
1879.087804   10.950850   0.010220
1879.097718   10.951780   0.011030
1879.108265   10.953980   0.011720
1879.118677   10.949880   0.012240
1879.128946   10.950490   0.010110
1879.138951   10.956340   0.011720
1879.148948   10.954380   0.013280
1879.158753   10.953500   0.013450
1879.168681   10.956720   0.013450
1879.178653   10.953980   0.013860
1879.188532   10.955800   0.014140
1879.198658   10.950320   0.014200
1879.208980   10.961180   0.014260
1879.219105   10.957030   0.014490
1879.229198   10.946850   0.014610
1879.239692   10.949490   0.014550
1879.249885   10.943730   0.014260
1879.259988   10.951120   0.013800
1879.270136   10.938720   0.013630
1879.279998   10.949230   0.011100
1879.290256   10.960550   0.013680
1879.300321   10.938870   0.013570
1879.310604   10.957070   0.013800
1879.321132   10.954640   0.013970
1879.331398   10.958510   0.013910
1879.341711   10.952280   0.014030
1879.352168   10.948280   0.014200
1879.362239   10.954240   0.014140
1879.372581   10.956240   0.014550
1879.383093   10.949060   0.008400
1879.393142   10.947570   0.014780
1879.403333   10.951320   0.015420
1879.413718   10.964160   0.015760
1879.422210   10.942580   0.015880
1879.430290   10.952600   0.016400
1879.436891   10.947260   0.016510
1879.441492   10.952900   0.016860
1879.445571   10.962360   0.017210
1879.449457   10.935140   0.017150
1879.452342   10.950930   0.014210
1879.454194   10.950580   0.017380
1879.456055   10.943550   0.014280
1879.457932   10.978530   0.017840
1879.460282   10.958320   0.025270
1879.524043   10.956850   0.022410
1879.534146   10.956610   0.022580
1879.544253   10.951020   0.023730
1879.554321   10.965830   0.014100
1879.564508   10.960170   0.025060
1879.574677   10.960800   0.025120
1879.584814   10.946470   0.025580
1879.594935   10.959200   0.026100
1879.605121   10.926050   0.028600
1879.615186   10.935300   0.031250
1879.625273   10.948060   0.027930
1879.885631   10.989800   0.015820
1879.895153   10.957430   0.013220
1879.904711   10.958900   0.010800
1879.914664   10.932660   0.008780
1879.924232   10.955370   0.007330
1879.933937   10.950390   0.006700
1879.943742   10.945610   0.006060
1879.953255   10.943350   0.005890
1879.962965   10.942840   0.005600
1879.972299   10.951270   0.005720
1879.982133   10.947300   0.005720
1879.991480   10.947680   0.006000
1880.001350   10.929040   0.006060
1880.010995   10.942660   0.006470
1880.020489   10.936200   0.006470
1880.030167   10.942140   0.006530
1880.040004   10.939080   0.006410
1880.050020   10.943430   0.006470
1880.059700   10.942980   0.006750
1880.089000   10.956620   0.006810
1880.098524   10.938110   0.006930
1880.108072   10.950110   0.007280
1880.200091   10.944590   0.007390
1880.209735   10.953910   0.007850
1880.219431   10.947900   0.007560
1880.229324   10.953790   0.007280
1880.238989   10.943730   0.007160
1880.267686   10.955860   0.007560
1880.277275   10.951850   0.007680
1880.286928   10.965340   0.008780
1880.306613   10.959730   0.007790
1880.369120   10.966270   0.007620
1880.684731   10.951970   0.020390
1880.693935   10.973520   0.019800
1880.703424   10.944130   0.024430
1880.712965   10.963080   0.026740
1880.722745   10.956750   0.031820
1880.732752   10.933330   0.038980
1880.743114   10.956020   0.047750
1880.753480   10.994010   0.062680
1880.828480   10.949030   0.048610
1880.839020   10.929300   0.042630
1880.967707   10.958160   0.007680
1880.977730   10.948060   0.007790
1880.987626   10.953980   0.006700
1880.997175   10.943070   0.006530
1881.007352   10.952230   0.006640
1881.017262   10.943180   0.006760
1881.027023   10.956150   0.007040
1881.036583   10.946960   0.006930
1881.046307   10.945710   0.007220
1881.055914   10.927990   0.007680
1881.065565   10.933520   0.007450
1881.075352   10.947160   0.008080
1881.085120   10.938920   0.007700
1881.094964   10.956270   0.007390
1881.104801   10.980830   0.007100
1881.114937   10.937660   0.008720
1881.124474   10.938550   0.007970
1881.134326   10.945320   0.008370
1881.143810   10.948850   0.006930
1881.153419   10.942820   0.008430
1881.163015   10.944590   0.007740
1881.171357   10.946190   0.007040
1881.180981   10.954020   0.007330
1881.190627   10.948350   0.006580
1881.200550   10.952860   0.006990
1881.210473   10.946570   0.007280
1881.220305   10.953990   0.007740
1881.230199   10.955410   0.007680
1881.239668   10.951620   0.007970
1881.249328   10.952350   0.007850
1881.258917   10.947740   0.007790
1881.268352   10.956220   0.008030
1881.278189   10.947170   0.008030
1881.288137   10.943990   0.008140
1881.297680   10.956050   0.008200
1881.307337   10.958570   0.008430
1881.317394   10.948850   0.008600
1881.327336   10.955550   0.008950
1881.337373   10.957350   0.009010
1881.347129   10.953620   0.009070
1881.357110   10.953840   0.009120
1881.366722   10.956530   0.009410
1881.376276   10.950880   0.009530
1881.386104   10.951210   0.009930
1881.395996   10.956970   0.009820
1881.405772   10.962830   0.010100
1881.414838   10.947230   0.010050
1881.422098   10.954970   0.010390
1881.428287   10.946700   0.010340
1881.433496   10.953880   0.010390
1881.437835   10.955940   0.010510
1881.441542   10.941840   0.010740
1881.445078   10.956590   0.010910
1881.447777   10.959640   0.010850
1881.449541   10.951240   0.010850
1881.451276   10.959860   0.010970
1881.453055   10.960170   0.010910
1881.455245   10.954120   0.015470
1881.512259   10.954660   0.011610
1881.522032   10.948310   0.012120
1881.531584   10.942780   0.012360
1881.541053   10.953390   0.012590
1881.550943   10.948310   0.012640
1881.560601   10.950550   0.013050
1881.570473   10.962360   0.013110
1881.580253   10.955150   0.014260
1881.589860   10.943220   0.013800
1881.599577   10.957500   0.015240
1881.609472   10.954990   0.014670
1881.619114   10.961720   0.016220
1881.628942   10.943210   0.017210
1881.638590   10.965840   0.019110
1881.648351   10.949860   0.021250
1881.778022   11.010540   0.038460
1881.787777   10.982980   0.034760
1881.797497   10.956890   0.033490
1881.807277   10.935850   0.031930
1881.816745   10.933400   0.024890
1881.826319   10.903630   0.022920
1881.835921   10.953280   0.018470
1881.845731   10.934020   0.015530
1881.855252   10.919410   0.013220
1881.864967   10.921090   0.012420
1881.874874   10.924490   0.011030
1881.884546   10.942710   0.009470
1881.894462   10.947270   0.008550
1881.904494   10.958070   0.007910
1881.914271   10.966550   0.007790
1881.923884   10.967080   0.007790
1881.933466   10.967280   0.007450
1881.943231   10.955450   0.007450
1881.952875   10.956960   0.009300
1881.962633   10.948870   0.010100
1881.972149   10.967180   0.010450
1881.982098   10.958250   0.011140
1881.992169   10.951640   0.013910
1882.011594   10.949200   0.014720
1882.021627   10.950620   0.011890
1882.031644   10.943910   0.013220
1882.041324   10.949780   0.012590
1882.051198   10.958530   0.011890
1882.060871   10.936070   0.011720
1882.080330   10.942300   0.009470
1882.090096   10.925000   0.019350
1882.141120   10.944300   0.016980
1882.150540   10.956050   0.011200
1882.160119   10.941540   0.011430
1882.169652   10.946890   0.011890
1882.179008   10.941950   0.011780
1882.188466   10.957640   0.013220
1882.198063   10.962830   0.015070
1882.208031   10.938570   0.027950
1882.217722   10.947450   0.022460
1882.227231   10.949020   0.018940
1882.236839   10.962980   0.019060
1882.246327   10.969010   0.026740
1882.256107   10.928700   0.025530
1882.266006   10.966870   0.025070
1882.275585   10.951380   0.021840
1882.285301   10.946260   0.021590
1882.295361   10.976970   0.020100
1882.305067   10.943200   0.027150
1882.315073   10.945300   0.034820
1882.325032   10.953550   0.020270
1882.334886   10.945830   0.017840
1882.344919   10.938660   0.021280
1882.354771   10.975260   0.022980
1882.364587   10.953330   0.018300
1882.374737   10.973030   0.018420
1882.384757   10.856200   0.078980
1883.093660   10.964090   0.008660
1883.103366   10.974530   0.013010
1883.122237   10.966240   0.010060
1883.131900   10.948920   0.008600
1883.141295   10.940180   0.009700
1883.150882   10.946400   0.010220
1883.160374   10.956140   0.011080
1883.169871   10.933600   0.011550
1883.179271   10.945690   0.009350
1883.188727   10.953800   0.009590
1883.198404   10.958990   0.011030
1883.207904   10.946130   0.010970
1883.217549   10.951440   0.011440
1883.226897   10.949620   0.011660
1883.236210   10.964520   0.011720
1883.245790   10.951470   0.011610
1883.255334   10.961740   0.012070
1883.265175   10.957430   0.012130
1883.274780   10.966400   0.012070
1883.284849   10.948030   0.016110
1883.294394   10.933850   0.016860
1883.304305   10.956400   0.016050
1883.314080   10.971340   0.018900
1883.323720   10.951740   0.016230
1883.333437   10.948040   0.014320
1883.343435   10.962250   0.015310
1883.353548   10.951340   0.016310
1883.363493   10.943940   0.013510
1883.373027   10.945310   0.014260
1883.382657   10.960280   0.014780
1883.392439   10.932340   0.014040
1883.402040   10.952260   0.013970
1883.410061   10.958920   0.015760
1883.417485   10.948170   0.015880
1883.423677   10.953800   0.014720
1883.428949   10.956730   0.015070
1883.433300   10.958740   0.017070
1883.436812   10.952200   0.014490
1883.440325   10.946490   0.016400
1883.443180   10.945720   0.014550
1883.444926   10.948010   0.015770
1883.446707   10.950820   0.014260
1883.448508   10.947680   0.014500
1883.507335   10.943970   0.015710
1883.517022   10.946290   0.015420
1883.526655   10.940080   0.017850
1883.536232   10.946450   0.019070
1883.545818   10.954470   0.018820
1883.555341   10.945720   0.018420
1883.565051   10.959030   0.018650
1883.574608   10.943150   0.018430
1883.584302   10.950590   0.018550
1883.593915   10.954400   0.016050
1884.099534   10.956410   0.005020
1884.109140   10.952110   0.004970
1884.118686   10.940710   0.005720
1884.128292   10.943640   0.006530
1884.137551   10.951860   0.005490
1884.147279   10.943050   0.006060
1884.156774   10.950820   0.006350
1884.166197   10.959220   0.006830
1884.175960   10.950830   0.007390
1884.185414   10.947860   0.006350
1884.194977   10.948610   0.005660
1884.204574   10.942700   0.006060
1884.214174   10.951780   0.005660
1884.223839   10.956600   0.005950
1884.233272   10.949810   0.008090
1884.242628   10.955130   0.005370
1884.252195   10.953720   0.005200
1884.261682   10.951540   0.005200
1884.271201   10.948650   0.005200
1884.280876   10.951430   0.005600
1884.290846   10.949200   0.005890
1884.300573   10.948560   0.006410
1884.310420   10.951540   0.008840
1884.320206   10.949960   0.006060
1884.330156   10.942700   0.006180
1884.340081   10.944720   0.007040
1884.350052   10.952230   0.007040
1884.360119   10.955890   0.006120
1884.370060   10.955750   0.006290
1884.379738   10.958440   0.006700
1884.389528   10.955840   0.005540
1884.399065   10.948690   0.005720
1884.406881   10.955670   0.006350
1884.413865   10.950540   0.007330
1884.420368   10.961440   0.007570
1884.425635   10.949300   0.005830
1884.430150   10.950070   0.005490
1884.433678   10.948140   0.006000
1884.437202   10.951890   0.005950
1884.439908   10.952650   0.006240
1884.441669   10.951900   0.006060
1884.443407   10.951460   0.005950
1884.445186   10.956200   0.005720
1884.446926   10.953190   0.006990
1884.503638   10.947230   0.005540
1884.513187   10.935970   0.006120
1884.522993   10.945270   0.005490
1884.532900   10.942570   0.005200
1884.542819   10.943250   0.005770
1884.552706   10.937170   0.006140
1884.562458   10.947260   0.004850
1884.572213   10.943280   0.005430
1884.581820   10.947150   0.005020
1884.591479   10.935900   0.006000
1884.600983   10.952340   0.005600
1884.610820   10.946490   0.005310
1884.886961   10.963440   0.012070
1884.896459   10.952480   0.012650
1884.906042   10.969170   0.012010
1884.915643   10.953030   0.014380
1884.925737   10.964960   0.011140
1884.935570   10.948270   0.014430
1884.945448   10.957150   0.011960
1884.954875   10.954220   0.013110
1884.964329   10.965560   0.012710
1884.974229   10.956390   0.014800
1884.983546   10.955020   0.014560
1885.003341   10.966120   0.012990
1885.013229   10.936560   0.014490
1885.032502   10.967720   0.016920
1885.042137   10.952290   0.016280
1885.052183   10.963970   0.016750
1885.061957   10.941060   0.019010
1885.071678   10.953820   0.019420
1885.081285   10.968650   0.021660
1885.100847   10.936160   0.020620
1885.278794   10.952180   0.010510
1885.288696   10.934820   0.013740
1885.298475   10.950520   0.011380
1885.308250   10.954510   0.011260
1885.318087   10.939160   0.011550
1885.328301   10.936490   0.013580
1885.338173   10.943900   0.020100
1885.347960   10.955380   0.016930
1885.357853   10.931510   0.018530
1885.367578   10.946210   0.018480
1885.377344   10.918490   0.023040
1885.386938   10.952650   0.023850
1885.396599   10.953310   0.018600
1885.404395   10.965010   0.016800
1885.411445   10.980590   0.018890
1885.417511   10.973080   0.020340
1885.422892   10.967210   0.021590
1885.427461   10.950100   0.019290
1885.430989   10.964540   0.015650
1885.434637   10.972950   0.018530
1885.437356   10.953440   0.018420
1885.439093   10.974550   0.018590
1885.440855   10.946970   0.018190
1885.442624   10.956210   0.016690
1885.444416   10.949850   0.016860
1885.502228   10.938430   0.018820
1885.511985   10.958500   0.026160
1885.521821   10.942910   0.019800
1885.531512   10.940860   0.018710
1885.541243   10.930260   0.019860
1885.551133   10.947430   0.016690
1885.560860   10.948410   0.016630
1885.570601   10.935540   0.016400
1885.580236   10.919200   0.020450
1885.590133   10.930610   0.014270
1886.072366   10.958390   0.004910
1886.082057   10.962680   0.005200
1886.091456   10.935420   0.005370
1886.101064   10.939940   0.005490
1886.110701   10.953230   0.005540
1886.120214   10.957290   0.005600
1886.129544   10.951520   0.005720
1886.138882   10.954020   0.005890
1886.148233   10.951120   0.005890
1886.157943   10.948410   0.006060
1886.167550   10.955440   0.006760
1886.177101   10.954830   0.006750
1886.186997   10.949030   0.006930
1886.196609   10.958210   0.007280
1886.206153   10.956990   0.007910
1886.215757   10.960080   0.008370
1886.225422   10.954650   0.010740
1886.234829   10.959860   0.010800
1886.244630   10.953170   0.010340
1886.254426   10.964640   0.007970
1886.263771   10.953510   0.006750
1886.273578   10.960610   0.010390
1886.283270   10.956030   0.006640
1886.293134   10.948600   0.006810
1886.303115   10.941400   0.007560
1886.312914   10.939250   0.007100
1886.322818   10.947800   0.007280
1886.332859   10.940280   0.007280
1886.342543   10.941970   0.006930
1886.352534   10.942580   0.007100
1886.362281   10.946500   0.007620
1886.372003   10.939430   0.007910
1886.381496   10.939800   0.007970
1886.391198   10.953480   0.008600
1886.399994   10.931670   0.008490
1886.408171   10.949290   0.008780
1886.414363   10.956050   0.010510
1886.419581   10.954590   0.010620
1886.423873   10.923960   0.009640
1886.427459   10.944180   0.009640
1886.431086   10.942050   0.009470
1886.433748   10.944380   0.010810
1886.435540   10.955650   0.011490
1886.437293   10.954840   0.010050
1886.439058   10.941940   0.010100
1886.441348   10.954160   0.020000
