1863.169882   13.611510   0.048930
1863.179028   13.594250   0.051410
1863.188111   13.630360   0.060170
1863.197263   13.627710   0.056850
1863.206453   13.635360   0.052830
1863.215516   13.624100   0.066670
1863.224486   13.588470   0.059530
1863.233708   13.592790   0.070970
1863.243026   13.595730   0.063690
1863.252052   13.669420   0.059680
1863.260978   13.654330   0.058110
1863.270074   13.604850   0.064210
1863.279229   13.636020   0.059340
1863.288341   13.605880   0.057570
1863.297662   13.614280   0.050710
1863.306748   13.658290   0.059860
1863.315898   13.603770   0.064520
1863.325261   13.613100   0.060380
1863.334632   13.627870   0.062080
1863.344416   13.642700   0.060820
1863.353962   13.651210   0.058520
1863.363511   13.611690   0.054100
1863.372640   13.632270   0.048660
1863.381795   13.631140   0.051030
1863.391577   13.622080   0.051860
1863.400670   13.617300   0.056900
1863.410157   13.615910   0.055770
1863.419415   13.594830   0.061320
1863.428728   13.595310   0.062820
1863.438171   13.591400   0.065370
1863.447725   13.686850   0.075660
1863.457038   13.629590   0.079480
1863.464667   13.673140   0.098270
1863.471563   13.600920   0.100200
1863.477686   13.673990   0.096350
1863.482900   13.672280   0.099490
1863.487037   13.738080   0.107330
1863.490505   13.613130   0.106740
1863.494064   13.591400   0.089090
1863.496621   13.579860   0.098170
1863.498272   13.606490   0.100850
1863.500087   13.599530   0.106850
1863.501889   13.749770   0.115820
1863.503937   13.632050   0.155460
1864.122118   13.621280   0.039550
1864.131216   13.636630   0.054390
1864.140349   13.649640   0.047810
1864.149328   13.624680   0.047100
1864.158727   13.582470   0.041400
1864.168077   13.602200   0.055720
1864.177441   13.640590   0.054910
1864.186471   13.636520   0.042720
1864.195786   13.601510   0.053680
1864.204761   13.619440   0.050120
1864.213956   13.578830   0.043820
1864.223275   13.641100   0.043910
1864.232312   13.600790   0.054650
1864.241734   13.581870   0.052520
1864.250994   13.604140   0.046880
1864.260292   13.607800   0.053580
1864.269452   13.615590   0.046900
1864.278712   13.605000   0.054000
1864.288040   13.632640   0.058350
1864.297228   13.649410   0.053350
1864.306786   13.649830   0.055250
1864.315982   13.635890   0.056620
1864.325240   13.628550   0.055920
1864.334830   13.624160   0.056810
1864.344223   13.667840   0.076120
1864.353629   13.563790   0.073900
1864.362884   13.661000   0.077660
1864.372284   13.646520   0.097110
1864.381718   13.610060   0.085920
1864.391386   13.594450   0.066740
1864.401175   13.606100   0.085430
1864.410777   13.661550   0.081170
1864.420158   13.690670   0.080800
1864.429378   13.663920   0.095290
1864.438639   13.587590   0.103190
1864.448098   13.662790   0.116960
1864.457409   13.623290   0.122420
1864.465120   13.616530   0.114240
1864.472313   13.676750   0.104870
1865.081649   13.617990   0.064780
1865.090914   13.593190   0.064620
1865.103000   13.646960   0.060640
1865.112265   13.567930   0.058850
1865.121493   13.654450   0.081110
1865.180915   13.627090   0.041920
1865.189934   13.618110   0.032160
1865.199137   13.613230   0.040610
1865.208040   13.608910   0.032740
1865.217207   13.632170   0.053710
1865.226382   13.602910   0.048190
1865.235932   13.603820   0.052580
1865.245886   13.607960   0.052020
1865.255783   13.618310   0.053700
1865.265750   13.639660   0.071020
1865.275774   13.603170   0.062280
1865.285892   13.668650   0.051060
1865.295973   13.622530   0.061150
1865.306185   13.667260   0.060170
1865.316145   13.668550   0.058640
1865.326150   13.618560   0.065960
1865.336276   13.585500   0.073650
1865.346577   13.604780   0.068490
1865.356675   13.639930   0.061670
1865.366659   13.654240   0.072610
1865.376904   13.624050   0.070430
1865.387088   13.625090   0.072650
1865.397153   13.658680   0.078220
1865.407149   13.560060   0.072870
1865.417333   13.682400   0.065060
1865.427630   13.650710   0.069580
1865.437669   13.629500   0.074870
1865.448095   13.630030   0.074580
1865.457324   13.628080   0.095940
1865.465615   13.670510   0.104490
1865.471988   13.634950   0.124210
1865.482335   13.629810   0.123170
1865.489785   13.639570   0.121920
1865.492667   13.623050   0.121330
1865.494427   13.656580   0.117450
1865.496283   13.663920   0.114670
1865.498283   13.514400   0.133620
1866.165339   13.631780   0.035630
1866.174723   13.618210   0.035280
1866.184057   13.623320   0.036430
1866.193410   13.605880   0.037900
1866.202706   13.631000   0.039210
1866.212035   13.605120   0.038220
1866.221409   13.617330   0.038740
1866.230791   13.630490   0.040290
1866.240551   13.603610   0.039170
1866.250004   13.605020   0.040280
1866.259354   13.611020   0.039790
1867.193045   13.612670   0.026040
1867.202355   13.625870   0.028120
1867.211516   13.647870   0.027830
1867.220585   13.622420   0.029160
1867.230131   13.628940   0.029740
1867.239707   13.623860   0.029450
1867.249230   13.622040   0.029160
1867.258785   13.630690   0.029910
1867.268385   13.622550   0.030320
1867.277702   13.620220   0.031660
1867.287153   13.613990   0.031300
1867.296854   13.631030   0.033760
1867.306121   13.629540   0.033390
1867.315500   13.641700   0.032680
1867.325094   13.632680   0.034180
1867.334502   13.628590   0.034710
1867.344482   13.637630   0.037070
1867.354030   13.587190   0.038000
1867.363492   13.666910   0.041530
1867.372735   13.605530   0.037070
1867.382212   13.607650   0.039040
1867.391671   13.636120   0.044460
1867.401392   13.610120   0.040990
1867.410805   13.623520   0.040560
1867.420288   13.612730   0.047650
1867.429722   13.624790   0.055150
1867.439192   13.645300   0.050100
1867.448574   13.629420   0.053720
1867.456168   13.618120   0.047860
1867.463320   13.635590   0.049790
1867.469421   13.648320   0.052380
1867.473939   13.647460   0.040600
1867.478291   13.640730   0.037420
1867.481655   13.637010   0.037890
1867.484335   13.634730   0.041920
1867.486951   13.595020   0.041290
1867.488639   13.625850   0.044520
1867.490315   13.598890   0.044150
1867.492002   13.623840   0.044290
1867.493724   13.642860   0.041370
1868.197661   13.577130   0.051100
1868.207123   13.623960   0.048400
1868.216495   13.630740   0.067000
1868.225986   13.660130   0.056190
1868.235811   13.600900   0.071270
1868.245580   13.606160   0.070440
1868.255259   13.597250   0.067060
1868.264815   13.601190   0.069890
1868.274279   13.576110   0.078610
1868.283929   13.636810   0.066250
1868.293537   13.578790   0.105770
1868.303104   13.686170   0.120040
1868.312574   13.717090   0.115880
1868.322548   13.633160   0.085340
1868.332083   13.678110   0.083290
1868.341800   13.628930   0.082470
1868.351466   13.587400   0.103540
1868.360837   13.573610   0.099040
1868.370659   13.617670   0.099700
1868.380417   13.606290   0.090370
1868.390367   13.574330   0.093660
1868.399668   13.658210   0.093550
1868.409622   13.741470   0.104440
1868.419023   13.665170   0.091200
1868.428372   13.559680   0.093030
1868.437691   13.550420   0.092150
1868.446987   13.634690   0.093950
1868.454949   13.690650   0.100500
1868.461066   13.631580   0.091650
1868.467151   13.636180   0.103400
1868.471440   13.620870   0.111840
1868.475710   13.652600   0.123160
1868.479187   13.642940   0.126360
1868.481793   13.608300   0.121110
1868.484421   13.659860   0.121560
1868.486154   13.649200   0.120610
1868.487874   13.685620   0.120270
1868.489584   13.625440   0.116250
1868.491280   13.548740   0.119300
1870.219778   13.625690   0.031640
1870.229270   13.663690   0.033550
1870.238762   13.634220   0.035750
1870.248135   13.612700   0.034190
1870.257691   13.624630   0.038680
1870.267266   13.645910   0.038080
1870.276950   13.602800   0.037590
1870.286498   13.628650   0.038510
1870.295849   13.649670   0.037490
1870.305565   13.612990   0.039260
1870.315197   13.631890   0.043980
1870.325274   13.617050   0.044760
1870.335174   13.633350   0.042050
1870.344892   13.645180   0.045110
1870.354573   13.617500   0.052120
1870.364104   13.559560   0.070640
1870.373603   13.606010   0.065600
1870.383600   13.595960   0.079840
1870.393243   13.624980   0.099040
1870.402820   13.603190   0.122430
1870.412418   13.597870   0.118020
1870.421719   13.630410   0.117570
1870.431056   13.583550   0.116450
1870.440608   13.609280   0.104580
1870.448993   13.633960   0.094470
1870.456179   13.680370   0.096310
1870.461756   13.656330   0.113360
1870.466593   13.557250   0.116260
1870.470290   13.601160   0.110420
1870.474034   13.576390   0.119600
1870.478569   13.540560   0.125640
1870.480341   13.719340   0.127890
1870.482097   13.677670   0.133450
1870.483838   13.624180   0.078600
1870.485602   13.635510   0.126690
1871.136689   13.635870   0.038220
1871.146179   13.586580   0.035920
1871.155384   13.620650   0.038930
1871.164955   13.625440   0.040310
1871.174269   13.649390   0.040130
1871.183469   13.646160   0.044130
1871.192872   13.643110   0.040300
1871.202392   13.614410   0.044120
1871.211865   13.643500   0.053940
1871.221273   13.612960   0.050930
1871.230922   13.626510   0.043540
1871.240394   13.630230   0.042930
1871.250018   13.583150   0.047930
1871.259511   13.611660   0.042930
1871.269122   13.649900   0.044650
1871.278903   13.640330   0.043610
1871.288648   13.629090   0.046420
1871.298226   13.619360   0.044960
1871.307789   13.594510   0.049260
1871.317562   13.661560   0.049570
1871.327342   13.630400   0.049020
1871.337079   13.641460   0.055340
1871.346725   13.609860   0.059710
1871.356495   13.618640   0.056310
1871.366277   13.638380   0.058730
1871.375944   13.621500   0.064720
1871.385808   13.631330   0.069440
1871.395399   13.626930   0.074960
1871.404882   13.613310   0.081520
1871.414342   13.596380   0.077920
1871.423744   13.606200   0.080790
1871.433495   13.607020   0.081250
1871.442405   13.617810   0.074140
1871.449670   13.634160   0.079120
1871.455742   13.617550   0.077580
1871.461191   13.553470   0.083080
1871.465968   13.662070   0.080420
1871.469461   13.656880   0.078140
1871.472994   13.617250   0.076060
1871.476070   13.651750   0.074210
1871.477819   13.583760   0.077430
1871.479709   13.604070   0.074330
1871.481438   13.657110   0.073030
1871.550420   13.651070   0.094800
1871.559908   13.617420   0.093720
1871.569340   13.598890   0.091970
1871.578835   13.639630   0.103090
1871.588334   13.671570   0.111510
1871.597765   13.602760   0.125480
1872.324463   13.639880   0.044880
1872.334315   13.649740   0.045700
1872.344041   13.633740   0.044130
1872.353623   13.607310   0.047600
1872.363427   13.621210   0.043080
1872.373279   13.591200   0.042920
1872.383099   13.627750   0.044090
1872.392766   13.655640   0.043830
1872.402203   13.650200   0.046110
1872.412032   13.633130   0.046630
1872.421585   13.597050   0.048900
1872.431130   13.641380   0.056140
1872.439874   13.614960   0.050710
1872.447517   13.645180   0.050110
1872.454162   13.598720   0.050890
1872.459603   13.644580   0.055490
1872.463903   13.611380   0.057660
1872.467716   13.644210   0.054460
1872.470496   13.598690   0.055330
1872.473152   13.615340   0.058690
1872.474857   13.591090   0.058790
1872.476617   13.589660   0.055760
1872.478370   13.610190   0.057490
1872.480228   13.619930   0.062600
1872.541663   13.634880   0.078770
1872.550845   13.641690   0.074950
1872.560270   13.655070   0.078280
1872.569828   13.611030   0.082810
1872.579400   13.608860   0.097100
1872.588943   13.621610   0.107390
1872.598488   13.613630   0.118110
1872.608116   13.647550   0.131510
1873.229437   13.604240   0.049780
1873.238826   13.624240   0.053270
1873.248403   13.585890   0.051630
1873.258009   13.580880   0.051560
1873.267456   13.634410   0.056230
1873.276959   13.638180   0.054360
1873.286788   13.614470   0.056820
1873.296275   13.623300   0.060110
1873.305896   13.631510   0.062550
1873.315548   13.588980   0.064700
1873.325684   13.649610   0.071310
1873.335346   13.636960   0.075430
1873.344943   13.595190   0.070430
1873.354842   13.606140   0.067760
1873.364691   13.600880   0.075570
1873.374458   13.637780   0.075250
1873.383960   13.598600   0.068550
1873.393856   13.599230   0.068790
1873.403606   13.624350   0.070620
1873.413210   13.614000   0.081900
1873.422938   13.628820   0.080640
1873.432622   13.652610   0.069990
1873.441010   13.651480   0.066000
1873.447044   13.615290   0.063510
1873.453044   13.633440   0.064520
1873.457630   13.611230   0.064950
1873.462090   13.686840   0.068810
1873.465548   13.663350   0.065080
1873.468261   13.621610   0.071860
1873.470892   13.658220   0.072680
1873.472722   13.637760   0.069330
1873.474437   13.640850   0.073180
1873.476606   13.644310   0.095270
1874.032527   13.637550   0.033200
1874.041923   13.624720   0.034470
1874.051714   13.609740   0.035460
1874.061193   13.612320   0.034040
1874.070741   13.632680   0.036780
1874.080230   13.609930   0.036800
1874.089638   13.603250   0.036740
1874.098984   13.617240   0.036960
1874.108441   13.632190   0.037130
1874.117749   13.633200   0.038630
1874.127103   13.602500   0.039690
1874.136654   13.650180   0.038050
1874.145982   13.629280   0.041230
1874.155173   13.611920   0.043360
1874.164605   13.626770   0.047810
1874.174153   13.639420   0.058910
1874.183645   13.609760   0.075480
1874.193053   13.599170   0.097680
1874.202515   13.678740   0.104850
1874.212179   13.637940   0.116390
1874.222051   13.695480   0.097080
1876.992585   13.618780   0.037440
1877.002277   13.592660   0.036280
1877.012009   13.588320   0.040430
1877.021623   13.583970   0.038920
1877.031340   13.647840   0.044700
1877.041094   13.634920   0.038700
1877.050632   13.631670   0.035060
1877.060512   13.629700   0.036260
1877.070280   13.612790   0.039220
1877.080037   13.647650   0.038290
1877.089835   13.635930   0.037070
1877.099542   13.609800   0.042470
1877.109324   13.650430   0.051100
1877.119234   13.633050   0.046520
1877.128562   13.595800   0.044880
1877.137988   13.608480   0.044630
1877.147449   13.603540   0.056500
1877.157081   13.599300   0.049780
1877.166514   13.651310   0.046620
1877.175811   13.633340   0.042760
1877.185180   13.588980   0.048610
1877.194638   13.613220   0.047410
1877.204359   13.634930   0.044090
1877.213829   13.597680   0.041520
1877.223290   13.617010   0.044640
1877.232928   13.618090   0.043160
1877.242583   13.616620   0.047210
1877.252102   13.661160   0.050900
1877.261424   13.656060   0.051370
1877.271317   13.628840   0.045410
1877.280810   13.617730   0.039780
1877.290913   13.658040   0.046130
1877.300784   13.668010   0.057570
1877.310552   13.657040   0.044460
1877.320329   13.629510   0.055430
1877.330019   13.572720   0.044040
1877.339609   13.614640   0.040610
1877.349339   13.613090   0.049600
1877.359563   13.628160   0.041750
1877.369289   13.606800   0.049600
1877.379166   13.649930   0.044700
1877.389199   13.609920   0.053600
1877.398748   13.652370   0.061170
1877.408188   13.625120   0.057420
1877.417610   13.634130   0.054240
1877.426444   13.610240   0.045350
1877.433416   13.569900   0.051390
1877.439426   13.674580   0.053010
1877.444578   13.585460   0.056500
1877.449101   13.635290   0.047810
1877.452622   13.630880   0.061930
1877.456119   13.585790   0.048390
1877.458826   13.608080   0.051490
1877.460660   13.632200   0.052430
1877.462441   13.633800   0.051040
1877.464144   13.608240   0.050020
1877.465872   13.656290   0.051750
1877.528546   13.631320   0.061570
1877.538164   13.598740   0.071720
1877.547759   13.672620   0.075670
1877.557433   13.625290   0.077450
1877.566991   13.622030   0.073420
1877.956588   13.586180   0.062220
1877.966360   13.651480   0.057290
1877.975795   13.639870   0.040730
1877.985575   13.643610   0.036210
1877.995071   13.630750   0.033380
1878.004964   13.661640   0.033610
1878.014335   13.651930   0.036780
1878.023915   13.619170   0.028430
1878.033403   13.633440   0.033140
1878.042881   13.645480   0.032680
1878.052477   13.644240   0.037480
1878.062202   13.605270   0.035450
1878.072038   13.634590   0.037410
1878.081838   13.649740   0.038750
1878.091595   13.622650   0.035570
1878.101204   13.622470   0.037010
1878.111056   13.616480   0.038130
1878.120475   13.619550   0.038740
1878.129972   13.631590   0.042150
1878.139452   13.637550   0.048220
1878.148981   13.650420   0.079130
1878.158293   13.629340   0.076280
1878.167692   13.613620   0.042670
1878.177309   13.612520   0.040650
1878.186872   13.615750   0.056120
1878.196273   13.616040   0.052560
1878.206054   13.594020   0.060520
1878.215833   13.636750   0.064720
1878.225557   13.613720   0.071270
1878.235117   13.618900   0.052760
1878.244657   13.633830   0.056660
1878.254352   13.633710   0.059710
1878.263984   13.596620   0.065950
1878.273770   13.614190   0.066690
1878.283405   13.613870   0.072760
1878.293079   13.646010   0.068270
1878.302887   13.637650   0.087480
1878.312828   13.707460   0.097040
1878.322431   13.615290   0.089340
1878.332111   13.667120   0.099430
1878.342126   13.637920   0.066910
1878.351898   13.685780   0.072460
1878.361666   13.634890   0.063570
1878.371492   13.618400   0.073400
1878.381052   13.652840   0.083870
1878.390611   13.648520   0.064690
1878.400035   13.638920   0.071120
1878.409523   13.611620   0.070520
1878.419250   13.601770   0.084080
1878.427139   13.627980   0.082090
1878.434256   13.629030   0.069280
1878.439734   13.655030   0.089860
1878.444205   13.649920   0.068630
1878.448555   13.657980   0.071990
1878.452064   13.605570   0.080990
1878.454721   13.577180   0.081820
1878.457364   13.608920   0.082840
1878.459093   13.547860   0.079290
1878.460943   13.650710   0.081470
1878.463071   13.598950   0.111340
1878.523903   13.600820   0.090510
1878.533380   13.636180   0.082820
1878.542754   13.652030   0.078160
1878.552323   13.606960   0.086530
1878.561961   13.548610   0.098310
1878.571532   13.441310   0.075500
1878.581234   13.565950   0.127340
1878.590773   13.705130   0.073900
1878.885725   13.672470   0.122220
1878.896259   13.603740   0.095650
1878.907039   13.583490   0.089340
1878.917827   13.641290   0.092380
1878.928636   13.674680   0.084940
1878.939490   13.649230   0.068220
1878.950209   13.609320   0.061650
1878.960985   13.608390   0.054220
1878.971663   13.621750   0.048800
1878.982256   13.616450   0.051800
1878.992862   13.645440   0.049620
1879.003349   13.604400   0.050940
1879.014056   13.592050   0.053770
1879.024781   13.612320   0.054170
1879.035403   13.659260   0.061390
1879.046338   13.655660   0.058270
1879.056998   13.601400   0.063370
1879.067120   13.634360   0.059950
1879.077625   13.603530   0.060420
1879.087804   13.612850   0.063950
1879.097718   13.633450   0.070830
1879.108342   13.556080   0.063860
1879.118677   13.612460   0.080320
1879.128946   13.572930   0.066690
1879.138951   13.584590   0.072380
1879.148948   13.653670   0.094420
1879.158753   13.570960   0.088450
1879.168681   13.635310   0.100810
1879.178653   13.612370   0.099220
1879.188532   13.628660   0.100450
1879.198658   13.633330   0.100780
1879.208980   13.682020   0.105730
1879.219105   13.556140   0.101550
1879.229198   13.668290   0.105090
1879.239692   13.572770   0.107840
1879.249885   13.633310   0.105580
1879.259988   13.673330   0.099150
1879.270136   13.627920   0.099960
1879.279998   13.663090   0.076460
1879.290256   13.614670   0.092520
1879.300321   13.644880   0.100080
1879.310604   13.695310   0.093150
1879.321132   13.579920   0.094660
1879.331398   13.626870   0.098980
1879.341711   13.623540   0.092900
1879.352168   13.590620   0.099050
1879.362239   13.574560   0.095030
1879.372581   13.638090   0.092140
1879.383093   13.578850   0.060100
1879.393142   13.645400   0.101380
1879.403333   13.660540   0.109230
1879.413718   13.609990   0.100920
1879.422210   13.658820   0.115780
1879.430290   13.581210   0.113690
1879.436891   13.663280   0.122160
1879.441492   13.642210   0.118150
1879.445571   13.639010   0.125230
1879.449457   13.646770   0.126190
1879.452342   13.704140   0.103620
1879.454194   13.637360   0.126560
1879.456055   13.549810   0.106020
1879.457932   13.591220   0.128030
1879.460282   13.618650   0.176680
1879.895153   13.553930   0.101650
1879.904711   13.733650   0.094270
1879.914664   13.583770   0.074320
1879.924232   13.574380   0.058670
1879.933937   13.630020   0.050350
1879.943742   13.636620   0.041520
1879.953255   13.648690   0.037300
1879.962965   13.624840   0.035590
1879.972299   13.631400   0.035010
1879.982133   13.629190   0.035710
1879.991480   13.624800   0.036730
1880.001350   13.626480   0.041200
1880.010995   13.635670   0.044550
1880.020489   13.610120   0.045470
1880.030167   13.584050   0.045460
1880.040004   13.616940   0.042110
1880.050020   13.625830   0.043600
1880.059700   13.633950   0.047190
1880.069635   13.625980   0.044950
1880.079469   13.655820   0.050870
1880.089000   13.591260   0.047850
1880.098524   13.617260   0.048970
1880.108072   13.589580   0.056480
1880.117530   13.618220   0.047190
1880.127140   13.630420   0.050280
1880.200091   13.601840   0.053470
1880.209735   13.593630   0.060810
1880.219431   13.613730   0.056500
1880.229324   13.616420   0.052840
1880.238989   13.605450   0.050760
1880.248836   13.617370   0.049310
1880.258298   13.584530   0.051370
1880.267686   13.667490   0.053270
1880.277275   13.644030   0.056830
1880.286928   13.642520   0.066950
1880.306613   13.623800   0.051270
1880.369120   13.641460   0.049260
1880.967707   13.645850   0.053230
1880.977730   13.607200   0.059760
1880.987626   13.598170   0.048140
1880.997175   13.646760   0.044480
1881.007352   13.619130   0.045350
1881.017262   13.600800   0.047720
1881.027023   13.622490   0.051040
1881.036583   13.610600   0.049680
1881.046307   13.634000   0.052190
1881.055914   13.605470   0.056380
1881.065565   13.585290   0.057050
1881.075352   13.628250   0.060510
1881.085120   13.573620   0.055270
1881.094964   13.695920   0.054200
1881.104801   13.610150   0.044090
1881.114937   13.637910   0.067000
1881.124474   13.645370   0.060760
1881.134326   13.631790   0.062550
1881.143810   13.577680   0.045410
1881.153419   13.606660   0.062060
1881.163015   13.623280   0.057620
1881.171357   13.588150   0.046480
1881.180981   13.643480   0.049240
1881.190627   13.625130   0.040870
1881.200550   13.630420   0.042780
1881.210473   13.620910   0.048130
1881.220305   13.639300   0.051200
1881.230199   13.650210   0.050380
1881.239668   13.643160   0.050600
1881.249328   13.608330   0.050250
1881.258917   13.632050   0.049110
1881.268352   13.645980   0.055270
1881.278189   13.651900   0.052210
1881.288137   13.635320   0.053370
1881.297680   13.617830   0.053730
1881.307337   13.593950   0.056310
1881.317394   13.609780   0.056170
1881.327336   13.599920   0.058320
1881.337373   13.630200   0.057120
1881.347129   13.638160   0.063230
1881.357110   13.632540   0.064010
1881.366722   13.599290   0.062330
1881.376276   13.650170   0.063000
1881.386104   13.629490   0.069190
1881.395996   13.676110   0.071030
1881.405772   13.607630   0.073380
1881.414838   13.640220   0.072320
1881.422098   13.623390   0.066790
1881.428287   13.621260   0.071850
1881.433496   13.690780   0.073190
1881.437835   13.598830   0.070950
1881.441542   13.624900   0.076950
1881.445078   13.660570   0.079190
1881.447777   13.631280   0.078180
1881.449541   13.627230   0.077930
1881.451276   13.646620   0.079390
1881.453055   13.600920   0.078490
1881.455245   13.617440   0.106290
1881.512259   13.648350   0.073720
1881.522032   13.591410   0.082570
1881.531584   13.639770   0.083570
1881.541053   13.717900   0.085040
1881.550943   13.664180   0.077540
1881.560601   13.611940   0.089080
1881.570473   13.631850   0.083430
1881.580253   13.557940   0.102100
1881.589860   13.663750   0.095220
1881.599577   13.649500   0.108460
1881.609472   13.665370   0.091830
1881.619114   13.624490   0.114320
1881.628942   13.755550   0.126970
1881.638590   13.685960   0.125380
1881.845731   13.603730   0.120970
1881.855252   13.665050   0.111470
1881.864967   13.647510   0.100730
1881.874874   13.600200   0.090130
1881.884546   13.594500   0.074720
1881.894462   13.627620   0.067690
1881.904494   13.642540   0.056600
1881.914271   13.622740   0.053300
1881.923884   13.612350   0.053180
1881.933466   13.638220   0.047110
1881.943231   13.587700   0.053810
1881.952875   13.655330   0.067690
1881.962633   13.632980   0.073730
1881.972149   13.625130   0.075550
1881.982098   13.643890   0.081670
1881.992169   13.603540   0.106610
1882.001889   13.698030   0.117860
1882.011594   13.648830   0.118290
1882.021627   13.538260   0.082400
1882.031644   13.677870   0.102490
1882.041324   13.565820   0.095170
1882.051198   13.605580   0.088030
1882.060871   13.640570   0.091850
1882.080330   13.605880   0.066950
1882.109365   13.710890   0.125290
1882.121972   13.638400   0.103470
1882.131558   13.612980   0.080970
1882.141044   13.640140   0.098880
1882.150540   13.584940   0.086140
1882.160119   13.600480   0.086330
1882.169652   13.648380   0.095030
1882.179008   13.585610   0.091090
1882.188466   13.671890   0.104790
1882.198063   13.628700   0.118100
1882.227384   13.550620   0.073000
1882.334809   13.694120   0.103550
1882.364587   13.507890   0.070900
1883.093660   13.617620   0.067730
1883.103213   13.733950   0.060200
1883.112818   13.632950   0.072760
1883.122237   13.623640   0.087500
1883.131900   13.660390   0.068060
1883.141295   13.670530   0.074440
1883.150882   13.663260   0.078590
1883.160374   13.621610   0.087360
1883.169871   13.620140   0.094980
1883.179271   13.601170   0.063970
1883.188727   13.662280   0.072640
1883.198404   13.578610   0.082630
1883.207904   13.640460   0.081260
1883.217549   13.614540   0.094520
1883.226897   13.644080   0.095050
1883.236210   13.610450   0.091680
1883.245790   13.592560   0.090480
1883.255334   13.726280   0.100770
1883.265175   13.679680   0.097750
1883.274780   13.568220   0.096170
1883.284772   13.616550   0.090310
1883.294470   13.651940   0.102850
1883.304305   13.559000   0.121410
1883.323720   13.646950   0.122880
1883.333437   13.599200   0.111470
1883.343435   13.646230   0.113570
1883.353701   13.735300   0.071100
1883.363493   13.645050   0.107160
1883.373027   13.562530   0.108410
1883.382657   13.701190   0.118590
1883.392439   13.565010   0.106300
1883.402040   13.597670   0.109830
1883.410061   13.623890   0.116960
1883.417485   13.610560   0.116950
1883.423677   13.589600   0.108610
1883.428949   13.622340   0.115610
1883.433223   13.633000   0.096060
1883.436812   13.632950   0.118320
1883.440171   13.645380   0.064400
1883.443180   13.602250   0.110600
1883.444849   13.615760   0.093060
1883.446707   13.622110   0.112730
1883.448508   13.642700   0.113950
1883.507335   13.626670   0.120170
1883.517022   13.702820   0.127250
1883.526732   13.602300   0.100350
1883.555188   13.496050   0.068000
1883.593915   13.624700   0.125460
1884.099534   13.624620   0.033700
1884.109140   13.640370   0.032390
1884.118686   13.616990   0.041350
1884.128292   13.612730   0.054110
1884.137551   13.610030   0.039580
1884.147279   13.612920   0.042590
1884.156774   13.643620   0.043760
1884.166197   13.642340   0.056780
1884.175960   13.652460   0.059350
1884.185414   13.598730   0.049270
1884.194977   13.659590   0.041580
1884.204574   13.661920   0.045050
1884.214174   13.621410   0.040150
1884.223839   13.610670   0.048220
1884.233272   13.633800   0.064520
1884.242628   13.625340   0.033950
1884.252195   13.629820   0.032970
1884.261682   13.636080   0.033840
1884.271201   13.614890   0.037890
1884.280876   13.613040   0.040400
1884.290846   13.661220   0.042440
1884.300573   13.618960   0.046090
1884.310420   13.622500   0.070010
1884.320206   13.576340   0.044580
1884.330156   13.608760   0.046660
1884.340081   13.631430   0.058440
1884.350052   13.597790   0.055250
1884.360119   13.619150   0.045910
1884.370060   13.575580   0.044700
1884.379738   13.613830   0.048560
1884.389528   13.612150   0.039220
1884.399065   13.607730   0.041780
1884.406881   13.608510   0.049370
1884.413865   13.605780   0.055910
1884.420368   13.641500   0.063100
1884.425635   13.641980   0.043940
1884.430150   13.615620   0.037490
1884.433678   13.629390   0.045550
1884.437202   13.636720   0.046660
1884.439908   13.629850   0.046540
1884.441669   13.625650   0.047200
1884.443407   13.630840   0.044260
1884.445186   13.620810   0.041230
1884.446926   13.637190   0.059080
1884.503638   13.643130   0.039270
1884.513187   13.653620   0.046500
1884.522993   13.612070   0.038880
1884.532900   13.656050   0.037110
1884.542819   13.650980   0.046660
1884.552706   13.596510   0.052550
1884.562458   13.619610   0.032250
1884.572213   13.671740   0.039780
1884.581820   13.630260   0.033720
1884.591479   13.629990   0.043700
1884.600983   13.623390   0.038100
1884.610820   13.627220   0.034640
1884.886961   13.636550   0.098460
1884.896459   13.546540   0.096120
1884.906042   13.538830   0.085960
1884.915720   13.642850   0.079630
1884.925737   13.647540   0.088040
1884.935570   13.483500   0.098930
1884.945448   13.569090   0.093710
1884.954875   13.582940   0.101910
1884.964329   13.563490   0.090980
1884.974229   13.581000   0.107520
1884.983546   13.565040   0.112600
1884.993441   13.646970   0.104040
1885.003341   13.610790   0.099750
1885.013229   13.707920   0.109370
1885.022911   13.613580   0.110560
1885.032502   13.643080   0.125790
1885.042137   13.632090   0.120840
1885.052183   13.590240   0.118700
1885.278794   13.650180   0.085060
1885.288696   13.679530   0.100520
1885.298475   13.571870   0.091280
1885.308250   13.643400   0.088960
1885.318087   13.661410   0.097130
1885.328301   13.558760   0.104670
1885.347807   13.586840   0.066000
1885.404395   13.653150   0.099380
1885.431143   13.596740   0.064800
1885.551133   13.690330   0.072800
1885.570677   13.652800   0.098600
1885.590133   13.564600   0.108870
1886.072366   13.600540   0.030920
1886.082057   13.638260   0.033380
1886.091456   13.647730   0.034840
1886.101064   13.632960   0.035390
1886.110701   13.628760   0.035050
1886.120214   13.646400   0.034530
1886.129544   13.604650   0.037820
1886.138882   13.612310   0.038640
1886.148233   13.645990   0.039390
1886.157943   13.628090   0.038630
1886.167550   13.655090   0.045960
1886.177101   13.615910   0.044430
1886.186997   13.628680   0.045450
1886.196609   13.600950   0.047200
1886.206153   13.643210   0.054270
1886.215757   13.621630   0.059520
1886.225422   13.613310   0.081960
1886.234829   13.617050   0.086920
1886.244630   13.617660   0.083210
1886.254426   13.628430   0.058560
1886.263771   13.632490   0.046490
1886.273578   13.626650   0.087750
1886.283270   13.647870   0.048760
1886.293134   13.642660   0.050340
1886.303115   13.604910   0.055740
1886.312914   13.629870   0.050890
1886.322818   13.614870   0.054380
1886.332859   13.626690   0.054220
1886.342543   13.644540   0.051130
1886.352534   13.628070   0.051160
1886.362281   13.602070   0.055040
1886.372003   13.627000   0.059420
1886.381496   13.599270   0.058430
1886.391198   13.593160   0.063750
1886.399994   13.555630   0.066550
1886.408171   13.600460   0.065680
1886.414363   13.589950   0.085340
1886.419581   13.566320   0.083140
1886.423873   13.600240   0.080020
1886.427459   13.650810   0.076100
1886.431086   13.617870   0.073060
1886.433748   13.615920   0.082170
1886.435540   13.666480   0.092430
1886.437293   13.606620   0.079420
1886.439058   13.623180   0.076520
1886.441348   13.636730   0.163030
