1863.169882   14.104820   0.070750
1863.179028   14.020110   0.076190
1863.188111   14.038190   0.093360
1863.197263   14.097640   0.084190
1863.206453   14.144890   0.087450
1863.215516   14.119400   0.100400
1863.224486   14.138220   0.097660
1863.233708   14.144190   0.100170
1863.243026   14.108730   0.105920
1863.252052   14.045510   0.089680
1863.260978   14.028660   0.085520
1863.270074   14.100680   0.097830
1863.279229   14.042700   0.085430
1863.288341   14.102940   0.088340
1863.297662   14.056260   0.076530
1863.306748   14.070910   0.086800
1863.315898   14.123250   0.095990
1863.325261   14.059960   0.080190
1863.334632   14.081470   0.088800
1863.344416   14.023850   0.087760
1863.353962   14.023240   0.089100
1863.363511   14.124350   0.074850
1863.372640   14.070030   0.073860
1863.381795   14.113500   0.075930
1863.391577   14.093060   0.081470
1863.400670   14.057800   0.085690
1863.410157   14.069210   0.085770
1863.419415   14.016750   0.086940
1863.428728   14.065590   0.098260
1863.438171   14.083890   0.093710
1863.447725   14.086740   0.105380
1863.457038   14.163530   0.121420
1863.464743   14.146160   0.102950
1863.471716   14.040460   0.076100
1863.477686   14.125330   0.104120
1863.482746   13.867900   0.066300
1863.494065   13.947040   0.098870
1864.122118   14.120010   0.059820
1864.131216   14.062430   0.077750
1864.140349   14.074920   0.072980
1864.149328   14.097010   0.071090
1864.158727   14.077960   0.064910
1864.168077   14.055220   0.085050
1864.177441   14.103090   0.081060
1864.186471   14.030790   0.063050
1864.195786   14.095370   0.084650
1864.204761   14.053560   0.069250
1864.213956   14.066410   0.062330
1864.223275   14.077350   0.062440
1864.232312   14.082560   0.082030
1864.241734   14.091350   0.078260
1864.250994   14.072910   0.064400
1864.260292   14.079360   0.085310
1864.269452   14.054620   0.070340
1864.278712   14.063800   0.082580
1864.288040   14.047980   0.083180
1864.297228   14.095550   0.079680
1864.306786   14.059670   0.082520
1864.315982   14.073200   0.090400
1864.325240   14.071120   0.081330
1864.334830   14.038830   0.082370
1864.344223   14.041490   0.110370
1864.353629   14.051640   0.103770
1864.362884   14.061260   0.113210
1864.372284   14.060140   0.124810
1864.381718   14.060240   0.119590
1864.391386   14.103770   0.107970
1864.401175   14.047570   0.122080
1864.410777   14.066280   0.114060
1864.420158   14.094960   0.114610
1864.429378   14.071220   0.121160
1864.438639   14.022080   0.078600
1865.081649   14.023830   0.095240
1865.090914   14.028090   0.096440
1865.103000   14.056280   0.088260
1865.112265   14.071650   0.088800
1865.121493   14.010020   0.102780
1865.180915   14.041690   0.065060
1865.189934   14.103460   0.050050
1865.199137   14.088690   0.062460
1865.208040   14.049350   0.049660
1865.217207   14.112850   0.075780
1865.226382   14.075060   0.072200
1865.235932   14.125440   0.082560
1865.245886   14.035430   0.079400
1865.255783   14.114470   0.076650
1865.265750   14.023540   0.103350
1865.275774   14.014060   0.087310
1865.285892   14.114390   0.079440
1865.295973   14.016070   0.085340
1865.306185   14.087300   0.085470
1865.316145   14.107460   0.078740
1865.326150   14.113470   0.090850
1865.336276   14.112390   0.109240
1865.346577   14.034010   0.096670
1865.356675   14.077530   0.091290
1865.366659   14.158640   0.107740
1865.376904   14.029510   0.096140
1865.387088   14.053400   0.103480
1865.397153   14.083320   0.107640
1865.407149   14.011540   0.101190
1865.417333   14.035200   0.093980
1865.427630   14.070340   0.102020
1865.437669   14.119510   0.101980
1865.448171   14.057020   0.116880
1865.457477   13.948040   0.065300
1865.465615   14.175590   0.075200
1866.165339   14.061810   0.053750
1866.174723   14.065510   0.052850
1866.184057   14.083440   0.052620
1866.193410   14.062800   0.055130
1866.202706   14.092820   0.054450
1866.212035   14.035540   0.055610
1866.221409   14.050080   0.058900
1866.230791   14.078420   0.056260
1866.240551   14.096990   0.060130
1866.250004   14.090260   0.057440
1866.259354   14.069130   0.056480
1867.193045   14.058650   0.038870
1867.202355   14.057240   0.039970
1867.211516   14.061830   0.042510
1867.220585   14.051880   0.042960
1867.230131   14.070810   0.045780
1867.239707   14.049060   0.044460
1867.249230   14.044930   0.043570
1867.258785   14.052380   0.042430
1867.268385   14.123680   0.043310
1867.277702   14.069300   0.045920
1867.287153   14.062750   0.047340
1867.296854   14.081000   0.049810
1867.306121   14.065290   0.049940
1867.315500   14.049710   0.049610
1867.325094   14.052460   0.048740
1867.334502   14.036970   0.050160
1867.344482   14.071510   0.054160
1867.354030   14.078320   0.054020
1867.363492   14.119110   0.063540
1867.372735   14.065610   0.055340
1867.382212   14.058830   0.059640
1867.391671   14.085270   0.067380
1867.401392   14.084590   0.064210
1867.410805   14.064600   0.057520
1867.420288   14.060150   0.074600
1867.429722   14.012480   0.079340
1867.439192   14.040810   0.069690
1867.448574   14.082100   0.085420
1867.456168   14.071410   0.072760
1867.463320   14.055430   0.073590
1867.469421   14.051250   0.078850
1867.473939   14.061500   0.060740
1867.478291   14.080880   0.053660
1867.481655   14.028900   0.060160
1867.484335   14.050890   0.062980
1867.486951   14.102470   0.064610
1867.488639   14.115480   0.068190
1867.490315   14.069580   0.064980
1867.492002   14.078920   0.069290
1867.493724   14.025890   0.063120
1868.197661   14.088760   0.077500
1868.207123   14.047850   0.075800
1868.216495   14.100940   0.093540
1868.225986   14.063390   0.090880
1868.235811   14.102030   0.098100
1868.245580   14.091330   0.096750
1868.255259   14.113950   0.101290
1868.264815   14.133710   0.105720
1868.274279   14.164190   0.112820
1868.283929   14.049070   0.101810
1868.322548   14.041070   0.116100
1868.332083   13.998830   0.108690
1868.341800   14.068400   0.120470
1868.370659   14.038830   0.124390
1868.380570   14.033240   0.075700
1868.390366   14.075280   0.106020
1868.399668   14.067700   0.129010
1868.419023   14.099410   0.131320
1868.428372   14.016670   0.129040
1868.437691   14.082570   0.109550
1868.446987   14.088630   0.131590
1868.454872   13.999700   0.104610
1870.219778   14.043080   0.045960
1870.229270   14.037910   0.046940
1870.238762   14.132230   0.057900
1870.248135   14.058930   0.052090
1870.257691   14.067220   0.059530
1870.267266   14.101390   0.057390
1870.276950   14.052860   0.056970
1870.286498   14.040320   0.060190
1870.295849   14.066980   0.054760
1870.305565   14.056840   0.059780
1870.315197   14.063370   0.066990
1870.325274   14.074210   0.066270
1870.335174   14.065380   0.062500
1870.344892   14.127280   0.064430
1870.354573   14.044110   0.073000
1870.364104   14.074100   0.107610
1870.373603   14.087780   0.100910
1870.383600   14.138340   0.113180
1870.440454   14.078900   0.079500
1870.448993   14.062230   0.128440
1870.456179   14.094750   0.128350
1871.136689   14.089550   0.061140
1871.146179   14.060200   0.054330
1871.155384   14.056500   0.054630
1871.164955   14.078690   0.063090
1871.174269   14.042410   0.060740
1871.183469   14.104490   0.067630
1871.192872   14.009180   0.059810
1871.202392   14.046410   0.065130
1871.211865   14.002350   0.072760
1871.221273   14.075250   0.074560
1871.230922   14.056580   0.067310
1871.240394   14.071860   0.062880
1871.250018   14.067220   0.067610
1871.259511   14.063980   0.066810
1871.269122   14.035300   0.063770
1871.278903   14.094630   0.064600
1871.288648   14.073080   0.067340
1871.298226   14.101840   0.068630
1871.307789   14.094910   0.073980
1871.317562   14.024790   0.073960
1871.327342   14.068860   0.077400
1871.337079   14.092650   0.084760
1871.346725   14.126870   0.092070
1871.356495   14.093880   0.080180
1871.366277   14.019790   0.092220
1871.375944   13.996930   0.087020
1871.385808   13.995550   0.096960
1871.395399   14.025570   0.104370
1871.404882   14.050180   0.114460
1871.414342   14.032570   0.111280
1871.423744   14.086890   0.114670
1871.433495   14.077300   0.117260
1871.442405   14.004640   0.109560
1871.449670   14.088200   0.115270
1871.455742   14.087230   0.112370
1871.461191   14.043720   0.116040
1871.465968   14.107020   0.117980
1871.469461   14.047720   0.115530
1871.472994   13.961650   0.110120
1871.476070   14.133550   0.111630
1871.477819   13.998000   0.107540
1871.479709   14.104910   0.116090
1871.481438   14.047530   0.117260
1871.550420   14.063010   0.126050
1871.559908   14.102380   0.127120
1871.569340   14.055150   0.077900
1872.324463   14.057760   0.066390
1872.334315   14.026980   0.068310
1872.344041   14.104110   0.070320
1872.353623   14.099920   0.073050
1872.363427   14.052470   0.066050
1872.373279   14.097670   0.063970
1872.383099   14.109900   0.069850
1872.392766   14.082080   0.068390
1872.402203   14.078080   0.068420
1872.412032   14.046310   0.075820
1872.421585   14.073180   0.074410
1872.431130   14.080930   0.076930
1872.439874   14.065200   0.078050
1872.447517   14.054830   0.078370
1872.454162   14.027960   0.081180
1872.459603   14.095620   0.090650
1872.463903   14.148670   0.092400
1872.467716   14.069830   0.084540
1872.470496   14.081490   0.082930
1872.473152   14.160700   0.092850
1872.474857   14.055050   0.083740
1872.476617   14.080610   0.089560
1872.478370   14.100430   0.091230
1872.480228   14.085500   0.091770
1872.541663   14.050050   0.114760
1872.550845   14.075380   0.117690
1872.560270   14.026300   0.117030
1872.569828   14.125720   0.126990
1872.579400   14.080920   0.132170
1873.229437   13.990850   0.074390
1873.238826   14.071250   0.081430
1873.248403   14.077810   0.073770
1873.258009   14.115170   0.079740
1873.267456   14.018140   0.075800
1873.276959   14.072170   0.081410
1873.286788   14.062590   0.081550
1873.296275   14.087850   0.086330
1873.305896   14.040040   0.090790
1873.315548   14.043180   0.090920
1873.325684   14.081330   0.096200
1873.335346   14.047120   0.100660
1873.344943   14.099140   0.098590
1873.354842   14.097920   0.098960
1873.364691   14.179030   0.111770
1873.374458   14.109000   0.102860
1873.383960   14.048980   0.093940
1873.393856   14.058920   0.096620
1873.403606   14.067570   0.103090
1873.413210   14.127190   0.114460
1873.422938   14.105130   0.114220
1873.432622   14.163250   0.106710
1873.441010   14.127760   0.097600
1873.447044   14.077110   0.097140
1873.453044   14.026230   0.095910
1873.457630   14.046370   0.107880
1873.462090   14.018790   0.096940
1873.465548   14.073530   0.100230
1873.468261   14.066420   0.101900
1873.470892   14.122450   0.113500
1873.472722   14.068020   0.103820
1873.474437   14.060970   0.095740
1873.476606   14.135750   0.148410
1874.032527   14.070620   0.050410
1874.041923   14.085220   0.052960
1874.051714   14.057370   0.054500
1874.061193   14.066340   0.053780
1874.070741   14.078640   0.054600
1874.080230   14.112350   0.055380
1874.089638   14.072930   0.053280
1874.098984   14.069270   0.055030
1874.108441   14.119500   0.053320
1874.117749   14.042570   0.055680
1874.127103   14.057540   0.058940
1874.136654   14.051250   0.059340
1874.145982   14.045980   0.059640
1874.155173   14.096320   0.065190
1874.164605   14.066830   0.070280
1874.174153   14.055160   0.084300
1874.183645   14.107930   0.110870
1874.193206   13.862400   0.069600
1874.202515   13.893360   0.073100
1874.222051   14.027190   0.106440
1876.992585   14.088560   0.053590
1877.002277   14.094620   0.058440
1877.012009   14.089940   0.059260
1877.021623   14.069010   0.058910
1877.031340   14.045210   0.061000
1877.041094   14.091770   0.062200
1877.050632   14.051050   0.052880
1877.060512   14.077600   0.055240
1877.070280   14.074570   0.057220
1877.080037   14.044230   0.057970
1877.089835   14.032680   0.059160
1877.099542   14.024500   0.059580
1877.109324   14.113420   0.074390
1877.119234   14.012640   0.067270
1877.128562   14.093240   0.064010
1877.137988   14.107750   0.062090
1877.147449   14.160010   0.081460
1877.157081   14.027630   0.073510
1877.166514   14.056420   0.068890
1877.175811   14.023940   0.062460
1877.185180   14.115300   0.073240
1877.194638   14.081980   0.069690
1877.204359   14.043040   0.067640
1877.213829   14.092950   0.061780
1877.223290   14.088650   0.064990
1877.232928   14.042290   0.062110
1877.242583   14.105660   0.075500
1877.252102   14.051890   0.072480
1877.261424   14.073930   0.073560
1877.271317   14.115550   0.068800
1877.280810   14.055230   0.060540
1877.290913   14.081790   0.070830
1877.300784   14.101800   0.080720
1877.310552   14.034700   0.069380
1877.320329   14.178070   0.080340
1877.330019   14.061990   0.068140
1877.339609   14.064000   0.062380
1877.349339   14.071330   0.073500
1877.359563   14.054060   0.063280
1877.369289   14.053890   0.071400
1877.379166   14.055630   0.066690
1877.389199   14.004210   0.075190
1877.398748   14.050250   0.086120
1877.408188   14.062140   0.085090
1877.417610   14.067430   0.077510
1877.426444   14.038780   0.070510
1877.433416   14.126950   0.077680
1877.439426   14.060660   0.085520
1877.444578   14.034190   0.082540
1877.449101   14.046880   0.073970
1877.452622   14.108670   0.092390
1877.456119   14.079950   0.078080
1877.458826   14.071410   0.075830
1877.460660   14.036130   0.076670
1877.462441   14.111260   0.081640
1877.464144   14.065420   0.078400
1877.465872   14.063860   0.081600
1877.528546   14.078440   0.093190
1877.538164   14.065190   0.100520
1877.547759   14.058560   0.108410
1877.557433   14.041710   0.110310
1877.566991   14.088620   0.112840
1877.956588   14.016490   0.089740
1877.966360   14.084740   0.081140
1877.975795   14.071710   0.062960
1877.985575   14.075510   0.051280
1877.995071   14.063400   0.047920
1878.004964   14.056590   0.047380
1878.014335   14.070300   0.056790
1878.023915   14.092690   0.042930
1878.033403   14.078200   0.049270
1878.042881   14.060230   0.046830
1878.052477   14.075610   0.053340
1878.062202   14.057890   0.053480
1878.072038   14.055940   0.054300
1878.081838   14.083460   0.058730
1878.091595   14.102640   0.050470
1878.101204   14.076560   0.054680
1878.111056   14.072920   0.054520
1878.120475   14.107010   0.061330
1878.129972   14.078310   0.064540
1878.139452   14.075880   0.070550
1878.148981   14.050440   0.118540
1878.158293   14.141770   0.106290
1878.167692   14.075880   0.063560
1878.177309   14.069420   0.062730
1878.186872   14.039130   0.078840
1878.196273   14.034850   0.076020
1878.206054   14.130470   0.092560
1878.215833   14.082220   0.098780
1878.225557   14.054120   0.098470
1878.235117   14.092690   0.083000
1878.244657   14.078170   0.085350
1878.254352   14.068610   0.090490
1878.263984   14.084680   0.104640
1878.273770   14.071560   0.105400
1878.283405   13.997340   0.102730
1878.293079   14.055250   0.104280
1878.302887   14.035500   0.124850
1878.312905   14.056140   0.103260
1878.322431   14.042290   0.125990
1878.332034   14.088360   0.106990
1878.342126   14.097220   0.098800
1878.351898   14.114840   0.111840
1878.361666   14.021740   0.102080
1878.371492   14.066660   0.112680
1878.381052   14.108330   0.121170
1878.390611   13.984680   0.086970
1878.400035   14.063280   0.110620
1878.409523   14.074480   0.107000
1878.419250   14.103250   0.113360
1878.427139   14.049260   0.116690
1878.434256   14.068540   0.091290
1878.439734   14.087690   0.116300
1878.444205   13.960830   0.088040
1878.448555   14.079590   0.094130
1878.452064   13.981580   0.111930
1878.454721   14.044120   0.114620
1878.457364   13.996360   0.109600
1878.459093   14.011380   0.113040
1878.460943   14.133060   0.119470
1878.463071   14.110910   0.167840
1878.523903   14.022570   0.116630
1878.533380   14.129340   0.124830
1878.542754   14.117840   0.120760
1878.552323   14.100480   0.129720
1878.906962   14.065840   0.101270
1878.917827   14.089840   0.123010
1878.928636   14.022030   0.120740
1878.939490   13.975840   0.102850
1878.950209   14.017470   0.080510
1878.960985   14.119630   0.086230
1878.971663   14.049570   0.074190
1878.982256   14.116090   0.078910
1878.992862   14.053520   0.075150
1879.003349   14.113490   0.077730
1879.014056   14.126050   0.081780
1879.024781   14.075850   0.081560
1879.035403   14.108250   0.089940
1879.046338   14.075400   0.090630
1879.056998   14.046740   0.094460
1879.067120   14.092860   0.095070
1879.077625   14.117530   0.094450
1879.087804   14.022510   0.095620
1879.097718   14.018200   0.104690
1879.108265   14.062320   0.111380
1879.118677   14.094470   0.120410
1879.128946   14.026250   0.098240
1879.138951   14.063960   0.112100
1879.148948   14.132900   0.125210
1879.158676   14.072990   0.110620
1879.168758   13.984350   0.104620
1879.178576   14.140500   0.113040
1879.198505   14.142780   0.078100
1879.208980   14.029150   0.073400
1879.219182   13.932840   0.108050
1879.229198   14.008780   0.076300
1879.249885   14.152050   0.075100
1879.260141   13.914500   0.067300
1879.270213   14.093280   0.106430
1879.279921   14.191920   0.075300
1879.290180   14.110940   0.104060
1879.300321   14.113450   0.107830
1879.310681   14.095470   0.105430
1879.320979   14.231740   0.076800
1879.331322   14.092730   0.106490
1879.352168   14.036400   0.074500
1879.372581   14.007540   0.070700
1879.383093   14.047970   0.073400
1879.393295   14.053900   0.076800
1879.403180   13.876930   0.075400
1879.914664   14.059260   0.101540
1879.924232   14.172890   0.089320
1879.933937   14.077350   0.076910
1879.943742   14.032640   0.060540
1879.953255   14.080440   0.057470
1879.962965   14.082060   0.054640
1879.972299   14.062190   0.050360
1879.982133   14.070750   0.055970
1879.991480   14.071660   0.051980
1880.001350   14.072260   0.061920
1880.010995   14.079790   0.066880
1880.020489   14.132470   0.067010
1880.030167   14.047110   0.066920
1880.040004   14.076370   0.062080
1880.050020   14.064300   0.065800
1880.059700   14.065880   0.067470
1880.069635   14.095800   0.067180
1880.079469   14.091020   0.074080
1880.089000   14.101390   0.074560
1880.098524   14.113410   0.077470
1880.108072   14.035730   0.075270
1880.117530   14.069950   0.073250
1880.127140   14.072460   0.074480
1880.200091   14.058900   0.080280
1880.209735   14.136100   0.091870
1880.219431   14.093500   0.081010
1880.229324   14.062830   0.076770
1880.238989   14.049740   0.074900
1880.248836   14.074250   0.070350
1880.258298   14.061530   0.072100
1880.267686   14.047960   0.081030
1880.277275   14.101300   0.086010
1880.286928   14.095050   0.097510
1880.306613   14.044040   0.078690
1880.369120   14.073590   0.074580
1880.967707   14.044910   0.086670
1880.977730   14.179750   0.089040
1880.987626   14.096660   0.071150
1880.997175   14.056680   0.068720
1881.007352   14.045850   0.069670
1881.017262   14.052150   0.071120
1881.027023   14.036950   0.072540
1881.036583   14.089570   0.072340
1881.046307   14.055240   0.075020
1881.055914   14.060960   0.084110
1881.065565   14.082110   0.081300
1881.075352   14.051330   0.086570
1881.085120   14.059580   0.081300
1881.094964   14.008990   0.075240
1881.104801   14.057910   0.063800
1881.114937   14.064860   0.093160
1881.124474   14.050260   0.087370
1881.134326   14.127500   0.091770
1881.143810   14.017250   0.068850
1881.153419   14.093490   0.090940
1881.163015   14.096340   0.085280
1881.171357   14.076850   0.065380
1881.180981   14.050340   0.070510
1881.190627   14.069330   0.059450
1881.200550   14.090820   0.067490
1881.210473   14.043210   0.070150
1881.220305   14.006070   0.074660
1881.230199   14.069340   0.076230
1881.239668   14.145760   0.076490
1881.249328   14.083970   0.077950
1881.258917   14.114780   0.074780
1881.268352   14.116710   0.080340
1881.278189   14.065680   0.075290
1881.288137   14.070440   0.078220
1881.297680   14.074260   0.075820
1881.307337   14.036990   0.079520
1881.317394   14.049890   0.082160
1881.327336   14.079610   0.085510
1881.337373   14.038270   0.091580
1881.347129   14.063780   0.088770
1881.357110   14.099970   0.096440
1881.366722   14.064840   0.090120
1881.376276   14.052970   0.098930
1881.386104   14.055870   0.101960
1881.395996   14.126020   0.105870
1881.405772   14.046700   0.101760
1881.414838   14.139800   0.105950
1881.422098   14.052950   0.104450
1881.428287   14.063900   0.106470
1881.433496   14.006950   0.106810
1881.437835   14.036840   0.113070
1881.441542   14.040920   0.111880
1881.445078   14.041150   0.113530
1881.447777   14.040130   0.112420
1881.449541   14.153770   0.119360
1881.451276   14.044880   0.112030
1881.453055   14.073530   0.114780
1881.455245   14.037740   0.158930
1881.512259   14.083090   0.121860
1881.522032   14.074490   0.124020
1881.531584   14.103530   0.126870
1881.541053   14.145420   0.105570
1881.550943   14.055370   0.121530
1881.560601   14.105000   0.135460
1881.570473   14.104580   0.132430
1881.580406   13.953530   0.073800
1881.589707   13.897630   0.069300
1881.609319   13.938640   0.078900
1881.874874   13.981490   0.123330
1881.884546   14.059480   0.109330
1881.894462   14.007660   0.087440
1881.904494   14.048130   0.081590
1881.914271   14.072980   0.076420
1881.923884   14.024540   0.081520
1881.933466   14.064520   0.079700
1881.943231   14.099370   0.080700
1881.952875   14.095080   0.098770
1881.962633   14.017250   0.107770
1881.972149   14.055560   0.115620
1881.982098   14.160810   0.126160
1882.021627   14.095260   0.128810
1882.041171   14.094450   0.074000
1882.051122   14.101090   0.104660
1882.080330   14.077820   0.104050
1882.121972   14.170290   0.074100
1882.131558   14.163030   0.118990
1882.150540   14.076340   0.123750
1882.160119   13.989060   0.120560
1882.169499   14.082960   0.080100
1882.179085   14.136590   0.103050
1883.093660   14.051230   0.100810
1883.112818   14.054750   0.099500
1883.122314   13.989910   0.091100
1883.131900   14.104620   0.099850
1883.141295   14.033870   0.104760
1883.150882   14.086010   0.118400
1883.160375   14.093390   0.098210
1883.170025   14.094530   0.073600
1883.179271   14.098460   0.101070
1883.188727   14.121670   0.104890
1883.198404   14.133800   0.122510
1883.207904   14.119920   0.126590
1883.217549   14.063080   0.117900
1883.226897   14.083290   0.129180
1883.236210   14.085910   0.127880
1883.245867   14.055720   0.104610
1883.274780   13.889170   0.068500
1884.099534   14.089770   0.050150
1884.109140   14.095430   0.048230
1884.118686   14.035860   0.062550
1884.128292   14.134230   0.079580
1884.137551   14.043070   0.058150
1884.147279   14.057190   0.062520
1884.156774   14.072430   0.063310
1884.166197   14.153510   0.083570
1884.175960   14.081670   0.083510
1884.185414   14.057830   0.070560
1884.194977   14.041390   0.057660
1884.204574   14.091560   0.065230
1884.214174   14.065010   0.056560
1884.223839   14.050380   0.067520
1884.233272   14.042840   0.090080
1884.242628   14.014460   0.048480
1884.252195   14.070240   0.050060
1884.261682   14.079600   0.053630
1884.271201   14.057960   0.053070
1884.280876   14.035470   0.056050
1884.290846   14.025290   0.057330
1884.300573   14.073300   0.058790
1884.310420   14.157370   0.101130
1884.320206   14.048300   0.061790
1884.330156   14.056930   0.069460
1884.340081   14.135980   0.083960
1884.350052   14.065870   0.081020
1884.360119   14.042210   0.064380
1884.370060   14.105280   0.061090
1884.379738   14.069460   0.066340
1884.389528   14.045190   0.056410
1884.399065   14.062000   0.059170
1884.406881   14.064720   0.069780
1884.413865   13.958760   0.076600
1884.420368   14.123220   0.087210
1884.425635   14.112880   0.064860
1884.430150   14.056570   0.055420
1884.433678   14.011650   0.060180
1884.437202   14.087940   0.060560
1884.439908   14.111910   0.065250
1884.441669   14.048010   0.064850
1884.443407   14.064470   0.064490
1884.445186   14.058420   0.060640
1884.446926   14.137630   0.083950
1884.503638   14.055450   0.056490
1884.513187   14.061610   0.070200
1884.522993   14.052090   0.058810
1884.532900   14.057980   0.056470
1884.542819   14.076950   0.066590
1884.552706   14.070010   0.081950
1884.562458   14.075780   0.045060
1884.572213   14.083250   0.060480
1884.581820   14.047910   0.049580
1884.591479   14.050000   0.063590
1884.600983   14.064090   0.055290
1884.610820   14.074610   0.051830
1884.886961   14.018710   0.127510
1884.905966   14.044200   0.098300
1884.925737   14.095140   0.120280
1884.945295   14.150680   0.075300
1885.003188   14.062070   0.080400
1885.278871   14.026740   0.094250
1885.298321   14.060400   0.069800
1885.308250   14.067420   0.096020
1886.072366   14.048060   0.043980
1886.082057   14.055360   0.047490
1886.091456   14.069370   0.051570
1886.101064   14.078500   0.052780
1886.110701   14.054990   0.053010
1886.120214   14.061900   0.052780
1886.129544   14.085400   0.054610
1886.138882   14.061960   0.058910
1886.148233   14.055570   0.056080
1886.157943   14.036230   0.057350
1886.167550   14.073100   0.070260
1886.177101   14.060520   0.065390
1886.186997   14.103980   0.069110
1886.196609   14.066520   0.076700
1886.206153   14.098490   0.085760
1886.215757   14.089130   0.088310
1886.225422   14.070540   0.116020
1886.234829   14.035520   0.115040
1886.244630   14.123020   0.120290
1886.254426   14.009750   0.083260
1886.263771   14.057970   0.069550
1886.273578   14.124220   0.121590
1886.283270   14.032310   0.067200
1886.293134   14.065730   0.071550
1886.303115   14.121120   0.084360
1886.312914   14.080650   0.071140
1886.322818   14.086530   0.077630
1886.332859   14.050130   0.076210
1886.342543   14.055110   0.073240
1886.352534   14.039180   0.074650
1886.362281   14.050440   0.081350
1886.372003   14.065590   0.086970
1886.381496   14.015370   0.087120
1886.391198   14.035930   0.096710
1886.399994   14.072440   0.100060
1886.408171   14.070590   0.100340
1886.414363   14.015960   0.115960
1886.419581   14.163100   0.123590
1886.423873   14.107460   0.114860
1886.427459   14.043260   0.109270
1886.431086   14.071610   0.107310
1886.433595   14.126290   0.068000
1886.435463   14.024150   0.100600
1886.437293   14.086900   0.116320
1886.439058   14.075850   0.118360
