1863.169882   14.304190   0.077160
1863.179028   14.274280   0.088500
1863.188111   14.285180   0.100110
1863.197263   14.309110   0.095580
1863.206453   14.307050   0.091640
1863.215516   14.340630   0.108620
1863.224486   14.335310   0.107570
1863.233708   14.358580   0.113100
1863.243026   14.412720   0.120550
1863.252052   14.381120   0.108690
1863.260978   14.297180   0.090670
1863.270074   14.301890   0.114350
1863.279229   14.280520   0.098810
1863.288341   14.274050   0.094170
1863.297662   14.282160   0.088070
1863.306748   14.288120   0.104010
1863.315898   14.295690   0.101560
1863.325261   14.289670   0.101460
1863.334632   14.311060   0.105510
1863.344416   14.350720   0.098610
1863.353962   14.330810   0.103240
1863.363511   14.287760   0.087140
1863.372640   14.348130   0.087150
1863.381795   14.325810   0.086010
1863.391577   14.274680   0.084950
1863.400670   14.292450   0.094980
1863.410157   14.288860   0.101900
1863.419415   14.245740   0.098970
1863.428728   14.284760   0.107370
1863.438171   14.267690   0.112960
1863.447725   14.315890   0.117550
1863.457038   14.350420   0.132710
1864.122118   14.329440   0.065280
1864.131216   14.291580   0.085390
1864.140349   14.302700   0.079190
1864.149328   14.304130   0.078290
1864.158727   14.291280   0.070900
1864.168077   14.282490   0.100550
1864.177441   14.304680   0.089670
1864.186471   14.293760   0.072580
1864.195786   14.273870   0.093790
1864.204761   14.279420   0.085690
1864.213956   14.294670   0.075170
1864.223275   14.322900   0.073580
1864.232312   14.257180   0.089440
1864.241734   14.321400   0.084380
1864.250994   14.286590   0.074180
1864.260292   14.355370   0.095780
1864.269452   14.305320   0.078080
1864.278712   14.284230   0.094750
1864.288040   14.349400   0.101270
1864.297228   14.273280   0.090060
1864.306786   14.331320   0.094050
1864.315982   14.234430   0.092410
1864.325240   14.287120   0.092880
1864.334830   14.297150   0.089810
1864.344223   14.275520   0.124650
1864.353629   14.327120   0.119400
1864.362884   14.319650   0.127600
1864.381718   14.346760   0.132230
1864.391386   14.300520   0.115480
1864.401175   14.282210   0.133920
1864.410777   14.294070   0.119850
1864.420158   14.299870   0.126580
1864.429301   14.097150   0.109680
1865.081649   14.275380   0.107940
1865.090914   14.373260   0.108970
1865.103000   14.291100   0.104210
1865.112265   14.278520   0.098680
1865.121493   14.307760   0.124200
1865.180915   14.289180   0.070140
1865.189934   14.277500   0.056480
1865.199137   14.304710   0.070010
1865.208040   14.293020   0.054410
1865.217207   14.242400   0.086820
1865.226382   14.271430   0.079240
1865.235932   14.353400   0.092390
1865.245886   14.326770   0.091250
1865.255783   14.285690   0.090770
1865.265750   14.347060   0.117460
1865.275774   14.254480   0.100700
1865.285892   14.291580   0.091360
1865.295973   14.178940   0.094380
1865.306185   14.381870   0.098110
1865.316145   14.272150   0.094140
1865.326150   14.238540   0.098250
1865.336276   14.251500   0.117880
1865.346577   14.268660   0.107310
1865.356675   14.316250   0.107150
1865.366659   14.338180   0.122610
1865.376904   14.216370   0.112190
1865.387088   14.275990   0.113090
1865.397153   14.279020   0.119870
1865.407149   14.360550   0.119310
1865.417333   14.295590   0.109810
1865.427630   14.373430   0.116240
1865.437669   14.260030   0.114310
1865.448324   14.364270   0.077400
1866.165339   14.258160   0.062300
1866.174723   14.325950   0.060160
1866.184057   14.349640   0.063490
1866.193410   14.333990   0.067030
1866.202706   14.307970   0.068650
1866.212035   14.261710   0.068030
1866.221409   14.286040   0.066140
1866.230791   14.304480   0.061370
1866.240551   14.294610   0.065040
1866.250004   14.326490   0.068330
1866.259354   14.319470   0.066440
1867.193045   14.269080   0.044340
1867.202355   14.276050   0.046080
1867.211516   14.299800   0.045590
1867.220585   14.328090   0.050010
1867.230131   14.321300   0.051740
1867.239707   14.297060   0.050430
1867.249230   14.292940   0.047760
1867.258785   14.317240   0.050060
1867.268385   14.333640   0.052840
1867.277702   14.271690   0.052260
1867.287153   14.305070   0.057680
1867.296854   14.291220   0.053250
1867.306121   14.293990   0.054820
1867.315500   14.284160   0.058220
1867.325171   14.262480   0.048820
1867.334502   14.266630   0.060990
1867.344482   14.301470   0.063330
1867.354030   14.291110   0.065210
1867.363492   14.251970   0.072510
1867.372735   14.250370   0.066810
1867.382212   14.277220   0.070430
1867.391671   14.309190   0.076290
1867.401392   14.244400   0.072870
1867.410805   14.232180   0.069230
1867.420288   14.248750   0.085940
1867.429722   14.269890   0.096090
1867.439192   14.354120   0.091660
1867.448574   14.237090   0.092990
1867.456168   14.277660   0.081780
1867.463320   14.300410   0.080220
1867.469421   14.305780   0.086240
1867.473939   14.250170   0.068640
1867.478291   14.292680   0.063270
1867.481655   14.294130   0.068190
1867.484335   14.303500   0.072440
1867.486951   14.312690   0.073860
1867.488639   14.305480   0.076740
1867.490315   14.343200   0.081100
1867.492002   14.319990   0.074670
1867.493724   14.297630   0.068050
1868.197661   14.299990   0.088880
1868.207123   14.300020   0.086110
1868.216418   14.339990   0.083100
1868.225986   14.295140   0.100760
1868.235810   14.462340   0.098000
1868.245580   14.265470   0.109960
1868.255259   14.287170   0.113230
1868.264815   14.320680   0.118490
1868.274279   14.353450   0.121590
1868.283929   14.261720   0.112310
1868.322547   14.247680   0.103480
1868.332083   14.429930   0.131420
1868.341723   14.258190   0.100620
1868.399515   14.256700   0.080300
1868.418870   14.351830   0.078700
1868.437538   14.106640   0.075100
1870.219778   14.287080   0.054860
1870.229270   14.294580   0.056790
1870.238762   14.328960   0.065640
1870.248135   14.274870   0.059630
1870.257691   14.279640   0.063830
1870.267266   14.316730   0.065190
1870.276950   14.322220   0.064940
1870.286498   14.332030   0.070930
1870.295849   14.272100   0.060710
1870.305565   14.266500   0.068540
1870.315197   14.261650   0.075980
1870.325274   14.328810   0.078310
1870.335174   14.345210   0.074360
1870.344892   14.308850   0.074520
1870.354573   14.223150   0.085880
1870.364104   14.205230   0.108050
1870.373603   14.300730   0.113670
1870.383600   14.311260   0.124320
1871.136689   14.354630   0.071260
1871.146179   14.279580   0.065950
1871.155384   14.284330   0.062610
1871.164955   14.330100   0.075060
1871.174269   14.291430   0.070350
1871.183469   14.284870   0.076520
1871.192872   14.275250   0.070420
1871.202392   14.293360   0.076790
1871.211865   14.290060   0.088400
1871.221273   14.320370   0.089370
1871.230922   14.255320   0.075400
1871.240394   14.278240   0.071360
1871.250018   14.326160   0.080380
1871.259511   14.317990   0.074980
1871.269122   14.285910   0.076980
1871.278903   14.261280   0.074290
1871.288648   14.342180   0.082560
1871.298226   14.298460   0.079220
1871.307789   14.221340   0.082050
1871.317562   14.261040   0.085330
1871.327342   14.280430   0.089000
1871.337079   14.408680   0.100170
1871.346725   14.322280   0.101410
1871.356495   14.328670   0.094490
1871.366277   14.350340   0.105780
1871.375944   14.327930   0.108130
1871.385808   14.254090   0.106990
1871.395399   14.273210   0.118790
1871.404729   14.298460   0.077800
1871.414419   14.309840   0.108830
1871.423744   14.230620   0.119660
1871.433495   14.229320   0.124370
1871.442405   14.278430   0.122860
1871.449670   14.328470   0.127970
1871.455742   14.196320   0.121840
1871.461344   14.145100   0.073600
1871.465891   14.310850   0.105640
1871.469384   14.237350   0.099920
1871.473070   14.250130   0.103540
1871.476070   14.263890   0.125810
1871.477819   14.314780   0.128470
1871.479709   14.293230   0.127100
1871.481438   14.289080   0.123460
1872.324463   14.312260   0.077030
1872.334315   14.310910   0.077250
1872.344041   14.292740   0.080150
1872.353623   14.259230   0.077000
1872.363427   14.233970   0.074900
1872.373279   14.319950   0.078940
1872.383099   14.273390   0.076390
1872.392766   14.291910   0.073420
1872.402203   14.328130   0.078640
1872.412032   14.318530   0.086360
1872.421585   14.272710   0.084650
1872.431130   14.276980   0.090220
1872.439874   14.342980   0.088000
1872.447517   14.297010   0.081530
1872.454162   14.309640   0.092940
1872.459603   14.310450   0.094400
1872.463903   14.375320   0.108230
1872.467716   14.260560   0.098280
1872.470496   14.208850   0.097590
1872.473152   14.335340   0.104390
1872.474857   14.307240   0.102300
1872.476617   14.325120   0.103820
1872.478370   14.384150   0.104300
1872.480228   14.306070   0.096280
1872.541663   14.253910   0.123260
1872.550845   14.302100   0.126070
1872.560270   14.265990   0.129080
1873.229437   14.190450   0.081590
1873.238826   14.304950   0.092790
1873.248403   14.286390   0.089340
1873.258009   14.302890   0.087420
1873.267456   14.315980   0.091520
1873.276959   14.281250   0.085680
1873.286788   14.253320   0.092090
1873.296275   14.339430   0.102150
1873.305896   14.342680   0.105960
1873.315548   14.271780   0.106940
1873.325684   14.304460   0.107980
1873.335346   14.368480   0.116400
1873.344943   14.358540   0.116050
1873.354842   14.394860   0.117470
1873.364844   14.393720   0.066100
1873.374458   14.271080   0.115010
1873.383960   14.295380   0.104300
1873.393856   14.303450   0.115250
1873.403606   14.407360   0.123940
1873.413210   14.170340   0.092600
1873.423091   14.284920   0.065300
1873.432622   14.246540   0.112640
1873.441010   14.233840   0.108080
1873.447044   14.291050   0.108050
1873.453044   14.261190   0.109760
1873.457630   14.392980   0.104110
1873.462090   14.377780   0.117710
1873.465548   14.361530   0.115450
1873.468261   14.279990   0.113820
1873.470892   14.343860   0.122540
1873.472722   14.399270   0.120080
1873.474437   14.311600   0.118050
1873.476606   14.315690   0.167630
1874.032527   14.243900   0.055180
1874.041923   14.273220   0.060970
1874.051714   14.275110   0.060460
1874.061193   14.262700   0.057450
1874.070741   14.279670   0.063010
1874.080230   14.295460   0.066860
1874.089638   14.254640   0.064330
1874.098984   14.286810   0.063420
1874.108441   14.322240   0.064240
1874.117749   14.257000   0.069800
1874.127103   14.320730   0.067490
1874.136654   14.275520   0.068310
1874.145982   14.308050   0.068660
1874.155173   14.308180   0.077860
1874.164605   14.259580   0.082120
1874.174153   14.280780   0.096500
1874.183645   14.376430   0.124090
1876.992585   14.237160   0.062480
1877.002277   14.286560   0.065070
1877.012009   14.277110   0.070350
1877.021623   14.298370   0.066880
1877.031340   14.327480   0.076560
1877.041094   14.262080   0.070970
1877.050632   14.283220   0.056430
1877.060512   14.306830   0.066250
1877.070280   14.345790   0.065160
1877.080037   14.337750   0.068380
1877.089835   14.312970   0.068030
1877.099542   14.314550   0.069540
1877.109324   14.390090   0.086210
1877.119234   14.365090   0.075940
1877.128562   14.336220   0.073890
1877.137988   14.326910   0.073310
1877.147449   14.284640   0.086280
1877.157081   14.376390   0.088170
1877.166590   14.246200   0.063820
1877.175811   14.257640   0.074190
1877.185180   14.261260   0.080060
1877.194638   14.295220   0.077760
1877.204359   14.238930   0.073050
1877.213829   14.279790   0.076720
1877.223290   14.305720   0.080560
1877.232928   14.240850   0.074600
1877.242583   14.348650   0.085980
1877.252102   14.363530   0.086080
1877.261424   14.335770   0.089230
1877.271317   14.270730   0.078480
1877.280810   14.249440   0.070990
1877.290913   14.333800   0.080330
1877.300784   14.221080   0.090580
1877.310552   14.332660   0.077800
1877.320329   14.302050   0.091860
1877.330019   14.277460   0.081350
1877.339609   14.258840   0.072350
1877.349339   14.245820   0.082930
1877.359563   14.277500   0.073610
1877.369289   14.287550   0.083890
1877.379166   14.234010   0.079380
1877.389199   14.309950   0.093020
1877.398748   14.238100   0.095860
1877.408188   14.246970   0.094640
1877.417610   14.270550   0.090800
1877.426444   14.235800   0.079940
1877.433416   14.290420   0.088290
1877.439426   14.332810   0.100320
1877.444578   14.225350   0.097500
1877.449101   14.286420   0.081100
1877.452622   14.216240   0.098090
1877.456119   14.326190   0.083950
1877.458826   14.329110   0.082830
1877.460660   14.310030   0.081140
1877.462441   14.321620   0.088250
1877.464144   14.304830   0.085780
1877.465872   14.278050   0.091080
1877.528546   14.277920   0.107330
1877.538164   14.367720   0.108950
1877.547759   14.304750   0.114630
1877.557433   14.346260   0.134180
1877.567068   14.269150   0.088250
1877.956588   14.274780   0.101990
1877.966360   14.291290   0.093590
1877.975795   14.270110   0.064180
1877.985575   14.265040   0.061660
1877.995071   14.271880   0.056340
1878.004964   14.305600   0.055850
1878.014335   14.270610   0.056910
1878.023915   14.288340   0.053390
1878.033403   14.250480   0.055430
1878.042881   14.296370   0.053770
1878.052477   14.310630   0.059940
1878.062202   14.263610   0.059940
1878.072038   14.263080   0.063110
1878.081838   14.283370   0.063880
1878.091595   14.292850   0.060430
1878.101204   14.300890   0.059760
1878.111056   14.297890   0.061260
1878.120475   14.352070   0.065670
1878.129972   14.331250   0.069490
1878.139452   14.306730   0.084790
1878.148981   14.289150   0.131870
1878.158293   14.310860   0.121760
1878.167692   14.284760   0.073350
1878.177309   14.339140   0.073070
1878.186872   14.250320   0.083180
1878.196273   14.309550   0.088290
1878.206054   14.262200   0.096870
1878.215833   14.266030   0.104500
1878.225557   14.312100   0.113250
1878.235117   14.238440   0.090250
1878.244657   14.325190   0.097260
1878.254352   14.275850   0.103670
1878.263984   14.321140   0.107460
1878.273770   14.345040   0.116120
1878.283405   14.316860   0.116930
1878.293079   14.299310   0.120850
1878.302887   14.252020   0.110210
1878.322431   14.273960   0.074500
1878.342126   14.356540   0.105090
1878.351898   14.330090   0.120450
1878.361666   14.226660   0.118040
1878.371492   14.314270   0.120510
1878.381128   14.337040   0.105010
1878.390611   14.260970   0.097160
1878.400035   14.354970   0.128600
1878.409523   14.345140   0.121630
1878.419326   14.318600   0.102790
1878.427139   14.256870   0.104660
1878.439734   14.170880   0.072200
1878.444205   14.309770   0.105780
1878.448555   14.250450   0.099160
1878.452064   14.267730   0.123330
1878.454721   14.231610   0.125390
1878.457287   14.229690   0.098370
1878.459016   14.269360   0.101860
1878.460867   14.247280   0.098570
1878.462661   14.252460   0.126920
1878.463635   14.187680   0.069700
1878.533380   14.262100   0.075300
1878.907192   14.159730   0.073600
1878.917674   14.304210   0.076400
1878.928636   14.331820   0.109980
1878.939490   14.320680   0.116680
1878.950209   14.316550   0.100860
1878.960985   14.307470   0.096120
1878.971663   14.253620   0.086280
1878.982256   14.213720   0.087980
1878.992862   14.278020   0.071860
1879.003349   14.285870   0.095380
1879.014056   14.290300   0.084420
1879.024781   14.267040   0.080560
1879.035403   14.292490   0.095610
1879.046338   14.354760   0.098480
1879.056998   14.258020   0.105780
1879.067120   14.330290   0.110420
1879.077625   14.350960   0.097690
1879.087804   14.273260   0.111090
1879.097718   14.303200   0.115500
1879.108265   14.372310   0.133430
1879.118677   14.313780   0.109070
1879.128946   14.341670   0.107480
1879.138951   14.297850   0.122590
1879.149024   14.212460   0.107310
1879.310604   14.252360   0.081200
1879.331551   14.191320   0.077300
1879.914664   14.400340   0.118240
1879.924232   14.379380   0.097990
1879.933937   14.307450   0.087810
1879.943742   14.321200   0.073690
1879.953255   14.299450   0.065090
1879.962965   14.303090   0.066310
1879.972299   14.294460   0.058490
1879.982133   14.317010   0.058250
1879.991480   14.372120   0.065710
1880.001350   14.339210   0.067240
1880.010995   14.273000   0.077000
1880.020489   14.340260   0.078230
1880.030167   14.283040   0.077520
1880.040004   14.255780   0.070950
1880.050020   14.314020   0.078680
1880.059700   14.295490   0.074900
1880.069635   14.294730   0.084010
1880.079469   14.347590   0.088070
1880.089000   14.296340   0.081990
1880.098524   14.295560   0.086630
1880.108072   14.306660   0.089510
1880.117530   14.328590   0.080670
1880.127140   14.302360   0.086660
1880.200091   14.353740   0.095670
1880.209735   14.344630   0.099920
1880.219431   14.271410   0.100080
1880.229324   14.253080   0.088790
1880.238989   14.266780   0.083450
1880.248836   14.288100   0.084170
1880.258298   14.274490   0.090050
1880.267686   14.403680   0.094590
1880.277275   14.203610   0.091350
1880.286928   14.289390   0.103600
1880.306613   14.248160   0.088120
1880.369120   14.257740   0.087930
1880.967707   14.315050   0.095070
1880.977654   14.382690   0.077860
1880.987626   14.326540   0.087390
1880.997175   14.312530   0.079370
1881.007352   14.256640   0.081910
1881.017262   14.310580   0.082650
1881.027023   14.225890   0.083100
1881.036583   14.302410   0.084210
1881.046307   14.336730   0.086360
1881.055914   14.302460   0.097140
1881.065565   14.222240   0.090710
1881.075352   14.262030   0.099640
1881.085120   14.266430   0.091220
1881.094964   14.254290   0.087780
1881.104801   14.346280   0.081430
1881.114937   14.268940   0.102570
1881.124474   14.285840   0.096800
1881.134326   14.297450   0.101790
1881.143810   14.315910   0.078590
1881.153419   14.276480   0.100250
1881.163015   14.258760   0.094070
1881.171357   14.237280   0.077590
1881.180981   14.292620   0.083380
1881.190627   14.230190   0.067060
1881.200550   14.303730   0.075670
1881.210473   14.298690   0.080280
1881.220305   14.228570   0.084400
1881.230199   14.351040   0.078290
1881.239668   14.271230   0.085620
1881.249328   14.341250   0.082910
1881.258917   14.302250   0.083720
1881.268352   14.320690   0.090250
1881.278189   14.316270   0.087600
1881.288137   14.283240   0.095160
1881.297680   14.244350   0.083800
1881.307337   14.267670   0.093200
1881.317394   14.297060   0.096020
1881.327336   14.304470   0.097930
1881.337373   14.280500   0.089930
1881.347129   14.291140   0.093530
1881.357110   14.270300   0.099400
1881.366722   14.273730   0.090870
1881.376276   14.292970   0.108230
1881.386104   14.263490   0.110660
1881.395996   14.322720   0.109580
1881.405772   14.324650   0.124330
1881.414838   14.365640   0.112380
1881.422098   14.310960   0.118050
1881.428287   14.306030   0.113940
1881.433496   14.280820   0.116530
1881.437835   14.299590   0.119150
1881.441542   14.347770   0.125290
1881.445155   14.277680   0.102030
1881.447777   14.323690   0.127840
1881.449541   14.373910   0.127480
1881.451276   14.289550   0.122370
1881.453055   14.331770   0.119770
1881.455245   14.332530   0.178730
1881.512259   14.286600   0.117560
1881.531737   14.203880   0.074800
1881.541053   14.278640   0.079700
1881.550790   14.233060   0.077200
1881.560448   14.221210   0.079100
1881.884546   14.397420   0.129400
1881.894462   14.285500   0.104450
1881.904494   14.351560   0.091460
1881.914271   14.328950   0.088260
1881.923884   14.281120   0.094740
1881.933466   14.322980   0.080950
1881.943231   14.262910   0.082690
1881.952875   14.371790   0.119610
1881.962633   14.233950   0.114810
1881.972149   14.259660   0.123400
1881.982174   14.438680   0.110680
1882.041171   14.180410   0.070700
1882.051045   14.250280   0.075900
1882.080330   14.313310   0.118680
1882.131635   14.274750   0.099280
1882.150694   14.258440   0.074000
1883.093660   14.343580   0.114490
1883.112818   14.336040   0.111230
1883.131900   14.289490   0.109450
1883.141295   14.291160   0.117630
1883.150882   14.275640   0.123250
1883.179271   14.304900   0.114550
1883.188727   14.354320   0.116190
1883.198557   14.289090   0.077600
1883.207981   14.319340   0.100800
1884.099534   14.285070   0.061290
1884.109140   14.242160   0.060050
1884.118686   14.297470   0.072810
1884.128292   14.262750   0.083600
1884.137551   14.282840   0.069270
1884.147279   14.272780   0.076660
1884.156774   14.226170   0.077050
1884.166197   14.310760   0.087700
1884.175960   14.342120   0.098560
1884.185414   14.286910   0.085290
1884.194977   14.334410   0.069400
1884.204574   14.317640   0.074660
1884.214174   14.265250   0.062050
1884.223839   14.351540   0.080940
1884.233272   14.299050   0.106320
1884.242628   14.301330   0.059720
1884.252195   14.239790   0.060690
1884.261682   14.264220   0.060870
1884.271201   14.321530   0.059480
1884.280876   14.284970   0.067620
1884.290846   14.325220   0.075920
1884.300573   14.316070   0.081540
1884.310420   14.474180   0.096110
1884.320206   14.258000   0.074290
1884.330156   14.241130   0.075380
1884.340081   14.256480   0.093180
1884.350052   14.276420   0.090480
1884.360119   14.249830   0.075870
1884.370060   14.268640   0.074670
1884.379738   14.297240   0.084110
1884.389528   14.302910   0.064650
1884.399065   14.303830   0.073800
1884.406881   14.305980   0.080610
1884.413865   14.256410   0.092380
1884.420445   14.335610   0.074180
1884.425635   14.288490   0.070690
1884.430150   14.294870   0.060760
1884.433678   14.280920   0.072880
1884.437202   14.270220   0.067030
1884.439908   14.268300   0.075180
1884.441669   14.348210   0.081770
1884.443407   14.316360   0.078900
1884.445186   14.296040   0.072510
1884.446926   14.350350   0.096720
1884.503638   14.281760   0.068510
1884.513187   14.318980   0.077670
1884.522993   14.325830   0.068660
1884.532900   14.272000   0.059000
1884.542819   14.301280   0.076600
1884.552782   14.347630   0.039800
1884.562458   14.291500   0.053140
1884.572213   14.330710   0.071340
1884.581820   14.272490   0.053970
1884.591479   14.257940   0.075140
1884.600983   14.307110   0.064560
1884.610820   14.302280   0.058660
1884.925737   14.294440   0.128340
1885.003188   14.234530   0.077300
1886.072366   14.263810   0.053300
1886.082057   14.277980   0.059890
1886.091456   14.307120   0.062050
1886.101064   14.253150   0.062450
1886.110701   14.289900   0.061520
1886.120214   14.300720   0.059430
1886.129544   14.279620   0.067640
1886.138882   14.249900   0.068250
1886.148233   14.268830   0.063190
1886.157943   14.283720   0.066670
1886.167550   14.250910   0.076320
1886.177101   14.305190   0.075680
1886.186997   14.324940   0.085130
1886.196609   14.331640   0.089730
1886.206153   14.287100   0.095650
1886.215757   14.281200   0.101630
1886.225422   14.221060   0.117450
1886.234829   14.229440   0.124190
1886.244630   14.149170   0.119380
1886.254426   14.346230   0.099320
1886.263771   14.275930   0.078840
1886.273502   14.325210   0.107630
1886.283270   14.330150   0.070630
1886.293134   14.309110   0.083830
1886.303115   14.328270   0.094560
1886.312914   14.266900   0.085700
1886.322818   14.312440   0.093240
1886.332859   14.307360   0.089350
1886.342543   14.356840   0.090090
1886.352534   14.376100   0.083990
1886.362281   14.343230   0.097700
1886.372003   14.290500   0.099910
1886.381496   14.290460   0.103630
1886.391198   14.323300   0.114240
1886.399994   14.348300   0.111470
1886.408171   14.284120   0.111420
1886.414363   14.307420   0.109270
1886.419734   14.275670   0.073800
1886.423873   14.269870   0.114500
1886.427459   14.293850   0.122390
1886.431086   14.327820   0.122300
1886.433595   14.322390   0.073100
1886.437293   14.320200   0.126740
1886.439058   14.289390   0.099860
