1863.169882   13.187190   0.037100
1863.179028   13.191640   0.039560
1863.188111   13.172280   0.046450
1863.197263   13.184220   0.044760
1863.206453   13.200960   0.040940
1863.215516   13.188080   0.051320
1863.224486   13.204450   0.048270
1863.233708   13.196330   0.050730
1863.243026   13.189970   0.052240
1863.252052   13.189520   0.047090
1863.260978   13.189280   0.044780
1863.270074   13.157900   0.049790
1863.279229   13.176820   0.046400
1863.288341   13.168430   0.042320
1863.297662   13.182480   0.039150
1863.306748   13.169190   0.045820
1863.315898   13.173960   0.046760
1863.325261   13.209110   0.046160
1863.334632   13.189280   0.048060
1863.344416   13.204280   0.047230
1863.353962   13.157800   0.045230
1863.363511   13.182170   0.040050
1863.372640   13.179240   0.036740
1863.381795   13.212350   0.038000
1863.391577   13.181690   0.038980
1863.400670   13.207900   0.042270
1863.410157   13.161950   0.042990
1863.419415   13.173110   0.044930
1863.428728   13.195510   0.047190
1863.438171   13.197620   0.048350
1863.447725   13.174770   0.049660
1863.457038   13.242800   0.055550
1863.464667   13.187120   0.069140
1863.471563   13.238360   0.077350
1863.477686   13.181260   0.067780
1863.482900   13.187790   0.071880
1863.487037   13.160080   0.071580
1863.490505   13.174010   0.074360
1863.494064   13.238680   0.070140
1863.496621   13.164030   0.071490
1863.498272   13.197970   0.074960
1863.500087   13.214060   0.079550
1863.501889   13.222230   0.071140
1863.503937   13.230480   0.113670
1864.122118   13.194090   0.029620
1864.131216   13.197980   0.039890
1864.140349   13.180260   0.035640
1864.149328   13.198890   0.035370
1864.158727   13.188420   0.032400
1864.168077   13.171770   0.042390
1864.177441   13.154040   0.041290
1864.186471   13.190860   0.031060
1864.195786   13.213020   0.040300
1864.204761   13.189290   0.037320
1864.213956   13.185280   0.033900
1864.223275   13.189970   0.032270
1864.232312   13.210150   0.040430
1864.241734   13.183250   0.039270
1864.250994   13.198840   0.034240
1864.260292   13.174290   0.041690
1864.269452   13.184900   0.036320
1864.278712   13.183420   0.041090
1864.288040   13.193640   0.043870
1864.297228   13.199060   0.039590
1864.306786   13.194140   0.041860
1864.315982   13.218280   0.041400
1864.325240   13.186800   0.042520
1864.334830   13.235910   0.040710
1864.344223   13.237460   0.057160
1864.353629   13.200650   0.053170
1864.362884   13.187630   0.058880
1864.372284   13.181450   0.068270
1864.381718   13.245470   0.065190
1864.391386   13.199480   0.054550
1864.401175   13.174680   0.067880
1864.410777   13.191940   0.059260
1864.420158   13.204270   0.059080
1864.429378   13.193520   0.067730
1864.438639   13.200180   0.074650
1864.448098   13.296210   0.090270
1864.457409   13.228300   0.090020
1864.465120   13.226170   0.087490
1864.472313   13.155830   0.101770
1864.477494   13.295700   0.115320
1864.492216   13.110670   0.068800
1864.494623   13.236910   0.071500
1864.498212   13.124280   0.069400
1864.501913   13.204600   0.074300
1865.081649   13.230000   0.049230
1865.090914   13.183200   0.050760
1865.103000   13.166770   0.046250
1865.112265   13.190340   0.043330
1865.121493   13.181430   0.057300
1865.180915   13.169340   0.031700
1865.189934   13.184780   0.024600
1865.199137   13.232130   0.031060
1865.208040   13.182070   0.024890
1865.217207   13.189950   0.037710
1865.226382   13.176760   0.035150
1865.235932   13.215680   0.040790
1865.245886   13.196490   0.039970
1865.255783   13.184120   0.039520
1865.265750   13.231780   0.052900
1865.275774   13.167100   0.046250
1865.285892   13.211410   0.036780
1865.295973   13.233740   0.044290
1865.306185   13.176310   0.043430
1865.316145   13.205290   0.041720
1865.326150   13.209500   0.046390
1865.336276   13.187300   0.055580
1865.346577   13.194520   0.048450
1865.356675   13.206450   0.049290
1865.366659   13.188240   0.051830
1865.376904   13.201850   0.050830
1865.387088   13.189950   0.051970
1865.397153   13.216960   0.056180
1865.407149   13.171730   0.054450
1865.417333   13.200800   0.051050
1865.427630   13.207260   0.051900
1865.437669   13.205630   0.054180
1865.448171   13.214020   0.067840
1865.457324   13.189690   0.068820
1865.465615   13.189060   0.072580
1865.471988   13.200730   0.095570
1865.477591   13.124670   0.106980
1865.482335   13.240990   0.096540
1865.486159   13.252770   0.109140
1865.489785   13.135730   0.091540
1865.492667   13.258170   0.096270
1865.494427   13.203220   0.088730
1865.496283   13.201510   0.085300
1865.498551   13.201130   0.137170
1866.165339   13.189040   0.026730
1866.174723   13.185170   0.026670
1866.184057   13.195810   0.027540
1866.193410   13.189550   0.028360
1866.202706   13.215020   0.028990
1866.212035   13.181960   0.029570
1866.221409   13.216530   0.030020
1866.230791   13.193130   0.029040
1866.240551   13.196370   0.028990
1866.250004   13.191760   0.029560
1866.259354   13.190050   0.029790
1867.193045   13.191240   0.020040
1867.202355   13.191680   0.020790
1867.211516   13.190880   0.020790
1867.220585   13.188050   0.021880
1867.230131   13.199510   0.022340
1867.239707   13.187100   0.022290
1867.249230   13.203110   0.022060
1867.258785   13.178740   0.022170
1867.268385   13.198950   0.022520
1867.277702   13.191100   0.023270
1867.287153   13.185570   0.023750
1867.296854   13.202510   0.024200
1867.306121   13.190840   0.024370
1867.315500   13.167250   0.024370
1867.325094   13.178960   0.025290
1867.334502   13.196250   0.026680
1867.344482   13.180330   0.027380
1867.354030   13.185810   0.026450
1867.363492   13.212120   0.031900
1867.372735   13.187600   0.028990
1867.382212   13.192560   0.030310
1867.391671   13.165790   0.032240
1867.401392   13.189560   0.031530
1867.410805   13.179380   0.029980
1867.420288   13.172250   0.037070
1867.429722   13.174920   0.040650
1867.439192   13.182490   0.038860
1867.448574   13.193370   0.039210
1867.456168   13.196740   0.034760
1867.463320   13.184080   0.036090
1867.469421   13.157250   0.037180
1867.473939   13.195920   0.030660
1867.478291   13.199860   0.028290
1867.481655   13.199250   0.028750
1867.484335   13.179050   0.030730
1867.486951   13.201320   0.030540
1867.488639   13.184260   0.031200
1867.490315   13.208780   0.032850
1867.492078   13.206470   0.025310
1867.493724   13.207810   0.031540
1868.197661   13.235610   0.036580
1868.207123   13.193330   0.036270
1868.216495   13.150780   0.050170
1868.225986   13.209110   0.046380
1868.235811   13.214990   0.052070
1868.245580   13.189750   0.049490
1868.255259   13.209820   0.051190
1868.264815   13.207870   0.054140
1868.274279   13.211660   0.056590
1868.283929   13.214840   0.049710
1868.293537   13.229240   0.078110
1868.303104   13.215270   0.086990
1868.312574   13.224850   0.078340
1868.322548   13.210280   0.059020
1868.332083   13.195600   0.056200
1868.341800   13.198630   0.063560
1868.351466   13.159600   0.078560
1868.360837   13.238170   0.076950
1868.370659   13.179840   0.071840
1868.380417   13.183600   0.071500
1868.390367   13.207940   0.072300
1868.399668   13.213560   0.066800
1868.409622   13.243150   0.071040
1868.419023   13.231680   0.073110
1868.428372   13.205560   0.065400
1868.437691   13.203390   0.072930
1868.446987   13.198430   0.067990
1868.454949   13.208330   0.076120
1868.461066   13.211300   0.071620
1868.467151   13.203060   0.074160
1868.471440   13.206500   0.084900
1868.475710   13.178990   0.088920
1868.479187   13.246780   0.098560
1868.481793   13.208030   0.093400
1868.484421   13.189120   0.088000
1868.486154   13.185970   0.079390
1868.487874   13.248130   0.093490
1868.489584   13.206190   0.089880
1868.491280   13.161210   0.092470
1868.562396   13.176700   0.127130
1869.239644   13.250740   0.110860
1869.249027   13.164490   0.110200
1869.258676   13.224900   0.119800
1869.268307   13.022150   0.070500
1870.219778   13.209590   0.024600
1870.229270   13.194730   0.025000
1870.238762   13.182130   0.026620
1870.248135   13.193150   0.026100
1870.257691   13.200230   0.029210
1870.267266   13.193890   0.027720
1870.276950   13.201120   0.028580
1870.286498   13.199560   0.029100
1870.295849   13.186240   0.027250
1870.305565   13.204550   0.029390
1870.315197   13.202200   0.032100
1870.325274   13.200640   0.034080
1870.335174   13.195130   0.031010
1870.344892   13.172690   0.034300
1870.354573   13.192490   0.038570
1870.364104   13.177370   0.051350
1870.373603   13.205020   0.048630
1870.383600   13.243850   0.057520
1870.393243   13.204010   0.074110
1870.402820   13.181580   0.096300
1870.412418   13.210870   0.090590
1870.421719   13.224030   0.089390
1870.431056   13.202730   0.096960
1870.440608   13.206990   0.073370
1870.448993   13.204160   0.069300
1870.456179   13.165030   0.065300
1870.461756   13.183460   0.082910
1870.466593   13.253650   0.100030
1870.470290   13.172910   0.080730
1870.474034   13.171180   0.098100
1870.476825   13.238370   0.105360
1870.478569   13.191340   0.100900
1870.480341   13.181090   0.097950
1870.482097   13.205650   0.097520
1870.483838   13.154980   0.101210
1870.485602   13.177510   0.097450
1871.136689   13.184140   0.029350
1871.146179   13.177470   0.027540
1871.155384   13.178930   0.028180
1871.164955   13.173760   0.031470
1871.174269   13.175050   0.030210
1871.183469   13.189340   0.032790
1871.192872   13.188580   0.030440
1871.202392   13.190050   0.032130
1871.211865   13.168200   0.038300
1871.221273   13.198210   0.037510
1871.230922   13.179100   0.032970
1871.240394   13.193530   0.030780
1871.250018   13.212720   0.033560
1871.259511   13.173640   0.032630
1871.269122   13.179620   0.033220
1871.278903   13.171740   0.031520
1871.288648   13.179090   0.034130
1871.298226   13.183190   0.035360
1871.307789   13.186370   0.035860
1871.317562   13.192330   0.037840
1871.327342   13.176130   0.038720
1871.337079   13.184800   0.043230
1871.346725   13.205340   0.046300
1871.356495   13.230670   0.040710
1871.366277   13.144340   0.047500
1871.375944   13.231900   0.045090
1871.385808   13.162270   0.052900
1871.395399   13.200950   0.056860
1871.404882   13.181210   0.065240
1871.414342   13.170420   0.061860
1871.423744   13.165650   0.059830
1871.433495   13.150600   0.059900
1871.442405   13.197440   0.055180
1871.449670   13.188480   0.056370
1871.455742   13.180240   0.056760
1871.461191   13.174510   0.066510
1871.465968   13.144950   0.057560
1871.469461   13.158070   0.059010
1871.472994   13.204070   0.061960
1871.476070   13.192460   0.058010
1871.477819   13.198780   0.053990
1871.479709   13.170360   0.056460
1871.481438   13.229360   0.057090
1871.550420   13.177180   0.064270
1871.559908   13.204000   0.067290
1871.569340   13.197620   0.072020
1871.578835   13.279470   0.082500
1871.588334   13.176430   0.082800
1871.597765   13.198980   0.103300
1871.607264   13.180330   0.111120
1872.324463   13.191500   0.031750
1872.334315   13.156570   0.034410
1872.344041   13.161980   0.034590
1872.353623   13.163920   0.033780
1872.363427   13.182520   0.033380
1872.373279   13.177100   0.032510
1872.383099   13.198370   0.034080
1872.392766   13.181240   0.032220
1872.402203   13.208410   0.034070
1872.412032   13.233550   0.035510
1872.421585   13.189640   0.036520
1872.431130   13.188870   0.038340
1872.439874   13.205270   0.039440
1872.447517   13.172050   0.038000
1872.454162   13.188480   0.038980
1872.459603   13.193420   0.043450
1872.463903   13.157470   0.043400
1872.467716   13.193510   0.043140
1872.470496   13.139110   0.042390
1872.473152   13.180840   0.044410
1872.474857   13.169610   0.042150
1872.476617   13.157280   0.043140
1872.478370   13.195520   0.042670
1872.480228   13.196900   0.043720
1872.541663   13.184710   0.053140
1872.550845   13.185640   0.057480
1872.560270   13.231770   0.061690
1872.569828   13.208080   0.064350
1872.579400   13.183070   0.067470
1872.588943   13.200450   0.073040
1872.598488   13.245660   0.090710
1872.608116   13.164000   0.091480
1872.617527   13.171110   0.112880
1872.627254   13.219170   0.077900
1873.229437   13.183730   0.037950
1873.238826   13.201010   0.040860
1873.248403   13.183790   0.038060
1873.258009   13.174800   0.040130
1873.267456   13.212720   0.040900
1873.276959   13.177660   0.039970
1873.286788   13.167330   0.042560
1873.296275   13.194820   0.043220
1873.305896   13.206730   0.048590
1873.315548   13.191750   0.047970
1873.325684   13.197810   0.048370
1873.335346   13.186900   0.053880
1873.344943   13.160220   0.053220
1873.354842   13.164660   0.052310
1873.364691   13.179040   0.056520
1873.374458   13.210470   0.053990
1873.383960   13.188480   0.047550
1873.393856   13.192290   0.052370
1873.403606   13.187130   0.054910
1873.413210   13.135290   0.060680
1873.422938   13.197290   0.056770
1873.432622   13.197190   0.054140
1873.441010   13.158610   0.050200
1873.447044   13.188950   0.045500
1873.453044   13.217150   0.047250
1873.457630   13.213590   0.047470
1873.462090   13.184310   0.048450
1873.465548   13.226030   0.048860
1873.468261   13.176800   0.050910
1873.470892   13.192910   0.052270
1873.472722   13.195970   0.053600
1873.474437   13.204340   0.048330
1873.476606   13.210570   0.069710
1873.558313   13.162840   0.119180
1873.567696   13.226260   0.118020
1873.577180   13.183590   0.124490
1873.586745   13.231580   0.108220
1873.615397   13.194080   0.102750
1873.624816   13.051920   0.072000
1874.032527   13.209310   0.024770
1874.041923   13.203580   0.026620
1874.051714   13.202090   0.026330
1874.061193   13.198760   0.025470
1874.070741   13.184540   0.027020
1874.080230   13.185300   0.026910
1874.089638   13.207640   0.026800
1874.098984   13.195590   0.027830
1874.108441   13.198280   0.027140
1874.117749   13.197260   0.029290
1874.127103   13.185990   0.029970
1874.136654   13.204930   0.030150
1874.145982   13.212740   0.031030
1874.155173   13.198160   0.032340
1874.164605   13.201290   0.035750
1874.174153   13.222810   0.041560
1874.183645   13.188200   0.053630
1874.193053   13.153160   0.075300
1874.202515   13.255910   0.079790
1874.212179   13.214860   0.083670
1874.222051   13.158000   0.070970
1874.603390   13.210160   0.124310
1876.992585   13.175480   0.026160
1877.002277   13.188590   0.027490
1877.012009   13.191070   0.029800
1877.021623   13.202250   0.028060
1877.031340   13.199470   0.031650
1877.041094   13.165450   0.029250
1877.050632   13.198420   0.026270
1877.060512   13.177330   0.027310
1877.070280   13.168100   0.028710
1877.080037   13.177840   0.028410
1877.089835   13.194420   0.028180
1877.099542   13.189810   0.030310
1877.109324   13.207310   0.037160
1877.119234   13.181060   0.035550
1877.128562   13.190100   0.032340
1877.137988   13.172660   0.032390
1877.147449   13.176270   0.040080
1877.157081   13.198030   0.038000
1877.166514   13.208240   0.034710
1877.175811   13.181500   0.033040
1877.185180   13.223490   0.036500
1877.194638   13.198710   0.034880
1877.204359   13.171060   0.034190
1877.213829   13.182160   0.031600
1877.223290   13.174550   0.032640
1877.232928   13.198190   0.032460
1877.242583   13.179300   0.036460
1877.252102   13.236780   0.037710
1877.261424   13.181600   0.037420
1877.271317   13.198410   0.034830
1877.280810   13.197000   0.031060
1877.290913   13.191730   0.034480
1877.300784   13.204360   0.040300
1877.310552   13.212230   0.033610
1877.320329   13.219620   0.037760
1877.330019   13.234130   0.035350
1877.339609   13.190810   0.030440
1877.349339   13.204170   0.035400
1877.359563   13.192740   0.030840
1877.369289   13.180770   0.035810
1877.379166   13.195330   0.033200
1877.389199   13.187750   0.040250
1877.398748   13.199350   0.044570
1877.408188   13.200470   0.042700
1877.417610   13.193390   0.038190
1877.426444   13.193220   0.034530
1877.433416   13.185270   0.038810
1877.439426   13.203630   0.040570
1877.444578   13.200170   0.041790
1877.449101   13.227190   0.037410
1877.452622   13.184370   0.045930
1877.456119   13.177950   0.037180
1877.458826   13.184960   0.037080
1877.460660   13.179100   0.040550
1877.462441   13.195350   0.038620
1877.464144   13.172120   0.038180
1877.465872   13.164160   0.040200
1877.528546   13.208070   0.047750
1877.538164   13.197420   0.048440
1877.547759   13.205060   0.051620
1877.557433   13.174870   0.057120
1877.566991   13.210590   0.055970
1877.956588   13.202310   0.046320
1877.966360   13.195570   0.038860
1877.975795   13.195830   0.030850
1877.985575   13.194670   0.027250
1877.995071   13.202620   0.025520
1878.004964   13.199230   0.025000
1878.014335   13.225980   0.027660
1878.023915   13.186070   0.022700
1878.033403   13.195740   0.025000
1878.042881   13.198280   0.024770
1878.052477   13.169530   0.027720
1878.062202   13.203880   0.027080
1878.072038   13.217340   0.028120
1878.081838   13.194130   0.028410
1878.091595   13.208430   0.027720
1878.101204   13.191330   0.027780
1878.111056   13.186430   0.028580
1878.120475   13.173190   0.028640
1878.129972   13.191880   0.032050
1878.139452   13.196650   0.036440
1878.148981   13.166380   0.062670
1878.158293   13.189550   0.056660
1878.167692   13.198930   0.032740
1878.177309   13.220410   0.031470
1878.186872   13.196080   0.040190
1878.196273   13.198500   0.039730
1878.206054   13.199190   0.044350
1878.215833   13.220180   0.047430
1878.225557   13.193390   0.051810
1878.235117   13.194260   0.042680
1878.244657   13.180580   0.040300
1878.254352   13.165760   0.045840
1878.263984   13.192500   0.050580
1878.273770   13.178430   0.053400
1878.283405   13.203840   0.055700
1878.293079   13.195060   0.052090
1878.302887   13.178540   0.065850
1878.312828   13.191380   0.070530
1878.322431   13.210220   0.068710
1878.332111   13.167360   0.072690
1878.342126   13.208910   0.053530
1878.351898   13.163500   0.055000
1878.361666   13.183470   0.050920
1878.371492   13.183580   0.054590
1878.381052   13.226650   0.064100
1878.390611   13.190530   0.044970
1878.400035   13.198540   0.058150
1878.409523   13.224620   0.054470
1878.419250   13.182110   0.061320
1878.427139   13.191230   0.062250
1878.434256   13.097030   0.050500
1878.439734   13.185390   0.061840
1878.444205   13.184870   0.049020
1878.448555   13.178910   0.046430
1878.452064   13.175420   0.062920
1878.454721   13.231380   0.056030
1878.457364   13.211690   0.059640
1878.459093   13.201700   0.060080
1878.460943   13.210450   0.055420
1878.463071   13.210260   0.083290
1878.523903   13.205600   0.063510
1878.533380   13.210280   0.059500
1878.542754   13.182860   0.058680
1878.552323   13.237630   0.064490
1878.561961   13.225070   0.080260
1878.571685   13.143850   0.105440
1878.581234   13.271920   0.099610
1878.590773   13.178040   0.105420
1878.600314   13.135840   0.105470
1878.885725   13.230690   0.089390
1878.896259   13.208340   0.074940
1878.907039   13.149890   0.065530
1878.917827   13.197660   0.067260
1878.928636   13.202100   0.066770
1878.939490   13.217670   0.056040
1878.950209   13.200850   0.044400
1878.960985   13.203130   0.039960
1878.971663   13.194770   0.039180
1878.982256   13.177120   0.038130
1878.992862   13.210300   0.036730
1879.003349   13.161410   0.040150
1879.014056   13.211940   0.039620
1879.024781   13.200060   0.039660
1879.035403   13.183360   0.047990
1879.046338   13.202290   0.044350
1879.056998   13.173750   0.045030
1879.067120   13.209630   0.047300
1879.077625   13.210860   0.047640
1879.087804   13.183690   0.046590
1879.097718   13.208010   0.054760
1879.108265   13.195360   0.058170
1879.118677   13.172460   0.065420
1879.128946   13.170680   0.051760
1879.138951   13.208920   0.058340
1879.148948   13.189090   0.069410
1879.158753   13.208170   0.071530
1879.168681   13.185700   0.072280
1879.178653   13.228780   0.077720
1879.188532   13.152900   0.071930
1879.198658   13.178910   0.072160
1879.208980   13.155310   0.077210
1879.219105   13.212840   0.074230
1879.229198   13.251650   0.078920
1879.239692   13.206910   0.081710
1879.249885   13.183240   0.077400
1879.259988   13.229100   0.074050
1879.270136   13.167370   0.071830
1879.279998   13.213310   0.062520
1879.290256   13.225190   0.067400
1879.300321   13.166220   0.069300
1879.310604   13.200230   0.074420
1879.321132   13.185870   0.074570
1879.331398   13.221750   0.073980
1879.341711   13.189100   0.065070
1879.352168   13.220110   0.075190
1879.362239   13.180780   0.073150
1879.372581   13.165350   0.076760
1879.383093   13.197570   0.043600
1879.393142   13.181070   0.072120
1879.403333   13.186520   0.080880
1879.413718   13.197440   0.087580
1879.422210   13.188460   0.083980
1879.430290   13.146320   0.086150
1879.436891   13.207550   0.090400
1879.441492   13.187500   0.088790
1879.445571   13.111460   0.090430
1879.449457   13.222920   0.097470
1879.452342   13.210490   0.074750
1879.454194   13.194840   0.091370
1879.456055   13.164250   0.077150
1879.457932   13.169970   0.092500
1879.460282   13.238580   0.137590
1879.524043   13.230290   0.120340
1879.534146   13.240280   0.127310
1879.544177   13.210090   0.103330
1879.554321   13.056470   0.074000
1879.564508   13.176410   0.077000
1879.574830   13.245260   0.076400
1879.885631   13.258620   0.096390
1879.895153   13.169320   0.086180
1879.904711   13.232360   0.068710
1879.914664   13.178280   0.055630
1879.924232   13.173380   0.045270
1879.933937   13.192060   0.038400
1879.943742   13.193500   0.031990
1879.953255   13.183710   0.028410
1879.962965   13.192030   0.026450
1879.972299   13.204330   0.025580
1879.982133   13.195450   0.026390
1879.991480   13.204380   0.029060
1880.001350   13.189600   0.029510
1880.010995   13.191240   0.032620
1880.020489   13.180830   0.032790
1880.030167   13.198750   0.033510
1880.040004   13.202840   0.032800
1880.050020   13.174970   0.032970
1880.059700   13.183560   0.032710
1880.069635   13.197960   0.035600
1880.079469   13.177800   0.037430
1880.089000   13.189720   0.034770
1880.098524   13.215670   0.036370
1880.108072   13.181760   0.040320
1880.117530   13.192560   0.035120
1880.127140   13.205910   0.034530
1880.200091   13.185020   0.040850
1880.209735   13.179210   0.046250
1880.219431   13.237030   0.043050
1880.229324   13.187670   0.038450
1880.238989   13.187900   0.036670
1880.248836   13.194780   0.037250
1880.258298   13.187970   0.038630
1880.267686   13.195280   0.041700
1880.277275   13.169390   0.041920
1880.286928   13.185570   0.049710
1880.306613   13.177600   0.041480
1880.369120   13.178930   0.038190
1880.684731   13.299690   0.098580
1880.693935   13.169060   0.112830
1880.703348   13.328730   0.105660
1880.967707   13.221110   0.042410
1880.977730   13.212110   0.044920
1880.987626   13.183460   0.036780
1880.997175   13.174410   0.034580
1881.007352   13.171480   0.035760
1881.017262   13.183880   0.036770
1881.027023   13.172040   0.038540
1881.036583   13.213310   0.038110
1881.046307   13.167640   0.038760
1881.055914   13.157080   0.042270
1881.065565   13.158710   0.041120
1881.075352   13.172740   0.043940
1881.085120   13.181290   0.041300
1881.094964   13.180560   0.040380
1881.104801   13.168670   0.034480
1881.114937   13.161370   0.047920
1881.124474   13.185000   0.044140
1881.134326   13.210180   0.045220
1881.143810   13.162820   0.034870
1881.153419   13.202990   0.047130
1881.163015   13.186570   0.042210
1881.171357   13.189880   0.035460
1881.180981   13.182410   0.037030
1881.190627   13.185500   0.029790
1881.200550   13.193030   0.033680
1881.210473   13.195670   0.037370
1881.220305   13.171460   0.039380
1881.230199   13.175080   0.038600
1881.239668   13.179600   0.040940
1881.249328   13.189280   0.038980
1881.258917   13.190780   0.038360
1881.268352   13.184910   0.038870
1881.278189   13.207210   0.039550
1881.288137   13.171600   0.041250
1881.297680   13.204510   0.041470
1881.307337   13.181820   0.043040
1881.317394   13.194040   0.044970
1881.327336   13.189170   0.045870
1881.337373   13.203280   0.047620
1881.347129   13.183920   0.047870
1881.357110   13.182460   0.048560
1881.366722   13.180490   0.046540
1881.376276   13.191880   0.046650
1881.386104   13.148800   0.052150
1881.395996   13.173740   0.049130
1881.405772   13.173300   0.054910
1881.414838   13.193790   0.053820
1881.422098   13.203060   0.054010
1881.428287   13.188580   0.057360
1881.433496   13.210270   0.056480
1881.437835   13.205050   0.054480
1881.441542   13.168960   0.057170
1881.445078   13.166490   0.058990
1881.447777   13.149080   0.057210
1881.449541   13.176830   0.058310
1881.451276   13.196380   0.058130
1881.453055   13.171430   0.057860
1881.455245   13.179910   0.085460
1881.512259   13.164420   0.059300
1881.522032   13.209360   0.066540
1881.531584   13.208000   0.062940
1881.541053   13.151930   0.062590
1881.550943   13.170140   0.060940
1881.560601   13.193460   0.066310
1881.570473   13.180420   0.062980
1881.580253   13.201170   0.075920
1881.589860   13.183960   0.072840
1881.599577   13.184870   0.073480
1881.609472   13.192360   0.070770
1881.619114   13.167160   0.082070
1881.628942   13.272150   0.098040
1881.638590   13.180150   0.100430
1881.648351   13.240890   0.115090
1881.826319   13.196790   0.123660
1881.835921   13.295850   0.118750
1881.845731   13.042120   0.087950
1881.855252   13.208430   0.078380
1881.864967   13.156860   0.073210
1881.874874   13.192230   0.063970
1881.884546   13.155570   0.050360
1881.894462   13.216870   0.051560
1881.904494   13.133200   0.041990
1881.914271   13.187660   0.039600
1881.923884   13.208310   0.041060
1881.933466   13.187330   0.038350
1881.943231   13.196230   0.039110
1881.952875   13.171980   0.052030
1881.962633   13.175310   0.058200
1881.972149   13.194710   0.054840
1881.982098   13.209600   0.063300
1881.992169   13.233410   0.079990
1882.001889   13.196500   0.082280
1882.011594   13.190420   0.087390
1882.021627   13.246680   0.068170
1882.031644   13.199010   0.074440
1882.041324   13.205570   0.072250
1882.051198   13.206310   0.067220
1882.060871   13.222350   0.068420
1882.070527   13.234230   0.122150
1882.080330   13.228560   0.055380
1882.090096   13.164150   0.108330
1882.109365   13.171490   0.089120
1882.121972   13.195740   0.078800
1882.131558   13.247140   0.060670
1882.141120   13.215890   0.096350
1882.150540   13.159250   0.062100
1882.160119   13.211020   0.071730
1882.169652   13.154290   0.069400
1882.179008   13.222170   0.068890
1882.188466   13.213150   0.078590
1882.198063   13.212470   0.089500
1882.217722   13.270580   0.114330
1882.227231   13.239710   0.109920
1882.236839   13.155110   0.106360
1882.266006   13.244440   0.072000
1882.275585   13.237210   0.119290
1882.285301   13.161840   0.115260
1882.295361   13.148360   0.109390
1882.325032   13.166310   0.109760
1882.334886   13.221980   0.102540
1882.344919   13.167150   0.113070
1882.364587   13.173340   0.104230
1882.374737   13.155660   0.110070
1883.093660   13.181740   0.052080
1883.103366   13.187300   0.073730
1883.112818   13.231910   0.052690
1883.122237   13.255140   0.062700
1883.131900   13.201200   0.050810
1883.141295   13.197890   0.057420
1883.150882   13.156480   0.059810
1883.160374   13.189400   0.068120
1883.169871   13.190920   0.069820
1883.179271   13.189860   0.052820
1883.188727   13.190100   0.050960
1883.198404   13.207350   0.066760
1883.207904   13.207850   0.064500
1883.217549   13.164980   0.068890
1883.226897   13.229800   0.071360
1883.236210   13.159070   0.068240
1883.245790   13.192920   0.069190
1883.255334   13.249200   0.075630
1883.265175   13.166820   0.071890
1883.274780   13.202050   0.075940
1883.284849   13.181160   0.091540
1883.294394   13.196900   0.093420
1883.304305   13.192770   0.095780
1883.314080   13.193190   0.094310
1883.323720   13.162940   0.094260
1883.333437   13.181960   0.083200
1883.343435   13.158360   0.086110
1883.353548   13.154980   0.090580
1883.363493   13.143620   0.077510
1883.373027   13.190710   0.083270
1883.382657   13.173930   0.086590
1883.392439   13.221200   0.087430
1883.402040   13.231230   0.087000
1883.410061   13.213900   0.093010
1883.417485   13.211120   0.094350
1883.423677   13.290100   0.092610
1883.428949   13.210030   0.090490
1883.433300   13.255060   0.099570
1883.436812   13.205670   0.089220
1883.440325   13.161800   0.093770
1883.443180   13.180240   0.091290
1883.444926   13.225570   0.095690
1883.446707   13.174300   0.084120
1883.448508   13.170330   0.087210
1883.507335   13.219300   0.094780
1883.517022   13.232690   0.094390
1883.526655   13.225120   0.105080
1883.536232   13.149540   0.111660
1883.545818   13.130010   0.107560
1883.555341   13.167740   0.108290
1883.565051   13.166370   0.108790
1883.574608   13.179580   0.111490
1883.584302   13.204940   0.111470
1883.593915   13.286630   0.101640
1884.099534   13.199090   0.025650
1884.109140   13.191560   0.024710
1884.118686   13.188350   0.031600
1884.128292   13.187780   0.039210
1884.137551   13.190600   0.029170
1884.147279   13.194710   0.030630
1884.156774   13.211090   0.033740
1884.166197   13.175780   0.040680
1884.175960   13.191150   0.042850
1884.185414   13.193230   0.036390
1884.194977   13.214710   0.029450
1884.204574   13.200640   0.032980
1884.214174   13.192870   0.030380
1884.223839   13.222110   0.035060
1884.233272   13.214690   0.049650
1884.242628   13.194730   0.026910
1884.252195   13.196680   0.025600
1884.261682   13.217450   0.027370
1884.271201   13.206740   0.027660
1884.280876   13.189510   0.029500
1884.290846   13.202630   0.032010
1884.300573   13.199310   0.036280
1884.310420   13.168720   0.052590
1884.320206   13.192130   0.033730
1884.330156   13.200250   0.034470
1884.340081   13.173020   0.041940
1884.350052   13.209620   0.042320
1884.360119   13.190250   0.032450
1884.370060   13.202590   0.034540
1884.379738   13.207060   0.036980
1884.389528   13.175340   0.028000
1884.399065   13.199650   0.030950
1884.406881   13.164820   0.036500
1884.413865   13.184410   0.041070
1884.420368   13.179750   0.045130
1884.425635   13.178630   0.032510
1884.430150   13.188590   0.028540
1884.433678   13.185770   0.032340
1884.437202   13.181670   0.032390
1884.439908   13.180350   0.034590
1884.441669   13.194960   0.033780
1884.443407   13.195320   0.032700
1884.445186   13.179680   0.031410
1884.446926   13.187650   0.043740
1884.503638   13.184140   0.028640
1884.513187   13.155900   0.035500
1884.522993   13.186690   0.030430
1884.532900   13.172390   0.027600
1884.542819   13.191730   0.033620
1884.552706   13.173470   0.038150
1884.562458   13.190500   0.024480
1884.572213   13.170780   0.030350
1884.581820   13.183380   0.025410
1884.591479   13.184790   0.033950
1884.600983   13.237740   0.029620
1884.610820   13.179600   0.027320
1884.886961   13.189730   0.073560
1884.896459   13.131360   0.071560
1884.906042   13.254820   0.072930
1884.915643   13.169210   0.083480
1884.925737   13.172000   0.065520
1884.935570   13.226850   0.085910
1884.945448   13.179230   0.071400
1884.954875   13.205850   0.077490
1884.964329   13.195780   0.073940
1884.974229   13.215310   0.085640
1884.983546   13.170170   0.084930
1884.993441   13.183900   0.080330
1885.003341   13.184660   0.071780
1885.013229   13.175540   0.081230
1885.022911   13.191900   0.080520
1885.032502   13.190690   0.096380
1885.042137   13.187640   0.090440
1885.052183   13.192740   0.098290
1885.061957   13.258560   0.105960
1885.071678   13.185550   0.108570
1885.081209   13.120770   0.091060
1885.090973   13.180080   0.114700
1885.100847   13.238780   0.114430
1885.278794   13.211480   0.063650
1885.288696   13.190850   0.078710
1885.298475   13.178100   0.067760
1885.308250   13.183630   0.067260
1885.318087   13.154530   0.069700
1885.328301   13.208830   0.082090
1885.338019   13.212030   0.057300
1885.347960   13.160880   0.097500
1885.357853   13.218480   0.103340
1885.367578   13.238870   0.103650
1885.377344   13.175230   0.113520
1885.386938   13.339950   0.073000
1885.396599   13.095680   0.100690
1885.404395   13.221280   0.100810
1885.411445   13.247960   0.109270
1885.417511   13.239150   0.107350
1885.422739   13.187940   0.060100
1885.427461   13.162000   0.083380
1885.430989   13.215380   0.093820
1885.434637   13.202910   0.100810
1885.437356   13.251270   0.103760
1885.439093   13.191280   0.101320
1885.440779   13.240210   0.085290
1885.442624   13.210830   0.099790
1885.444416   13.168620   0.099350
1885.502228   13.234270   0.108410
1885.521821   13.197810   0.108060
1885.531512   13.199620   0.106710
1885.541243   13.182900   0.103080
1885.551133   13.118120   0.097230
1885.560860   13.140440   0.097020
1885.570601   13.184840   0.097030
1885.580312   13.117570   0.080910
1885.590133   13.143110   0.084310
1886.072366   13.198460   0.022810
1886.082057   13.182820   0.024770
1886.091456   13.174910   0.025190
1886.101064   13.176510   0.027250
1886.110701   13.193950   0.026210
1886.120214   13.193880   0.026330
1886.129544   13.202540   0.027610
1886.138882   13.186070   0.028870
1886.148233   13.188800   0.028060
1886.157943   13.197960   0.028990
1886.167550   13.207760   0.035780
1886.177101   13.166590   0.034140
1886.186997   13.186340   0.034700
1886.196609   13.186700   0.037370
1886.206153   13.192050   0.042170
1886.215757   13.170790   0.045570
1886.225422   13.178180   0.062850
1886.234829   13.164050   0.059130
1886.244630   13.182180   0.059800
1886.254426   13.163540   0.040430
1886.263771   13.187410   0.034060
1886.273578   13.181240   0.064280
1886.283270   13.179660   0.034940
1886.293134   13.201300   0.035110
1886.303115   13.184730   0.043770
1886.312914   13.173740   0.037820
1886.322818   13.190220   0.039510
1886.332859   13.185330   0.040030
1886.342543   13.179430   0.037420
1886.352534   13.182650   0.038680
1886.362281   13.213090   0.042910
1886.372003   13.170260   0.046030
1886.381496   13.175340   0.044920
1886.391198   13.194820   0.047230
1886.399994   13.217460   0.045990
1886.408171   13.194780   0.047920
1886.414363   13.187160   0.063810
1886.419581   13.239220   0.063110
1886.423873   13.196420   0.055310
1886.427459   13.184360   0.054710
1886.431086   13.183910   0.054890
1886.433748   13.180290   0.063880
1886.435540   13.222010   0.066160
1886.437293   13.152990   0.056480
1886.439058   13.209020   0.053830
1886.441348   13.238630   0.118230
