1863.169882   10.511940   0.005830
1863.179028   10.502740   0.006240
1863.188111   10.501390   0.006930
1863.197263   10.503630   0.006530
1863.206453   10.508040   0.006350
1863.215516   10.506140   0.007330
1863.224486   10.500160   0.006930
1863.233708   10.515610   0.007450
1863.243026   10.511200   0.007450
1863.252052   10.519080   0.006820
1863.260978   10.519090   0.006580
1863.270074   10.523770   0.007330
1863.279229   10.528290   0.006700
1863.288341   10.519920   0.006410
1863.297662   10.530790   0.006060
1863.306748   10.531220   0.006750
1863.315898   10.528210   0.006810
1863.325261   10.519410   0.006750
1863.334632   10.524690   0.006930
1863.344416   10.523670   0.006870
1863.353962   10.522410   0.006750
1863.363511   10.515700   0.006180
1863.372640   10.508800   0.005890
1863.381795   10.506900   0.005890
1863.391577   10.503150   0.006060
1863.400670   10.506620   0.006350
1863.410157   10.506730   0.006240
1863.419415   10.504450   0.006470
1863.428728   10.504990   0.006750
1863.438171   10.505890   0.006930
1863.447725   10.505690   0.007100
1863.457038   10.504670   0.007910
1863.464667   10.513670   0.008950
1863.471563   10.503480   0.009300
1863.477686   10.507600   0.008830
1863.482900   10.518670   0.008890
1863.487037   10.511620   0.009240
1863.490505   10.509810   0.009180
1863.494064   10.510880   0.008830
1863.496621   10.518700   0.009240
1863.498272   10.514530   0.009180
1863.500087   10.507290   0.009470
1863.501889   10.517840   0.009700
1863.503937   10.517760   0.013760
1864.122118   10.509960   0.004970
1864.131216   10.508680   0.006120
1864.140349   10.507050   0.005540
1864.149328   10.505480   0.005430
1864.158727   10.508720   0.005370
1864.168077   10.517250   0.006410
1864.177441   10.510270   0.006000
1864.186471   10.510330   0.005200
1864.195786   10.507640   0.006180
1864.204761   10.509420   0.005720
1864.213956   10.516900   0.005540
1864.223275   10.510720   0.005370
1864.232312   10.512600   0.006120
1864.241734   10.510300   0.006240
1864.250994   10.513060   0.005540
1864.260292   10.511310   0.006350
1864.269452   10.512810   0.005720
1864.278712   10.512030   0.006410
1864.288040   10.513590   0.006410
1864.297228   10.515730   0.006240
1864.306786   10.514380   0.006410
1864.315982   10.511770   0.006530
1864.325240   10.515260   0.006410
1864.334830   10.511820   0.006240
1864.344223   10.497730   0.007970
1864.353629   10.506030   0.007740
1864.362884   10.509550   0.008310
1864.372284   10.513220   0.009530
1864.381718   10.512470   0.008550
1864.391386   10.514370   0.007450
1864.401175   10.504690   0.008780
1864.410777   10.510940   0.008140
1864.420158   10.526590   0.008200
1864.429378   10.503250   0.008490
1864.438639   10.497320   0.009530
1864.448098   10.497370   0.010620
1864.457409   10.498840   0.011080
1864.465120   10.516370   0.010570
1864.472313   10.511680   0.011780
1864.477494   10.503140   0.013170
1864.482643   10.490640   0.017050
1864.486002   10.489700   0.022980
1864.489646   10.488200   0.020090
1864.492216   10.505550   0.015470
1864.494776   10.505740   0.015880
1864.496480   10.515750   0.016400
1864.498365   10.515700   0.016340
1864.500091   10.511620   0.017090
1864.501760   10.508400   0.016280
1865.081649   10.508510   0.006410
1865.090914   10.523350   0.006930
1865.103000   10.514430   0.006640
1865.112265   10.513180   0.006530
1865.121493   10.510640   0.007450
1865.180915   10.513680   0.004850
1865.189934   10.512840   0.004160
1865.199137   10.510550   0.005080
1865.208040   10.513490   0.004160
1865.217207   10.508210   0.005720
1865.226382   10.507250   0.005490
1865.235932   10.508120   0.005830
1865.245886   10.508850   0.005890
1865.255783   10.505560   0.005830
1865.265750   10.508670   0.007220
1865.275774   10.504250   0.006470
1865.285892   10.509470   0.005770
1865.295973   10.514030   0.006410
1865.306185   10.509840   0.006290
1865.316145   10.498570   0.006120
1865.326150   10.504200   0.006530
1865.336276   10.511450   0.007390
1865.346577   10.509850   0.006750
1865.356675   10.508250   0.006700
1865.366659   10.495520   0.007280
1865.376904   10.506180   0.007280
1865.387088   10.504300   0.007390
1865.397153   10.509690   0.007450
1865.407149   10.507150   0.007220
1865.417333   10.507610   0.007040
1865.427630   10.501270   0.007330
1865.437669   10.509300   0.007280
1865.448171   10.505510   0.008600
1865.457324   10.506570   0.008830
1865.465615   10.501720   0.009470
1865.471988   10.501230   0.011200
1865.477591   10.512040   0.013050
1865.482335   10.498120   0.011030
1865.486159   10.501400   0.012710
1865.489785   10.504810   0.011270
1865.492667   10.502610   0.010860
1865.494427   10.507350   0.010620
1865.496283   10.515740   0.010100
1865.498551   10.522820   0.016770
1866.165339   10.503470   0.004680
1866.174723   10.504390   0.004680
1866.184057   10.514020   0.004730
1866.193410   10.506790   0.004790
1866.202706   10.507190   0.005020
1866.212035   10.513290   0.005020
1866.221409   10.510900   0.005200
1866.230791   10.509020   0.005020
1866.240551   10.508610   0.005020
1866.250004   10.506930   0.005020
1866.259354   10.513640   0.005200
1867.193045   10.507740   0.003750
1867.202355   10.509300   0.003810
1867.211516   10.509790   0.003810
1867.220585   10.508110   0.003980
1867.230131   10.514320   0.003980
1867.239707   10.508580   0.003980
1867.249230   10.507550   0.003980
1867.258785   10.508320   0.003980
1867.268385   10.509500   0.004160
1867.277702   10.507230   0.004160
1867.287153   10.507190   0.004160
1867.296854   10.507970   0.004210
1867.306121   10.505280   0.004270
1867.315500   10.509220   0.004330
1867.325094   10.502810   0.004330
1867.334502   10.510520   0.004500
1867.344482   10.508140   0.004500
1867.354030   10.507090   0.004500
1867.363492   10.503890   0.004850
1867.372735   10.511230   0.004680
1867.382212   10.507540   0.004790
1867.391671   10.502270   0.004970
1867.401392   10.507830   0.004910
1867.410805   10.503670   0.004850
1867.420288   10.510830   0.005370
1867.429722   10.498510   0.005770
1867.439192   10.501760   0.005540
1867.448574   10.505380   0.006060
1867.456168   10.505830   0.005540
1867.463320   10.510230   0.005720
1867.469421   10.503770   0.005720
1867.473939   10.501710   0.004970
1867.478291   10.506010   0.004680
1867.481655   10.510140   0.004680
1867.484335   10.503060   0.004850
1867.486951   10.504170   0.004850
1867.488639   10.506260   0.004850
1867.490315   10.504460   0.005020
1867.492002   10.504800   0.004850
1867.493724   10.507600   0.004850
1868.197661   10.500180   0.005830
1868.207123   10.514300   0.005950
1868.216495   10.504350   0.006760
1868.225986   10.505880   0.006580
1868.235811   10.511620   0.007100
1868.245580   10.514900   0.007220
1868.255259   10.508750   0.007330
1868.264815   10.502790   0.007790
1868.274279   10.510500   0.008490
1868.283929   10.519840   0.007740
1868.293537   10.523260   0.010220
1868.303104   10.518320   0.010910
1868.312574   10.530800   0.011140
1868.322548   10.524740   0.008550
1868.332083   10.529150   0.008430
1868.341800   10.526410   0.008720
1868.351466   10.521160   0.009930
1868.360837   10.527500   0.009930
1868.370659   10.520930   0.009700
1868.380417   10.516850   0.009870
1868.390367   10.511560   0.009640
1868.399668   10.519160   0.009760
1868.409622   10.500600   0.010220
1868.419023   10.507740   0.009870
1868.428372   10.505070   0.009930
1868.437691   10.502640   0.010280
1868.446987   10.501900   0.010160
1868.454949   10.503230   0.010510
1868.461066   10.503990   0.010450
1868.467151   10.499490   0.010740
1868.471440   10.502270   0.011140
1868.475710   10.502720   0.012130
1868.479187   10.489750   0.012410
1868.481793   10.507940   0.012240
1868.484421   10.507420   0.011950
1868.486154   10.506380   0.011430
1868.487874   10.504050   0.011780
1868.489584   10.504230   0.011840
1868.491280   10.499130   0.012130
1868.552972   10.500220   0.017440
1868.562396   10.507770   0.015940
1868.571961   10.445330   0.031960
1868.581607   10.495930   0.024940
1868.591155   10.513560   0.025860
1868.600621   10.483740   0.032450
1868.610180   10.467280   0.025400
1868.619726   10.509150   0.063460
1868.629139   10.605060   0.050900
1869.239644   10.522520   0.013860
1869.249027   10.533650   0.014430
1869.258676   10.526190   0.015760
1869.268460   10.519100   0.017780
1869.278238   10.532110   0.019690
1869.287800   10.514320   0.019630
1869.297392   10.526510   0.020620
1869.307040   10.521580   0.022290
1869.316723   10.512260   0.030390
1869.326588   10.533780   0.027370
1869.336288   10.505250   0.030320
1869.345989   10.532040   0.032450
1869.356015   10.509740   0.043030
1869.365922   10.508160   0.037500
1869.375609   10.530390   0.042910
1869.384959   10.467110   0.056320
1869.394348   10.498650   0.038330
1869.403953   10.508240   0.052620
1869.413491   10.468940   0.055270
1869.422812   10.517350   0.058960
1869.432155   10.519730   0.059780
1869.441546   10.493310   0.065910
1869.456537   10.454280   0.068830
1869.462798   10.515230   0.074950
1869.468262   10.480890   0.047100
1869.472681   10.501120   0.067090
1869.476266   10.509970   0.070760
1869.478887   10.525630   0.070720
1869.481532   10.497420   0.070740
1869.483271   10.503090   0.074310
1869.485003   10.497680   0.071030
1869.486872   10.446260   0.042600
1869.488477   10.505020   0.060820
1869.544878   10.574210   0.091660
1869.554590   10.547370   0.110820
1869.564207   10.594450   0.113860
1870.219778   10.521570   0.004270
1870.229270   10.519360   0.004330
1870.238762   10.510150   0.004620
1870.248135   10.506120   0.004500
1870.257691   10.503890   0.005020
1870.267266   10.495960   0.004680
1870.276950   10.505270   0.004850
1870.286498   10.503100   0.004850
1870.295849   10.503220   0.004680
1870.305565   10.499560   0.004850
1870.315197   10.504160   0.005370
1870.325274   10.512830   0.005430
1870.335174   10.510090   0.005200
1870.344892   10.504970   0.005370
1870.354573   10.501880   0.006000
1870.364104   10.512540   0.007450
1870.373603   10.506330   0.007160
1870.383600   10.503500   0.007970
1870.393243   10.501020   0.009180
1870.402820   10.508080   0.012240
1870.412418   10.501660   0.011490
1870.421719   10.502450   0.011490
1870.431056   10.502660   0.011950
1870.440608   10.490600   0.009870
1870.448993   10.507310   0.009070
1870.456179   10.504070   0.009010
1870.461756   10.498080   0.010570
1870.466593   10.497510   0.011490
1870.470290   10.504440   0.010390
1870.474034   10.504380   0.011720
1870.476825   10.504460   0.012700
1870.478569   10.499180   0.012410
1870.480341   10.498580   0.011660
1870.482097   10.498310   0.011950
1870.483838   10.502120   0.012700
1870.485602   10.510890   0.012300
1871.136689   10.504270   0.004680
1871.146179   10.509950   0.004680
1871.155384   10.502880   0.004680
1871.164955   10.505890   0.004850
1871.174269   10.502420   0.004850
1871.183469   10.498070   0.005020
1871.192872   10.514360   0.004850
1871.202392   10.505000   0.005020
1871.211865   10.505560   0.005490
1871.221273   10.512120   0.005600
1871.230922   10.503240   0.005260
1871.240394   10.508320   0.005200
1871.250018   10.510250   0.005260
1871.259511   10.494820   0.005200
1871.269122   10.501840   0.005260
1871.278903   10.506880   0.005370
1871.288648   10.513920   0.005540
1871.298226   10.509290   0.005370
1871.307789   10.500440   0.005600
1871.317562   10.504100   0.005720
1871.327342   10.517990   0.006060
1871.337079   10.504310   0.006350
1871.346725   10.508240   0.006530
1871.356495   10.505360   0.006350
1871.366277   10.500200   0.006930
1871.375944   10.508690   0.007100
1871.385808   10.505980   0.007510
1871.395399   10.508210   0.007970
1871.404882   10.508390   0.008830
1871.414342   10.500080   0.008490
1871.423744   10.501610   0.008310
1871.433495   10.511750   0.008370
1871.442405   10.507200   0.007850
1871.449670   10.494230   0.007850
1871.455742   10.504610   0.008140
1871.461191   10.506950   0.008550
1871.465968   10.504790   0.008310
1871.469461   10.510860   0.008310
1871.472994   10.510510   0.008310
1871.476070   10.508360   0.007970
1871.477819   10.513010   0.008030
1871.479709   10.514380   0.007970
1871.481438   10.510830   0.007970
1871.550420   10.507260   0.008490
1871.559908   10.505350   0.008600
1871.569340   10.513690   0.008950
1871.578835   10.509880   0.009470
1871.588334   10.518900   0.010280
1871.597765   10.506260   0.011840
1871.607264   10.507620   0.013450
1871.616819   10.483440   0.015710
1871.626324   10.503680   0.018940
1872.324463   10.504970   0.005200
1872.334315   10.506200   0.005370
1872.344041   10.511340   0.005370
1872.353623   10.504190   0.005370
1872.363427   10.511390   0.005370
1872.373279   10.508900   0.005370
1872.383099   10.504980   0.005370
1872.392766   10.509090   0.005370
1872.402203   10.503560   0.005430
1872.412032   10.498660   0.005540
1872.421585   10.494570   0.005720
1872.431130   10.511530   0.005890
1872.439874   10.510910   0.005890
1872.447517   10.505260   0.005890
1872.454162   10.507590   0.006060
1872.459603   10.513990   0.006350
1872.463903   10.507990   0.006410
1872.467716   10.514290   0.006290
1872.470496   10.515500   0.006350
1872.473152   10.509960   0.006410
1872.474857   10.517480   0.006410
1872.476617   10.515890   0.006410
1872.478370   10.514820   0.006470
1872.480228   10.511490   0.006470
1872.541663   10.505720   0.007620
1872.550845   10.511100   0.007790
1872.560270   10.511690   0.008030
1872.569828   10.503700   0.008370
1872.579400   10.499390   0.008890
1872.588943   10.510470   0.009700
1872.598488   10.514230   0.010910
1872.608116   10.510870   0.012530
1872.617527   10.519750   0.014490
1872.627101   10.495250   0.017030
1872.636625   10.484880   0.021420
1872.646041   10.521400   0.027890
1873.229437   10.505600   0.005830
1873.238826   10.503630   0.006060
1873.248403   10.510310   0.005950
1873.258009   10.499640   0.005950
1873.267456   10.499980   0.006060
1873.276959   10.497130   0.006120
1873.286788   10.515200   0.006240
1873.296275   10.513980   0.006290
1873.305896   10.509130   0.006640
1873.315548   10.514370   0.006640
1873.325684   10.519630   0.006750
1873.335346   10.530940   0.006990
1873.344943   10.516420   0.007100
1873.354842   10.516980   0.006810
1873.364691   10.530570   0.007280
1873.374458   10.529930   0.007100
1873.383960   10.523270   0.006870
1873.393856   10.519650   0.006990
1873.403606   10.514500   0.007160
1873.413210   10.519480   0.007740
1873.422938   10.515880   0.007790
1873.432622   10.515670   0.007280
1873.441010   10.512940   0.007040
1873.447044   10.507010   0.006990
1873.453044   10.506680   0.007100
1873.457630   10.505270   0.007160
1873.462090   10.506540   0.007280
1873.465548   10.508090   0.007280
1873.468261   10.510420   0.007330
1873.470892   10.502260   0.007510
1873.472722   10.513680   0.007390
1873.474437   10.514080   0.007390
1873.476606   10.512100   0.010450
1873.539458   10.496740   0.023350
1873.548852   10.502070   0.018430
1873.558313   10.498960   0.014380
1873.567696   10.506640   0.014090
1873.577180   10.509260   0.015940
1873.586745   10.504340   0.013280
1873.596227   10.504200   0.017670
1873.605773   10.499630   0.017610
1873.615321   10.492120   0.016280
1873.624816   10.515050   0.017030
1874.032527   10.499810   0.004330
1874.041923   10.509110   0.004560
1874.051714   10.505020   0.004500
1874.061193   10.506600   0.004390
1874.070741   10.504990   0.004500
1874.080230   10.512010   0.004680
1874.089638   10.508370   0.004500
1874.098984   10.510230   0.004680
1874.108441   10.500340   0.004620
1874.117749   10.503770   0.004730
1874.127103   10.501160   0.004730
1874.136654   10.507380   0.004850
1874.145982   10.496400   0.005020
1874.155173   10.498540   0.005310
1874.164605   10.503530   0.005540
1874.174153   10.509630   0.006410
1874.183645   10.508830   0.007680
1874.193053   10.498120   0.009700
1874.202515   10.509790   0.010220
1874.212179   10.525070   0.010920
1874.222051   10.519600   0.009760
1874.593715   10.521080   0.016510
1874.603390   10.511600   0.015360
1874.613039   10.510880   0.017730
1876.992585   10.509260   0.004390
1877.002277   10.514760   0.004500
1877.012009   10.506300   0.004560
1877.021623   10.506760   0.004500
1877.031340   10.507430   0.004730
1877.041094   10.510410   0.004680
1877.050632   10.511510   0.004500
1877.060512   10.514230   0.004560
1877.070280   10.519020   0.004680
1877.080037   10.506160   0.004680
1877.089835   10.511380   0.004680
1877.099542   10.521370   0.004850
1877.109324   10.508810   0.005200
1877.119234   10.517230   0.005200
1877.128562   10.512140   0.004970
1877.137988   10.506170   0.004910
1877.147449   10.505050   0.005370
1877.157081   10.510050   0.005200
1877.166514   10.502040   0.005080
1877.175811   10.504080   0.005020
1877.185180   10.504980   0.005200
1877.194638   10.504460   0.005140
1877.204359   10.502740   0.005080
1877.213829   10.508090   0.005020
1877.223290   10.500790   0.005200
1877.232928   10.510110   0.005140
1877.242583   10.503000   0.005310
1877.252102   10.498130   0.005310
1877.261424   10.512140   0.005370
1877.271317   10.506550   0.005140
1877.280810   10.496780   0.005020
1877.290913   10.502420   0.005200
1877.300784   10.510780   0.005540
1877.310552   10.498940   0.005140
1877.320329   10.511320   0.005540
1877.330019   10.509680   0.005260
1877.339609   10.510190   0.005080
1877.349339   10.497750   0.005370
1877.359563   10.505500   0.005080
1877.369289   10.507150   0.005370
1877.379166   10.506940   0.005370
1877.389199   10.507660   0.005660
1877.398748   10.505790   0.006000
1877.408188   10.508570   0.005950
1877.417610   10.503090   0.005770
1877.426444   10.509370   0.005600
1877.433416   10.504010   0.005890
1877.439426   10.506610   0.006180
1877.444578   10.497250   0.006060
1877.449101   10.503600   0.005830
1877.452622   10.500110   0.006300
1877.456119   10.507890   0.005950
1877.458826   10.512200   0.005890
1877.460660   10.506660   0.006000
1877.462441   10.509590   0.005950
1877.464144   10.510040   0.006060
1877.465872   10.508600   0.006060
1877.528546   10.509540   0.006930
1877.538164   10.510400   0.007100
1877.547759   10.506030   0.007450
1877.557433   10.496560   0.007680
1877.566991   10.508490   0.007740
1877.956588   10.504510   0.006060
1877.966360   10.506240   0.005780
1877.975795   10.501000   0.005020
1877.985575   10.508650   0.004680
1877.995071   10.504870   0.004500
1878.004964   10.506680   0.004500
1878.014335   10.505840   0.004680
1878.023915   10.510470   0.003820
1878.033403   10.502150   0.004500
1878.042881   10.497560   0.004450
1878.052477   10.507790   0.004850
1878.062202   10.503530   0.004730
1878.072038   10.507370   0.004850
1878.081838   10.499840   0.004910
1878.091595   10.502480   0.004850
1878.101204   10.501650   0.004910
1878.111056   10.506680   0.005020
1878.120475   10.504190   0.005020
1878.129972   10.498620   0.005370
1878.139452   10.507490   0.006060
1878.148981   10.505370   0.009010
1878.158293   10.519250   0.008200
1878.167692   10.512150   0.005540
1878.177309   10.510640   0.005370
1878.186872   10.507370   0.006530
1878.196273   10.504010   0.006410
1878.206054   10.502200   0.007040
1878.215833   10.504350   0.007390
1878.225557   10.497540   0.007390
1878.235117   10.495630   0.006410
1878.244657   10.503950   0.006580
1878.254352   10.499310   0.006870
1878.263984   10.496900   0.007390
1878.273770   10.503070   0.007510
1878.283405   10.512900   0.007970
1878.293079   10.495940   0.007790
1878.302887   10.512360   0.009350
1878.312828   10.501830   0.009530
1878.322431   10.496890   0.009350
1878.332111   10.509700   0.009820
1878.342126   10.506640   0.007000
1878.351898   10.497240   0.008030
1878.361666   10.512630   0.007790
1878.371492   10.519160   0.007970
1878.381052   10.513420   0.008550
1878.390611   10.514360   0.006430
1878.400035   10.512510   0.007970
1878.409523   10.522080   0.007620
1878.419250   10.512810   0.008200
1878.427139   10.527410   0.008490
1878.434256   10.511150   0.006930
1878.439734   10.521810   0.008600
1878.444205   10.523890   0.006860
1878.448555   10.520140   0.006720
1878.452064   10.517410   0.008260
1878.454721   10.522240   0.008140
1878.457364   10.515530   0.008140
1878.459093   10.521100   0.008260
1878.460943   10.524950   0.008260
1878.463071   10.523420   0.011680
1878.523903   10.510490   0.008370
1878.533380   10.505760   0.008490
1878.542754   10.505220   0.008310
1878.552323   10.511650   0.008780
1878.561961   10.506460   0.009990
1878.571685   10.514200   0.013400
1878.581234   10.514200   0.012360
1878.590773   10.509160   0.012990
1878.600390   10.499410   0.016220
1878.885725   10.502180   0.009640
1878.896259   10.508680   0.008140
1878.907039   10.503600   0.007620
1878.917827   10.505010   0.007680
1878.928636   10.506240   0.007740
1878.939490   10.505990   0.006990
1878.950209   10.508790   0.006060
1878.960985   10.507620   0.006000
1878.971663   10.504980   0.005770
1878.982256   10.508000   0.005890
1878.992862   10.505070   0.005890
1879.003349   10.502960   0.006240
1879.014056   10.504490   0.006240
1879.024781   10.509860   0.006350
1879.035403   10.508350   0.006810
1879.046338   10.510370   0.006870
1879.056998   10.507120   0.007100
1879.067120   10.506980   0.007280
1879.077625   10.510100   0.007280
1879.087804   10.507140   0.007450
1879.097718   10.516050   0.007970
1879.108265   10.509250   0.008310
1879.118677   10.518810   0.008720
1879.128946   10.503800   0.007140
1879.138951   10.508890   0.008310
1879.148948   10.508540   0.009300
1879.158753   10.510150   0.009530
1879.168681   10.509600   0.009470
1879.178653   10.506150   0.009700
1879.188532   10.519600   0.010050
1879.198658   10.516380   0.010050
1879.208980   10.513090   0.010100
1879.219105   10.510900   0.010220
1879.229198   10.504720   0.010220
1879.239692   10.515360   0.010340
1879.249885   10.503350   0.010050
1879.259988   10.509970   0.009820
1879.270136   10.510150   0.009760
1879.279998   10.499750   0.007920
1879.290256   10.510780   0.009700
1879.300321   10.505670   0.009760
1879.310604   10.504510   0.009820
1879.321132   10.512420   0.009870
1879.331398   10.510630   0.009870
1879.341711   10.510120   0.009990
1879.352168   10.514450   0.010160
1879.362239   10.512670   0.010160
1879.372581   10.511310   0.010220
1879.383093   10.521750   0.006000
1879.393142   10.512960   0.010570
1879.403333   10.515510   0.010800
1879.413718   10.510130   0.010910
1879.422210   10.515540   0.011200
1879.430290   10.509770   0.011490
1879.436891   10.520480   0.011660
1879.441492   10.506950   0.011720
1879.445571   10.512860   0.011950
1879.449457   10.521290   0.012180
1879.452342   10.509410   0.009900
1879.454194   10.519330   0.012300
1879.456055   10.505800   0.009970
1879.457932   10.512510   0.012410
1879.460282   10.508950   0.017640
1879.524043   10.509210   0.015190
1879.534146   10.511380   0.015650
1879.544253   10.521020   0.016110
1879.554321   10.497080   0.009400
1879.564508   10.505570   0.016690
1879.574677   10.493640   0.017090
1879.584814   10.506780   0.017780
1879.594935   10.510340   0.017960
1879.605121   10.518580   0.019280
1879.615186   10.493520   0.019860
1879.625350   10.507290   0.022400
1879.885631   10.509490   0.010620
1879.895153   10.513750   0.008950
1879.904711   10.509620   0.007280
1879.914664   10.508160   0.006060
1879.924232   10.505060   0.005310
1879.933937   10.502960   0.004910
1879.943742   10.509390   0.004500
1879.953255   10.506680   0.004330
1879.962965   10.500990   0.004160
1879.972299   10.513840   0.004330
1879.982133   10.516130   0.004330
1879.991480   10.509570   0.004500
1880.001350   10.505050   0.004500
1880.010995   10.510890   0.004790
1880.020489   10.508000   0.004790
1880.030167   10.514180   0.004850
1880.040004   10.508380   0.004790
1880.050020   10.509880   0.004850
1880.059700   10.509520   0.004850
1880.069635   10.505820   0.004910
1880.079469   10.511250   0.005080
1880.089000   10.515700   0.005020
1880.098524   10.503590   0.005200
1880.108072   10.514030   0.005370
1880.117530   10.501230   0.005020
1880.127140   10.507220   0.005200
1880.200091   10.516480   0.005540
1880.209735   10.511590   0.005720
1880.219431   10.500930   0.005600
1880.229324   10.506000   0.005430
1880.238989   10.505610   0.005370
1880.248836   10.510030   0.005370
1880.258298   10.507110   0.005540
1880.267686   10.508860   0.005720
1880.277275   10.507080   0.005770
1880.286928   10.500510   0.006240
1880.306613   10.510640   0.005720
1880.369120   10.510090   0.005660
1880.684731   10.494670   0.013280
1880.693935   10.503090   0.013800
1880.703424   10.488850   0.016050
1880.712965   10.492360   0.018760
1880.722745   10.483970   0.022920
1880.732752   10.497420   0.028120
1880.743114   10.520860   0.033780
1880.753480   10.555300   0.042490
1880.828480   10.486360   0.036320
1880.839020   10.529980   0.031010
1880.967707   10.524570   0.005430
1880.977730   10.520040   0.005430
1880.987626   10.514070   0.004850
1880.997175   10.522660   0.004850
1881.007352   10.514060   0.004970
1881.017262   10.507360   0.004970
1881.027023   10.504400   0.005200
1881.036583   10.505650   0.005140
1881.046307   10.501260   0.005200
1881.055914   10.507100   0.005540
1881.065565   10.499990   0.005430
1881.075352   10.497170   0.005660
1881.085120   10.504080   0.005430
1881.094964   10.509110   0.005310
1881.104801   10.505920   0.005080
1881.114937   10.506130   0.006060
1881.124474   10.515610   0.005660
1881.134326   10.509360   0.005830
1881.143810   10.508900   0.005200
1881.153419   10.505570   0.005950
1881.163015   10.503020   0.005540
1881.171357   10.504630   0.005200
1881.180981   10.506170   0.005430
1881.190627   10.498520   0.005020
1881.200550   10.499390   0.005200
1881.210473   10.509080   0.005490
1881.220305   10.500390   0.005660
1881.230199   10.504820   0.005540
1881.239668   10.500160   0.005720
1881.249328   10.504860   0.005720
1881.258917   10.510070   0.005720
1881.268352   10.502890   0.005890
1881.278189   10.507550   0.005890
1881.288137   10.502590   0.005890
1881.297680   10.508470   0.005890
1881.307337   10.504910   0.006060
1881.317394   10.512540   0.006240
1881.327336   10.503980   0.006410
1881.337373   10.510540   0.006410
1881.347129   10.510830   0.006470
1881.357110   10.508440   0.006580
1881.366722   10.501240   0.006750
1881.376276   10.512410   0.006750
1881.386104   10.512770   0.007100
1881.395996   10.503210   0.007100
1881.405772   10.497070   0.007280
1881.414838   10.505670   0.007280
1881.422098   10.503640   0.007450
1881.428287   10.500360   0.007390
1881.433496   10.507860   0.007450
1881.437835   10.510330   0.007560
1881.441542   10.510980   0.007790
1881.445078   10.510420   0.007850
1881.447777   10.509470   0.007790
1881.449541   10.515280   0.007790
1881.451276   10.514360   0.007850
1881.453055   10.513510   0.007970
1881.455245   10.510400   0.011190
1881.512259   10.506920   0.008260
1881.522032   10.507120   0.008660
1881.531584   10.511590   0.009010
1881.541053   10.502140   0.008950
1881.550943   10.513530   0.009010
1881.560601   10.506480   0.009240
1881.570473   10.505180   0.009300
1881.580253   10.505430   0.009930
1881.589860   10.510340   0.009760
1881.599577   10.502260   0.010510
1881.609472   10.515510   0.010220
1881.619114   10.508890   0.011140
1881.628942   10.508070   0.012010
1881.638590   10.505910   0.012820
1881.648351   10.515930   0.014200
1881.778022   10.542630   0.024130
1881.787777   10.546520   0.022580
1881.797497   10.530870   0.021770
1881.807277   10.466990   0.019340
1881.816745   10.479470   0.017610
1881.826319   10.501230   0.014490
1881.835921   10.502740   0.012240
1881.845731   10.517300   0.010340
1881.855252   10.502630   0.008890
1881.864967   10.502080   0.008080
1881.874874   10.490480   0.007450
1881.884546   10.512280   0.006580
1881.894462   10.504810   0.006000
1881.904494   10.507310   0.005540
1881.914271   10.505810   0.005430
1881.923884   10.513080   0.005540
1881.933466   10.503810   0.005370
1881.943231   10.501390   0.005430
1881.952875   10.503540   0.006580
1881.962633   10.497970   0.007160
1881.972149   10.508650   0.007450
1881.982098   10.501290   0.007790
1881.992169   10.506650   0.009530
1882.001889   10.513030   0.010280
1882.011594   10.505720   0.010390
1882.021627   10.521090   0.008600
1882.031644   10.515470   0.009240
1882.041324   10.517160   0.009010
1882.051198   10.515980   0.008260
1882.060871   10.517280   0.008490
1882.070527   10.513840   0.014330
1882.080330   10.502050   0.006810
1882.090096   10.506340   0.012870
1882.099569   10.511110   0.019980
1882.109365   10.512320   0.010910
1882.121972   10.512620   0.009070
1882.131558   10.511410   0.007450
1882.141120   10.509040   0.011030
1882.150540   10.512350   0.008030
1882.160119   10.508510   0.008080
1882.169652   10.508400   0.008430
1882.179008   10.505180   0.008260
1882.188466   10.512970   0.009120
1882.198063   10.506330   0.010280
1882.208031   10.513760   0.017150
1882.217722   10.524730   0.014140
1882.227231   10.508410   0.012470
1882.236839   10.516190   0.012590
1882.246327   10.520600   0.017150
1882.256107   10.508050   0.016170
1882.266006   10.520780   0.015940
1882.275585   10.507090   0.014260
1882.285301   10.500560   0.014200
1882.295361   10.501340   0.013340
1882.305067   10.513030   0.017440
1882.315073   10.510960   0.020850
1882.325032   10.507600   0.013570
1882.334886   10.505250   0.011890
1882.344919   10.517790   0.013970
1882.354771   10.527450   0.015190
1882.364587   10.512630   0.012640
1882.374737   10.516630   0.012760
1882.384681   10.461620   0.056040
1882.394964   10.515660   0.026910
1883.093660   10.495120   0.006240
1883.103366   10.506510   0.009190
1883.112818   10.515770   0.006410
1883.122237   10.516250   0.007170
1883.131900   10.512430   0.006240
1883.141295   10.499080   0.006870
1883.150882   10.510330   0.007280
1883.160374   10.515160   0.007800
1883.169871   10.508730   0.008090
1883.179271   10.516670   0.006810
1883.188727   10.510520   0.006810
1883.198404   10.510710   0.007850
1883.207904   10.511570   0.007910
1883.217549   10.514300   0.007970
1883.226897   10.511390   0.008080
1883.236210   10.510270   0.008140
1883.245790   10.500020   0.007970
1883.255334   10.507740   0.008310
1883.265175   10.499380   0.008370
1883.274780   10.510790   0.008660
1883.284849   10.505890   0.010510
1883.294394   10.517140   0.011280
1883.304305   10.510600   0.010910
1883.314080   10.501310   0.012310
1883.323720   10.507010   0.010800
1883.333437   10.499680   0.009700
1883.343435   10.498000   0.010100
1883.353548   10.518150   0.010690
1883.363493   10.507780   0.009350
1883.373027   10.505400   0.009700
1883.382657   10.496350   0.010280
1883.392439   10.502290   0.009700
1883.402040   10.496590   0.009640
1883.410061   10.515160   0.010570
1883.417485   10.507110   0.010740
1883.423677   10.510510   0.010160
1883.428949   10.513870   0.010220
1883.433300   10.534700   0.011270
1883.436812   10.516300   0.010050
1883.440325   10.518720   0.010680
1883.443180   10.511810   0.009990
1883.444926   10.512370   0.010390
1883.446707   10.516200   0.009870
1883.448508   10.514360   0.009990
1883.507335   10.511740   0.010740
1883.517022   10.518130   0.010970
1883.526655   10.508860   0.012070
1883.536232   10.502010   0.012990
1883.545818   10.506960   0.012930
1883.555341   10.487110   0.012530
1883.565051   10.496430   0.012700
1883.574608   10.488510   0.012360
1883.584302   10.493400   0.012480
1883.593915   10.505690   0.011260
1884.099534   10.508840   0.003700
1884.109140   10.509340   0.003700
1884.118686   10.506430   0.004270
1884.128292   10.501070   0.004680
1884.137551   10.506610   0.004040
1884.147279   10.495480   0.004450
1884.156774   10.513750   0.004680
1884.166197   10.510480   0.004910
1884.175960   10.514120   0.005260
1884.185414   10.503150   0.004620
1884.194977   10.507020   0.004160
1884.204574   10.506450   0.004390
1884.214174   10.507900   0.004160
1884.223839   10.505340   0.004330
1884.233272   10.501530   0.005780
1884.242628   10.507180   0.003980
1884.252195   10.512370   0.003930
1884.261682   10.508340   0.003980
1884.271201   10.510300   0.003810
1884.280876   10.502260   0.004100
1884.290846   10.504160   0.004330
1884.300573   10.506100   0.004620
1884.310420   10.513980   0.005950
1884.320206   10.504580   0.004500
1884.330156   10.505420   0.004500
1884.340081   10.509540   0.005140
1884.350052   10.505550   0.005080
1884.360119   10.509970   0.004500
1884.370060   10.509270   0.004620
1884.379738   10.500360   0.004790
1884.389528   10.514240   0.004160
1884.399065   10.504830   0.004210
1884.406881   10.504730   0.004620
1884.413865   10.505410   0.005370
1884.420368   10.514700   0.005260
1884.425635   10.504000   0.004330
1884.430150   10.506220   0.004040
1884.433678   10.511750   0.004450
1884.437202   10.507140   0.004330
1884.439908   10.512040   0.004500
1884.441669   10.506940   0.004500
1884.443407   10.507880   0.004390
1884.445186   10.508870   0.004270
1884.446926   10.503290   0.005020
1884.503638   10.502190   0.004040
1884.513187   10.503460   0.004510
1884.522993   10.501730   0.004100
1884.532900   10.506010   0.003870
1884.542819   10.503880   0.004210
1884.552706   10.505110   0.004440
1884.562458   10.500650   0.003640
1884.572213   10.505570   0.004100
1884.581820   10.499060   0.003810
1884.591479   10.501460   0.004450
1884.600983   10.496890   0.004160
1884.610820   10.500500   0.003980
1884.886961   10.497950   0.008490
1884.896459   10.511650   0.008720
1884.906042   10.502300   0.008200
1884.915643   10.514730   0.009410
1884.925737   10.497070   0.007790
1884.935570   10.510050   0.009530
1884.945448   10.500840   0.008370
1884.954875   10.504370   0.008830
1884.964329   10.495090   0.008550
1884.974229   10.505970   0.009880
1884.983546   10.502180   0.009990
1884.993441   10.516150   0.009410
1885.003341   10.509190   0.009240
1885.013229   10.514780   0.010450
1885.022911   10.516510   0.010280
1885.032502   10.515390   0.011660
1885.042137   10.509250   0.011320
1885.052183   10.501180   0.011490
1885.061957   10.510110   0.012590
1885.071678   10.499560   0.012990
1885.081285   10.515770   0.014500
1885.090973   10.506930   0.013220
1885.100847   10.511550   0.013400
1885.278794   10.507880   0.007390
1885.288696   10.520250   0.009070
1885.298475   10.510850   0.007800
1885.308250   10.515590   0.007910
1885.318087   10.505150   0.008030
1885.328301   10.506150   0.009180
1885.338173   10.511390   0.012880
1885.347960   10.519240   0.011140
1885.357853   10.504760   0.011950
1885.367578   10.510250   0.012240
1885.377344   10.503110   0.014660
1885.386938   10.510400   0.015070
1885.396599   10.507470   0.012240
1885.404395   10.519590   0.011200
1885.411445   10.502760   0.012590
1885.417511   10.508760   0.013280
1885.422892   10.506830   0.013770
1885.427461   10.512190   0.012820
1885.430989   10.510690   0.010620
1885.434637   10.507480   0.012010
1885.437356   10.513140   0.012010
1885.439093   10.518620   0.011950
1885.440855   10.516450   0.011900
1885.442624   10.509270   0.011200
1885.444416   10.507330   0.011430
1885.502228   10.511360   0.012760
1885.511985   10.496200   0.016170
1885.521821   10.504890   0.012930
1885.531512   10.520330   0.012360
1885.541243   10.504270   0.012940
1885.551133   10.514010   0.011430
1885.560860   10.511850   0.011260
1885.570601   10.515410   0.011260
1885.580236   10.505720   0.012990
1885.590133   10.516480   0.009760
1886.072366   10.513460   0.003750
1886.082057   10.512090   0.003980
1886.091456   10.516610   0.004100
1886.101064   10.500850   0.004160
1886.110701   10.510740   0.004160
1886.120214   10.515520   0.004160
1886.129544   10.510940   0.004330
1886.138882   10.502520   0.004330
1886.148233   10.500240   0.004450
1886.157943   10.509520   0.004560
1886.167550   10.508750   0.004970
1886.177101   10.505330   0.005020
1886.186997   10.513960   0.005200
1886.196609   10.508220   0.005370
1886.206153   10.511440   0.005890
1886.215757   10.516770   0.006060
1886.225422   10.496270   0.007620
1886.234829   10.516930   0.007800
1886.244630   10.510770   0.007510
1886.254426   10.512600   0.005890
1886.263771   10.504400   0.005020
1886.273578   10.511410   0.007390
1886.283270   10.508240   0.004910
1886.293134   10.507750   0.005080
1886.303115   10.504680   0.005660
1886.312914   10.506510   0.005200
1886.322818   10.507070   0.005310
1886.332859   10.500560   0.005370
1886.342543   10.503800   0.005200
1886.352534   10.511530   0.005260
1886.362281   10.508440   0.005540
1886.372003   10.504950   0.005720
1886.381496   10.507510   0.005890
1886.391198   10.507360   0.006240
1886.399994   10.506750   0.006350
1886.408171   10.507890   0.006410
1886.414363   10.509890   0.007560
1886.419581   10.508070   0.007560
1886.423873   10.507500   0.007100
1886.427459   10.505170   0.006930
1886.431086   10.502810   0.006870
1886.433748   10.507330   0.007680
1886.435540   10.505280   0.008030
1886.437293   10.502780   0.007220
1886.439058   10.514140   0.007280
1886.441348   10.505490   0.013880
