1863.169882   14.857410   0.115050
1863.179028   14.838890   0.118910
1863.197263   14.831590   0.128000
1863.206453   14.822210   0.128010
1863.224486   14.759650   0.076600
1863.233861   14.818950   0.078700
1863.260978   14.848360   0.129740
1863.279153   14.762970   0.110100
1863.288341   14.755310   0.101400
1863.297662   14.822360   0.104380
1863.306748   14.843400   0.075100
1863.316051   14.824280   0.074900
1863.325414   14.722350   0.084800
1863.334632   14.744790   0.080600
1863.353962   14.783700   0.129800
1863.363511   14.840290   0.125010
1863.372640   14.878360   0.117330
1863.381795   14.820430   0.110790
1863.391577   14.910240   0.100440
1863.400670   14.828860   0.129520
1863.410234   14.839550   0.110670
1863.419415   14.862460   0.075400
1864.122118   14.845530   0.095920
1864.131216   14.839190   0.122850
1864.140349   14.794200   0.108930
1864.149328   14.897580   0.119080
1864.158727   14.896050   0.105380
1864.167924   14.782090   0.075900
1864.177441   14.741300   0.122650
1864.186471   14.910260   0.104430
1864.195786   14.812380   0.120900
1864.204761   14.794080   0.110130
1864.213956   14.828630   0.112680
1864.223275   14.833240   0.106970
1864.232312   14.831400   0.126270
1864.241734   14.863640   0.124090
1864.250994   14.835250   0.113990
1864.260215   14.784280   0.103470
1864.269452   14.805280   0.110930
1864.278789   14.852720   0.107690
1864.297228   14.833290   0.126100
1864.306786   14.799650   0.131350
1864.315982   14.826190   0.105220
1864.325240   14.767340   0.124670
1864.334830   14.889560   0.130220
1864.353476   14.628660   0.080700
1865.090761   14.613420   0.071500
1865.103000   14.712600   0.075200
1865.112418   14.735960   0.073600
1865.180915   14.820010   0.102260
1865.189934   14.835400   0.083390
1865.199137   14.819580   0.103470
1865.208040   14.788400   0.080600
1865.217207   14.848230   0.120370
1865.226382   14.798820   0.113750
1865.235932   14.846910   0.126180
1865.245809   14.787590   0.097470
1865.255783   14.775350   0.119620
1865.285892   14.705720   0.121580
1865.295973   14.860130   0.111440
1865.306185   14.777990   0.108760
1865.316221   14.818720   0.107000
1866.165339   14.823080   0.089960
1866.174723   14.865150   0.080330
1866.184057   14.834020   0.090260
1866.193410   14.880680   0.094430
1866.202706   14.899940   0.090850
1866.212035   14.917020   0.097110
1866.221409   14.872560   0.093530
1866.230791   14.865780   0.089170
1866.240551   14.883730   0.088480
1866.250004   14.774650   0.089510
1866.259354   14.808290   0.097590
1867.193045   14.824270   0.063270
1867.202355   14.783460   0.067630
1867.211516   14.791240   0.063610
1867.220585   14.780210   0.069640
1867.230131   14.766320   0.070820
1867.239707   14.775350   0.072540
1867.249230   14.799910   0.070060
1867.258785   14.813950   0.075470
1867.268385   14.813620   0.075170
1867.277702   14.821450   0.079140
1867.287153   14.812620   0.077520
1867.296854   14.819820   0.079700
1867.306121   14.788270   0.079670
1867.315500   14.788850   0.080530
1867.325094   14.821120   0.084760
1867.334502   14.814050   0.088460
1867.344482   14.823610   0.087820
1867.354030   14.795790   0.087630
1867.363492   14.892530   0.109170
1867.372735   14.837070   0.094580
1867.382212   14.851410   0.098600
1867.391671   14.931270   0.114800
1867.401392   14.877090   0.105610
1867.410805   14.754700   0.095100
1867.420288   14.746010   0.114150
1867.429722   14.779460   0.100140
1867.439192   14.847790   0.114540
1867.448574   14.813530   0.125940
1867.456168   14.803620   0.114960
1867.463320   14.852640   0.118710
1867.469421   14.794830   0.122110
1867.473939   14.892610   0.097420
1867.478291   14.911760   0.095220
1867.481655   14.775520   0.094360
1867.484335   14.831470   0.107340
1867.486951   14.808090   0.099760
1867.488639   14.813160   0.110850
1867.490315   14.883480   0.111650
1867.492002   14.856650   0.106870
1867.493724   14.841330   0.105120
1868.197661   14.830640   0.118130
1868.207123   14.875990   0.125050
1870.219778   14.888370   0.079520
1870.229270   14.869880   0.075710
1870.238762   14.841920   0.089990
1870.248135   14.837290   0.085550
1870.257691   14.806800   0.090510
1870.267266   14.822490   0.091200
1870.276950   14.807350   0.093490
1870.286498   14.937900   0.100620
1870.295849   14.841710   0.095040
1870.305565   14.876470   0.097020
1870.315197   14.781820   0.102900
1870.325274   14.800300   0.111840
1870.335174   14.838510   0.106180
1870.344892   14.849320   0.112630
1870.354573   14.778640   0.124510
1871.136689   14.794190   0.096690
1871.146179   14.798410   0.089790
1871.155384   14.859550   0.089890
1871.164955   14.901060   0.107010
1871.174269   14.821370   0.103360
1871.183469   14.775540   0.108960
1871.192872   14.833060   0.102950
1871.202392   14.757490   0.103360
1871.211865   14.922160   0.124670
1871.221273   14.899900   0.129180
1871.230922   14.849010   0.110250
1871.240394   14.805270   0.102600
1871.250018   14.878790   0.116610
1871.259511   14.763080   0.105440
1871.269122   14.924390   0.114730
1871.278903   14.713830   0.106280
1871.288648   14.809670   0.117460
1871.298226   14.775870   0.111200
1871.307789   14.751480   0.113170
1871.317562   14.799350   0.121220
1871.327342   14.877930   0.125280
1871.337232   14.706570   0.069300
1871.356419   14.896480   0.108130
1871.366430   14.691310   0.081400
1872.324463   14.837810   0.111930
1872.334315   14.872310   0.118130
1872.344041   14.870680   0.114680
1872.353623   14.746540   0.109070
1872.363427   14.825100   0.104200
1872.373279   14.763660   0.107170
1872.383099   14.870760   0.112900
1872.392766   14.792020   0.102660
1872.402203   14.850770   0.107530
1872.412032   14.856500   0.118040
1872.421585   14.849350   0.118650
1872.431130   14.836690   0.127980
1872.439874   14.824220   0.124370
1872.447517   14.806510   0.124670
1872.454162   14.812040   0.126650
1872.459527   14.830490   0.108550
1872.463750   14.744150   0.070100
1872.467562   14.795000   0.078900
1872.470496   14.731810   0.130630
1872.472998   14.794190   0.076000
1872.474704   14.777830   0.074400
1872.480304   14.845390   0.107420
1873.229437   14.816200   0.119480
1873.238902   14.780580   0.099780
1873.248403   14.824370   0.121250
1873.258009   14.831910   0.128730
1873.267456   14.743160   0.125640
1873.276959   14.793600   0.125650
1873.286864   14.862050   0.106700
1873.296198   14.889370   0.102380
1873.384113   14.892660   0.076300
1873.453044   14.800590   0.081900
1874.032527   14.776930   0.080000
1874.041770   14.783550   0.048100
1874.061193   14.881300   0.086970
1874.070741   14.824780   0.087720
1874.080230   14.812540   0.084530
1874.089638   14.733660   0.086580
1874.098984   14.826360   0.091700
1874.108441   14.778580   0.086080
1874.117749   14.784870   0.097670
1874.127103   14.874940   0.058900
1874.136654   14.780750   0.097220
1874.145982   14.933030   0.101350
1874.155173   14.853230   0.096560
1874.164605   14.811870   0.113770
1874.174076   14.793280   0.105110
1876.992585   14.863120   0.093730
1877.002277   14.787040   0.095110
1877.012009   14.853850   0.101270
1877.021623   14.793550   0.098090
1877.031340   14.784890   0.105830
1877.041094   14.785850   0.098670
1877.050632   14.833250   0.088940
1877.060512   14.785960   0.089840
1877.070280   14.774540   0.095920
1877.080037   14.881540   0.095490
1877.089835   14.815910   0.093650
1877.099542   14.823240   0.101560
1877.109324   14.886350   0.115130
1877.119234   14.793040   0.119860
1877.128562   14.821220   0.104500
1877.137988   15.005830   0.116810
1877.157081   14.826700   0.113020
1877.166514   14.877100   0.115390
1877.175811   14.773840   0.106880
1877.185180   14.918690   0.111880
1877.194638   14.835120   0.115000
1877.204359   14.711070   0.106070
1877.213829   14.856480   0.100950
1877.223290   14.816580   0.112450
1877.232928   14.858740   0.111790
1877.242583   14.768350   0.116550
1877.252102   14.806410   0.110460
1877.261424   14.890580   0.116860
1877.271317   14.886450   0.110000
1877.280810   14.816580   0.101690
1877.290913   14.740660   0.111400
1877.310552   14.815970   0.112680
1877.330019   14.826540   0.119910
1877.339609   14.770970   0.100900
1877.349339   14.781530   0.116460
1877.359563   14.913410   0.103610
1877.369289   14.964680   0.122350
1877.379166   14.769990   0.110860
1877.389199   14.842940   0.069700
1877.408188   14.861940   0.072800
1877.417610   14.862520   0.123790
1877.426444   14.852430   0.114290
1877.433416   14.804490   0.120210
1877.439579   14.751040   0.075400
1877.444578   14.705550   0.068500
1877.449101   14.814220   0.116520
1877.452776   14.868240   0.075300
1877.456119   14.809680   0.118610
1877.458826   14.860560   0.117400
1877.460660   14.867050   0.122480
1877.462441   14.906730   0.128320
1877.464144   14.799200   0.125300
1877.465872   14.844990   0.139790
1877.956588   14.708290   0.074500
1877.966206   14.765730   0.070200
1877.975795   14.794440   0.079940
1877.985575   14.820080   0.087310
1877.994918   14.928430   0.047000
1878.004964   14.878800   0.084580
1878.014258   14.836020   0.072010
1878.023915   14.873160   0.067150
1878.033403   14.787030   0.075660
1878.042728   14.733680   0.043400
1878.052553   14.845660   0.075210
1878.062202   14.796220   0.086180
1878.072038   14.829910   0.071070
1878.081838   14.814710   0.091840
1878.091595   14.880840   0.086050
1878.101204   14.838660   0.085020
1878.111056   14.822970   0.084990
1878.120475   14.820310   0.090610
1878.129972   14.858110   0.100690
1878.139452   14.863670   0.110720
1878.167692   14.828580   0.094610
1878.177309   14.811240   0.093310
1878.186872   14.785630   0.122030
1878.196273   14.824860   0.125630
1878.206054   14.817160   0.077000
1878.215986   14.795180   0.075000
1878.235117   14.873250   0.136930
1878.244657   14.799920   0.129440
1878.254199   14.692780   0.074200
1878.950056   14.765110   0.075400
1878.992786   14.778090   0.090730
1879.035556   14.793520   0.081200
1879.046491   14.807900   0.078000
1879.057074   14.838610   0.113920
1879.943588   14.832860   0.064400
1879.953101   14.768310   0.051800
1879.982286   14.850360   0.048300
1880.011072   14.787890   0.092210
1880.020565   14.887000   0.095680
1880.030167   14.856300   0.115520
1880.040004   14.867350   0.109790
1880.050020   14.841620   0.113010
1880.059700   14.851200   0.110400
1880.069635   14.825250   0.111870
1880.079469   14.758170   0.115950
1880.089000   14.831910   0.113710
1880.098524   14.931040   0.121970
1880.108072   14.837320   0.070700
1880.117530   14.788350   0.113800
1880.127140   14.714190   0.117380
1880.200244   15.006350   0.077700
1880.229324   14.824850   0.125260
1880.238912   14.821840   0.102350
1880.248836   14.785080   0.113580
1880.258221   14.772680   0.101920
1880.267686   14.751160   0.122520
1880.277275   14.808120   0.103030
1880.306613   14.847870   0.105790
1880.369120   14.837930   0.127730
1880.987626   14.904060   0.118980
1880.997175   14.859320   0.106180
1881.007352   14.813070   0.111970
1881.017262   14.898710   0.116710
1881.027100   14.936150   0.103820
1881.036583   14.899400   0.122270
1881.046230   14.838370   0.100090
1881.065488   14.813740   0.093850
1881.085196   14.795370   0.098860
1881.094964   14.764850   0.123520
1881.104801   14.824700   0.113820
1881.124397   14.744750   0.104420
1881.143810   14.804820   0.106270
1881.163015   14.776800   0.126810
1881.171357   14.852980   0.116440
1881.180981   14.756690   0.121120
1881.190627   14.737640   0.092550
1881.200550   14.805990   0.100490
1881.210473   14.807040   0.109820
1881.220305   14.754500   0.112990
1881.230199   14.891970   0.119780
1881.239668   14.883250   0.129660
1881.249328   14.778910   0.122120
1881.258917   14.772260   0.118220
1881.268352   14.793050   0.123270
1881.278189   14.834140   0.127480
1881.288137   14.858320   0.134320
1881.297680   14.837080   0.117390
1881.307337   14.862750   0.129210
1881.317240   14.832250   0.075000
1881.337373   14.734870   0.073000
1881.347282   14.718360   0.073800
1881.356957   14.659530   0.072400
1881.924037   14.819830   0.076800
1881.933619   14.896560   0.075200
1881.943078   14.750890   0.070000
1884.099534   14.833450   0.087510
1884.109140   14.813570   0.086380
1884.118686   14.817000   0.101540
1884.137551   14.845140   0.097100
1884.147279   14.858160   0.097490
1884.156774   14.900150   0.108820
1884.176113   14.785150   0.065200
1884.185414   14.810740   0.113560
1884.194977   14.861560   0.099130
1884.204574   14.846020   0.109470
1884.214174   14.854260   0.099210
1884.223915   14.943650   0.093980
1884.233425   14.760250   0.074700
1884.242628   14.761530   0.087490
1884.252195   14.774710   0.086800
1884.261682   14.804510   0.085780
1884.271201   14.823440   0.083870
1884.280876   14.818270   0.098970
1884.290846   14.808580   0.105970
1884.300573   14.788970   0.114110
1884.320206   14.966930   0.109780
1884.330156   14.887670   0.115480
1884.339928   14.792620   0.069200
1884.350052   14.860870   0.122880
1884.360119   14.842570   0.112740
1884.370060   14.774280   0.105780
1884.379738   14.877770   0.117620
1884.389528   14.825610   0.088950
1884.399065   14.728140   0.094850
1884.406881   14.772150   0.113120
1884.413712   14.718800   0.070700
1884.425635   14.855760   0.110580
1884.430150   14.792220   0.086200
1884.433678   14.792080   0.107570
1884.437202   14.832160   0.102920
1884.439908   14.852050   0.113430
1884.441669   14.886300   0.112850
1884.443407   14.860760   0.106810
1884.445186   14.814310   0.100770
1884.503638   14.827410   0.094660
1884.513187   14.870920   0.115360
1884.522993   14.793240   0.094620
1884.532900   14.789860   0.086110
1884.542819   14.939730   0.110320
1884.552782   14.842220   0.057100
1884.562458   14.802330   0.079160
1884.572213   14.801860   0.100690
1884.581820   14.831220   0.078890
1884.591479   14.824980   0.108040
1884.600983   14.790080   0.081460
1884.610820   14.838660   0.083470
1886.072366   14.810320   0.079560
1886.082057   14.841930   0.079800
1886.091456   14.837930   0.085680
1886.101064   14.845560   0.092700
1886.110701   14.791410   0.077820
1886.120214   14.772260   0.076110
1886.129544   14.851660   0.094650
1886.138882   14.821930   0.096890
1886.148233   14.857610   0.083230
1886.157943   14.805420   0.088110
1886.167550   14.724720   0.103770
1886.177101   14.831590   0.111330
1886.186997   14.829430   0.102790
1886.196609   14.825150   0.120830
1886.206230   14.868730   0.111450
1886.254349   14.822860   0.109770
1886.263771   14.765530   0.110520
1886.283270   14.824410   0.115330
1886.293134   14.862730   0.124500
1886.303038   14.778850   0.106770
1886.312914   14.873450   0.130660
1886.322895   14.877540   0.110030
1886.332858   14.916280   0.108440
1886.342543   14.856950   0.128370
1886.352534   14.833390   0.123840
1886.362357   14.806080   0.111730
1886.372003   14.820460   0.126350
1886.381650   14.752230   0.073700
