1863.169882   12.510860   0.022170
1863.179028   12.507020   0.024950
1863.188111   12.523310   0.027370
1863.197263   12.529910   0.026040
1863.206453   12.524970   0.024600
1863.215516   12.523380   0.029450
1863.224486   12.516780   0.028180
1863.233708   12.511530   0.029570
1863.243026   12.529160   0.030490
1863.252052   12.501910   0.027630
1863.260978   12.525240   0.025930
1863.270074   12.528690   0.030430
1863.279229   12.517150   0.026690
1863.288341   12.527780   0.025810
1863.297662   12.521600   0.023500
1863.306748   12.518850   0.027140
1863.315898   12.512920   0.027480
1863.325261   12.540100   0.027540
1863.334632   12.528430   0.028230
1863.344416   12.508270   0.028060
1863.353962   12.506820   0.026220
1863.363511   12.512960   0.024200
1863.372640   12.527290   0.022580
1863.381795   12.524840   0.022580
1863.391577   12.517480   0.023560
1863.400670   12.538910   0.025000
1863.410157   12.514860   0.025580
1863.419415   12.519880   0.026160
1863.428728   12.518270   0.028580
1863.438171   12.505040   0.029450
1863.447725   12.521760   0.030550
1863.457038   12.523530   0.034850
1863.464667   12.498370   0.041750
1863.471563   12.515310   0.043240
1863.477686   12.542310   0.040360
1863.482900   12.510330   0.040260
1863.487037   12.500560   0.045380
1863.490505   12.516880   0.044320
1863.494064   12.532350   0.041290
1863.496621   12.551310   0.043770
1863.498272   12.563090   0.047110
1863.500087   12.550800   0.046180
1863.501889   12.554500   0.044820
1863.503937   12.535580   0.064150
1864.122118   12.523690   0.018130
1864.131216   12.500030   0.023450
1864.140349   12.510340   0.021310
1864.149328   12.501010   0.020970
1864.158727   12.526290   0.020090
1864.168077   12.539240   0.025230
1864.177441   12.532900   0.024720
1864.186471   12.513790   0.019750
1864.195786   12.509860   0.023850
1864.204761   12.526410   0.021880
1864.213956   12.520950   0.020670
1864.223275   12.516510   0.020210
1864.232312   12.533190   0.024420
1864.241734   12.528660   0.024250
1864.250994   12.532670   0.020960
1864.260292   12.523730   0.024770
1864.269452   12.526450   0.022000
1864.278712   12.520860   0.025350
1864.288040   12.523720   0.025700
1864.297228   12.524730   0.024370
1864.306786   12.531200   0.025060
1864.315982   12.519900   0.025060
1864.325240   12.512550   0.025930
1864.334830   12.526620   0.024770
1864.344223   12.508860   0.032880
1864.353629   12.529630   0.032680
1864.362884   12.529500   0.035170
1864.372284   12.545180   0.041060
1864.381718   12.549340   0.036380
1864.391386   12.528430   0.030660
1864.401175   12.534710   0.037940
1864.410777   12.507180   0.034990
1864.420158   12.512500   0.035190
1864.429378   12.519900   0.039090
1864.438639   12.532240   0.045190
1864.448098   12.506380   0.049090
1864.457409   12.496690   0.054500
1864.465120   12.515480   0.050310
1864.472313   12.537230   0.056700
1864.477494   12.495520   0.063130
1864.482643   12.457400   0.085430
1864.486002   12.457600   0.109070
1864.489646   12.500090   0.095900
1864.492216   12.506430   0.073220
1864.494776   12.489420   0.074260
1864.496480   12.501920   0.082720
1864.498365   12.556700   0.082740
1864.500091   12.516860   0.088550
1864.501760   12.602050   0.083780
1865.081649   12.523370   0.027870
1865.090914   12.537800   0.027950
1865.103000   12.525590   0.027050
1865.112265   12.510390   0.026330
1865.121493   12.513740   0.032510
1865.180915   12.531040   0.019280
1865.189934   12.522040   0.014840
1865.199137   12.531790   0.018880
1865.208040   12.529880   0.015190
1865.217207   12.526140   0.021780
1865.226382   12.535000   0.021480
1865.235932   12.510530   0.022690
1865.245886   12.522130   0.023960
1865.255783   12.529060   0.023730
1865.265750   12.518250   0.031460
1865.275774   12.521920   0.027100
1865.285892   12.523860   0.022940
1865.295973   12.511210   0.026970
1865.306185   12.536560   0.025470
1865.316145   12.520580   0.024600
1865.326150   12.538810   0.026860
1865.336276   12.528250   0.030660
1865.346577   12.534910   0.029160
1865.356675   12.484020   0.027430
1865.366659   12.515490   0.030610
1865.376904   12.519120   0.029450
1865.387088   12.535100   0.030200
1865.397153   12.537300   0.032730
1865.407149   12.523860   0.030850
1865.417333   12.499090   0.028830
1865.427630   12.545960   0.031370
1865.437669   12.505980   0.031130
1865.448171   12.517630   0.038680
1865.457324   12.489390   0.040300
1865.465615   12.487040   0.045910
1865.471988   12.512390   0.052550
1865.477591   12.488010   0.064080
1865.482335   12.533010   0.052690
1865.486159   12.505190   0.059320
1865.489785   12.531830   0.054230
1865.492667   12.523490   0.050460
1865.494427   12.552040   0.049170
1865.496283   12.544500   0.047990
1865.498551   12.558260   0.079180
1866.165339   12.523800   0.016740
1866.174723   12.518840   0.016630
1866.184057   12.524740   0.017330
1866.193410   12.526160   0.017380
1866.202706   12.512070   0.017670
1866.212035   12.524540   0.018250
1866.221409   12.520220   0.018360
1866.230791   12.503290   0.017840
1866.240551   12.515170   0.017840
1866.250004   12.516770   0.018020
1866.259354   12.525090   0.018540
1867.193045   12.513610   0.012410
1867.202355   12.521070   0.013050
1867.211516   12.513630   0.012930
1867.220585   12.521020   0.013680
1867.230131   12.513910   0.014150
1867.239707   12.524060   0.013740
1867.249230   12.517910   0.013630
1867.258785   12.507740   0.013800
1867.268385   12.520050   0.014260
1867.277702   12.543180   0.014380
1867.287153   12.536160   0.014490
1867.296854   12.546650   0.015020
1867.306121   12.538450   0.015130
1867.315500   12.539180   0.015240
1867.325094   12.543600   0.015420
1867.334502   12.538310   0.016280
1867.344482   12.528610   0.016810
1867.354030   12.530680   0.016340
1867.363492   12.522040   0.018780
1867.372735   12.502440   0.017670
1867.382212   12.509370   0.017730
1867.391671   12.515710   0.019630
1867.401392   12.510730   0.018300
1867.410805   12.511790   0.018070
1867.420288   12.500830   0.022110
1867.429722   12.513550   0.024020
1867.439192   12.514770   0.022580
1867.448574   12.516960   0.024020
1867.456168   12.523000   0.021420
1867.463320   12.528390   0.022650
1867.469421   12.532050   0.022630
1867.473939   12.523260   0.018360
1867.478291   12.521690   0.017090
1867.481655   12.517100   0.017550
1867.484335   12.530720   0.019060
1867.486951   12.519470   0.018480
1867.488639   12.505460   0.018650
1867.490315   12.513690   0.020090
1867.492002   12.512500   0.019110
1867.493724   12.529100   0.019000
1868.197661   12.524510   0.022300
1868.207123   12.516900   0.022230
1868.216495   12.526060   0.028370
1868.225986   12.529680   0.026850
1868.235811   12.525900   0.030480
1868.245580   12.518270   0.028300
1868.255259   12.544930   0.030610
1868.264815   12.527420   0.031180
1868.274279   12.523430   0.033830
1868.283929   12.525770   0.030210
1868.293537   12.525800   0.044830
1868.303104   12.517360   0.050780
1868.312574   12.525000   0.047310
1868.322548   12.521120   0.035720
1868.332083   12.515340   0.032980
1868.341800   12.515350   0.034760
1868.351466   12.535600   0.043410
1868.360837   12.526040   0.044200
1868.370659   12.569280   0.043880
1868.380417   12.548430   0.040820
1868.390367   12.516860   0.040300
1868.399668   12.500280   0.039210
1868.409622   12.535220   0.043760
1868.419023   12.488330   0.039570
1868.428372   12.501270   0.039430
1868.437691   12.527920   0.041520
1868.446987   12.482140   0.043770
1868.454949   12.512200   0.044070
1868.461066   12.514990   0.044900
1868.467151   12.532590   0.043940
1868.471440   12.539670   0.047650
1868.475710   12.527640   0.051720
1868.479187   12.522600   0.054540
1868.481793   12.527880   0.052430
1868.484421   12.521970   0.050710
1868.486154   12.547310   0.047990
1868.487874   12.521410   0.050240
1868.489584   12.556570   0.053400
1868.491280   12.529330   0.053890
1868.552972   12.524380   0.089950
1868.562396   12.479990   0.075380
1868.581607   12.495250   0.119750
1869.239644   12.503940   0.061290
1869.249027   12.537430   0.069020
1869.258676   12.484250   0.070990
1869.268460   12.519240   0.090490
1869.278238   12.528250   0.094760
1869.287800   12.515650   0.092790
1869.297392   12.541770   0.103260
1869.307040   12.506100   0.106510
1869.326588   12.509050   0.125270
1870.219778   12.526280   0.015070
1870.229270   12.519530   0.015410
1870.238762   12.509190   0.016690
1870.248135   12.528400   0.016220
1870.257691   12.511920   0.017900
1870.267266   12.538890   0.017550
1870.276950   12.501160   0.017260
1870.286498   12.516870   0.017900
1870.295849   12.544600   0.017030
1870.305565   12.519660   0.017840
1870.315197   12.513590   0.019570
1870.325274   12.501130   0.019980
1870.335174   12.519690   0.019050
1870.344892   12.520210   0.020150
1870.354573   12.523000   0.023690
1870.364104   12.490610   0.030660
1870.373603   12.528270   0.029100
1870.383600   12.520790   0.033500
1870.393243   12.485630   0.040480
1870.402820   12.497660   0.058490
1870.412418   12.490340   0.053520
1870.421719   12.475200   0.054350
1870.431056   12.518610   0.054090
1870.440608   12.516330   0.045840
1870.448993   12.503210   0.041170
1870.461756   12.535530   0.048830
1870.466593   12.554310   0.055030
1870.470290   12.533050   0.046190
1870.474034   12.548690   0.057870
1870.476825   12.567170   0.060570
1870.478569   12.516990   0.059020
1870.480341   12.526720   0.050420
1870.482097   12.529550   0.054170
1870.483838   12.517140   0.060410
1870.485602   12.573800   0.055770
1871.155384   12.509830   0.016980
1871.164955   12.512560   0.018480
1871.183469   12.518720   0.019630
1871.192872   12.518750   0.018710
1871.202392   12.503790   0.019340
1871.211865   12.513460   0.023120
1871.221273   12.496490   0.022010
1871.230922   12.526380   0.020040
1871.240394   12.524770   0.019110
1871.250018   12.512450   0.020440
1871.259511   12.510120   0.020040
1871.269122   12.541400   0.020320
1871.278903   12.517470   0.019980
1871.288648   12.527650   0.021540
1871.298226   12.524130   0.020560
1871.307789   12.538540   0.022420
1871.317562   12.512550   0.022530
1871.327342   12.500340   0.023210
1871.337079   12.521100   0.024650
1871.346725   12.515050   0.026100
1871.356495   12.533880   0.025760
1871.366277   12.510480   0.028350
1871.375944   12.521320   0.028300
1871.385808   12.520500   0.030740
1871.395399   12.528170   0.032160
1871.404882   12.508430   0.037610
1871.414342   12.504990   0.036490
1871.423744   12.483790   0.034240
1871.433495   12.524700   0.034130
1871.442405   12.516850   0.033090
1871.449670   12.484170   0.033780
1871.455742   12.496840   0.035740
1871.461191   12.524650   0.038520
1871.465968   12.495850   0.034680
1871.469461   12.546660   0.036110
1871.472994   12.504320   0.035400
1871.476070   12.510060   0.032850
1871.479709   12.518660   0.033200
1871.481438   12.527950   0.033780
1871.550420   12.513420   0.038540
1871.559908   12.511330   0.039240
1871.569340   12.549280   0.040730
1871.578835   12.534690   0.045360
1872.324463   12.547420   0.019860
1872.334315   12.554470   0.020790
1872.344041   12.551110   0.020320
1872.353623   12.542720   0.020610
1872.363427   12.536210   0.020210
1872.373279   12.557780   0.020260
1872.383099   12.549220   0.020380
1872.392766   12.519390   0.020560
1872.402203   12.520880   0.020610
1872.412032   12.502190   0.022060
1872.421585   12.507000   0.022000
1872.431130   12.509250   0.023270
1872.439874   12.497390   0.023270
1872.447517   12.522500   0.023850
1872.454162   12.513310   0.023790
1872.459603   12.522500   0.026270
1872.463903   12.505130   0.027190
1872.467716   12.517980   0.025690
1872.470496   12.503280   0.026680
1872.473152   12.499140   0.026270
1872.474857   12.510610   0.026160
1872.476617   12.494870   0.026960
1872.478370   12.528400   0.026850
1872.480228   12.522160   0.026390
1872.541663   12.504910   0.033430
1872.550845   12.540420   0.034350
1872.560270   12.511110   0.034530
1872.569828   12.510920   0.037500
1872.579400   12.518570   0.040080
1873.229437   12.527000   0.023100
1873.238826   12.503800   0.024540
1873.258009   12.501280   0.023390
1873.267456   12.506890   0.025010
1873.276959   12.505760   0.024540
1873.296275   12.503550   0.026170
1873.305896   12.502890   0.027280
1873.315548   12.521330   0.028650
1873.325684   12.523930   0.029160
1873.335346   12.486520   0.031250
1873.344943   12.498740   0.031070
1873.354842   12.516870   0.029970
1873.364691   12.478140   0.032860
1873.374458   12.546030   0.031470
1873.383960   12.534390   0.028140
1873.393856   12.512230   0.029710
1873.403606   12.509870   0.031590
1873.413210   12.529750   0.035290
1873.422938   12.523780   0.034320
1873.432622   12.479920   0.032500
1873.441010   12.515430   0.028520
1873.447044   12.531940   0.028230
1873.453044   12.512290   0.028470
1873.457630   12.533230   0.029100
1873.462090   12.518640   0.030600
1873.465548   12.520930   0.029680
1873.468261   12.489640   0.031430
1873.470892   12.501050   0.032220
1873.472722   12.526940   0.029680
1873.474437   12.537410   0.029680
1873.476606   12.539790   0.043280
1873.539458   12.538910   0.110710
1873.548852   12.515160   0.089260
1873.558313   12.573880   0.073170
1873.567696   12.536640   0.072530
1873.577180   12.543540   0.075540
1873.586745   12.555180   0.065540
1873.596303   12.482490   0.077240
1873.605773   12.424660   0.087570
1873.615321   12.471310   0.079930
1873.624816   12.516220   0.081980
1874.032527   12.534210   0.015240
1874.041923   12.554620   0.016220
1874.051714   12.550750   0.016220
1874.061193   12.544180   0.015880
1874.070741   12.505390   0.016450
1874.089638   12.514480   0.016510
1874.098984   12.512860   0.016970
1874.108441   12.514240   0.016690
1874.117749   12.520540   0.018010
1874.127103   12.510300   0.018020
1874.145982   12.514850   0.018480
1874.155173   12.525080   0.019630
1874.164605   12.505480   0.020900
1874.183645   12.502250   0.031650
1874.193053   12.524980   0.043070
1876.992585   12.493730   0.016170
1877.002277   12.488710   0.016110
1877.012009   12.510730   0.017780
1877.021623   12.517550   0.017090
1877.031340   12.502810   0.018720
1877.041094   12.507330   0.017900
1877.050632   12.512020   0.015940
1877.060512   12.514000   0.016570
1877.070280   12.514800   0.017260
1877.080037   12.513220   0.017380
1877.089835   12.516300   0.017030
1877.109324   12.508140   0.022060
1877.119234   12.500150   0.021690
1877.128562   12.517560   0.019990
1877.157081   12.492530   0.021770
1877.166514   12.505600   0.020620
1877.175811   12.523910   0.019570
1877.185180   12.500020   0.021250
1877.194638   12.522810   0.019580
1877.204359   12.519280   0.020330
1877.213829   12.510280   0.018940
1877.223290   12.518280   0.019570
1877.232928   12.503740   0.019340
1877.242583   12.526810   0.022130
1877.252102   12.522290   0.021370
1877.261424   12.514400   0.021720
1877.271317   12.518230   0.020620
1877.280810   12.523160   0.018590
1877.290913   12.508040   0.021260
1877.300784   12.500720   0.023850
1877.310552   12.521710   0.020160
1877.320329   12.517160   0.023800
1877.330019   12.536250   0.020390
1877.339609   12.552980   0.018710
1877.349339   12.547570   0.020790
1877.359563   12.550240   0.019230
1877.369289   12.550870   0.021710
1877.379166   12.540050   0.019980
1877.389199   12.529390   0.023710
1877.398748   12.550140   0.025530
1877.408188   12.515270   0.025020
1877.417610   12.539970   0.023460
1877.426444   12.518400   0.021430
1877.433416   12.508010   0.022460
1877.439426   12.515320   0.024500
1877.444578   12.504970   0.025010
1877.449101   12.508600   0.022980
1877.452622   12.492810   0.026880
1877.456119   12.519020   0.022800
1877.458826   12.528480   0.022630
1877.460660   12.507690   0.023620
1877.462441   12.519560   0.023390
1877.464144   12.518990   0.023320
1877.465872   12.510120   0.025060
1877.528546   12.534950   0.028810
1877.538164   12.514830   0.030080
1877.547759   12.555640   0.031520
1877.557433   12.507530   0.033840
1877.566991   12.531720   0.033890
1877.956588   12.513510   0.025380
1877.966360   12.516030   0.023910
1877.975795   12.532130   0.018470
1877.985575   12.517210   0.016630
1878.004964   12.519710   0.015420
1878.014335   12.526540   0.016920
1878.023915   12.520140   0.013580
1878.033403   12.503060   0.015410
1878.042881   12.526260   0.015420
1878.052477   12.530000   0.017500
1878.062202   12.526670   0.016860
1878.072038   12.523980   0.017440
1878.081838   12.513240   0.017550
1878.091595   12.523870   0.016860
1878.101204   12.516280   0.017150
1878.111056   12.510080   0.017780
1878.120475   12.520790   0.017960
1878.129972   12.515230   0.019460
1878.139452   12.524880   0.022230
1878.148981   12.524190   0.036330
1878.158293   12.520920   0.032570
1878.167692   12.507740   0.019750
1878.177309   12.514220   0.019110
1878.186872   12.506880   0.024420
1878.196273   12.513240   0.024020
1878.206054   12.516500   0.027310
1878.215833   12.510530   0.029740
1878.225557   12.531890   0.030120
1878.235117   12.528770   0.025000
1878.244657   12.495250   0.024890
1878.254352   12.519660   0.027600
1878.263984   12.514610   0.030030
1878.273770   12.516060   0.029910
1878.283405   12.518290   0.031930
1878.293079   12.506010   0.030600
1878.302887   12.489320   0.036560
1878.312828   12.545920   0.039800
1878.322431   12.522440   0.038930
1878.332111   12.538580   0.040360
1878.342126   12.529810   0.028710
1878.351898   12.516900   0.032390
1878.361666   12.538440   0.031010
1878.371492   12.512960   0.031760
1878.381052   12.481590   0.035400
1878.390611   12.534760   0.027440
1878.400035   12.518040   0.033090
1878.409523   12.539340   0.031660
1878.419250   12.518020   0.034360
1878.427139   12.547780   0.034990
1878.444205   12.534200   0.030410
1878.454721   12.523800   0.034300
1878.460943   12.549060   0.035360
1878.463071   12.543590   0.049840
1878.523903   12.528000   0.037830
1878.533380   12.511550   0.039210
1878.542754   12.502560   0.036440
1878.552323   12.532210   0.040330
1878.561961   12.569990   0.044730
1878.571685   12.569450   0.061040
1878.581234   12.568140   0.057260
1878.590773   12.543770   0.059180
1878.600390   12.527690   0.079690
1878.885725   12.500800   0.046250
1878.896259   12.520150   0.039720
1878.907039   12.527550   0.036320
1878.917827   12.515490   0.035800
1878.928636   12.506180   0.034470
1878.939490   12.527620   0.030370
1878.950209   12.492690   0.025000
1878.960985   12.512510   0.024130
1878.971663   12.517830   0.022930
1878.982256   12.517850   0.023560
1878.992862   12.512030   0.022640
1879.003349   12.516100   0.024200
1879.014056   12.529700   0.024080
1879.024781   12.559660   0.025410
1879.035403   12.549770   0.027430
1879.046338   12.548970   0.027140
1879.056998   12.537440   0.029520
1879.067120   12.533700   0.028760
1879.077625   12.533140   0.029920
1879.087804   12.530790   0.029970
1879.097718   12.537430   0.032920
1879.108265   12.520800   0.035920
1879.118677   12.526300   0.035620
1879.128946   12.499170   0.029060
1879.138951   12.509340   0.035120
1879.148948   12.496360   0.039570
1879.158753   12.534460   0.040360
1879.168681   12.495080   0.040180
1879.178653   12.522050   0.042620
1879.188532   12.493780   0.042200
1879.198658   12.507100   0.043900
1879.208980   12.512250   0.042460
1879.219105   12.513430   0.044290
1879.229198   12.512810   0.042960
1879.239692   12.511450   0.044980
1879.249885   12.506270   0.042250
1879.259988   12.494460   0.042620
1879.270136   12.512330   0.042030
1879.279998   12.517660   0.035220
1879.290256   12.484920   0.040390
1879.300321   12.506640   0.040700
1879.310604   12.521620   0.041110
1879.321132   12.542680   0.042290
1879.331398   12.534660   0.040360
1879.341711   12.536050   0.042700
1879.352168   12.537920   0.043390
1879.362239   12.519540   0.042030
1879.372581   12.476430   0.044580
1879.383093   12.550100   0.025000
1879.393142   12.531820   0.043190
1879.403333   12.524770   0.045730
1879.413718   12.490920   0.047080
1879.422210   12.552800   0.049950
1879.430290   12.514320   0.053700
1879.436891   12.501620   0.054450
1879.441492   12.531200   0.052120
1879.445571   12.524110   0.054190
1879.449457   12.494460   0.053750
1879.452342   12.547060   0.042150
1879.454194   12.496980   0.050370
1879.456055   12.523730   0.046880
1879.457932   12.490950   0.057540
1879.460282   12.525710   0.080870
1879.524043   12.505230   0.071840
1879.534146   12.509200   0.077270
1879.544253   12.505410   0.074130
1879.554321   12.604120   0.048100
1879.564508   12.534670   0.077840
1879.574677   12.502460   0.081690
1879.584814   12.563380   0.083950
1879.594935   12.481640   0.082960
1879.605121   12.524460   0.089690
1879.615186   12.562960   0.100250
1879.625350   12.489620   0.104540
1879.885631   12.514510   0.052790
1879.895153   12.508070   0.042970
1879.904711   12.526750   0.036080
1879.914664   12.504280   0.029050
1879.924232   12.499490   0.023500
1879.933937   12.517770   0.021310
1879.943742   12.501260   0.017900
1879.953255   12.533010   0.016860
1879.962965   12.534160   0.015710
1879.972299   12.525190   0.015530
1879.982133   12.520050   0.016050
1879.991480   12.508920   0.016860
1880.001350   12.518670   0.017440
1880.010995   12.522470   0.018830
1880.020489   12.517560   0.019760
1880.030167   12.503690   0.019170
1880.040004   12.532150   0.018890
1880.050020   12.516050   0.019120
1880.059700   12.509710   0.019400
1880.069635   12.508470   0.019630
1880.079469   12.498040   0.020450
1880.089000   12.491990   0.019630
1880.098524   12.527340   0.020840
1880.108072   12.529210   0.023330
1880.117530   12.509320   0.020560
1880.127140   12.513040   0.020960
1880.200091   12.539840   0.022980
1880.209735   12.516070   0.025520
1880.219431   12.513770   0.023970
1880.229324   12.536700   0.021950
1880.238989   12.509120   0.021250
1880.248836   12.515230   0.021020
1880.258298   12.518170   0.022290
1880.267686   12.524370   0.024310
1880.277275   12.512860   0.024090
1880.286928   12.508400   0.027430
1880.306613   12.520550   0.023210
1880.369120   12.511000   0.022630
1880.684731   12.575750   0.063570
1880.693935   12.558480   0.062590
1880.703424   12.514080   0.077140
1880.712965   12.508750   0.077830
1880.722745   12.514160   0.105010
1880.977730   12.483920   0.024490
1880.987626   12.523230   0.020450
1880.997175   12.501630   0.019520
1881.007352   12.527470   0.019630
1881.017262   12.508600   0.020360
1881.027023   12.527400   0.021420
1881.036583   12.524280   0.021140
1881.046307   12.527470   0.021770
1881.055914   12.535530   0.024140
1881.065565   12.526600   0.022920
1881.075352   12.507840   0.025990
1881.085120   12.520670   0.023570
1881.124474   12.511060   0.024940
1881.134326   12.490470   0.026270
1881.143810   12.504210   0.019980
1881.153419   12.489210   0.026170
1881.163015   12.531680   0.023800
1881.171357   12.530570   0.020730
1881.190627   12.515400   0.018240
1881.200550   12.525910   0.019750
1881.210473   12.506990   0.021020
1881.220305   12.508190   0.022520
1881.230199   12.500020   0.022230
1881.239668   12.533660   0.023500
1881.249328   12.526800   0.023040
1881.258917   12.526100   0.022810
1881.268352   12.532520   0.023850
1881.278189   12.514150   0.023440
1881.288137   12.525030   0.023960
1881.297680   12.498060   0.023900
1881.307337   12.517830   0.024770
1881.317394   12.497750   0.025520
1881.327336   12.510070   0.026500
1881.337373   12.519960   0.027080
1881.347129   12.511180   0.027250
1881.357110   12.514820   0.027830
1881.366722   12.510290   0.028120
1881.376276   12.522070   0.028640
1881.386104   12.509730   0.029560
1881.395996   12.504900   0.029910
1881.405772   12.529550   0.030660
1881.414838   12.509270   0.031410
1881.422098   12.490370   0.030720
1881.428287   12.504160   0.030890
1881.433496   12.518630   0.031230
1881.437835   12.511450   0.031930
1881.441542   12.515440   0.032620
1881.445078   12.480410   0.033590
1881.447777   12.511830   0.033440
1881.449541   12.517170   0.033150
1881.451276   12.514050   0.033430
1881.453055   12.516920   0.033140
1881.455245   12.522400   0.046950
1881.512259   12.511750   0.034180
1881.522032   12.538100   0.037800
1881.531584   12.513110   0.038700
1881.541053   12.529590   0.038510
1881.560601   12.540070   0.040410
1881.570473   12.530890   0.038700
1881.580253   12.484770   0.044590
1881.589860   12.521500   0.041580
1881.599577   12.533020   0.049980
1881.638590   12.529810   0.057090
1881.648351   12.539050   0.064070
1881.807277   12.445620   0.105870
1881.816745   12.583460   0.098340
1881.826319   12.525970   0.069890
1881.845731   12.510010   0.052570
1881.855252   12.536460   0.044000
1881.864967   12.561810   0.040410
1881.874874   12.527200   0.035970
1881.884546   12.533920   0.030610
1881.894462   12.532100   0.027550
1881.904494   12.537540   0.024490
1881.914271   12.515750   0.023090
1881.923884   12.535630   0.023790
1881.933466   12.526650   0.021940
1881.943231   12.549180   0.022460
1881.952875   12.526810   0.028520
1881.962633   12.516500   0.031410
1881.972149   12.516010   0.032510
1881.982098   12.537740   0.035460
1881.992169   12.516490   0.042210
1882.001889   12.510760   0.045000
1882.011594   12.524010   0.045610
1882.051198   12.499190   0.036640
1882.070527   12.476900   0.069930
1882.080330   12.522520   0.029710
1882.090096   12.479370   0.061940
1882.150540   12.473580   0.036140
1882.160119   12.518730   0.037320
1882.169652   12.532790   0.038430
1882.179008   12.518440   0.039900
1882.208031   12.555070   0.093600
1882.217722   12.551660   0.073710
1882.227231   12.534840   0.063010
1882.236839   12.525300   0.058550
1882.246327   12.478430   0.088300
1882.256107   12.501370   0.082490
1882.266006   12.539920   0.082600
1882.275585   12.502000   0.069760
1882.285301   12.567660   0.071350
1882.295361   12.512900   0.064030
1882.305067   12.500300   0.088480
1882.315073   12.595010   0.118440
1882.325032   12.542140   0.066750
1882.334886   12.505540   0.053590
1882.344919   12.485890   0.065980
1882.354771   12.477280   0.080010
1882.364587   12.507910   0.062710
1882.374737   12.533900   0.065360
1883.093660   12.491540   0.027950
1883.103366   12.497450   0.046950
1883.122314   12.467110   0.027210
1883.150882   12.534660   0.035760
1883.160374   12.556790   0.036440
1883.169871   12.522380   0.040560
1883.207904   12.516730   0.035800
1883.217549   12.501160   0.038690
1883.226897   12.543850   0.038700
1883.236210   12.531490   0.037070
1883.245790   12.519390   0.037300
1883.255334   12.505560   0.041770
1883.265175   12.549080   0.039810
1883.274780   12.542470   0.042520
1883.284849   12.511530   0.055320
1883.294394   12.544840   0.059980
1883.304305   12.562230   0.050640
1883.314080   12.518430   0.065280
1883.323720   12.539080   0.053400
1883.333437   12.513590   0.044940
1883.343435   12.539610   0.048900
1883.353548   12.567000   0.052500
1883.363493   12.547710   0.045510
1883.373027   12.505770   0.046070
1883.382657   12.511990   0.047250
1883.392439   12.504820   0.044020
1883.402040   12.531450   0.048160
1883.410061   12.478370   0.053710
1883.417485   12.500830   0.053020
1883.423677   12.504910   0.047410
1883.428949   12.516550   0.050320
1883.433300   12.523170   0.058380
1883.436812   12.529510   0.048350
1883.440325   12.494990   0.055510
1883.443180   12.526880   0.049830
1883.444926   12.527880   0.055030
1883.446707   12.533940   0.048170
1883.448508   12.487170   0.047290
1883.507335   12.513100   0.053470
1883.517022   12.535090   0.052430
1883.526655   12.574440   0.060040
1883.536232   12.486600   0.062990
1883.545818   12.466380   0.065540
1883.555341   12.506490   0.065560
1883.565051   12.551960   0.067780
1883.584302   12.510970   0.063800
1883.593915   12.483390   0.055920
1884.128292   12.520190   0.023180
1884.137551   12.513440   0.016460
1884.147279   12.496680   0.018300
1884.166197   12.509240   0.022930
1884.175960   12.515900   0.023210
1884.185414   12.514920   0.020680
1884.204574   12.519390   0.018480
1884.214174   12.538420   0.016810
1884.223839   12.528590   0.019640
1884.233272   12.516300   0.026950
1884.261682   12.534750   0.015470
1884.271201   12.525210   0.015300
1884.280876   12.531450   0.016750
1884.290846   12.511210   0.017840
1884.300573   12.503110   0.019460
1884.310420   12.553530   0.028840
1884.320206   12.540900   0.019000
1884.330156   12.534810   0.019170
1884.340081   12.530980   0.022930
1884.350052   12.521320   0.022110
1884.360119   12.530810   0.018940
1884.370060   12.516630   0.019230
1884.379738   12.523470   0.020670
1884.389528   12.528580   0.016510
1884.399065   12.530020   0.017260
1884.406881   12.497600   0.019400
1884.413865   12.505310   0.022810
1884.420368   12.535300   0.025840
1884.425635   12.521180   0.018250
1884.430150   12.516520   0.016340
1884.433678   12.528750   0.018300
1884.437202   12.520370   0.018010
1884.439908   12.517990   0.019120
1884.441669   12.518150   0.018820
1884.443407   12.532930   0.018020
1884.445186   12.521850   0.017730
1884.446926   12.503230   0.024280
1884.503638   12.515590   0.016630
1884.513187   12.518640   0.020080
1884.522993   12.519260   0.016860
1884.532900   12.509110   0.015360
1884.542819   12.509300   0.018950
1884.552706   12.515090   0.022550
1884.562458   12.521080   0.013970
1884.581820   12.535410   0.014660
1884.591479   12.514420   0.018190
1884.600983   12.515030   0.016460
1884.610820   12.521210   0.015470
1884.886961   12.526980   0.039730
1884.896459   12.515440   0.041790
1884.906042   12.520420   0.038220
1884.915643   12.510270   0.051380
1884.925737   12.524750   0.035700
1884.935570   12.499860   0.049550
1884.945448   12.515890   0.039400
1884.954875   12.529500   0.042220
1884.964329   12.514830   0.043530
1884.974229   12.524650   0.046770
1884.983546   12.507000   0.048500
1884.993441   12.529380   0.041460
1885.003341   12.550700   0.041220
1885.013229   12.545150   0.046020
1885.022911   12.534080   0.046070
1885.032502   12.540950   0.051100
1885.042137   12.536880   0.048970
1885.052183   12.497700   0.056500
1885.061957   12.553110   0.060200
1885.071678   12.492160   0.063640
1885.081285   12.520610   0.069950
1885.278794   12.519090   0.035090
1885.288696   12.476940   0.047030
1885.298475   12.530740   0.036890
1885.308250   12.502010   0.037210
1885.318087   12.521050   0.038650
1885.328301   12.504650   0.044810
1885.338173   12.539750   0.067040
1885.347960   12.519590   0.055550
1885.357853   12.468950   0.061630
1885.367578   12.496950   0.061340
1885.377344   12.557130   0.072800
1885.386938   12.473600   0.075240
1885.396599   12.472880   0.061420
1885.404395   12.524940   0.058210
1885.411445   12.498430   0.063590
1885.417511   12.524300   0.070980
1885.422892   12.544250   0.073190
1885.427461   12.538170   0.069010
1885.430989   12.536350   0.056250
1885.434637   12.508470   0.062280
1885.437356   12.542790   0.064070
1885.439093   12.537740   0.063640
1885.440855   12.562970   0.059680
1885.442624   12.522160   0.054730
1885.444416   12.522960   0.056280
1885.502228   12.528210   0.061210
1885.511985   12.569620   0.090270
1885.521821   12.537870   0.068050
1885.531512   12.517000   0.061900
1885.541243   12.511120   0.068200
1885.551133   12.549470   0.055150
1885.560860   12.510050   0.058240
1885.570601   12.479100   0.052830
1885.580236   12.434100   0.069920
1885.590133   12.522380   0.048170
1886.072366   12.507990   0.013570
1886.101064   12.534340   0.015880
1886.110701   12.531270   0.015650
1886.120214   12.517720   0.015710
1886.129544   12.518350   0.016340
1886.138882   12.521600   0.017090
1886.148233   12.520680   0.016740
1886.157943   12.527360   0.017550
1886.167550   12.512310   0.020990
1886.177101   12.521620   0.019800
1886.186997   12.525720   0.020560
1886.196609   12.524630   0.021880
1886.206153   12.518260   0.023730
1886.215757   12.524620   0.025580
1886.225422   12.521670   0.033600
1886.234829   12.514140   0.034410
1886.244630   12.528160   0.034150
1886.254426   12.523100   0.024370
1886.263771   12.524300   0.020150
1886.273578   12.514830   0.036070
1886.283270   12.529870   0.019860
1886.293134   12.531050   0.020790
1886.303115   12.513940   0.023790
1886.312914   12.538110   0.021480
1886.322818   12.535100   0.022290
1886.332859   12.537430   0.022410
1886.342543   12.518940   0.020960
1886.352534   12.522730   0.021480
1886.362281   12.516130   0.023210
1886.372003   12.520810   0.024420
1886.381496   12.513720   0.025530
1886.391198   12.530630   0.027660
1886.408171   12.526980   0.027950
1886.414363   12.525370   0.033840
1886.419581   12.521810   0.033910
1886.427459   12.521010   0.031490
1886.431086   12.521650   0.031930
1886.433748   12.522000   0.036100
1886.435540   12.510780   0.036740
1886.437293   12.526850   0.032340
1886.439058   12.516030   0.032300
1886.441348   12.529300   0.068000
