1863.169882   13.203970   0.035570
1863.179028   13.238340   0.039550
1863.188111   13.238180   0.045040
1863.197263   13.256310   0.042740
1863.206453   13.220350   0.040470
1863.215516   13.206060   0.049330
1863.224486   13.202650   0.047200
1863.233708   13.248540   0.049600
1863.243026   13.181310   0.048790
1863.252052   13.229040   0.044950
1863.260978   13.252810   0.044070
1863.270074   13.234340   0.048270
1863.279229   13.220450   0.046140
1863.288341   13.205450   0.042110
1863.297662   13.224920   0.038510
1863.306748   13.234570   0.044680
1863.315898   13.218200   0.044320
1863.325261   13.265490   0.044750
1863.334632   13.252010   0.047750
1863.344416   13.255010   0.045910
1863.353962   13.257410   0.044620
1863.363511   13.222270   0.038930
1863.372640   13.237140   0.037260
1863.381795   13.265800   0.036720
1863.391577   13.238480   0.038740
1863.400670   13.225970   0.042110
1863.410157   13.235160   0.043600
1863.419415   13.221710   0.044420
1863.428728   13.247490   0.048640
1863.438171   13.248470   0.048100
1863.447725   13.233160   0.055720
1863.457038   13.235210   0.064040
1863.464667   13.192460   0.073470
1863.471563   13.208550   0.076450
1863.477686   13.231170   0.073310
1863.482900   13.168920   0.074110
1863.487037   13.277470   0.078510
1863.490505   13.193560   0.075940
1863.494064   13.195880   0.072500
1863.496621   13.237700   0.080390
1863.498272   13.233490   0.078550
1863.500087   13.190470   0.079370
1863.501889   13.261310   0.083320
1863.503937   13.233900   0.118340
1864.122118   13.239100   0.029910
1864.131216   13.229270   0.038520
1864.140349   13.245370   0.035570
1864.149328   13.213920   0.034470
1864.158727   13.257580   0.032970
1864.168077   13.217910   0.041640
1864.177441   13.227060   0.040430
1864.186471   13.229170   0.031700
1864.195786   13.248730   0.039610
1864.204761   13.218920   0.035510
1864.213956   13.261010   0.035110
1864.223275   13.237930   0.033090
1864.232312   13.236250   0.038460
1864.241734   13.247900   0.039140
1864.250994   13.237240   0.033890
1864.260292   13.224580   0.040130
1864.269452   13.247040   0.035220
1864.278712   13.232220   0.040480
1864.288040   13.212370   0.042760
1864.297228   13.220070   0.039790
1864.306786   13.247590   0.041400
1864.315982   13.196560   0.040880
1864.325240   13.206560   0.041300
1864.334830   13.242840   0.039780
1864.344223   13.254500   0.054550
1864.353629   13.247000   0.053420
1864.362884   13.243330   0.059710
1864.372284   13.214250   0.073570
1864.381718   13.240430   0.057630
1864.391386   13.198810   0.052140
1864.401175   13.257490   0.066550
1864.410777   13.174280   0.057850
1864.420158   13.237530   0.056990
1864.429378   13.265110   0.065240
1864.438639   13.239970   0.075640
1864.448098   13.184800   0.082420
1864.457409   13.154560   0.088990
1864.465120   13.150370   0.085880
1864.472313   13.196630   0.097150
1864.477494   13.240760   0.108970
1864.492216   13.409690   0.131850
1864.494776   13.379800   0.125080
1864.496480   13.200090   0.100280
1864.498212   13.249960   0.069600
1864.500244   13.186510   0.072400
1864.501913   13.087950   0.068100
1865.081649   13.248540   0.046480
1865.090914   13.232900   0.048050
1865.103000   13.198910   0.043900
1865.112265   13.252400   0.042260
1865.121493   13.247770   0.055960
1865.180915   13.207140   0.031370
1865.189934   13.212030   0.024540
1865.199137   13.228540   0.030720
1865.208040   13.226070   0.024830
1865.217207   13.239400   0.037400
1865.226382   13.243180   0.034900
1865.235932   13.217610   0.039230
1865.245886   13.239240   0.039300
1865.255783   13.251150   0.038690
1865.265750   13.220780   0.049430
1865.275774   13.238820   0.044610
1865.285892   13.246820   0.039000
1865.295973   13.217950   0.043900
1865.306185   13.193470   0.043190
1865.316145   13.202250   0.039700
1865.326150   13.221960   0.047350
1865.336276   13.227190   0.054980
1865.346577   13.239060   0.046330
1865.356675   13.200810   0.046770
1865.366659   13.235470   0.053090
1865.376904   13.262380   0.052260
1865.387088   13.235610   0.054870
1865.397153   13.213910   0.056180
1865.407149   13.226300   0.054120
1865.417333   13.200250   0.048190
1865.427630   13.218450   0.052240
1865.437669   13.236420   0.052060
1865.448171   13.232280   0.062640
1865.457324   13.277930   0.075130
1865.465615   13.251530   0.078760
1865.471988   13.200670   0.095660
1865.477591   13.213290   0.115040
1865.482335   13.229370   0.094620
1865.486159   13.247660   0.110040
1865.489785   13.254380   0.096020
1865.492667   13.235860   0.090850
1865.494427   13.243200   0.087790
1865.496283   13.236270   0.081560
1865.498551   13.219920   0.141130
1866.165339   13.226480   0.026620
1866.174723   13.237270   0.026900
1866.184057   13.239780   0.027970
1866.193410   13.236110   0.028640
1866.202706   13.230740   0.029390
1866.212035   13.206320   0.030090
1866.221409   13.229690   0.029680
1866.230791   13.241610   0.029740
1866.240551   13.218810   0.029330
1866.250004   13.237840   0.029390
1866.259354   13.258330   0.030840
1867.193045   13.236890   0.020090
1867.202355   13.249650   0.020960
1867.211516   13.248700   0.021310
1867.220585   13.237150   0.022290
1867.230131   13.228630   0.022920
1867.239707   13.239740   0.022520
1867.249230   13.233150   0.021880
1867.258785   13.240480   0.022460
1867.268385   13.233310   0.022920
1867.277702   13.235250   0.023440
1867.287153   13.235540   0.023970
1867.296854   13.223920   0.024320
1867.306121   13.242410   0.024770
1867.315500   13.217240   0.024940
1867.325094   13.225560   0.025470
1867.334502   13.199660   0.027230
1867.344482   13.224780   0.027830
1867.354030   13.234040   0.028030
1867.363492   13.217830   0.031140
1867.372735   13.202340   0.028480
1867.382212   13.222090   0.029870
1867.391671   13.209980   0.031420
1867.401392   13.225300   0.030900
1867.410805   13.206100   0.028990
1867.420288   13.219210   0.036980
1867.429722   13.195740   0.038860
1867.439192   13.243420   0.037610
1867.448574   13.283100   0.041170
1867.456168   13.220420   0.035560
1867.463320   13.253600   0.039050
1867.469421   13.236530   0.038280
1867.473939   13.238560   0.030720
1867.478291   13.232710   0.028870
1867.481655   13.221250   0.028530
1867.484335   13.218030   0.031820
1867.486951   13.229250   0.031240
1867.488639   13.205830   0.031600
1867.490315   13.214940   0.033220
1867.492002   13.217180   0.031250
1867.493724   13.238480   0.031120
1868.197661   13.221810   0.036380
1868.207123   13.244730   0.037650
1868.216495   13.213180   0.050760
1868.225986   13.241420   0.045210
1868.235811   13.271580   0.048940
1868.245580   13.240580   0.050450
1868.255259   13.219200   0.053140
1868.264815   13.252310   0.052010
1868.274279   13.243950   0.054570
1868.283929   13.240240   0.050750
1868.293537   13.196810   0.078360
1868.303104   13.208140   0.085370
1868.312574   13.237180   0.084430
1868.322548   13.245510   0.062660
1868.332083   13.242330   0.058920
1868.341800   13.237670   0.057930
1868.351466   13.249900   0.076360
1868.360837   13.219500   0.074330
1868.370659   13.242660   0.069390
1868.380417   13.206800   0.071070
1868.390367   13.192910   0.073730
1868.399668   13.254220   0.066410
1868.409622   13.278930   0.068970
1868.419023   13.207800   0.071560
1868.428372   13.219750   0.070930
1868.437691   13.221380   0.073800
1868.446987   13.217910   0.077070
1868.454949   13.229430   0.079230
1868.461066   13.263470   0.076660
1868.467151   13.203290   0.077440
1868.471440   13.277820   0.083470
1868.475710   13.219200   0.093020
1868.479187   13.235800   0.093850
1868.481793   13.220130   0.094710
1868.484421   13.247600   0.086540
1868.486154   13.222950   0.092270
1868.487874   13.245410   0.085470
1868.489584   13.227520   0.092330
1868.491280   13.307310   0.096650
1868.562473   13.214940   0.104240
1869.239644   13.207620   0.110990
1869.249027   13.189390   0.110240
1869.258676   13.239680   0.119260
1869.268460   13.173330   0.073300
1870.219778   13.237220   0.024540
1870.229270   13.241890   0.025520
1870.238762   13.210070   0.027560
1870.248135   13.228010   0.026730
1870.257691   13.231590   0.029680
1870.267266   13.215900   0.028120
1870.276950   13.228340   0.028870
1870.286498   13.222860   0.029970
1870.295849   13.201140   0.027770
1870.305565   13.236420   0.029040
1870.315197   13.198900   0.032510
1870.325274   13.208730   0.032850
1870.335174   13.246270   0.031640
1870.344892   13.217520   0.033670
1870.354573   13.225940   0.037530
1870.364104   13.203650   0.050420
1870.373603   13.244630   0.048020
1870.383600   13.237190   0.058990
1870.393243   13.258080   0.071480
1870.402820   13.243820   0.100690
1870.412418   13.287470   0.093090
1870.421719   13.316990   0.089560
1870.431056   13.237510   0.090330
1870.440608   13.238540   0.080370
1870.448993   13.198940   0.068520
1870.456179   13.204300   0.065650
1870.461756   13.203610   0.077430
1870.466593   13.209490   0.097830
1870.470290   13.263690   0.085000
1870.474034   13.192420   0.094140
1870.476825   13.239230   0.103540
1870.478569   13.214990   0.100130
1870.480341   13.223990   0.094450
1870.482097   13.163430   0.096180
1870.483838   13.272850   0.104330
1870.485602   13.253140   0.098500
1871.136689   13.254720   0.029680
1871.146179   13.245940   0.028950
1871.155384   13.234040   0.028120
1871.164955   13.231400   0.032970
1871.174269   13.222200   0.030160
1871.183469   13.221790   0.033060
1871.192872   13.253800   0.031020
1871.202392   13.233470   0.032480
1871.211865   13.250390   0.038970
1871.221273   13.273180   0.037200
1871.230922   13.223310   0.033670
1871.240394   13.222750   0.031930
1871.250018   13.234540   0.033550
1871.259434   13.227850   0.027580
1871.269122   13.244130   0.032570
1871.278903   13.205650   0.033260
1871.288648   13.247790   0.034940
1871.298226   13.231310   0.035340
1871.307789   13.237360   0.037370
1871.317562   13.224680   0.037590
1871.327342   13.240660   0.038650
1871.337079   13.218680   0.042870
1871.346725   13.175210   0.045500
1871.356495   13.230400   0.042910
1871.366277   13.208560   0.047000
1871.375944   13.249890   0.046230
1871.385808   13.247860   0.052220
1871.395399   13.223640   0.053440
1871.404882   13.208220   0.063460
1871.414342   13.192720   0.060480
1871.423744   13.237520   0.059360
1871.433495   13.247000   0.056820
1871.442405   13.194120   0.053820
1871.449670   13.207880   0.059540
1871.455742   13.183660   0.057550
1871.461191   13.259640   0.067060
1871.465968   13.221510   0.063070
1871.469461   13.281280   0.064960
1871.472994   13.206050   0.062520
1871.476070   13.223670   0.058420
1871.477819   13.279510   0.058240
1871.479709   13.264150   0.061430
1871.481438   13.232710   0.060090
1871.550420   13.247850   0.067440
1871.559908   13.208350   0.068820
1871.569340   13.208030   0.073290
1871.578835   13.196770   0.075510
1871.588334   13.224900   0.085910
1871.597765   13.165270   0.100810
1871.607264   13.159640   0.111920
1871.616819   13.185230   0.127490
1872.324463   13.240320   0.032460
1872.334315   13.214590   0.033630
1872.344041   13.213690   0.035110
1872.353623   13.217130   0.037040
1872.363427   13.218720   0.033790
1872.373279   13.237510   0.031930
1872.383099   13.234580   0.034880
1872.392766   13.217950   0.032400
1872.402203   13.218840   0.033260
1872.412032   13.218340   0.036840
1872.421585   13.253560   0.036730
1872.431130   13.241900   0.039330
1872.439874   13.251630   0.038810
1872.447517   13.238780   0.038050
1872.454162   13.225280   0.040630
1872.459603   13.254880   0.043160
1872.463903   13.237680   0.045270
1872.467716   13.243280   0.041050
1872.470496   13.228670   0.042210
1872.473152   13.252310   0.043910
1872.474857   13.236580   0.045120
1872.476617   13.227850   0.044870
1872.478370   13.227080   0.044010
1872.480228   13.241670   0.044480
1872.541663   13.243840   0.057440
1872.550845   13.221340   0.061960
1872.560270   13.200880   0.063480
1872.569828   13.200800   0.065840
1872.579400   13.183290   0.071510
1872.588943   13.191470   0.079870
1872.598488   13.297620   0.090280
1872.608116   13.240430   0.104010
1872.617527   13.266030   0.121820
1872.627101   13.112730   0.126030
1873.229437   13.256850   0.038230
1873.238826   13.246610   0.039620
1873.248403   13.235550   0.038230
1873.258009   13.228540   0.039210
1873.267456   13.241480   0.040130
1873.276959   13.208920   0.041330
1873.286788   13.220650   0.041430
1873.296275   13.209430   0.044470
1873.305896   13.212240   0.049170
1873.315548   13.236320   0.046630
1873.325684   13.253530   0.048510
1873.335346   13.209020   0.052430
1873.344943   13.227640   0.054010
1873.354842   13.238440   0.051540
1873.364691   13.162330   0.056300
1873.374458   13.234760   0.054680
1873.383960   13.252020   0.049080
1873.393856   13.228590   0.052210
1873.403606   13.204400   0.051410
1873.413210   13.207400   0.057250
1873.422938   13.214830   0.060890
1873.432622   13.216390   0.052820
1873.441010   13.229380   0.050720
1873.447044   13.235290   0.049080
1873.453044   13.226540   0.047760
1873.457630   13.235650   0.050150
1873.462090   13.233540   0.052640
1873.465548   13.245430   0.051010
1873.468261   13.203200   0.054620
1873.470892   13.251640   0.056740
1873.472722   13.246290   0.051820
1873.474437   13.234070   0.052910
1873.476606   13.232450   0.074190
1873.558313   13.213160   0.116600
1873.567696   13.269960   0.110760
1873.577026   13.206210   0.070000
1873.586745   13.238290   0.110230
1873.615474   13.179390   0.081100
1874.032527   13.240060   0.024940
1874.041923   13.243220   0.026440
1874.051714   13.230980   0.026330
1874.061193   13.230100   0.026040
1874.070741   13.222750   0.028780
1874.080230   13.255010   0.028320
1874.089638   13.234460   0.026910
1874.098984   13.236570   0.029510
1874.108441   13.231110   0.027980
1874.117749   13.230110   0.029990
1874.127103   13.213800   0.028880
1874.136654   13.260390   0.030080
1874.145982   13.250940   0.030600
1874.155173   13.238030   0.033330
1874.164605   13.247950   0.036100
1874.174153   13.239410   0.041290
1874.183645   13.213290   0.054060
1874.193053   13.212480   0.069740
1874.202515   13.200970   0.074880
1874.212179   13.266480   0.084730
1874.222051   13.237220   0.070180
1874.593715   13.295290   0.106950
1874.603390   13.232570   0.124830
1876.992585   13.232930   0.027830
1877.002277   13.257450   0.028820
1877.012009   13.240470   0.029280
1877.021623   13.230060   0.029500
1877.031340   13.239530   0.032650
1877.041094   13.225030   0.031640
1877.050632   13.238380   0.026270
1877.060512   13.216480   0.029330
1877.070280   13.225370   0.029230
1877.080037   13.242650   0.029710
1877.089835   13.238520   0.029000
1877.099542   13.244090   0.030030
1877.109324   13.249620   0.036470
1877.119234   13.256230   0.035990
1877.128562   13.214540   0.033810
1877.137988   13.213380   0.032690
1877.147449   13.221590   0.040020
1877.157081   13.236610   0.035570
1877.166514   13.215050   0.034650
1877.175811   13.207180   0.032250
1877.185180   13.262920   0.036380
1877.194638   13.208430   0.032310
1877.204359   13.270390   0.033200
1877.213829   13.210930   0.031930
1877.223290   13.228310   0.034360
1877.232928   13.203020   0.033720
1877.242583   13.201520   0.036470
1877.252102   13.218120   0.037940
1877.261424   13.201820   0.038470
1877.271317   13.244430   0.033920
1877.280810   13.209030   0.031350
1877.290913   13.209380   0.036620
1877.300784   13.220290   0.042380
1877.310552   13.239350   0.034780
1877.320329   13.231580   0.040250
1877.330019   13.189140   0.035620
1877.339609   13.238280   0.031520
1877.349339   13.232040   0.035250
1877.359563   13.235820   0.030890
1877.369289   13.246650   0.036270
1877.379166   13.239410   0.032620
1877.389199   13.237400   0.040030
1877.398748   13.256860   0.045870
1877.408188   13.241130   0.043240
1877.417610   13.245060   0.039790
1877.426444   13.230730   0.034470
1877.433416   13.232960   0.039790
1877.439426   13.227670   0.045180
1877.444578   13.235570   0.044780
1877.449101   13.227740   0.037540
1877.452622   13.226140   0.046430
1877.456119   13.247240   0.039220
1877.458826   13.239430   0.038060
1877.460660   13.242350   0.040730
1877.462441   13.238620   0.038400
1877.464144   13.243850   0.039710
1877.465872   13.241810   0.041990
1877.528546   13.234540   0.049050
1877.538164   13.224110   0.049620
1877.547759   13.234610   0.057090
1877.557433   13.210300   0.056240
1877.566991   13.201970   0.058400
1877.956588   13.216420   0.045510
1877.966360   13.262430   0.040720
1877.975795   13.244320   0.030540
1877.985575   13.230470   0.026970
1877.995071   13.236760   0.025760
1878.004964   13.215460   0.025060
1878.014335   13.241190   0.027710
1878.023915   13.225260   0.023480
1878.033403   13.233130   0.025350
1878.042881   13.237060   0.024830
1878.052477   13.243740   0.028760
1878.062202   13.252500   0.027720
1878.072038   13.225300   0.028810
1878.081838   13.236340   0.030110
1878.091595   13.237990   0.027600
1878.101204   13.246240   0.028170
1878.111056   13.222850   0.029870
1878.120475   13.208940   0.029220
1878.129972   13.248870   0.032390
1878.139452   13.235340   0.037530
1878.148981   13.220430   0.058020
1878.158293   13.223950   0.056170
1878.167692   13.217490   0.033160
1878.177309   13.215580   0.031180
1878.186872   13.217260   0.040710
1878.196273   13.213140   0.038590
1878.206054   13.234800   0.043830
1878.215833   13.268050   0.048740
1878.225557   13.205630   0.052360
1878.235117   13.232100   0.040750
1878.244657   13.222870   0.041500
1878.254352   13.220540   0.044290
1878.263984   13.241830   0.047460
1878.273770   13.234240   0.049610
1878.283405   13.257410   0.055190
1878.293079   13.213720   0.054100
1878.302887   13.243610   0.071860
1878.312828   13.195980   0.067910
1878.322431   13.226930   0.062850
1878.332111   13.238560   0.068480
1878.342126   13.220960   0.049430
1878.351898   13.201820   0.054950
1878.361666   13.249140   0.053780
1878.371492   13.195400   0.055880
1878.381052   13.241050   0.060570
1878.390611   13.174330   0.048950
1878.400035   13.210800   0.057740
1878.409523   13.219420   0.054350
1878.419250   13.245180   0.061200
1878.427139   13.233420   0.066680
1878.434256   13.222230   0.052770
1878.439734   13.291090   0.065000
1878.444205   13.245830   0.052840
1878.448555   13.275010   0.051480
1878.452064   13.249180   0.062880
1878.454721   13.185320   0.060550
1878.457364   13.276180   0.059930
1878.459093   13.269390   0.059470
1878.460943   13.254860   0.063960
1878.463071   13.232530   0.088800
1878.523903   13.227550   0.066930
1878.533380   13.242460   0.066830
1878.542754   13.236400   0.065610
1878.552323   13.249340   0.070190
1878.561961   13.260230   0.077750
1878.571685   13.272580   0.108250
1878.581234   13.246590   0.099660
1878.590773   13.237460   0.105630
1878.600390   13.254500   0.126960
1878.885725   13.285720   0.089080
1878.896259   13.244210   0.066970
1878.907039   13.240920   0.064860
1878.917827   13.178970   0.057060
1878.928636   13.249510   0.058510
1878.939490   13.236180   0.050640
1878.950209   13.232650   0.042320
1878.960985   13.219840   0.040890
1878.971663   13.232980   0.037590
1878.982256   13.219500   0.040940
1878.992862   13.234040   0.037480
1879.003349   13.210670   0.040950
1879.014056   13.237160   0.040180
1879.024781   13.206270   0.038510
1879.035403   13.222390   0.044980
1879.046338   13.197870   0.045740
1879.056998   13.201270   0.047720
1879.067120   13.211800   0.048850
1879.077625   13.211870   0.048580
1879.087804   13.247250   0.050070
1879.097718   13.233950   0.055850
1879.108265   13.210740   0.058420
1879.118677   13.255260   0.059480
1879.128946   13.259620   0.052170
1879.138951   13.252050   0.059880
1879.148948   13.269250   0.065190
1879.158753   13.222640   0.071270
1879.168681   13.231370   0.068770
1879.178653   13.226000   0.072920
1879.188532   13.145610   0.070990
1879.198658   13.221240   0.075600
1879.208980   13.223470   0.070510
1879.219105   13.200400   0.082260
1879.229198   13.201090   0.074450
1879.239692   13.198490   0.078360
1879.249885   13.221530   0.071820
1879.259988   13.230280   0.072970
1879.270136   13.233640   0.070730
1879.279998   13.164610   0.060110
1879.290256   13.214620   0.073810
1879.300321   13.223220   0.067250
1879.310604   13.240190   0.069890
1879.321132   13.254890   0.070970
1879.331398   13.276200   0.072590
1879.341711   13.213740   0.074320
1879.352168   13.209900   0.076620
1879.362239   13.248710   0.074380
1879.372581   13.195650   0.076080
1879.383093   13.244850   0.048000
1879.393142   13.238060   0.072340
1879.403333   13.259120   0.077670
1879.413718   13.204490   0.082680
1879.422210   13.228190   0.089510
1879.430290   13.169230   0.090500
1879.436891   13.202060   0.089350
1879.441492   13.129920   0.087990
1879.445571   13.257390   0.094460
1879.449457   13.206910   0.090760
1879.452342   13.281760   0.078440
1879.454194   13.227990   0.092770
1879.456055   13.234410   0.075020
1879.457932   13.209630   0.094950
1879.460282   13.236020   0.137100
1879.524043   13.220700   0.119710
1879.534146   13.167510   0.116770
1879.544253   13.235340   0.120500
1879.554321   13.139840   0.068700
1879.564585   13.323200   0.103050
1879.574677   13.249990   0.124320
1879.584738   13.169300   0.103030
1879.594935   13.193170   0.105930
1879.885631   13.272270   0.108740
1879.895153   13.334330   0.095450
1879.904711   13.244060   0.064020
1879.914664   13.254470   0.048790
1879.924232   13.213630   0.040780
1879.933937   13.212380   0.035280
1879.943742   13.208840   0.030660
1879.953255   13.242770   0.028750
1879.962965   13.202410   0.026330
1879.972299   13.225940   0.026160
1879.982133   13.226500   0.026960
1879.991480   13.217370   0.028000
1880.001350   13.209420   0.030380
1880.010995   13.217400   0.031480
1880.020489   13.246410   0.033030
1880.030167   13.220510   0.032980
1880.040004   13.228770   0.031070
1880.050020   13.233380   0.032980
1880.059700   13.237650   0.034080
1880.069635   13.210560   0.034240
1880.079469   13.211170   0.036790
1880.089000   13.209820   0.034320
1880.098524   13.212450   0.037650
1880.108072   13.235850   0.039330
1880.117530   13.216910   0.033890
1880.127140   13.207670   0.038630
1880.200091   13.242450   0.038990
1880.209735   13.241110   0.042780
1880.219431   13.220000   0.040610
1880.229324   13.232830   0.036370
1880.238989   13.224160   0.036970
1880.248836   13.231400   0.035800
1880.258298   13.242400   0.040130
1880.267686   13.216760   0.038860
1880.277275   13.254100   0.038970
1880.286928   13.204360   0.046600
1880.306613   13.227630   0.039670
1880.369120   13.282980   0.037300
1880.684731   13.154620   0.119460
1880.693935   13.277350   0.122160
1880.967707   13.259950   0.043300
1880.977730   13.219580   0.040760
1880.987626   13.230170   0.034150
1880.997175   13.223510   0.031880
1881.007352   13.220750   0.033840
1881.017262   13.241060   0.036900
1881.027023   13.225350   0.036780
1881.036583   13.231400   0.036380
1881.046307   13.212070   0.037670
1881.055914   13.218920   0.044420
1881.065565   13.240200   0.041990
1881.075352   13.211500   0.045570
1881.085120   13.235510   0.039840
1881.094964   13.268460   0.040800
1881.104801   13.213370   0.033910
1881.114937   13.220220   0.049190
1881.124474   13.215210   0.041110
1881.134326   13.247350   0.043310
1881.143810   13.216180   0.033160
1881.153419   13.220780   0.045290
1881.163015   13.225900   0.038700
1881.171357   13.235040   0.034070
1881.180981   13.224250   0.037020
1881.190627   13.232270   0.030030
1881.200550   13.222010   0.032160
1881.210473   13.227800   0.035830
1881.220305   13.236930   0.037770
1881.230199   13.225530   0.036780
1881.239668   13.226080   0.038570
1881.249328   13.212760   0.037820
1881.258917   13.219810   0.037300
1881.268352   13.223830   0.040440
1881.278189   13.230280   0.039150
1881.288137   13.216870   0.039090
1881.297680   13.223040   0.039840
1881.307337   13.225690   0.040950
1881.317394   13.238830   0.041520
1881.327336   13.220390   0.042900
1881.337373   13.213850   0.043650
1881.347129   13.273950   0.045270
1881.357110   13.235080   0.045750
1881.366722   13.213340   0.045560
1881.376276   13.233300   0.047400
1881.386104   13.248110   0.050610
1881.395996   13.207740   0.048410
1881.405772   13.238440   0.052450
1881.414838   13.239410   0.052250
1881.422098   13.221980   0.050980
1881.428287   13.234720   0.052810
1881.433496   13.233510   0.055870
1881.437835   13.244450   0.053000
1881.441542   13.256660   0.060010
1881.445078   13.217180   0.060070
1881.447777   13.255610   0.059480
1881.449541   13.237230   0.058300
1881.451276   13.256860   0.056030
1881.453055   13.248440   0.061920
1881.455245   13.227550   0.085600
1881.512259   13.243130   0.059410
1881.522032   13.253210   0.065150
1881.531584   13.205910   0.067630
1881.541053   13.236860   0.067320
1881.550943   13.262720   0.065660
1881.560601   13.241970   0.076580
1881.570473   13.239000   0.068080
1881.580253   13.213050   0.076630
1881.589860   13.211770   0.072190
1881.599577   13.198260   0.081890
1881.609472   13.204960   0.072880
1881.619114   13.189390   0.084140
1881.628942   13.201660   0.093980
1881.638590   13.256970   0.101390
1881.648351   13.221600   0.117550
1881.835921   13.177770   0.113010
1881.845731   13.283110   0.096680
1881.855252   13.186070   0.074160
1881.864967   13.266200   0.065870
1881.874874   13.253770   0.059470
1881.884546   13.226680   0.050590
1881.894462   13.230400   0.044810
1881.904494   13.224260   0.039910
1881.914271   13.195530   0.038450
1881.923884   13.263250   0.039960
1881.933466   13.232090   0.037310
1881.943231   13.220640   0.037410
1881.952875   13.189460   0.049270
1881.962633   13.250760   0.055490
1881.972149   13.240340   0.055600
1881.982098   13.270090   0.059720
1881.992169   13.223990   0.078560
1882.001889   13.257600   0.087100
1882.011594   13.199350   0.090110
1882.021627   13.240430   0.066610
1882.031644   13.211800   0.077660
1882.041324   13.245430   0.074460
1882.051198   13.204090   0.067140
1882.060871   13.177230   0.069950
1882.070527   13.209830   0.122480
1882.080330   13.235800   0.052710
1882.090096   13.223650   0.115250
1882.109365   13.248780   0.095090
1882.121972   13.161210   0.077280
1882.131558   13.196300   0.059640
1882.141120   13.266370   0.099190
1882.150540   13.242620   0.066890
1882.160119   13.248620   0.064330
1882.169652   13.245050   0.066450
1882.179008   13.216860   0.072520
1882.188466   13.239820   0.074610
1882.198063   13.224420   0.091350
1882.217722   13.170470   0.121300
1882.227231   13.268470   0.111310
1882.236839   13.214550   0.108010
1882.275585   13.183590   0.120510
1882.285301   13.195260   0.096100
1882.295361   13.222260   0.114300
1882.325032   13.239880   0.113270
1882.334886   13.155840   0.099280
1882.344919   13.305430   0.121660
1882.364587   13.310560   0.113430
1882.374737   13.340720   0.111360
1883.093660   13.256170   0.047810
1883.103366   13.272080   0.082280
1883.112818   13.268130   0.055040
1883.122237   13.203000   0.063050
1883.131900   13.220070   0.050820
1883.141295   13.273080   0.060990
1883.150882   13.232750   0.055060
1883.160374   13.225100   0.063230
1883.169871   13.238130   0.067840
1883.179271   13.229810   0.055490
1883.188727   13.203650   0.056810
1883.198404   13.203080   0.067860
1883.207904   13.191720   0.063740
1883.217549   13.224830   0.067780
1883.226897   13.259160   0.063550
1883.236210   13.210580   0.067510
1883.245790   13.200210   0.065770
1883.255334   13.226090   0.074670
1883.265175   13.251190   0.070230
1883.274780   13.255910   0.071090
1883.284849   13.231020   0.097410
1883.294394   13.203930   0.098850
1883.304305   13.218810   0.091110
1883.314080   13.278940   0.085140
1883.323720   13.228440   0.100020
1883.333437   13.255250   0.075650
1883.343435   13.154380   0.087530
1883.353548   13.301280   0.103180
1883.363493   13.197050   0.076930
1883.373027   13.198040   0.082770
1883.382657   13.255020   0.093410
1883.392439   13.237080   0.080080
1883.402040   13.281010   0.085870
1883.410061   13.180690   0.090590
1883.417485   13.249610   0.093980
1883.423677   13.175110   0.088230
1883.428949   13.245380   0.091320
1883.433300   13.286950   0.104170
1883.436812   13.182300   0.084120
1883.440325   13.241540   0.103870
1883.443180   13.191140   0.087080
1883.444926   13.238960   0.096750
1883.446707   13.227450   0.086930
1883.448508   13.235110   0.091120
1883.507335   13.213390   0.094030
1883.517022   13.211120   0.089240
1883.526655   13.224620   0.103310
1883.536232   13.157480   0.106340
1883.545818   13.280170   0.110910
1883.555341   13.229950   0.108800
1883.565051   13.293100   0.110510
1883.574608   13.274370   0.107120
1883.584302   13.273800   0.109040
1883.593915   13.313300   0.099420
1884.099534   13.207530   0.025600
1884.109140   13.220880   0.024830
1884.118686   13.232800   0.030950
1884.128292   13.220920   0.037310
1884.137551   13.248530   0.028140
1884.147279   13.271010   0.031580
1884.156774   13.221220   0.033340
1884.166197   13.213570   0.042230
1884.175960   13.210630   0.038590
1884.185414   13.186790   0.035170
1884.194977   13.215640   0.028810
1884.204574   13.227630   0.030600
1884.214174   13.215640   0.028010
1884.223839   13.207920   0.030650
1884.233272   13.215060   0.046400
1884.242628   13.229930   0.025920
1884.252195   13.233220   0.025640
1884.261682   13.221620   0.025690
1884.271201   13.242820   0.025700
1884.280876   13.213230   0.027840
1884.290846   13.237560   0.030250
1884.300573   13.228940   0.033500
1884.310420   13.213150   0.049850
1884.320206   13.210210   0.031120
1884.330156   13.243740   0.032160
1884.340081   13.206330   0.037780
1884.350052   13.231060   0.036890
1884.360119   13.231840   0.031350
1884.370060   13.232170   0.032040
1884.379738   13.239530   0.034640
1884.389528   13.216550   0.027660
1884.399065   13.248770   0.029270
1884.406881   13.243770   0.033260
1884.413865   13.227250   0.037990
1884.420368   13.267070   0.044550
1884.425635   13.236280   0.030200
1884.430150   13.231610   0.027370
1884.433678   13.228090   0.030720
1884.437202   13.236550   0.030480
1884.439908   13.207620   0.031990
1884.441669   13.238480   0.031640
1884.443407   13.240490   0.030730
1884.445186   13.222710   0.028980
1884.446926   13.231900   0.040210
1884.503638   13.222860   0.027250
1884.513187   13.233120   0.032320
1884.522993   13.242830   0.027660
1884.532900   13.217670   0.025180
1884.542819   13.211480   0.032090
1884.552706   13.233690   0.037810
1884.562458   13.248510   0.023380
1884.572213   13.211120   0.029850
1884.581820   13.242120   0.024650
1884.591479   13.213070   0.031080
1884.600983   13.230520   0.028120
1884.610820   13.233580   0.026160
1884.886961   13.199970   0.060510
1884.896459   13.236230   0.069180
1884.906042   13.269620   0.067100
1884.915643   13.312530   0.090300
1884.925737   13.231420   0.061240
1884.935570   13.282320   0.089120
1884.945448   13.180110   0.070380
1884.954875   13.275080   0.078870
1884.964329   13.225110   0.070000
1884.974229   13.201230   0.085780
1884.983546   13.167600   0.084630
1884.993441   13.230950   0.080910
1885.003341   13.218330   0.065870
1885.013229   13.189720   0.082970
1885.022911   13.255560   0.086120
1885.032502   13.283270   0.092920
1885.042137   13.234460   0.092150
1885.052183   13.256950   0.096100
1885.061957   13.199390   0.107190
1885.071678   13.299190   0.113690
1885.081285   13.192090   0.118090
1885.090973   13.195100   0.107510
1885.100847   13.237710   0.110560
1885.278794   13.221280   0.060440
1885.288696   13.173120   0.083840
1885.298475   13.245730   0.069790
1885.308250   13.213950   0.068650
1885.318087   13.224530   0.066970
1885.328301   13.205810   0.083680
1885.338172   13.100300   0.084090
1885.347960   13.183340   0.101190
1885.357853   13.277670   0.114670
1885.367578   13.196280   0.111680
1885.387092   13.119430   0.067700
1885.396599   13.256880   0.115300
1885.404395   13.279900   0.100600
1885.411445   13.262940   0.113860
1885.417665   13.194930   0.065200
1885.422739   13.246510   0.068600
1885.427308   13.263640   0.064900
1885.430989   13.291080   0.099080
1885.434637   13.248330   0.113850
1885.437356   13.298990   0.109930
1885.439093   13.230690   0.109950
1885.440855   13.250430   0.106370
1885.442624   13.183940   0.102490
1885.444416   13.173440   0.103820
1885.502228   13.256750   0.111110
1885.521821   13.162810   0.110670
1885.531512   13.171880   0.107210
1885.541090   13.295690   0.066400
1885.551133   13.220350   0.101930
1885.560860   13.228340   0.101430
1885.570601   13.281630   0.100900
1885.590133   13.248010   0.087230
1886.072366   13.222480   0.022940
1886.082057   13.223030   0.025180
1886.091456   13.218930   0.025580
1886.101064   13.233260   0.026630
1886.110701   13.257310   0.026330
1886.120214   13.214480   0.025810
1886.129544   13.226400   0.028230
1886.138882   13.236820   0.028180
1886.148233   13.235930   0.028170
1886.157943   13.217680   0.028810
1886.167550   13.239000   0.033090
1886.177101   13.211950   0.032270
1886.186997   13.211970   0.033890
1886.196609   13.221440   0.037490
1886.206153   13.199900   0.041590
1886.215757   13.219990   0.041740
1886.225422   13.272160   0.058730
1886.234829   13.221180   0.061660
1886.244630   13.204500   0.062510
1886.254426   13.226300   0.041810
1886.263771   13.238180   0.033550
1886.273578   13.242810   0.056860
1886.283270   13.217730   0.032510
1886.293134   13.224300   0.034270
1886.303115   13.219710   0.041630
1886.312914   13.224520   0.035570
1886.322818   13.214910   0.038620
1886.332859   13.207350   0.036200
1886.342543   13.242480   0.036670
1886.352534   13.255100   0.036380
1886.362281   13.220940   0.039090
1886.372003   13.231490   0.040710
1886.381496   13.187120   0.040790
1886.391198   13.247420   0.045780
1886.399994   13.207060   0.049140
1886.408171   13.272250   0.048260
1886.414363   13.225270   0.060960
1886.419581   13.297550   0.064150
1886.423873   13.258760   0.056630
1886.427459   13.274080   0.054480
1886.431086   13.234870   0.052110
1886.433748   13.271110   0.066370
1886.435540   13.195680   0.066770
1886.437293   13.188690   0.056790
1886.439058   13.249580   0.059930
1886.441348   13.228560   0.123180
