1863.169882   14.655470   0.111330
1863.179028   14.621230   0.112960
1863.188111   14.601750   0.131160
1863.197263   14.649940   0.122360
1863.206453   14.641170   0.121650
1863.224410   14.574750   0.106490
1863.233632   14.531420   0.108830
1863.242873   14.439250   0.073900
1863.252052   14.495190   0.123310
1863.260978   14.552310   0.125350
1863.270227   14.560260   0.076000
1863.279305   14.583170   0.106850
1863.288341   14.600140   0.120260
1863.297662   14.603630   0.113520
1863.306748   14.691910   0.112710
1863.315898   14.613300   0.130790
1863.325261   14.526520   0.120530
1863.334632   14.583850   0.102610
1863.344416   14.663690   0.133250
1863.353962   14.644350   0.128750
1863.363511   14.569540   0.109590
1863.372640   14.575520   0.105630
1863.381795   14.658870   0.110110
1863.391577   14.663330   0.111920
1863.400670   14.587690   0.114400
1863.410157   14.593030   0.116240
1863.419415   14.555470   0.122190
1863.428805   14.566610   0.104160
1863.438171   14.569570   0.078000
1864.122118   14.646050   0.083170
1864.131216   14.614030   0.118360
1864.140349   14.575740   0.103060
1864.149328   14.626140   0.109070
1864.158727   14.545600   0.090200
1864.168077   14.672360   0.128700
1864.177441   14.617870   0.120610
1864.186471   14.632710   0.092190
1864.195786   14.618070   0.121080
1864.204761   14.620430   0.107200
1864.213956   14.587450   0.098590
1864.223275   14.579630   0.096050
1864.232312   14.601630   0.118090
1864.241734   14.647460   0.115590
1864.250994   14.613180   0.099140
1864.260292   14.680320   0.119640
1864.269452   14.631500   0.106040
1864.278712   14.563760   0.119400
1864.288040   14.636350   0.115070
1864.297228   14.626860   0.119980
1864.306786   14.606500   0.121160
1864.315982   14.613280   0.124100
1864.325240   14.564320   0.116500
1864.334830   14.589510   0.118430
1865.090914   14.521000   0.072800
1865.102847   14.651090   0.071200
1865.112341   14.567910   0.100830
1865.180915   14.582790   0.093900
1865.189934   14.596000   0.073840
1865.199137   14.600810   0.091920
1865.208040   14.601930   0.074930
1865.217207   14.603880   0.110980
1865.226382   14.608740   0.106490
1865.235932   14.599360   0.114010
1865.245886   14.637270   0.112370
1865.255783   14.627530   0.113580
1865.275774   14.585040   0.122250
1865.285892   14.655210   0.110500
1865.295973   14.581770   0.123660
1865.306185   14.558910   0.113800
1865.316145   14.579400   0.116460
1865.326150   14.537600   0.115700
1865.346577   14.553980   0.098590
1865.356675   14.592070   0.122260
1865.376904   14.458160   0.069700
1865.387088   14.432510   0.073400
1866.165339   14.650250   0.080160
1866.174723   14.583680   0.075640
1866.184057   14.611200   0.077350
1866.193410   14.602960   0.087060
1866.202706   14.611980   0.083490
1866.212035   14.631360   0.090770
1866.221409   14.617650   0.078990
1866.230791   14.606220   0.081890
1866.240551   14.680860   0.084510
1866.250004   14.587340   0.082550
1866.259354   14.614990   0.086030
1867.193045   14.635310   0.061720
1867.202355   14.616650   0.065590
1867.211516   14.597460   0.061050
1867.220585   14.613360   0.065490
1867.230131   14.584820   0.071030
1867.239707   14.592830   0.068070
1867.249230   14.604080   0.065940
1867.258785   14.585100   0.063620
1867.268385   14.596780   0.068420
1867.277702   14.600500   0.069180
1867.287153   14.598270   0.070230
1867.296854   14.593080   0.069660
1867.306121   14.623280   0.073430
1867.315500   14.600030   0.072820
1867.325094   14.645270   0.078350
1867.334502   14.627030   0.075850
1867.344482   14.639850   0.084640
1867.354030   14.675890   0.082590
1867.363492   14.631210   0.095380
1867.372735   14.613750   0.087570
1867.382212   14.658800   0.088410
1867.391671   14.611280   0.094110
1867.401392   14.708720   0.099950
1867.410805   14.637480   0.092090
1867.420288   14.573720   0.107000
1867.429722   14.642930   0.118350
1867.439192   14.618430   0.111770
1867.448574   14.634090   0.122310
1867.456168   14.670490   0.107400
1867.463320   14.623970   0.113090
1867.469421   14.625360   0.113630
1867.473939   14.652640   0.091950
1867.478291   14.608010   0.079880
1867.481655   14.593510   0.087470
1867.484335   14.604490   0.094870
1867.486951   14.631370   0.096010
1867.488639   14.666040   0.099090
1867.490315   14.584390   0.100080
1867.492002   14.615400   0.095700
1867.493724   14.668280   0.096200
1868.197661   14.663750   0.113290
1868.207123   14.609850   0.110670
1868.216342   14.564180   0.068000
1868.225986   14.564440   0.115640
1868.245733   14.514430   0.069100
1870.219778   14.641880   0.070970
1870.229270   14.644000   0.072000
1870.238762   14.657860   0.088570
1870.248135   14.558180   0.078040
1870.257691   14.576930   0.089050
1870.267266   14.577360   0.083890
1870.276950   14.616760   0.086100
1870.286498   14.654100   0.088080
1870.295849   14.635860   0.079410
1870.305565   14.651510   0.091230
1870.315197   14.630570   0.098890
1870.325274   14.709770   0.103980
1870.335174   14.606670   0.090490
1870.344892   14.575680   0.100350
1870.354573   14.604420   0.114390
1870.373450   14.459740   0.071000
1871.136689   14.611130   0.090940
1871.146179   14.575670   0.083720
1871.155384   14.617460   0.078990
1871.164955   14.625260   0.093530
1871.174269   14.543720   0.085880
1871.183469   14.576360   0.092740
1871.192872   14.650870   0.094080
1871.202392   14.641850   0.094690
1871.211865   14.573710   0.107910
1871.221273   14.632380   0.108510
1871.230922   14.623280   0.096310
1871.240394   14.546050   0.090240
1871.250018   14.594300   0.098550
1871.259511   14.655980   0.098800
1871.269122   14.604700   0.096340
1871.278903   14.535770   0.093530
1871.288648   14.610490   0.101680
1871.298226   14.655460   0.101200
1871.307789   14.684290   0.108360
1871.317562   14.564720   0.106300
1871.327342   14.711800   0.116100
1871.337079   14.655770   0.125990
1871.346802   14.762500   0.108830
1871.356495   14.550610   0.113820
1871.366354   14.531810   0.098580
1871.375944   14.522540   0.121960
1872.324463   14.630980   0.096950
1872.334315   14.574500   0.102660
1872.344041   14.640630   0.104860
1872.353623   14.656210   0.104210
1872.363427   14.626500   0.098360
1872.373279   14.640770   0.098060
1872.383099   14.598700   0.096620
1872.392766   14.571260   0.097010
1872.402203   14.572480   0.098860
1872.412032   14.569690   0.104190
1872.421585   14.620060   0.107920
1872.431130   14.718880   0.117640
1872.439874   14.662410   0.115810
1872.447517   14.622610   0.114490
1872.454162   14.579800   0.118530
1872.459603   14.675630   0.099900
1872.463826   14.614470   0.105570
1872.467716   14.584210   0.125880
1872.470496   14.655380   0.129210
1872.473152   14.665070   0.127950
1872.475010   14.674490   0.078700
1872.476617   14.662010   0.130870
1872.478370   14.648860   0.129930
1872.480228   14.655380   0.075900
1873.229437   14.584900   0.109690
1873.238826   14.578570   0.115040
1873.248403   14.572330   0.111230
1873.258009   14.607870   0.113160
1873.267456   14.511530   0.111160
1873.276959   14.552410   0.114830
1873.286788   14.627570   0.119530
1873.296275   14.560310   0.118790
1873.305896   14.545870   0.114940
1873.315702   14.644270   0.068400
1873.354842   14.613590   0.075600
1873.441010   14.622650   0.133780
1873.447044   14.525970   0.130720
1873.453121   14.583870   0.105620
1873.474590   14.491670   0.076000
1874.032527   14.571590   0.074000
1874.041923   14.594350   0.077810
1874.051714   14.572900   0.082080
1874.061193   14.587570   0.078900
1874.070741   14.551770   0.083270
1874.080230   14.649610   0.084220
1874.089638   14.625360   0.082710
1874.098984   14.634610   0.082330
1874.108441   14.616700   0.075510
1874.117749   14.646800   0.089270
1874.127103   14.694660   0.090970
1874.136654   14.599870   0.086910
1874.145982   14.586230   0.090600
1874.155173   14.584200   0.095750
1874.164605   14.550210   0.100450
1874.174153   14.598650   0.122570
1876.992585   14.563250   0.081460
1877.002277   14.573000   0.083730
1877.012009   14.632070   0.091360
1877.021623   14.606470   0.091040
1877.031340   14.654810   0.100240
1877.041094   14.626880   0.092560
1877.050632   14.562320   0.079620
1877.060512   14.604150   0.088130
1877.070280   14.574710   0.084640
1877.080037   14.588090   0.084770
1877.089835   14.653990   0.084250
1877.099542   14.620580   0.090900
1877.109324   14.597160   0.103390
1877.119234   14.648910   0.112000
1877.128562   14.569440   0.095980
1877.137988   14.597160   0.098410
1877.147373   14.697660   0.085500
1877.157081   14.649600   0.103760
1877.166514   14.562400   0.099660
1877.175811   14.632300   0.097930
1877.185180   14.637730   0.105410
1877.194638   14.597430   0.097540
1877.204359   14.549420   0.097640
1877.213829   14.535080   0.091370
1877.223290   14.607850   0.099410
1877.232928   14.596600   0.093830
1877.242583   14.604680   0.102980
1877.252102   14.638290   0.101960
1877.261424   14.589820   0.101750
1877.271317   14.664500   0.101270
1877.280810   14.604060   0.090250
1877.290913   14.646350   0.105300
1877.300784   14.714670   0.108870
1877.310552   14.672720   0.103590
1877.320329   14.633320   0.111720
1877.330019   14.635320   0.103270
1877.339609   14.616370   0.093100
1877.349339   14.581030   0.101980
1877.359563   14.688740   0.096550
1877.369289   14.633790   0.108160
1877.379166   14.587500   0.100360
1877.389199   14.697920   0.113380
1877.398595   14.697360   0.067000
1877.408265   14.653000   0.093550
1877.417610   14.540940   0.106480
1877.426444   14.666950   0.100260
1877.433416   14.598750   0.116700
1877.439426   14.606420   0.117810
1877.444578   14.586640   0.120410
1877.449101   14.668300   0.122090
1877.452776   14.507040   0.067700
1877.456119   14.681780   0.117510
1877.458826   14.590010   0.111280
1877.460660   14.653240   0.117680
1877.462441   14.628810   0.115840
1877.464144   14.617780   0.120100
1877.465872   14.547760   0.117540
1877.956588   14.545910   0.122440
1877.966360   14.630980   0.119590
1877.975795   14.541900   0.089910
1877.985575   14.630880   0.077710
1877.995071   14.552520   0.072730
1878.004964   14.583370   0.069920
1878.014335   14.566970   0.081200
1878.023915   14.621460   0.071180
1878.033403   14.574260   0.074710
1878.042881   14.522770   0.073150
1878.052477   14.563980   0.082530
1878.062202   14.614240   0.076100
1878.072038   14.627650   0.077830
1878.081838   14.584940   0.086350
1878.091595   14.615480   0.082090
1878.101204   14.610340   0.081190
1878.111056   14.624170   0.083560
1878.120475   14.579230   0.084620
1878.129972   14.683460   0.092370
1878.139452   14.645810   0.112030
1878.167692   14.621670   0.093510
1878.177309   14.571670   0.082280
1878.186872   14.657940   0.116500
1878.196273   14.675560   0.120360
1878.205978   14.713990   0.109700
1878.215680   14.714000   0.080700
1878.235117   14.625580   0.117860
1878.244657   14.614770   0.120500
1878.254429   14.523650   0.098780
1878.263984   14.492680   0.101510
1878.292926   14.554290   0.079600
1878.950209   14.574850   0.125180
1878.960985   14.635510   0.123040
1878.971663   14.595740   0.115370
1878.982256   14.630320   0.115780
1878.992862   14.640610   0.109880
1879.003349   14.634710   0.116310
1879.014056   14.666230   0.123610
1879.024781   14.699130   0.123660
1879.035403   14.589300   0.131260
1879.046338   14.600960   0.130030
1879.056998   14.530930   0.127760
1879.067120   14.546930   0.133540
1879.077625   14.541030   0.106770
1879.087727   14.585760   0.109390
1879.924232   14.636240   0.119090
1879.933937   14.685400   0.112440
1879.943742   14.639470   0.096760
1879.953255   14.669270   0.090830
1879.962965   14.653820   0.084590
1879.972299   14.567470   0.078590
1879.982133   14.608960   0.081410
1879.991480   14.562200   0.086510
1880.001350   14.545290   0.090410
1880.010995   14.660450   0.100910
1880.020489   14.647150   0.101160
1880.030167   14.689720   0.105910
1880.040004   14.651200   0.098680
1880.050020   14.660870   0.102480
1880.059700   14.536140   0.098420
1880.069635   14.604040   0.102460
1880.079469   14.557540   0.104070
1880.089000   14.646800   0.103530
1880.098524   14.579290   0.106690
1880.108072   14.587330   0.109020
1880.117530   14.620180   0.104930
1880.127140   14.688450   0.109480
1880.200091   14.638060   0.109300
1880.209735   14.562300   0.088760
1880.219355   14.570830   0.091230
1880.229324   14.573320   0.107190
1880.238989   14.578450   0.107970
1880.248836   14.615620   0.108710
1880.258298   14.646430   0.112320
1880.267686   14.596880   0.117190
1880.277275   14.604510   0.118020
1880.306613   14.552690   0.115820
1880.369120   14.540520   0.112560
1880.987626   14.630440   0.104360
1880.997175   14.585090   0.101600
1881.007352   14.613190   0.105530
1881.017262   14.678120   0.110490
1881.027023   14.588310   0.111050
1881.036583   14.563810   0.108900
1881.046307   14.589160   0.110930
1881.055914   14.590800   0.113880
1881.065565   14.632260   0.119200
1881.075199   14.648080   0.067600
1881.085196   14.643770   0.092120
1881.094964   14.674960   0.113620
1881.104801   14.597950   0.099030
1881.114937   14.504880   0.065600
1881.124474   14.595660   0.112240
1881.134249   14.581110   0.099770
1881.143810   14.615040   0.106370
1881.153419   14.621130   0.069000
1881.163015   14.486930   0.109040
1881.171357   14.587790   0.104930
1881.180981   14.594180   0.112110
1881.190627   14.588300   0.089220
1881.200550   14.677690   0.106150
1881.210473   14.597340   0.104120
1881.220305   14.494840   0.107190
1881.230199   14.608150   0.114110
1881.239668   14.583860   0.119720
1881.249328   14.658970   0.113080
1881.258917   14.591430   0.109000
1881.268352   14.615430   0.121520
1881.278189   14.668410   0.115240
1881.288137   14.608000   0.117380
1881.297680   14.675360   0.117790
1881.307337   14.675070   0.122420
1881.317394   14.697330   0.127540
1881.327336   14.534920   0.122080
1881.337373   14.584850   0.125240
1881.347129   14.517260   0.121560
1881.357110   14.563140   0.130240
1881.366722   14.658280   0.106440
1881.376429   14.671960   0.084700
1881.414838   14.559580   0.074700
1881.904494   14.674090   0.124440
1881.914271   14.633970   0.115950
1881.923884   14.648860   0.122480
1881.933466   14.647890   0.107240
1881.943231   14.608130   0.111410
1881.952875   14.481010   0.074100
1882.080406   14.594370   0.109330
1883.093660   14.518210   0.070400
1884.099534   14.586510   0.077730
1884.109140   14.610070   0.075150
1884.118686   14.612730   0.093720
1884.128445   14.717010   0.062000
1884.137551   14.604290   0.085640
1884.147279   14.568870   0.090810
1884.156774   14.590590   0.099310
1884.175960   14.680700   0.120800
1884.185414   14.676470   0.109960
1884.194977   14.668590   0.095650
1884.204574   14.610780   0.099100
1884.214174   14.587780   0.083260
1884.223839   14.590380   0.095490
1884.242628   14.617380   0.077740
1884.252195   14.620840   0.077490
1884.261682   14.597520   0.078440
1884.271201   14.598250   0.080430
1884.280876   14.620820   0.088710
1884.290846   14.666650   0.097940
1884.300573   14.684660   0.105670
1884.320206   14.638410   0.099650
1884.330156   14.661680   0.102480
1884.340081   14.591750   0.112450
1884.350052   14.544410   0.112370
1884.360119   14.597880   0.102040
1884.370060   14.569460   0.093500
1884.379738   14.550610   0.102420
1884.389528   14.607640   0.079440
1884.399065   14.613090   0.089840
1884.406881   14.548930   0.103030
1884.413865   14.623600   0.122380
1884.420522   14.574300   0.066000
1884.425635   14.589470   0.093990
1884.430150   14.563810   0.079850
1884.433678   14.628760   0.098860
1884.437202   14.672870   0.098920
1884.439908   14.569340   0.101450
1884.441669   14.589060   0.099670
1884.443407   14.675200   0.102140
1884.445186   14.612940   0.090150
1884.446926   14.737710   0.091770
1884.503638   14.639890   0.085440
1884.513187   14.658750   0.103670
1884.522993   14.587240   0.087750
1884.532900   14.600450   0.077110
1884.542819   14.652890   0.097840
1884.552782   14.540390   0.045800
1884.562458   14.575720   0.069570
1884.572213   14.626840   0.093060
1884.581820   14.680380   0.073200
1884.591479   14.622580   0.099870
1884.600983   14.595850   0.080400
1884.610820   14.595500   0.078730
1886.072366   14.574490   0.066830
1886.082057   14.583330   0.071580
1886.091456   14.595100   0.076910
1886.101064   14.654610   0.078910
1886.110701   14.593560   0.078120
1886.120214   14.580640   0.071410
1886.129544   14.637620   0.084310
1886.138882   14.589540   0.086800
1886.148233   14.638500   0.081190
1886.157943   14.575290   0.083860
1886.167550   14.604470   0.102730
1886.177101   14.570250   0.097410
1886.186997   14.674830   0.106000
1886.196609   14.663570   0.113720
1886.206153   14.623250   0.118020
1886.215757   14.637240   0.120770
1886.254426   14.703040   0.119790
1886.263771   14.599880   0.098420
1886.283270   14.669790   0.101520
1886.293134   14.705690   0.109590
1886.303115   14.714540   0.121840
1886.312914   14.693180   0.112700
1886.322818   14.705430   0.117590
1886.332859   14.619220   0.105010
1886.342543   14.580940   0.101220
1886.352534   14.539930   0.100570
1886.362281   14.481550   0.106880
1886.372003   14.662250   0.119840
1886.381496   14.640890   0.121080
1886.391198   14.643910   0.071700
