1863.169882   11.164000   0.008660
1863.179028   11.168040   0.009350
1863.188111   11.160200   0.010570
1863.197263   11.161070   0.009870
1863.206453   11.164320   0.009580
1863.215516   11.166280   0.011140
1863.224486   11.164100   0.010680
1863.233708   11.162290   0.011370
1863.243026   11.159530   0.011370
1863.252052   11.161250   0.010460
1863.260978   11.164230   0.009990
1863.270074   11.159810   0.011320
1863.279229   11.157680   0.010050
1863.288341   11.164670   0.009760
1863.297662   11.154670   0.009120
1863.306748   11.162180   0.010220
1863.315898   11.161390   0.010340
1863.325261   11.151730   0.010220
1863.334632   11.169110   0.010510
1863.344416   11.166080   0.010390
1863.353962   11.168080   0.010160
1863.363511   11.165240   0.009300
1863.372640   11.154990   0.008720
1863.381795   11.159430   0.008830
1863.391577   11.154040   0.009120
1863.400670   11.159390   0.009470
1863.410157   11.159320   0.009530
1863.419415   11.154730   0.009760
1863.428728   11.152350   0.010340
1863.438171   11.163850   0.010680
1863.447725   11.150720   0.010910
1863.457038   11.142500   0.012240
1863.464667   11.161300   0.014150
1863.471563   11.161730   0.014660
1863.477686   11.166020   0.013860
1863.482900   11.169280   0.014030
1863.487037   11.187150   0.014840
1863.490505   11.170990   0.014660
1863.494064   11.170320   0.013970
1863.496621   11.156700   0.014550
1863.498272   11.164620   0.014610
1863.500087   11.165850   0.015130
1863.501889   11.163390   0.015470
1863.503937   11.162270   0.021760
1864.122118   11.163500   0.007280
1864.131216   11.163740   0.009120
1864.140349   11.168170   0.008310
1864.149328   11.164020   0.008200
1864.158727   11.172270   0.008030
1864.168077   11.162770   0.009700
1864.177441   11.172810   0.009120
1864.186471   11.167810   0.007680
1864.195786   11.159020   0.009300
1864.204761   11.170430   0.008660
1864.213956   11.163740   0.008140
1864.223275   11.166000   0.007970
1864.232312   11.173670   0.009240
1864.241734   11.173560   0.009410
1864.250994   11.171480   0.008260
1864.260292   11.169920   0.009580
1864.269452   11.172420   0.008550
1864.278712   11.168520   0.009700
1864.288040   11.169000   0.009640
1864.297228   11.167580   0.009410
1864.306786   11.166910   0.009700
1864.315982   11.160510   0.009760
1864.325240   11.164410   0.009530
1864.334830   11.163430   0.009350
1864.344223   11.149220   0.012120
1864.353629   11.165250   0.011890
1864.362884   11.161170   0.012640
1864.372284   11.175210   0.014840
1864.381718   11.165390   0.013280
1864.391386   11.160820   0.011430
1864.401175   11.152960   0.013740
1864.410777   11.150050   0.012470
1864.420158   11.156070   0.012530
1864.429378   11.164550   0.013450
1864.438639   11.158090   0.015070
1864.448098   11.157160   0.016860
1864.457409   11.134500   0.017730
1864.465120   11.143650   0.016630
1864.472313   11.124880   0.019400
1864.477494   11.138460   0.021430
1864.482643   11.153800   0.027680
1864.486002   11.171230   0.037860
1864.489646   11.198150   0.031640
1864.492216   11.145650   0.025230
1864.494776   11.194530   0.025870
1864.496480   11.175250   0.027150
1864.498365   11.170920   0.027080
1864.500091   11.180390   0.028300
1864.501760   11.174000   0.026390
1865.081649   11.160910   0.009880
1865.090914   11.163340   0.010510
1865.103000   11.171170   0.010050
1865.112265   11.172980   0.009870
1865.121493   11.160120   0.011490
1865.180915   11.161400   0.007220
1865.189934   11.166220   0.006060
1865.199137   11.169550   0.007390
1865.208040   11.165740   0.006060
1865.217207   11.173110   0.008600
1865.226382   11.169980   0.008260
1865.235932   11.170940   0.008890
1865.245886   11.166100   0.009010
1865.255783   11.169180   0.008830
1865.265750   11.171030   0.011150
1865.275774   11.163930   0.009930
1865.285892   11.168760   0.008720
1865.295973   11.163710   0.009640
1865.306185   11.167400   0.009530
1865.316145   11.174180   0.009300
1865.326150   11.158600   0.009930
1865.336276   11.161130   0.011370
1865.346577   11.169930   0.010340
1865.356675   11.162430   0.010220
1865.366659   11.177250   0.011260
1865.376904   11.176270   0.011200
1865.387088   11.167100   0.011430
1865.397153   11.164030   0.011490
1865.407149   11.168100   0.011080
1865.417333   11.168890   0.010800
1865.427630   11.173330   0.011430
1865.437669   11.167040   0.011200
1865.448171   11.171000   0.013510
1865.457324   11.173660   0.014030
1865.465615   11.165950   0.015010
1865.471988   11.165670   0.018070
1865.477591   11.189240   0.021310
1865.482335   11.165960   0.017780
1865.486159   11.175390   0.021140
1865.489785   11.181910   0.017960
1865.492667   11.157770   0.017550
1865.494427   11.178930   0.017030
1865.496283   11.176040   0.016050
1865.498551   11.171490   0.027070
1866.165339   11.165230   0.006750
1866.174723   11.161720   0.006870
1866.184057   11.161110   0.006930
1866.193410   11.162140   0.007040
1866.202706   11.151560   0.007280
1866.212035   11.161830   0.007330
1866.221409   11.165540   0.007510
1866.230791   11.180780   0.007450
1866.240551   11.161160   0.007330
1866.250004   11.163790   0.007330
1866.259354   11.165250   0.007560
1867.193045   11.165430   0.005370
1867.202355   11.166880   0.005540
1867.211516   11.171830   0.005540
1867.220585   11.172610   0.005770
1867.230131   11.167850   0.005890
1867.239707   11.173010   0.005830
1867.249230   11.163620   0.005770
1867.258785   11.169230   0.005890
1867.268385   11.161600   0.005890
1867.277702   11.168440   0.006060
1867.287153   11.163790   0.006060
1867.296854   11.162700   0.006120
1867.306121   11.160020   0.006240
1867.315500   11.170750   0.006240
1867.325094   11.164610   0.006410
1867.334502   11.166490   0.006580
1867.344482   11.165150   0.006700
1867.354030   11.159990   0.006640
1867.363492   11.165430   0.007220
1867.372735   11.160760   0.006870
1867.382212   11.167740   0.007100
1867.391671   11.169280   0.007450
1867.401392   11.167390   0.007280
1867.410805   11.160720   0.007160
1867.420288   11.165490   0.008200
1867.429722   11.164420   0.008890
1867.439192   11.159090   0.008430
1867.448574   11.158100   0.009180
1867.456168   11.166600   0.008310
1867.463320   11.168660   0.008660
1867.469421   11.168490   0.008490
1867.473939   11.162210   0.007280
1867.478291   11.164070   0.006870
1867.481655   11.164520   0.006930
1867.484335   11.159430   0.007280
1867.486951   11.159340   0.007160
1867.488639   11.162040   0.007280
1867.490315   11.161410   0.007450
1867.492002   11.161190   0.007280
1867.493724   11.162440   0.007220
1868.197661   11.161990   0.008660
1868.207123   11.160470   0.008720
1868.216495   11.151720   0.010350
1868.225986   11.157420   0.009930
1868.235811   11.179630   0.010980
1868.245580   11.166990   0.010800
1868.255259   11.163990   0.011140
1868.264815   11.151570   0.011720
1868.274279   11.151610   0.012700
1868.283929   11.165160   0.011610
1868.293537   11.171060   0.015760
1868.303104   11.160390   0.016980
1868.312574   11.164140   0.017090
1868.322548   11.148720   0.012880
1868.332083   11.165690   0.012820
1868.341800   11.160830   0.013220
1868.351466   11.161470   0.015360
1868.360837   11.168750   0.015300
1868.370659   11.154870   0.014840
1868.380417   11.166410   0.015240
1868.390367   11.167530   0.014720
1868.399668   11.167320   0.014670
1868.409622   11.170400   0.015700
1868.419023   11.160870   0.015070
1868.428372   11.171400   0.015130
1868.437691   11.170470   0.015760
1868.446987   11.166480   0.015530
1868.454949   11.170870   0.016170
1868.461066   11.161430   0.015990
1868.467151   11.164910   0.016570
1868.471440   11.165700   0.017150
1868.475710   11.163740   0.018770
1868.479187   11.166810   0.019400
1868.481793   11.149830   0.018820
1868.484421   11.176170   0.018530
1868.486154   11.175080   0.017730
1868.487874   11.176940   0.018360
1868.489584   11.180020   0.018420
1868.491280   11.170740   0.018770
1868.552972   11.143810   0.028200
1868.562396   11.194560   0.025810
1868.572038   11.145100   0.065690
1868.581607   11.155630   0.046080
1868.591155   11.183140   0.040470
1868.600621   11.171900   0.050120
1868.610180   11.158800   0.074590
1868.619726   11.218730   0.126830
1869.239644   11.175810   0.021710
1869.249027   11.199420   0.022750
1869.258676   11.166060   0.024830
1869.268460   11.154800   0.029300
1869.278238   11.174440   0.030720
1869.287800   11.170180   0.032510
1869.297392   11.154860   0.034090
1869.307040   11.156800   0.036110
1869.316723   11.125000   0.051890
1869.326588   11.162600   0.044630
1869.336288   11.134960   0.050990
1869.345989   11.145030   0.057080
1869.356015   11.151030   0.071160
1869.365922   11.154960   0.063800
1869.375532   11.140280   0.059470
1869.384959   11.145200   0.076230
1869.394424   11.165530   0.069330
1869.403953   11.169470   0.088890
1869.413491   11.238670   0.090880
1869.422812   11.126420   0.094410
1869.432155   11.278280   0.098150
1869.441546   11.186400   0.108630
1869.456537   11.193180   0.097090
1869.462722   11.121420   0.095530
1869.467956   11.168460   0.071600
1869.472681   11.131230   0.108190
1869.476189   11.140650   0.092630
1869.478887   11.165080   0.116530
1869.481608   11.224120   0.100780
1869.483271   11.118940   0.114430
1869.484927   11.176050   0.094480
1869.486718   11.156870   0.097940
1869.488400   11.154570   0.120600
1869.544878   11.170030   0.075600
1870.219778   11.162890   0.006180
1870.229270   11.166600   0.006410
1870.238762   11.164670   0.006750
1870.248135   11.157680   0.006580
1870.257691   11.165580   0.007280
1870.267266   11.161810   0.006930
1870.276950   11.169180   0.007040
1870.286498   11.163360   0.007100
1870.295849   11.162120   0.006870
1870.305565   11.165370   0.007160
1870.315197   11.163090   0.007850
1870.325274   11.167790   0.008030
1870.335174   11.171310   0.007620
1870.344892   11.158100   0.007970
1870.354573   11.168110   0.009010
1870.364104   11.156390   0.011320
1870.373603   11.163090   0.010850
1870.383600   11.168330   0.012240
1870.393243   11.155320   0.014500
1870.402820   11.159020   0.019290
1870.412418   11.160590   0.017790
1870.421719   11.157770   0.017900
1870.431056   11.168020   0.018530
1870.440608   11.155910   0.015420
1870.448993   11.156170   0.013970
1870.456179   11.156700   0.013910
1870.461756   11.165550   0.016690
1870.466593   11.155080   0.018250
1870.470290   11.162930   0.016400
1870.474034   11.163810   0.018360
1870.476825   11.169940   0.020150
1870.478569   11.163320   0.019460
1870.480341   11.167740   0.018590
1870.482097   11.171080   0.019000
1870.483838   11.163720   0.020030
1870.485602   11.168450   0.019400
1871.136689   11.163390   0.007040
1871.146179   11.168110   0.006750
1871.155384   11.162230   0.006810
1871.164955   11.162800   0.007280
1871.174269   11.159980   0.007280
1871.183469   11.164320   0.007510
1871.192872   11.170260   0.007280
1871.202392   11.168940   0.007560
1871.211865   11.152340   0.008310
1871.221273   11.169080   0.008430
1871.230922   11.171890   0.007850
1871.240394   11.168750   0.007620
1871.250018   11.153480   0.007910
1871.259511   11.168240   0.007740
1871.269122   11.160300   0.007790
1871.278903   11.162680   0.007850
1871.288648   11.165800   0.008260
1871.298226   11.161340   0.008030
1871.307789   11.152040   0.008430
1871.317562   11.165380   0.008600
1871.327342   11.166580   0.008950
1871.337079   11.162650   0.009640
1871.346725   11.162130   0.009870
1871.356495   11.166010   0.009530
1871.366277   11.163640   0.010510
1871.375944   11.173900   0.010680
1871.385808   11.171300   0.011430
1871.395399   11.168270   0.012240
1871.404882   11.171280   0.013680
1871.414342   11.166480   0.013160
1871.423744   11.171080   0.012990
1871.433495   11.169910   0.012930
1871.442405   11.168500   0.012180
1871.449670   11.169790   0.012360
1871.455742   11.164090   0.012640
1871.461191   11.156490   0.013280
1871.465968   11.164150   0.012930
1871.469461   11.165780   0.012990
1871.472994   11.164020   0.012870
1871.476070   11.155640   0.012410
1871.477819   11.171590   0.012470
1871.479709   11.182940   0.012470
1871.481438   11.162800   0.012360
1871.550420   11.159860   0.013340
1871.559908   11.168320   0.013680
1871.569340   11.171490   0.014140
1871.578835   11.162830   0.015070
1871.588334   11.156380   0.016110
1871.597765   11.164190   0.019000
1871.607264   11.195020   0.022230
1871.616819   11.185450   0.025870
1871.626324   11.135490   0.029800
1872.324463   11.167730   0.007740
1872.334315   11.160840   0.007910
1872.344041   11.159840   0.007910
1872.353623   11.158690   0.008080
1872.363427   11.168730   0.007910
1872.373279   11.165090   0.007910
1872.383099   11.157030   0.007970
1872.392766   11.167260   0.007970
1872.402203   11.161720   0.008080
1872.412032   11.157640   0.008310
1872.421585   11.160170   0.008490
1872.431130   11.162830   0.008830
1872.439874   11.162530   0.008890
1872.447517   11.169410   0.009010
1872.454162   11.161170   0.009180
1872.459603   11.168540   0.009640
1872.463903   11.167060   0.009820
1872.467716   11.162880   0.009530
1872.470496   11.164390   0.009640
1872.473152   11.162030   0.009760
1872.474857   11.168590   0.009820
1872.476617   11.162040   0.009820
1872.478370   11.162180   0.009820
1872.480228   11.165560   0.009870
1872.541663   11.163480   0.011840
1872.550845   11.164510   0.012180
1872.560270   11.154930   0.012410
1872.569828   11.168930   0.013220
1872.579400   11.160450   0.013970
1872.588943   11.154970   0.015190
1872.598488   11.167280   0.017210
1872.608116   11.162270   0.019860
1872.617527   11.194930   0.023330
1872.627101   11.147930   0.027190
1872.636625   11.159320   0.034250
1872.646041   11.156530   0.043950
1873.229437   11.170210   0.008660
1873.238826   11.175640   0.009070
1873.248403   11.177230   0.009010
1873.258009   11.164110   0.008950
1873.267456   11.164040   0.009180
1873.276959   11.170420   0.009180
1873.286788   11.174310   0.009350
1873.296275   11.168890   0.009530
1873.305896   11.168030   0.010050
1873.315548   11.168580   0.010100
1873.325684   11.176480   0.010220
1873.335346   11.168830   0.010910
1873.344943   11.175440   0.011030
1873.354842   11.163480   0.010510
1873.364691   11.174920   0.011550
1873.374458   11.166270   0.011090
1873.383960   11.188720   0.010510
1873.393856   11.176660   0.010740
1873.403606   11.169090   0.010970
1873.413210   11.170910   0.012010
1873.422938   11.170400   0.012070
1873.432622   11.171900   0.011260
1873.441010   11.167730   0.010740
1873.447044   11.172270   0.010680
1873.453044   11.167960   0.010740
1873.457630   11.170530   0.010970
1873.462090   11.164390   0.011090
1873.465548   11.153890   0.011140
1873.468261   11.171590   0.011260
1873.470892   11.162690   0.011430
1873.472722   11.171190   0.011320
1873.474437   11.175480   0.011200
1873.476606   11.177040   0.016000
1873.539458   11.104840   0.042290
1873.548852   11.171450   0.030560
1873.558313   11.192000   0.024320
1873.567696   11.168000   0.024250
1873.577180   11.181380   0.025990
1873.586745   11.171570   0.021300
1873.596227   11.142930   0.030100
1873.605773   11.154930   0.029350
1873.615321   11.147530   0.027430
1873.624816   11.205500   0.028930
1874.032527   11.170160   0.006290
1874.041923   11.174000   0.006640
1874.051714   11.165690   0.006580
1874.061193   11.170570   0.006530
1874.070741   11.160140   0.006750
1874.080230   11.165830   0.006750
1874.089638   11.161930   0.006700
1874.098984   11.163900   0.006870
1874.108441   11.160280   0.006750
1874.117749   11.164390   0.006990
1874.127103   11.168760   0.007100
1874.136654   11.168140   0.007100
1874.145982   11.173970   0.007450
1874.155173   11.170190   0.007850
1874.164605   11.171620   0.008370
1874.174153   11.169180   0.009530
1874.183645   11.165860   0.011780
1874.193053   11.178890   0.015190
1874.202515   11.169800   0.015940
1874.212179   11.175620   0.017040
1874.222051   11.177200   0.015190
1874.593715   11.166940   0.027720
1874.603390   11.158120   0.024310
1874.613039   11.166400   0.028730
1876.992585   11.165470   0.006530
1877.002277   11.166900   0.006580
1877.012009   11.171260   0.006810
1877.021623   11.170030   0.006700
1877.031340   11.164660   0.007160
1877.041094   11.159390   0.006930
1877.050632   11.171790   0.006470
1877.060512   11.169670   0.006700
1877.070280   11.157310   0.006810
1877.080037   11.172920   0.006990
1877.089835   11.161540   0.006930
1877.099542   11.171340   0.007160
1877.109324   11.164310   0.007910
1877.119234   11.165790   0.007800
1877.128562   11.167950   0.007510
1877.137988   11.171810   0.007450
1877.147449   11.155100   0.008310
1877.157081   11.158250   0.007850
1877.166514   11.164380   0.007680
1877.175811   11.161290   0.007450
1877.185180   11.159690   0.007790
1877.194638   11.161610   0.007680
1877.204359   11.163790   0.007620
1877.213829   11.160430   0.007450
1877.223290   11.153450   0.007620
1877.232928   11.165040   0.007620
1877.242583   11.157790   0.007970
1877.252102   11.165940   0.008080
1877.261424   11.166250   0.008030
1877.271317   11.158540   0.007740
1877.280810   11.162940   0.007450
1877.290913   11.159550   0.007850
1877.300784   11.168080   0.008600
1877.310552   11.166700   0.007740
1877.320329   11.151420   0.008490
1877.330019   11.179400   0.007850
1877.339609   11.165770   0.007510
1877.349339   11.161470   0.007970
1877.359563   11.159870   0.007510
1877.369289   11.157200   0.007970
1877.379166   11.162450   0.007970
1877.389199   11.166390   0.008600
1877.398748   11.166020   0.009120
1877.408188   11.153050   0.008950
1877.417610   11.163170   0.008720
1877.426444   11.165080   0.008260
1877.433416   11.173980   0.008830
1877.439426   11.168290   0.009300
1877.444578   11.167570   0.009240
1877.449101   11.169080   0.008720
1877.452622   11.154990   0.009470
1877.456119   11.158680   0.008890
1877.458826   11.172530   0.008780
1877.460660   11.169220   0.008950
1877.462441   11.163290   0.008950
1877.464144   11.167760   0.009010
1877.465872   11.169260   0.009180
1877.528546   11.169730   0.010680
1877.538164   11.172530   0.011080
1877.547759   11.168560   0.011550
1877.557433   11.161500   0.011890
1877.566991   11.161080   0.011950
1877.956588   11.160550   0.009350
1877.966360   11.176600   0.008720
1877.975795   11.162480   0.007330
1877.985575   11.161280   0.006750
1877.995071   11.162010   0.006470
1878.004964   11.159450   0.006410
1878.014335   11.163780   0.006810
1878.023915   11.150900   0.005590
1878.033403   11.163240   0.006470
1878.042881   11.170320   0.006410
1878.052477   11.166970   0.007160
1878.062202   11.161400   0.006930
1878.072038   11.159220   0.007100
1878.081838   11.160360   0.007280
1878.091595   11.154810   0.006930
1878.101204   11.173570   0.007100
1878.111056   11.158440   0.007280
1878.120475   11.153740   0.007280
1878.129972   11.157970   0.007850
1878.139452   11.169680   0.008890
1878.148981   11.171540   0.013680
1878.158293   11.165580   0.012300
1878.167692   11.167600   0.008030
1878.177309   11.162570   0.007790
1878.186872   11.171540   0.009640
1878.196273   11.170730   0.009470
1878.206054   11.189810   0.010680
1878.215833   11.170060   0.011030
1878.225557   11.154010   0.011140
1878.235117   11.156080   0.009530
1878.244657   11.168190   0.009760
1878.254352   11.172000   0.010390
1878.263984   11.136970   0.011030
1878.273770   11.162650   0.011320
1878.283405   11.159530   0.011890
1878.293079   11.160030   0.011660
1878.302887   11.167880   0.014260
1878.312828   11.160160   0.014610
1878.322431   11.172230   0.014380
1878.332111   11.165110   0.014950
1878.342126   11.160910   0.010610
1878.351898   11.174200   0.012240
1878.361666   11.168380   0.011780
1878.371492   11.165640   0.012130
1878.381052   11.168650   0.012990
1878.390611   11.156570   0.009830
1878.400035   11.151770   0.012120
1878.409523   11.151850   0.011550
1878.419250   11.162300   0.012590
1878.427139   11.157760   0.012820
1878.434256   11.163970   0.010750
1878.439734   11.171880   0.013340
1878.444205   11.168060   0.010470
1878.448555   11.180520   0.010390
1878.452064   11.168780   0.012700
1878.454721   11.171800   0.012470
1878.457364   11.167430   0.012530
1878.459093   11.177280   0.012640
1878.460943   11.175730   0.012590
1878.463071   11.165820   0.017800
1878.523903   11.166320   0.012990
1878.533380   11.172790   0.013050
1878.542754   11.171320   0.012760
1878.552323   11.173560   0.013630
1878.561961   11.158260   0.015360
1878.571685   11.177020   0.020960
1878.581234   11.159320   0.019520
1878.590773   11.176460   0.020550
1878.600390   11.175240   0.026520
1878.885725   11.139640   0.015940
1878.896259   11.157310   0.013340
1878.907039   11.165490   0.012470
1878.917827   11.153150   0.012300
1878.928636   11.147930   0.012240
1878.939490   11.163550   0.010910
1878.950209   11.161800   0.009300
1878.960985   11.163300   0.009120
1878.971663   11.161410   0.008660
1878.982256   11.157930   0.008890
1878.992862   11.170750   0.008660
1879.003349   11.166160   0.009300
1879.014056   11.165100   0.009350
1879.024781   11.172710   0.009470
1879.035403   11.162440   0.010340
1879.046338   11.158950   0.010340
1879.056998   11.164990   0.010680
1879.067120   11.140810   0.010800
1879.077625   11.168160   0.010910
1879.087804   11.167220   0.011140
1879.097718   11.167110   0.012240
1879.108265   11.158290   0.012760
1879.118677   11.169940   0.013510
1879.128946   11.166410   0.011100
1879.138951   11.163210   0.012820
1879.148948   11.180160   0.014550
1879.158753   11.157080   0.014720
1879.168681   11.158420   0.014780
1879.178653   11.167610   0.015240
1879.188532   11.158800   0.015530
1879.198658   11.158870   0.015650
1879.208980   11.161900   0.015700
1879.219105   11.171530   0.015990
1879.229198   11.159540   0.016050
1879.239692   11.160140   0.016110
1879.249885   11.160600   0.015710
1879.259988   11.156200   0.015240
1879.270136   11.160040   0.015010
1879.279998   11.152260   0.012090
1879.290256   11.173680   0.015130
1879.300321   11.165050   0.015130
1879.310604   11.161230   0.015010
1879.321132   11.155400   0.015130
1879.331398   11.165180   0.015300
1879.341711   11.164060   0.015410
1879.352168   11.160330   0.015470
1879.362239   11.155070   0.015530
1879.372581   11.160050   0.015760
1879.383093   11.161050   0.009200
1879.393142   11.168100   0.016220
1879.403333   11.166820   0.016740
1879.413718   11.166380   0.017030
1879.422210   11.161430   0.017490
1879.430290   11.163650   0.018010
1879.436891   11.163870   0.018070
1879.441492   11.168750   0.018480
1879.445571   11.177870   0.018940
1879.449457   11.180850   0.019340
1879.452342   11.169500   0.015700
1879.454194   11.184210   0.019400
1879.456055   11.190070   0.016050
1879.457932   11.174610   0.019400
1879.460282   11.174110   0.027680
1879.524043   11.171020   0.023850
1879.534146   11.169140   0.024650
1879.544253   11.160680   0.025060
1879.554321   11.181780   0.015100
1879.564508   11.193640   0.026900
1879.574677   11.164840   0.027370
1879.584814   11.159460   0.028130
1879.594935   11.172820   0.029160
1879.605121   11.179170   0.029740
1879.615186   11.152520   0.031470
1879.625350   11.186290   0.037940
1879.885631   11.152970   0.018420
1879.895153   11.146020   0.015360
1879.904711   11.181530   0.012010
1879.914664   11.171440   0.009870
1879.924232   11.163290   0.008370
1879.933937   11.158590   0.007560
1879.943742   11.161810   0.006870
1879.953255   11.162580   0.006580
1879.962965   11.167030   0.006240
1879.972299   11.165130   0.006240
1879.982133   11.170840   0.006410
1879.991480   11.165180   0.006700
1880.001350   11.159480   0.006750
1880.010995   11.173120   0.007280
1880.020489   11.177120   0.007330
1880.030167   11.167440   0.007390
1880.040004   11.174450   0.007160
1880.050020   11.159830   0.007280
1880.059700   11.170390   0.007390
1880.069635   11.167850   0.007510
1880.079469   11.159090   0.007790
1880.089000   11.163090   0.007560
1880.098524   11.167060   0.007850
1880.108072   11.173920   0.008260
1880.117530   11.165710   0.007680
1880.127140   11.156080   0.007850
1880.200091   11.173430   0.008430
1880.209735   11.173960   0.008890
1880.219431   11.175080   0.008720
1880.229324   11.174390   0.008200
1880.238989   11.164550   0.008140
1880.248836   11.158180   0.008140
1880.258298   11.164750   0.008370
1880.267686   11.159810   0.008660
1880.277275   11.166620   0.008840
1880.286928   11.164960   0.009580
1880.306613   11.151420   0.008660
1880.369120   11.174410   0.008550
1880.684731   11.139840   0.022360
1880.693935   11.151960   0.021940
1880.703424   11.149940   0.025920
1880.712965   11.102150   0.030370
1880.722745   11.141750   0.036500
1880.732752   11.170110   0.044280
1880.743114   11.226020   0.052970
1880.753480   11.153900   0.063930
1880.828480   11.145410   0.054860
1880.839020   11.193100   0.048960
1880.967707   11.170480   0.008430
1880.977730   11.167860   0.008490
1880.987626   11.160840   0.007510
1880.997175   11.172050   0.007280
1881.007352   11.171540   0.007450
1881.017262   11.159280   0.007620
1881.027023   11.158520   0.007850
1881.036583   11.164270   0.007740
1881.046307   11.167370   0.007970
1881.055914   11.160080   0.008720
1881.065565   11.171560   0.008310
1881.075352   11.157930   0.008720
1881.085120   11.167000   0.008380
1881.094964   11.167390   0.008140
1881.104801   11.168830   0.007620
1881.114937   11.159370   0.009530
1881.124474   11.150110   0.008720
1881.134326   11.169410   0.009010
1881.143810   11.159630   0.007740
1881.153419   11.164790   0.009180
1881.163015   11.169100   0.008600
1881.171357   11.170450   0.007850
1881.180981   11.161250   0.008200
1881.190627   11.173460   0.007390
1881.200550   11.171580   0.007790
1881.210473   11.165420   0.008140
1881.220305   11.166120   0.008660
1881.230199   11.165420   0.008370
1881.239668   11.173040   0.008780
1881.249328   11.172300   0.008720
1881.258917   11.171820   0.008660
1881.268352   11.163660   0.008830
1881.278189   11.158550   0.008830
1881.288137   11.163630   0.009010
1881.297680   11.161160   0.009010
1881.307337   11.159070   0.009180
1881.317394   11.161360   0.009530
1881.327336   11.164490   0.009870
1881.337373   11.174210   0.009870
1881.347129   11.164320   0.009930
1881.357110   11.168680   0.010100
1881.366722   11.160760   0.010280
1881.376276   11.155330   0.010510
1881.386104   11.169120   0.010970
1881.395996   11.168290   0.010910
1881.405772   11.168930   0.011260
1881.414838   11.166680   0.011200
1881.422098   11.176760   0.011610
1881.428287   11.158910   0.011430
1881.433496   11.191050   0.011780
1881.437835   11.160080   0.011660
1881.441542   11.169960   0.012120
1881.445078   11.170010   0.012240
1881.447777   11.185150   0.012240
1881.449541   11.168400   0.012120
1881.451276   11.174550   0.012120
1881.453055   11.174230   0.012300
1881.455245   11.170790   0.017270
1881.512259   11.166690   0.012700
1881.522032   11.161290   0.013450
1881.531584   11.169840   0.013740
1881.541053   11.163020   0.013800
1881.550943   11.172400   0.013910
1881.560601   11.173590   0.014320
1881.570473   11.170420   0.014320
1881.580253   11.182600   0.015590
1881.589860   11.155590   0.015010
1881.599577   11.182380   0.016510
1881.609472   11.179960   0.015940
1881.619114   11.171690   0.017440
1881.628942   11.166840   0.019110
1881.638590   11.167700   0.020150
1881.648351   11.126730   0.022170
1881.778022   11.191990   0.039840
1881.787777   11.117280   0.036200
1881.797497   11.141790   0.035450
1881.807277   11.167180   0.032680
1881.816745   11.195140   0.028690
1881.826319   11.127240   0.024660
1881.835921   11.180400   0.020790
1881.845731   11.140830   0.017210
1881.855252   11.168730   0.015010
1881.864967   11.151560   0.013340
1881.874874   11.158110   0.012240
1881.884546   11.162310   0.010570
1881.894462   11.160460   0.009470
1881.904494   11.158980   0.008550
1881.914271   11.166660   0.008490
1881.923884   11.164970   0.008490
1881.933466   11.166880   0.008200
1881.943231   11.157930   0.008310
1881.952875   11.161940   0.010280
1881.962633   11.152740   0.011200
1881.972149   11.163730   0.011780
1881.982098   11.167740   0.012410
1881.992169   11.166550   0.015240
1882.001889   11.174140   0.016570
1882.011594   11.157650   0.016630
1882.021627   11.165740   0.013510
1882.031644   11.153510   0.014490
1882.041324   11.153890   0.014210
1882.051198   11.160170   0.013050
1882.060871   11.172590   0.013450
1882.070527   11.182320   0.023510
1882.080330   11.155950   0.010630
1882.090096   11.150020   0.020900
1882.099569   11.182190   0.033070
1882.109365   11.158060   0.017670
1882.121972   11.160260   0.014560
1882.131558   11.155920   0.011840
1882.141120   11.171690   0.018130
1882.150540   11.157660   0.012700
1882.160119   11.152870   0.012930
1882.169652   11.163690   0.013510
1882.179008   11.158160   0.013220
1882.188466   11.166140   0.014610
1882.198063   11.155590   0.016690
1882.208031   11.158480   0.028520
1882.217722   11.200120   0.023330
1882.227231   11.172840   0.020440
1882.236839   11.173270   0.020610
1882.246327   11.171870   0.028990
1882.256107   11.152040   0.026330
1882.266006   11.146920   0.026730
1882.275585   11.181990   0.023210
1882.285301   11.148670   0.023900
1882.295361   11.140390   0.021880
1882.305067   11.189350   0.028640
1882.315073   11.173770   0.034310
1882.325032   11.161030   0.021880
1882.334886   11.168380   0.019280
1882.344919   11.155140   0.022860
1882.354771   11.157640   0.026280
1882.364587   11.149700   0.020900
1882.374737   11.133610   0.021600
1882.384757   11.163160   0.115930
1882.394964   11.198480   0.045240
1883.093660   11.155480   0.009870
1883.103366   11.180920   0.015050
1883.112818   11.166430   0.010290
1883.122237   11.154980   0.011790
1883.131900   11.158750   0.009870
1883.141295   11.163800   0.011030
1883.150882   11.172940   0.011720
1883.160374   11.159480   0.012470
1883.169871   11.153020   0.013230
1883.179271   11.154110   0.010680
1883.188727   11.164250   0.010860
1883.198404   11.149940   0.012530
1883.207904   11.169770   0.012640
1883.217549   11.169330   0.012880
1883.226897   11.175420   0.013160
1883.236210   11.166030   0.013050
1883.245790   11.155390   0.012820
1883.255334   11.164430   0.013400
1883.265175   11.158270   0.013450
1883.274780   11.157450   0.013800
1883.284849   11.185320   0.018130
1883.294394   11.164340   0.019210
1883.304305   11.159410   0.017610
1883.314080   11.183760   0.020350
1883.323720   11.171880   0.017680
1883.333437   11.165740   0.015990
1883.343435   11.181950   0.016630
1883.353548   11.182820   0.017510
1883.363493   11.174920   0.015070
1883.373027   11.154310   0.015990
1883.382657   11.155400   0.017030
1883.392439   11.165900   0.015760
1883.402040   11.163310   0.015760
1883.410061   11.177310   0.017260
1883.417485   11.178660   0.017780
1883.423677   11.167240   0.016510
1883.428949   11.164050   0.016800
1883.433300   11.166510   0.018510
1883.436812   11.177680   0.016340
1883.440325   11.158220   0.017320
1883.443180   11.178290   0.016450
1883.444926   11.189090   0.017610
1883.446707   11.164590   0.015940
1883.448508   11.181520   0.016170
1883.507335   11.155610   0.017320
1883.517022   11.152340   0.017260
1883.526655   11.146060   0.019870
1883.536232   11.168930   0.020790
1883.545818   11.143090   0.021530
1883.555341   11.152930   0.020730
1883.565051   11.156730   0.021440
1883.574608   11.156700   0.020620
1883.584302   11.154820   0.020770
1883.593915   11.167710   0.018250
1884.099534   11.169690   0.005660
1884.109140   11.172360   0.005600
1884.118686   11.173980   0.006700
1884.128292   11.164240   0.007450
1884.137551   11.160130   0.006180
1884.147279   11.156680   0.006870
1884.156774   11.166200   0.007220
1884.166197   11.173540   0.007750
1884.175960   11.168750   0.008430
1884.185414   11.165040   0.007280
1884.194977   11.169350   0.006410
1884.204574   11.161690   0.006810
1884.214174   11.162940   0.006350
1884.223839   11.160920   0.006760
1884.233272   11.171040   0.009240
1884.242628   11.165890   0.005950
1884.252195   11.168380   0.005890
1884.261682   11.164070   0.005890
1884.271201   11.163510   0.005950
1884.280876   11.165560   0.006290
1884.290846   11.164180   0.006750
1884.300573   11.160570   0.007280
1884.310420   11.168920   0.009590
1884.320206   11.171300   0.006930
1884.330156   11.165030   0.007100
1884.340081   11.174340   0.008140
1884.350052   11.178120   0.008080
1884.360119   11.166130   0.006930
1884.370060   11.170000   0.007100
1884.379738   11.171500   0.007560
1884.389528   11.162120   0.006240
1884.399065   11.160460   0.006470
1884.406881   11.158980   0.007220
1884.413865   11.161260   0.008310
1884.420368   11.158270   0.008500
1884.425635   11.159480   0.006640
1884.430150   11.166810   0.006240
1884.433678   11.166830   0.006810
1884.437202   11.166400   0.006750
1884.439908   11.163520   0.007040
1884.441669   11.163740   0.006870
1884.443407   11.170280   0.006810
1884.445186   11.167820   0.006530
1884.446926   11.165000   0.008030
1884.503638   11.167850   0.006240
1884.513187   11.163140   0.007050
1884.522993   11.170420   0.006240
1884.532900   11.167800   0.005890
1884.542819   11.165490   0.006640
1884.552706   11.162120   0.007300
1884.562458   11.160180   0.005490
1884.572213   11.165770   0.006300
1884.581820   11.167250   0.005720
1884.591479   11.160100   0.006870
1884.600983   11.158200   0.006290
1884.610820   11.164750   0.006000
1884.886961   11.152790   0.013510
1884.896459   11.168950   0.014040
1884.906042   11.163510   0.013110
1884.915643   11.162520   0.015190
1884.925737   11.173090   0.012530
1884.935570   11.173190   0.015530
1884.945448   11.172490   0.013340
1884.954875   11.161470   0.014150
1884.964329   11.172170   0.013860
1884.974229   11.177810   0.015940
1884.983546   11.168150   0.015990
1884.993441   11.159520   0.015010
1885.003341   11.178080   0.014780
1885.013229   11.176140   0.016570
1885.022911   11.169870   0.016570
1885.032502   11.161910   0.018650
1885.042137   11.180060   0.018190
1885.052183   11.175100   0.018590
1885.061957   11.191490   0.020320
1885.071678   11.161900   0.021020
1885.081285   11.160190   0.022870
1885.090973   11.177530   0.021830
1885.100847   11.188540   0.021770
1885.278794   11.150640   0.011780
1885.288696   11.164230   0.015300
1885.298475   11.155790   0.012590
1885.308250   11.155260   0.012530
1885.318087   11.159990   0.012930
1885.328301   11.144930   0.015430
1885.338173   11.157270   0.021600
1885.347960   11.166210   0.018360
1885.357853   11.173550   0.019750
1885.367578   11.164460   0.020090
1885.377344   11.160410   0.024190
1885.386938   11.160380   0.025120
1885.396599   11.199040   0.020900
1885.404395   11.152390   0.018070
1885.411445   11.157600   0.020560
1885.417511   11.161640   0.021660
1885.422892   11.152520   0.023380
1885.427461   11.141430   0.020810
1885.430989   11.157130   0.017440
1885.434637   11.160620   0.019460
1885.437356   11.152170   0.019280
1885.439093   11.159050   0.019290
1885.440855   11.175150   0.019460
1885.442624   11.161910   0.018590
1885.444416   11.164310   0.018710
1885.502228   11.137040   0.020500
1885.511985   11.165890   0.027320
1885.521821   11.165080   0.021190
1885.531512   11.151170   0.020150
1885.541243   11.171890   0.021510
1885.551133   11.176010   0.018590
1885.560860   11.171800   0.018370
1885.570601   11.173440   0.018300
1885.580236   11.155830   0.022240
1885.590133   11.148710   0.015530
1886.072366   11.163010   0.005540
1886.082057   11.170180   0.005890
1886.091456   11.161750   0.006060
1886.101064   11.166180   0.006240
1886.110701   11.165710   0.006120
1886.120214   11.168840   0.006240
1886.129544   11.161770   0.006470
1886.138882   11.159730   0.006580
1886.148233   11.165310   0.006580
1886.157943   11.162110   0.006930
1886.167550   11.164970   0.007510
1886.177101   11.166180   0.007560
1886.186997   11.171180   0.007910
1886.196609   11.164830   0.008260
1886.206153   11.175520   0.009120
1886.215757   11.171080   0.009470
1886.225422   11.168690   0.012180
1886.234829   11.169700   0.012360
1886.244630   11.164980   0.012070
1886.254426   11.170030   0.009070
1886.263771   11.167990   0.007680
1886.273578   11.162410   0.011840
1886.283270   11.159290   0.007510
1886.293134   11.167350   0.007850
1886.303115   11.161440   0.008780
1886.312914   11.168880   0.008140
1886.322818   11.167230   0.008310
1886.332859   11.161140   0.008310
1886.342543   11.165760   0.007970
1886.352534   11.155820   0.008140
1886.362281   11.162910   0.008660
1886.372003   11.166320   0.009010
1886.381496   11.157340   0.009180
1886.391198   11.159590   0.009820
1886.399994   11.163640   0.009870
1886.408171   11.159530   0.010100
1886.414363   11.159460   0.012070
1886.419581   11.156010   0.012130
1886.423873   11.159520   0.011320
1886.427459   11.161820   0.011030
1886.431086   11.164460   0.010970
1886.433748   11.162850   0.012130
1886.435540   11.161280   0.012880
1886.437293   11.164410   0.011550
1886.439058   11.168360   0.011660
1886.441348   11.168940   0.022590
