1863.169882   14.481770   0.098490
1863.179028   14.514280   0.111150
1863.188111   14.467510   0.118720
1863.197263   14.532420   0.112140
1863.206453   14.534850   0.111670
1863.215516   14.485470   0.125410
1863.224486   14.531820   0.124320
1863.233708   14.481400   0.127860
1863.243026   14.532430   0.128640
1863.252052   14.497360   0.122150
1863.260978   14.537880   0.123330
1863.270074   14.455590   0.123570
1863.279229   14.526830   0.121330
1863.288341   14.428850   0.115250
1863.297662   14.493340   0.104050
1863.306748   14.392540   0.114670
1863.315898   14.463180   0.124980
1863.325261   14.479480   0.114840
1863.334632   14.562590   0.131590
1863.344416   14.540710   0.120690
1863.353962   14.507180   0.121010
1863.363511   14.463870   0.105150
1863.372640   14.420160   0.099390
1863.381795   14.495320   0.100200
1863.391577   14.511870   0.108600
1863.400670   14.501680   0.113120
1863.410157   14.504400   0.116170
1863.419415   14.583190   0.120050
1863.428575   14.614410   0.076000
1863.438171   14.491400   0.128820
1864.122118   14.489840   0.077990
1864.131216   14.565750   0.111640
1864.140349   14.505800   0.095160
1864.149328   14.452100   0.097420
1864.158727   14.473150   0.091190
1864.168077   14.505530   0.117040
1864.177441   14.477150   0.105030
1864.186471   14.516060   0.088060
1864.195786   14.505450   0.107690
1864.204761   14.509230   0.098580
1864.213956   14.471200   0.095410
1864.223275   14.482710   0.091050
1864.232312   14.473610   0.108360
1864.241734   14.508750   0.110990
1864.250994   14.495900   0.095820
1864.260292   14.479730   0.111550
1864.269452   14.454340   0.094190
1864.278712   14.493840   0.114440
1864.288040   14.467010   0.111610
1864.297228   14.449300   0.106420
1864.306786   14.490340   0.114900
1864.315982   14.462240   0.112320
1864.325240   14.469120   0.108710
1864.334830   14.482970   0.111170
1864.353629   14.476110   0.114070
1864.391462   14.532920   0.106630
1864.410930   14.398710   0.077200
1865.081726   14.555780   0.099650
1865.090914   14.526800   0.119260
1865.103000   14.524980   0.121000
1865.112265   14.521540   0.115490
1865.180915   14.532650   0.088640
1865.189934   14.499310   0.067350
1865.199137   14.489890   0.085570
1865.208040   14.490430   0.065400
1865.217207   14.452680   0.101310
1865.226382   14.437710   0.090860
1865.235932   14.538820   0.107410
1865.245886   14.387680   0.103440
1865.255783   14.435390   0.102540
1865.265903   14.515360   0.071200
1865.275774   14.509690   0.116820
1865.285892   14.524320   0.103470
1865.295973   14.539110   0.117730
1865.306185   14.480770   0.109810
1865.316145   14.511760   0.112240
1865.326150   14.560230   0.122750
1865.336276   14.406630   0.077000
1865.346577   14.587800   0.127840
1865.356675   14.480970   0.115710
1865.366506   14.550320   0.071000
1865.376904   14.455540   0.101890
1865.387011   14.453550   0.101980
1865.417333   14.435660   0.120440
1865.427630   14.448700   0.103220
1865.437669   14.549100   0.074500
1866.165339   14.428810   0.068770
1866.174723   14.529290   0.071840
1866.184057   14.510230   0.078230
1866.193410   14.464160   0.075900
1866.202706   14.459830   0.078710
1866.212035   14.520650   0.079450
1866.221409   14.548720   0.084980
1866.230791   14.499020   0.081460
1866.240551   14.476610   0.080040
1866.250004   14.475320   0.082000
1866.259354   14.488600   0.079160
1867.193045   14.520310   0.054680
1867.202355   14.502940   0.058300
1867.211516   14.472900   0.056080
1867.220585   14.502250   0.062070
1867.230131   14.481790   0.063080
1867.239707   14.463990   0.061900
1867.249230   14.468630   0.059690
1867.258785   14.493130   0.063110
1867.268385   14.483540   0.062260
1867.277702   14.474750   0.065330
1867.287153   14.508410   0.067560
1867.296854   14.479130   0.066990
1867.306121   14.509370   0.069050
1867.315500   14.493710   0.069460
1867.325094   14.471070   0.068950
1867.334502   14.486080   0.074330
1867.344482   14.525740   0.077650
1867.354030   14.496860   0.078780
1867.363492   14.532470   0.085860
1867.372735   14.510090   0.082950
1867.382212   14.448530   0.079570
1867.391671   14.486120   0.086790
1867.401392   14.510320   0.087660
1867.410805   14.513610   0.083730
1867.420288   14.467460   0.100490
1867.429722   14.554050   0.114920
1867.439192   14.546370   0.106590
1867.448574   14.490150   0.115520
1867.456168   14.484290   0.097430
1867.463320   14.557800   0.105820
1867.469421   14.485410   0.107450
1867.473939   14.511390   0.084210
1867.478291   14.463190   0.077860
1867.481655   14.462200   0.079250
1867.484335   14.455320   0.090180
1867.486951   14.485220   0.089740
1867.488639   14.517080   0.093160
1867.490315   14.513970   0.092420
1867.492002   14.487930   0.093090
1867.493724   14.522200   0.089610
1868.197661   14.536720   0.100760
1868.207123   14.525930   0.099910
1868.216342   14.507630   0.066200
1868.225986   14.454080   0.111860
1868.235964   14.479570   0.066900
1868.245580   14.562390   0.120470
1868.264968   14.450760   0.075700
1868.283852   14.459430   0.103250
1870.219778   14.466770   0.066090
1870.229270   14.466550   0.067440
1870.238762   14.457610   0.075300
1870.248135   14.478610   0.071830
1870.257691   14.483050   0.081830
1870.267266   14.506790   0.078340
1870.276950   14.498510   0.076780
1870.286498   14.506800   0.080650
1870.295849   14.468330   0.076400
1870.305565   14.504690   0.082340
1870.315197   14.525070   0.089910
1870.325274   14.516580   0.094340
1870.335174   14.485910   0.085730
1870.344892   14.464350   0.089120
1870.354573   14.555470   0.107410
1870.364104   14.426870   0.125040
1870.373603   14.478300   0.103170
1870.383600   14.436280   0.074100
1871.136689   14.527950   0.082890
1871.146179   14.477200   0.077560
1871.155384   14.485330   0.077810
1871.164955   14.505530   0.085000
1871.174269   14.490870   0.083780
1871.183469   14.479200   0.086560
1871.192872   14.520890   0.087220
1871.202392   14.446450   0.086280
1871.211865   14.386470   0.095150
1871.221273   14.458810   0.098930
1871.230922   14.511890   0.090090
1871.240394   14.429100   0.085340
1871.250018   14.424080   0.090050
1871.259511   14.547190   0.089920
1871.269122   14.445540   0.090960
1871.278903   14.485320   0.091160
1871.288648   14.546680   0.096200
1871.298226   14.494580   0.093150
1871.307789   14.537750   0.102500
1871.317562   14.473900   0.103770
1871.327342   14.535080   0.105140
1871.337079   14.603490   0.119420
1871.346725   14.474030   0.116700
1871.356495   14.481990   0.110990
1871.366277   14.429720   0.119570
1871.375944   14.529360   0.121820
1871.385884   14.569060   0.107670
1871.395400   14.510510   0.112090
1871.442558   14.416480   0.074100
1872.324463   14.571040   0.086920
1872.334315   14.577090   0.094560
1872.344041   14.511230   0.091750
1872.353623   14.453150   0.087560
1872.363427   14.537250   0.093480
1872.373279   14.552490   0.090020
1872.383099   14.536560   0.090050
1872.392766   14.518100   0.090280
1872.402203   14.439510   0.091300
1872.412032   14.503770   0.095260
1872.421585   14.454780   0.098400
1872.431130   14.610000   0.115010
1872.439874   14.550450   0.110820
1872.447517   14.500220   0.103260
1872.454162   14.518810   0.107890
1872.459603   14.512920   0.121390
1872.463903   14.561280   0.127370
1872.467716   14.463720   0.110900
1872.470496   14.565610   0.118140
1872.473152   14.552520   0.124320
1872.474857   14.511610   0.120570
1872.476617   14.545290   0.128000
1872.478370   14.585170   0.125210
1872.480228   14.535580   0.124810
1873.229437   14.412100   0.097300
1873.238826   14.510710   0.108850
1873.248403   14.493410   0.100070
1873.258009   14.485500   0.106130
1873.267456   14.496270   0.107660
1873.276959   14.503210   0.109730
1873.286788   14.499370   0.111270
1873.296275   14.480380   0.112610
1873.305819   14.452920   0.088210
1873.315548   14.473270   0.113930
1873.325531   14.493330   0.069400
1873.354842   14.514110   0.101330
1873.383960   14.447420   0.116460
1873.393856   14.498480   0.097120
1873.441010   14.552950   0.126820
1873.447044   14.577060   0.132540
1873.453044   14.571370   0.109010
1873.457630   14.516760   0.133000
1873.462013   14.459380   0.109080
1873.465548   14.467510   0.129850
1873.468260   14.449050   0.106620
1873.472721   14.412610   0.106850
1873.474284   14.559010   0.081800
1873.476174   14.492980   0.074900
1874.032527   14.477090   0.067820
1874.041923   14.456200   0.074470
1874.051714   14.462000   0.072320
1874.061193   14.476510   0.072830
1874.070741   14.468760   0.078640
1874.080230   14.488270   0.078180
1874.089638   14.493130   0.078300
1874.098984   14.480470   0.078530
1874.108441   14.472530   0.075940
1874.117749   14.506320   0.083680
1874.127103   14.489630   0.079930
1874.136654   14.501450   0.079450
1874.145982   14.429060   0.081100
1874.155173   14.509840   0.091550
1874.164605   14.570770   0.102180
1874.174153   14.464580   0.110870
1876.992585   14.472850   0.078820
1877.002277   14.482390   0.078040
1877.012009   14.497260   0.081640
1877.021623   14.519770   0.079920
1877.031340   14.465230   0.088240
1877.041094   14.479410   0.083950
1877.050632   14.501840   0.073650
1877.060512   14.455980   0.076010
1877.070280   14.550220   0.081740
1877.080037   14.503520   0.084090
1877.089835   14.522670   0.081820
1877.099542   14.508770   0.081640
1877.109324   14.493930   0.101110
1877.119234   14.520970   0.100970
1877.128562   14.465050   0.089010
1877.137988   14.460750   0.086490
1877.147449   14.605760   0.102610
1877.157081   14.490770   0.096830
1877.166514   14.496900   0.093300
1877.175811   14.494590   0.092300
1877.185180   14.541200   0.095120
1877.194638   14.440050   0.093210
1877.204359   14.489400   0.091710
1877.213829   14.499670   0.084860
1877.223290   14.472290   0.094540
1877.232928   14.457050   0.089690
1877.242583   14.495110   0.101880
1877.252102   14.504280   0.103270
1877.261424   14.510980   0.102610
1877.271317   14.438800   0.091320
1877.280810   14.506600   0.087370
1877.290913   14.473520   0.097570
1877.300784   14.485230   0.102710
1877.310552   14.499540   0.097150
1877.320329   14.544090   0.104520
1877.330019   14.463090   0.095340
1877.339609   14.540080   0.090420
1877.349339   14.440130   0.095900
1877.359563   14.435710   0.088280
1877.369289   14.416640   0.097110
1877.379166   14.430940   0.090510
1877.389199   14.502370   0.106300
1877.398672   14.563550   0.090280
1877.408188   14.502110   0.109640
1877.417610   14.432580   0.104840
1877.426444   14.450370   0.094830
1877.433416   14.534110   0.108050
1877.439426   14.453800   0.118810
1877.444578   14.576090   0.124580
1877.449101   14.500230   0.109480
1877.452622   14.497700   0.118120
1877.456119   14.527870   0.106610
1877.458826   14.480510   0.101400
1877.460660   14.527420   0.113240
1877.462441   14.432630   0.103610
1877.464144   14.516810   0.105030
1877.465872   14.517840   0.115750
1877.528547   14.547520   0.105770
1877.538164   14.473450   0.112220
1877.956588   14.479730   0.115890
1877.966360   14.470210   0.108830
1877.975795   14.533160   0.087320
1877.985575   14.532390   0.073040
1877.995071   14.461390   0.070640
1878.004964   14.552160   0.070090
1878.014335   14.500230   0.076990
1878.023915   14.527970   0.067370
1878.033403   14.499070   0.067040
1878.042881   14.494760   0.065340
1878.052477   14.477470   0.076480
1878.062202   14.446740   0.076580
1878.072038   14.489090   0.074560
1878.081838   14.475680   0.079920
1878.091595   14.509600   0.073880
1878.101204   14.472040   0.079550
1878.111056   14.505560   0.084210
1878.120475   14.439360   0.080720
1878.129972   14.510960   0.087110
1878.139452   14.521500   0.103290
1878.167692   14.484140   0.090690
1878.177309   14.469800   0.083100
1878.186872   14.478170   0.110160
1878.196273   14.509610   0.108680
1878.206054   14.481830   0.122500
1878.215833   14.485310   0.130230
1878.225633   14.486650   0.107240
1878.235117   14.511770   0.111490
1878.244657   14.533460   0.119580
1878.254352   14.424560   0.118410
1878.263984   14.430380   0.132170
1878.273770   14.524720   0.139650
1878.283405   14.483080   0.108140
1878.292926   14.638190   0.080600
1878.390765   14.484370   0.077300
1878.409369   14.429100   0.068400
1878.950209   14.509790   0.114120
1878.960985   14.473520   0.114910
1878.971663   14.471390   0.103180
1878.982256   14.485630   0.106600
1878.992862   14.486850   0.103950
1879.003349   14.426020   0.109530
1879.014056   14.485570   0.109760
1879.024781   14.517790   0.109240
1879.035403   14.485950   0.124060
1879.046338   14.452660   0.118010
1879.056998   14.509360   0.126040
1879.067120   14.478360   0.127320
1879.077625   14.495720   0.125500
1879.087804   14.524380   0.129040
1879.097794   14.356850   0.101260
1879.924155   14.642490   0.097310
1879.933937   14.525350   0.102400
1879.943742   14.634640   0.097860
1879.953255   14.513780   0.080660
1879.962965   14.488850   0.075080
1879.972299   14.440010   0.070680
1879.982133   14.516590   0.079050
1879.991480   14.484680   0.079800
1880.001350   14.509030   0.085270
1880.010995   14.442870   0.089650
1880.020489   14.504080   0.090820
1880.030167   14.493600   0.095860
1880.040004   14.480840   0.088460
1880.050020   14.485030   0.091830
1880.059700   14.444730   0.091530
1880.069635   14.484790   0.098240
1880.079469   14.533340   0.100970
1880.089000   14.527450   0.097690
1880.098524   14.413050   0.095870
1880.108072   14.436010   0.101850
1880.117530   14.521700   0.095060
1880.127140   14.418560   0.097230
1880.200091   14.547020   0.107440
1880.209735   14.622900   0.111490
1880.219431   14.511130   0.110170
1880.229324   14.535010   0.103020
1880.238989   14.442490   0.102490
1880.248836   14.502080   0.101280
1880.258298   14.469340   0.105100
1880.267686   14.468150   0.105390
1880.277275   14.566590   0.118130
1880.286928   14.518090   0.119400
1880.306613   14.451710   0.112230
1880.369120   14.381000   0.101040
1880.967707   14.472740   0.056700
1880.987626   14.539230   0.099780
1880.997175   14.485900   0.094270
1881.007352   14.476870   0.093600
1881.017262   14.563010   0.100980
1881.027023   14.490710   0.102130
1881.036583   14.519670   0.101830
1881.046307   14.421180   0.099390
1881.055914   14.571730   0.117530
1881.065565   14.658110   0.113800
1881.075352   14.433320   0.108110
1881.085120   14.553910   0.110070
1881.094964   14.506980   0.110500
1881.104801   14.533080   0.093550
1881.115090   14.471460   0.064100
1881.124474   14.566510   0.113050
1881.134249   14.528580   0.094350
1881.143810   14.501780   0.094450
1881.153343   14.419320   0.092910
1881.163015   14.408700   0.106130
1881.171357   14.443970   0.092800
1881.180981   14.494080   0.104360
1881.190627   14.492740   0.083620
1881.200550   14.470180   0.096080
1881.210473   14.506170   0.097680
1881.220305   14.474630   0.106470
1881.230199   14.536400   0.102940
1881.239668   14.520430   0.107190
1881.249328   14.498030   0.108280
1881.258917   14.518460   0.105500
1881.268352   14.524000   0.112900
1881.278189   14.426220   0.104050
1881.288137   14.502130   0.110520
1881.297680   14.525150   0.112620
1881.307337   14.549690   0.118920
1881.317394   14.459380   0.113110
1881.327336   14.481260   0.119320
1881.337373   14.568880   0.126030
1881.347129   14.471940   0.120700
1881.357110   14.512060   0.124440
1881.366722   14.484780   0.125710
1881.376276   14.481660   0.132270
1881.386104   14.449560   0.108340
1881.395996   14.501650   0.076800
1881.414915   14.457130   0.109450
1881.428210   14.406920   0.109000
1881.433573   14.403260   0.109580
1881.437911   14.385530   0.107820
1881.894462   14.514250   0.125990
1881.904494   14.545020   0.114390
1881.914271   14.568310   0.110770
1881.923884   14.517090   0.108140
1881.933466   14.491020   0.099410
1881.943231   14.424350   0.101050
1881.952875   14.434120   0.122620
1881.962633   14.365340   0.073100
1882.080177   14.542210   0.075500
1883.093660   14.461820   0.070800
1883.179424   14.537630   0.076700
1883.188803   14.491850   0.104940
1884.099534   14.485970   0.067640
1884.109140   14.481400   0.070350
1884.118686   14.539470   0.089020
1884.128215   14.380880   0.067920
1884.137551   14.487760   0.078490
1884.147279   14.431860   0.082910
1884.156774   14.463250   0.094120
1884.166197   14.539640   0.078780
1884.175960   14.435890   0.110550
1884.185414   14.483420   0.094700
1884.194977   14.481440   0.081420
1884.204574   14.572930   0.091630
1884.214174   14.471010   0.078710
1884.223839   14.586270   0.092380
1884.233348   14.531800   0.101490
1884.242628   14.506320   0.075660
1884.252195   14.431450   0.069740
1884.261682   14.508950   0.074490
1884.271201   14.502180   0.072590
1884.280876   14.480600   0.083850
1884.290846   14.503450   0.087240
1884.300573   14.472890   0.095610
1884.320206   14.466350   0.093340
1884.330156   14.469840   0.095730
1884.340081   14.449680   0.107530
1884.350052   14.479060   0.107760
1884.360119   14.468410   0.090470
1884.370060   14.459830   0.097190
1884.379738   14.459510   0.095270
1884.389528   14.422350   0.077730
1884.399065   14.518860   0.084430
1884.406881   14.516440   0.097600
1884.413865   14.497110   0.115510
1884.420522   14.569440   0.062100
1884.425635   14.474200   0.088690
1884.430150   14.473090   0.071240
1884.433678   14.504070   0.087250
1884.437202   14.511490   0.088460
1884.439908   14.468640   0.091860
1884.441669   14.497470   0.087000
1884.443407   14.571460   0.093940
1884.445186   14.508290   0.084770
1884.446926   14.602280   0.086360
1884.503638   14.476890   0.073520
1884.513187   14.550840   0.096690
1884.522993   14.488620   0.075890
1884.532900   14.494880   0.071850
1884.542819   14.556860   0.093880
1884.552782   14.568660   0.047800
1884.562458   14.467180   0.060490
1884.572213   14.491710   0.080170
1884.581820   14.545730   0.064740
1884.591479   14.502570   0.087260
1884.600983   14.523370   0.074860
1884.610820   14.488570   0.067270
1886.072366   14.474350   0.063850
1886.082057   14.450120   0.068940
1886.091456   14.493710   0.074260
1886.101064   14.515050   0.075560
1886.110701   14.514580   0.070400
1886.120214   14.496480   0.073280
1886.129544   14.483930   0.077520
1886.138882   14.485660   0.081000
1886.148233   14.428670   0.076520
1886.157943   14.536120   0.083890
1886.167550   14.491610   0.094660
1886.177101   14.450300   0.092870
1886.186997   14.492010   0.094020
1886.196609   14.571380   0.102390
1886.206153   14.497350   0.111050
1886.215757   14.489530   0.117720
1886.254426   14.488110   0.111170
1886.263771   14.505700   0.097250
1886.283270   14.550340   0.098680
1886.293134   14.549120   0.102950
1886.303115   14.490050   0.113090
1886.312914   14.524410   0.101060
1886.322818   14.487790   0.105740
1886.332859   14.532980   0.104620
1886.342543   14.503940   0.100300
1886.352534   14.488490   0.101280
1886.362281   14.484020   0.107460
1886.372003   14.546900   0.117210
1886.381496   14.518120   0.117440
1886.391198   14.481080   0.122130
1886.399994   14.446160   0.117310
1886.408324   14.485250   0.068600
