1863.169882   13.836400   0.054890
1863.179028   13.814800   0.060940
1863.188111   13.898940   0.075690
1863.197263   13.860780   0.068010
1863.206453   13.868520   0.066590
1863.215516   13.858900   0.078440
1863.224486   13.808050   0.077010
1863.233708   13.864210   0.078160
1863.243026   13.877990   0.086980
1863.252052   13.869670   0.075500
1863.260978   13.813620   0.068260
1863.270074   13.854340   0.084620
1863.279229   13.860560   0.071640
1863.288341   13.795760   0.063270
1863.297662   13.833790   0.059400
1863.306748   13.830560   0.069240
1863.315898   13.833750   0.073840
1863.325261   13.869560   0.073630
1863.334632   13.888860   0.078980
1863.344416   13.883170   0.072670
1863.353962   13.803960   0.069350
1863.363511   13.839790   0.063860
1863.372640   13.837970   0.059140
1863.381795   13.899190   0.057460
1863.391577   13.840550   0.065600
1863.400670   13.900500   0.065160
1863.410157   13.801660   0.067110
1863.419415   13.856050   0.073230
1863.428728   13.840550   0.078580
1863.438171   13.853980   0.077620
1863.447725   13.885300   0.084720
1863.457038   13.834960   0.097670
1863.464667   13.792150   0.107930
1863.471563   13.721400   0.111370
1863.477686   13.843280   0.113280
1863.482900   13.806250   0.111640
1863.487037   13.837180   0.115480
1863.490505   13.817770   0.114720
1863.494064   13.860560   0.114010
1863.496621   13.866200   0.118100
1863.498272   13.913650   0.119910
1863.500087   13.834910   0.122150
1863.501889   13.904400   0.120290
1863.503937   13.802660   0.170260
1864.122118   13.824180   0.047240
1864.131216   13.877620   0.063910
1864.140349   13.815340   0.055820
1864.149328   13.819300   0.055410
1864.158727   13.844300   0.052610
1864.168077   13.875110   0.068230
1864.177441   13.836080   0.064610
1864.186471   13.864390   0.052780
1864.195786   13.858830   0.060910
1864.204761   13.866740   0.054220
1864.213956   13.862310   0.051210
1864.223275   13.807050   0.052230
1864.232312   13.845080   0.060500
1864.241734   13.822380   0.061370
1864.250994   13.814610   0.052960
1864.260292   13.823550   0.062280
1864.269452   13.885510   0.053430
1864.278712   13.849790   0.067070
1864.288040   13.856160   0.073000
1864.297228   13.860090   0.067800
1864.306786   13.883500   0.065940
1864.315982   13.852300   0.069090
1864.325240   13.861270   0.062530
1864.334830   13.882390   0.065100
1864.344223   13.836120   0.088270
1864.353629   13.814810   0.087990
1864.362884   13.863380   0.097810
1864.372284   13.838320   0.110450
1864.381718   13.795290   0.095270
1864.391386   13.849940   0.085970
1864.401175   13.871630   0.107030
1864.410777   13.907240   0.095330
1864.420158   13.892220   0.094900
1864.429378   13.871470   0.106120
1864.438639   13.867330   0.118060
1864.448099   13.848670   0.106140
1864.465120   13.766400   0.123940
1865.081649   13.858700   0.074590
1865.090914   13.890990   0.077320
1865.103000   13.791090   0.074070
1865.112265   13.811610   0.073500
1865.121493   13.877720   0.089180
1865.180915   13.874460   0.047310
1865.189934   13.843060   0.040470
1865.199137   13.816220   0.046600
1865.208040   13.845630   0.038180
1865.217207   13.859420   0.056470
1865.226382   13.851740   0.055920
1865.235932   13.855460   0.059300
1865.245886   13.829670   0.063030
1865.255783   13.817540   0.061610
1865.265750   13.896180   0.082710
1865.275774   13.888280   0.073300
1865.285892   13.862610   0.062610
1865.295973   13.858710   0.071030
1865.306185   13.817360   0.069970
1865.316145   13.911550   0.068480
1865.326150   13.864550   0.069040
1865.336276   13.853480   0.088990
1865.346577   13.900470   0.079530
1865.356675   13.849550   0.076290
1865.366659   13.853990   0.083950
1865.376904   13.856150   0.080520
1865.387088   13.862160   0.085410
1865.397153   13.849570   0.089790
1865.407149   13.856170   0.086430
1865.417333   13.865130   0.081930
1865.427630   13.895530   0.087440
1865.437669   13.844220   0.083680
1865.448171   13.877230   0.099850
1865.457324   13.878130   0.111060
1865.465615   13.780530   0.117420
1865.482335   13.802560   0.070500
1865.489631   13.759300   0.074300
1865.492821   13.722300   0.067600
1865.494427   13.841680   0.127570
1865.496283   13.937590   0.123590
1865.498244   13.897660   0.073200
1866.165339   13.853190   0.040840
1866.174723   13.871490   0.041890
1866.184057   13.835470   0.044110
1866.193410   13.844560   0.043130
1866.202706   13.869120   0.045230
1866.212035   13.858740   0.044640
1866.221409   13.878460   0.046550
1866.230791   13.823820   0.043940
1866.240551   13.881830   0.045030
1866.250004   13.827750   0.045550
1866.259354   13.857100   0.046330
1867.193045   13.848310   0.030950
1867.202355   13.851710   0.032220
1867.211516   13.864930   0.033030
1867.220585   13.844540   0.033900
1867.230131   13.850310   0.034650
1867.239707   13.848220   0.034240
1867.249230   13.866600   0.033950
1867.258785   13.833700   0.035170
1867.268385   13.853130   0.035630
1867.277702   13.848650   0.037540
1867.287153   13.871210   0.036660
1867.296854   13.850840   0.039110
1867.306121   13.832710   0.038340
1867.315500   13.827790   0.038410
1867.325094   13.873900   0.042070
1867.334502   13.828760   0.041110
1867.344482   13.873830   0.044750
1867.354030   13.836020   0.044170
1867.363492   13.872170   0.053210
1867.372735   13.849000   0.044590
1867.382212   13.838160   0.047350
1867.391671   13.833280   0.053360
1867.401392   13.814060   0.050550
1867.410805   13.838570   0.049360
1867.420288   13.849730   0.061290
1867.429722   13.837670   0.066920
1867.439192   13.852490   0.055760
1867.448574   13.853830   0.063190
1867.456168   13.864020   0.056620
1867.463320   13.848800   0.059100
1867.469421   13.883520   0.060770
1867.473939   13.823310   0.048260
1867.478291   13.856280   0.045430
1867.481655   13.855750   0.047450
1867.484335   13.841300   0.051960
1867.486951   13.877250   0.050390
1867.488639   13.873690   0.054160
1867.490315   13.933420   0.057440
1867.492002   13.860570   0.051360
1867.493724   13.857390   0.049760
1868.197661   13.890430   0.058730
1868.207123   13.856890   0.059290
1868.216495   13.793970   0.079410
1868.225986   13.852520   0.072490
1868.235811   13.891460   0.086390
1868.245580   13.781380   0.080400
1868.255259   13.910940   0.078670
1868.264815   13.872510   0.079770
1868.274279   13.865240   0.088850
1868.283929   13.889940   0.083000
1868.293537   13.893000   0.128690
1868.303104   13.783820   0.122480
1868.312574   13.834660   0.125800
1868.322548   13.808810   0.096350
1868.332083   13.869190   0.095430
1868.341800   13.826210   0.100440
1868.351466   13.850390   0.122260
1868.360837   13.938070   0.121250
1868.370659   13.868810   0.110130
1868.380417   13.817870   0.113580
1868.390367   13.795440   0.109680
1868.399668   13.786480   0.101720
1868.409622   13.849820   0.114680
1868.418946   13.798330   0.079920
1868.428372   13.818240   0.110690
1868.437691   13.884740   0.117580
1868.446987   13.784050   0.103410
1868.454949   13.920900   0.126680
1868.461066   13.809460   0.112610
1868.467151   13.839770   0.115300
1868.471440   13.868410   0.128760
1868.475557   13.853710   0.080500
1868.479034   13.828540   0.077200
1868.484498   13.863280   0.111750
1868.486154   13.825480   0.129000
1868.487797   13.877300   0.110520
1868.489584   13.814090   0.129050
1868.491127   13.829680   0.081800
1870.219778   13.805450   0.037410
1870.229270   13.814930   0.039450
1870.238762   13.879390   0.043100
1870.248135   13.863900   0.040360
1870.257691   13.872230   0.045440
1870.267266   13.835940   0.044240
1870.276950   13.859320   0.043250
1870.286498   13.879110   0.045040
1870.295849   13.855410   0.042270
1870.305565   13.879790   0.046310
1870.315197   13.847050   0.053630
1870.325274   13.854030   0.052660
1870.335174   13.845210   0.050570
1870.344892   13.842570   0.052540
1870.354573   13.837650   0.061440
1870.364104   13.876340   0.083820
1870.373603   13.777700   0.079750
1870.383600   13.899010   0.095480
1870.393243   13.834360   0.109760
1870.421872   13.874350   0.073500
1870.440608   13.896290   0.119180
1870.448993   13.891490   0.111490
1870.456179   13.843920   0.105120
1870.461756   13.927340   0.128240
1870.466440   13.795410   0.068400
1870.470290   13.872650   0.129900
1871.136689   13.833750   0.048280
1871.146179   13.816340   0.043820
1871.155384   13.866830   0.043580
1871.164955   13.870000   0.049150
1871.174269   13.868640   0.047650
1871.183469   13.879540   0.052120
1871.192872   13.854720   0.047600
1871.202392   13.791240   0.048240
1871.211865   13.879610   0.063240
1871.221273   13.883370   0.059220
1871.230922   13.848990   0.052540
1871.240394   13.856640   0.048700
1871.250018   13.857330   0.052320
1871.259511   13.858770   0.052480
1871.269122   13.810960   0.052710
1871.278903   13.837500   0.050620
1871.288648   13.863330   0.057570
1871.298226   13.838740   0.055340
1871.307789   13.880870   0.059460
1871.317562   13.854850   0.059070
1871.327342   13.828030   0.059790
1871.337079   13.763450   0.067890
1871.346725   13.847070   0.068090
1871.356495   13.877830   0.068650
1871.366277   13.854480   0.076650
1871.375944   13.812710   0.074040
1871.385808   13.879260   0.086810
1871.395399   13.812630   0.090230
1871.404882   13.845540   0.096740
1871.414342   13.830620   0.091580
1871.423744   13.815090   0.093260
1871.433495   13.847860   0.093310
1871.442405   13.807190   0.091650
1871.449670   13.800940   0.091330
1871.455742   13.784820   0.092490
1871.461191   13.903160   0.105280
1871.465968   13.808190   0.096660
1871.469461   13.860270   0.099070
1871.472994   13.828920   0.097540
1871.476070   13.816850   0.091060
1871.477819   13.823170   0.093240
1871.479709   13.838390   0.095480
1871.481438   13.806280   0.091800
1871.550420   13.822580   0.106140
1871.559908   13.807310   0.107550
1871.569340   13.799960   0.112560
1871.578835   13.871280   0.118490
1871.588334   13.917480   0.129340
1872.324463   13.863690   0.055080
1872.334315   13.865840   0.057510
1872.344041   13.879960   0.055480
1872.353623   13.852880   0.057520
1872.363427   13.860080   0.053700
1872.373279   13.871870   0.053300
1872.383099   13.881000   0.054370
1872.392766   13.843220   0.052600
1872.402203   13.843140   0.054600
1872.412032   13.881330   0.056290
1872.421585   13.872110   0.057840
1872.431130   13.910880   0.064120
1872.439874   13.864560   0.064740
1872.447517   13.884000   0.058580
1872.454162   13.842410   0.067520
1872.459603   13.878200   0.075330
1872.463903   13.876210   0.076040
1872.467716   13.852460   0.067910
1872.470496   13.887290   0.074500
1872.473152   13.899680   0.072130
1872.474857   13.891600   0.075360
1872.476617   13.854820   0.079220
1872.478370   13.887180   0.073340
1872.480228   13.865690   0.070100
1872.541663   13.870390   0.093230
1872.550845   13.876340   0.093540
1872.560270   13.835160   0.097420
1872.569828   13.755510   0.099890
1872.579400   13.772860   0.106860
1872.588943   13.836040   0.115480
1872.598488   13.901410   0.136160
1873.229437   13.879330   0.059750
1873.238826   13.884590   0.063630
1873.248403   13.834810   0.054630
1873.258009   13.891630   0.060980
1873.267456   13.847230   0.063090
1873.276959   13.858270   0.060880
1873.286788   13.831160   0.066930
1873.296275   13.849470   0.068420
1873.305896   13.852190   0.075020
1873.315548   13.872340   0.076410
1873.325684   13.826080   0.078530
1873.335346   13.770470   0.083270
1873.344943   13.877870   0.085580
1873.354842   13.856180   0.079710
1873.364691   13.800950   0.085280
1873.374458   13.845900   0.083170
1873.383960   13.820660   0.078230
1873.393856   13.811460   0.079300
1873.403606   13.770600   0.081840
1873.413210   13.865240   0.098830
1873.422938   13.938930   0.099330
1873.432622   13.882590   0.084300
1873.441010   13.831480   0.082380
1873.447044   13.868440   0.080490
1873.453044   13.851810   0.076330
1873.457630   13.845780   0.074260
1873.462090   13.882630   0.084130
1873.465548   13.836690   0.083890
1873.468261   13.838640   0.083160
1873.470892   13.859760   0.084780
1873.472722   13.881290   0.087490
1873.474437   13.843720   0.085720
1873.476606   13.824420   0.115850
1874.032527   13.834770   0.039570
1874.041923   13.837210   0.042570
1874.051714   13.839010   0.041420
1874.061193   13.876350   0.041110
1874.070741   13.863820   0.045680
1874.080230   13.861630   0.044390
1874.089638   13.846870   0.041930
1874.098984   13.845940   0.045680
1874.108441   13.858660   0.045410
1874.117749   13.854680   0.047610
1874.127103   13.835370   0.046550
1874.136654   13.860330   0.048470
1874.145982   13.857740   0.048670
1874.155173   13.832180   0.050850
1874.164605   13.832390   0.054500
1874.174153   13.805330   0.069370
1874.183645   13.892680   0.094280
1874.193053   13.840000   0.116650
1874.202515   13.806350   0.116340
1874.212179   13.830480   0.123100
1874.222051   13.732530   0.109640
1876.992585   13.815600   0.044080
1877.002277   13.848750   0.044710
1877.012009   13.864570   0.047860
1877.021623   13.869630   0.045000
1877.031340   13.868630   0.053240
1877.041094   13.844960   0.047950
1877.050632   13.848410   0.044000
1877.060512   13.852690   0.044030
1877.070280   13.848200   0.047610
1877.080037   13.891840   0.048100
1877.089835   13.851390   0.044460
1877.099542   13.871870   0.047190
1877.109324   13.827200   0.058610
1877.119234   13.815730   0.059480
1877.128562   13.857940   0.052920
1877.137988   13.888820   0.050260
1877.147449   13.866270   0.065320
1877.157081   13.893100   0.057580
1877.166514   13.919600   0.058520
1877.175811   13.855660   0.052330
1877.185180   13.884870   0.059330
1877.194638   13.872110   0.052650
1877.204359   13.818500   0.050410
1877.213829   13.844870   0.049160
1877.223290   13.849460   0.053540
1877.232928   13.848300   0.051810
1877.242583   13.830480   0.057410
1877.252102   13.860470   0.061340
1877.261424   13.895000   0.060530
1877.271317   13.824700   0.053990
1877.280810   13.855430   0.049720
1877.290913   13.817610   0.058030
1877.300784   13.817810   0.066520
1877.310552   13.880650   0.056830
1877.320329   13.837760   0.064170
1877.330019   13.825610   0.056930
1877.339609   13.821800   0.047890
1877.349339   13.837300   0.058610
1877.359563   13.856730   0.051400
1877.369289   13.875310   0.058370
1877.379166   13.821770   0.055660
1877.389199   13.803190   0.064810
1877.398748   13.823120   0.070610
1877.408188   13.845580   0.067910
1877.417610   13.861450   0.067920
1877.426444   13.801710   0.054230
1877.433416   13.874760   0.067750
1877.439426   13.848550   0.069870
1877.444578   13.772730   0.069570
1877.449101   13.839550   0.058970
1877.452622   13.850260   0.074050
1877.456119   13.859020   0.061880
1877.458826   13.859540   0.062600
1877.460660   13.870440   0.061840
1877.462441   13.867250   0.064840
1877.464144   13.886320   0.062730
1877.465872   13.887240   0.068890
1877.528546   13.821350   0.070460
1877.538164   13.812110   0.083700
1877.547759   13.822040   0.085340
1877.557433   13.891650   0.092440
1877.566991   13.829730   0.092830
1877.956588   13.848280   0.076470
1877.966360   13.853750   0.064710
1877.975795   13.888390   0.050870
1877.985575   13.843910   0.042440
1877.995071   13.847930   0.040780
1878.004964   13.872640   0.040070
1878.014335   13.884380   0.044420
1878.023915   13.855160   0.035500
1878.033403   13.840460   0.040710
1878.042881   13.862630   0.038580
1878.052477   13.848460   0.043960
1878.062202   13.846910   0.044120
1878.072038   13.856890   0.043470
1878.081838   13.877110   0.046320
1878.091595   13.836510   0.041820
1878.101204   13.853440   0.044690
1878.111056   13.853860   0.045760
1878.120475   13.866950   0.046040
1878.129972   13.858770   0.050020
1878.139452   13.845300   0.057400
1878.148981   13.851510   0.102100
1878.158293   13.828240   0.091160
1878.167692   13.830590   0.050930
1878.177309   13.834200   0.046770
1878.186872   13.850490   0.060740
1878.196273   13.831370   0.060820
1878.206054   13.871120   0.076920
1878.215833   13.879380   0.079420
1878.225557   13.853900   0.081110
1878.235117   13.823640   0.060050
1878.244657   13.846370   0.066500
1878.254352   13.830970   0.074210
1878.263984   13.814120   0.079910
1878.273770   13.860240   0.085060
1878.283405   13.762830   0.084600
1878.293079   13.885180   0.084320
1878.302887   13.859140   0.108730
1878.312828   13.829290   0.111680
1878.322431   13.855800   0.104450
1878.332111   13.833640   0.110250
1878.342126   13.923650   0.078490
1878.351898   13.870150   0.089080
1878.361666   13.818480   0.083740
1878.371492   13.942370   0.094780
1878.381052   13.827400   0.100400
1878.390611   13.789970   0.072650
1878.400035   13.827200   0.091090
1878.409523   13.849230   0.086470
1878.419250   13.844780   0.097600
1878.427139   13.873890   0.098990
1878.434256   13.899260   0.085660
1878.439734   13.891680   0.099330
1878.444205   13.949700   0.081600
1878.448555   13.834500   0.078520
1878.452064   13.917580   0.103140
1878.454721   13.882300   0.097400
1878.457364   13.850110   0.096700
1878.459093   13.887970   0.098410
1878.460943   13.860520   0.101360
1878.463071   13.879700   0.139530
1878.523903   13.868760   0.101740
1878.533380   13.882270   0.106080
1878.542754   13.822510   0.101780
1878.552323   13.774930   0.105370
1878.561961   13.793860   0.116240
1878.896259   13.931930   0.118670
1878.907039   13.922640   0.108030
1878.917827   13.891000   0.103730
1878.928636   13.798260   0.097300
1878.939490   13.878180   0.089950
1878.950209   13.859580   0.069920
1878.960985   13.860730   0.067930
1878.971663   13.889110   0.061200
1878.982256   13.836050   0.059930
1878.992862   13.832100   0.057630
1879.003349   13.871280   0.064230
1879.014056   13.813120   0.057410
1879.024781   13.831120   0.064060
1879.035403   13.850350   0.073010
1879.046338   13.864930   0.070480
1879.056998   13.834950   0.070290
1879.067120   13.847080   0.071080
1879.077625   13.876980   0.074510
1879.087804   13.832240   0.072060
1879.097718   13.844590   0.088740
1879.108265   13.844890   0.092410
1879.118677   13.868460   0.102440
1879.128946   13.792060   0.080520
1879.138951   13.869940   0.092780
1879.148948   13.938720   0.114400
1879.158753   13.871380   0.111960
1879.168681   13.895940   0.112760
1879.178653   13.915950   0.123050
1879.188532   13.836740   0.117920
1879.198658   13.789820   0.114280
1879.208980   13.826200   0.121450
1879.219105   13.795030   0.117010
1879.229198   13.856520   0.121580
1879.239692   13.832640   0.119290
1879.249885   13.905500   0.123930
1879.259988   13.767370   0.114790
1879.270136   13.849080   0.108740
1879.279998   13.749100   0.083110
1879.290256   13.812060   0.109720
1879.300321   13.792230   0.106240
1879.310604   13.855820   0.111670
1879.321132   13.840550   0.108500
1879.331398   13.913900   0.118550
1879.341711   13.888280   0.114760
1879.352168   13.860090   0.116940
1879.362239   13.863230   0.109490
1879.372581   13.834370   0.116100
1879.383093   13.865260   0.066900
1879.393142   13.845190   0.122190
1879.403333   13.875420   0.123180
1879.413718   13.939850   0.132190
1879.422210   13.893630   0.134170
1879.430290   13.848870   0.133500
1879.436891   13.889180   0.108150
1879.441645   13.866030   0.071500
1879.445571   13.792580   0.133210
1879.449457   13.870780   0.109420
1879.454117   13.722810   0.106540
1879.457856   13.835550   0.111240
1879.904711   13.930080   0.107820
1879.914664   13.838550   0.087130
1879.924232   13.884680   0.069180
1879.933937   13.843390   0.056920
1879.943742   13.859160   0.049690
1879.953255   13.835760   0.044520
1879.962965   13.856710   0.041050
1879.972299   13.849770   0.041170
1879.982133   13.836540   0.043710
1879.991480   13.866530   0.047140
1880.001350   13.859490   0.047190
1880.010995   13.833940   0.054380
1880.020489   13.865630   0.053830
1880.030167   13.868360   0.054830
1880.040004   13.836030   0.054820
1880.050020   13.847420   0.054180
1880.059700   13.838130   0.051860
1880.069635   13.837900   0.054670
1880.079469   13.800280   0.057270
1880.089000   13.852100   0.057080
1880.098524   13.845240   0.061120
1880.108072   13.856560   0.067050
1880.117530   13.851640   0.055380
1880.127140   13.881980   0.057900
1880.200091   13.905520   0.068520
1880.209735   13.959010   0.075390
1880.219431   13.805920   0.067480
1880.229324   13.848620   0.057770
1880.238989   13.887780   0.061090
1880.248836   13.840510   0.057590
1880.258298   13.844420   0.060330
1880.267686   13.864470   0.064880
1880.277275   13.844800   0.068370
1880.286928   13.825600   0.078650
1880.306613   13.822830   0.064490
1880.369120   13.815190   0.062710
1880.967707   13.878600   0.070610
1880.977730   13.813430   0.072530
1880.987626   13.814810   0.055670
1880.997175   13.836800   0.053620
1881.007352   13.865890   0.052890
1881.017262   13.852530   0.060670
1881.027023   13.838730   0.061280
1881.036583   13.818530   0.056410
1881.046307   13.844820   0.063160
1881.055914   13.859970   0.070880
1881.065565   13.791810   0.066500
1881.075352   13.860100   0.072900
1881.085120   13.856000   0.067730
1881.094964   13.825420   0.063510
1881.104801   13.852850   0.056100
1881.114937   13.927180   0.082990
1881.124474   13.814020   0.066870
1881.134326   13.922030   0.075640
1881.143810   13.828230   0.051500
1881.153419   13.793150   0.069820
1881.163015   13.900940   0.063490
1881.171357   13.877820   0.052430
1881.180981   13.854350   0.058420
1881.190627   13.836590   0.045670
1881.200550   13.859300   0.051340
1881.210473   13.817780   0.058300
1881.220305   13.864090   0.059010
1881.230199   13.851700   0.058460
1881.239668   13.857150   0.063720
1881.249328   13.829180   0.060050
1881.258917   13.873700   0.060800
1881.268352   13.873670   0.067250
1881.278189   13.834190   0.058430
1881.288137   13.854230   0.064690
1881.297680   13.846830   0.067450
1881.307337   13.889020   0.066390
1881.317394   13.838040   0.069470
1881.327336   13.875490   0.072400
1881.337373   13.832910   0.067680
1881.347129   13.894060   0.075800
1881.357110   13.860460   0.070350
1881.366722   13.847670   0.073590
1881.376276   13.845680   0.074200
1881.386104   13.851100   0.084780
1881.395996   13.892310   0.087370
1881.405772   13.835010   0.077060
1881.414838   13.822340   0.088680
1881.422098   13.856350   0.085570
1881.428287   13.842860   0.088850
1881.433496   13.839820   0.083560
1881.437835   13.864360   0.091270
1881.441542   13.840390   0.093820
1881.445078   13.752180   0.096400
1881.447777   13.875900   0.091370
1881.449541   13.853600   0.093400
1881.451276   13.886300   0.094630
1881.453055   13.816010   0.095930
1881.455245   13.809610   0.135790
1881.512259   13.824430   0.097570
1881.522032   13.848720   0.105820
1881.531584   13.870830   0.111060
1881.541053   13.919490   0.111280
1881.550943   13.826490   0.107720
1881.560601   13.790650   0.114790
1881.570473   13.877930   0.109530
1881.580253   13.845930   0.121260
1881.589860   13.836850   0.113450
1881.599577   13.839590   0.129220
1881.609472   13.887170   0.119500
1881.619038   13.835500   0.108730
1881.855252   13.810580   0.122260
1881.864967   13.878810   0.116190
1881.874874   13.839410   0.096770
1881.884546   13.757680   0.085900
1881.894462   13.780990   0.071500
1881.904494   13.885780   0.066140
1881.914271   13.864990   0.061270
1881.923884   13.871400   0.059760
1881.933466   13.824920   0.057340
1881.943231   13.796270   0.061170
1881.952875   13.864050   0.081860
1881.962633   13.926860   0.094350
1881.972149   13.831790   0.092330
1881.982098   13.864350   0.099180
1881.992169   13.827250   0.117080
1882.001889   13.793750   0.123080
1882.011518   13.840110   0.102750
1882.021627   13.836840   0.107320
1882.031644   13.802950   0.118250
1882.041324   13.923320   0.117130
1882.051198   13.823880   0.105900
1882.060871   13.782560   0.105930
1882.080330   13.872150   0.086950
1882.121972   13.880630   0.124830
1882.131558   13.799940   0.095490
1882.150540   13.857550   0.102730
1882.160119   13.860610   0.102890
1882.169652   13.861070   0.113140
1882.179008   13.865310   0.111390
1882.188466   13.819480   0.117790
1882.197909   13.875100   0.074400
1883.093660   13.869480   0.077620
1883.112818   13.917760   0.086670
1883.122237   13.891180   0.102260
1883.131900   13.831730   0.081100
1883.141295   13.819210   0.092400
1883.150882   13.838040   0.095140
1883.160374   13.859540   0.103300
1883.169871   13.858750   0.112320
1883.179271   13.811670   0.083660
1883.188727   13.809020   0.086560
1883.198404   13.883250   0.101740
1883.207904   13.888400   0.106190
1883.217549   13.831570   0.108370
1883.226897   13.812750   0.106180
1883.236210   13.900740   0.113110
1883.245790   13.852060   0.108270
1883.255334   13.786880   0.108740
1883.265175   13.863230   0.108290
1883.274780   13.831550   0.114090
1883.304151   13.616090   0.067800
1883.333361   13.885670   0.101840
1883.343435   13.781310   0.067800
1883.353701   13.770560   0.071600
1883.363493   13.894110   0.121190
1883.373027   13.863920   0.101900
1883.382656   13.838310   0.100830
1883.392515   13.956510   0.110320
1883.402040   13.842920   0.126170
1883.409985   13.798410   0.101000
1883.417332   13.928660   0.077600
1883.423753   13.855360   0.107040
1883.428949   13.751660   0.071400
1883.436659   13.824270   0.070900
1883.446707   13.826200   0.124310
1883.448508   13.814620   0.124660
1883.516946   13.869090   0.105080
1883.593915   13.837190   0.077700
1884.099534   13.861300   0.040000
1884.109140   13.828170   0.038250
1884.118686   13.828620   0.048920
1884.128292   13.889920   0.065140
1884.137551   13.825280   0.041480
1884.147279   13.838880   0.047360
1884.156774   13.863000   0.054300
1884.166197   13.864970   0.063750
1884.175960   13.865440   0.060440
1884.185414   13.817950   0.056230
1884.194977   13.834020   0.043650
1884.204574   13.823910   0.052040
1884.214174   13.828540   0.044950
1884.223839   13.834050   0.051820
1884.233272   13.857200   0.076600
1884.242628   13.885750   0.042360
1884.252195   13.835830   0.039210
1884.261682   13.845610   0.041210
1884.271201   13.826430   0.041670
1884.280876   13.799680   0.043540
1884.290846   13.843620   0.049280
1884.300573   13.859680   0.057780
1884.310420   13.828850   0.081890
1884.320206   13.849930   0.048770
1884.330156   13.855860   0.053650
1884.340081   13.807180   0.063590
1884.350052   13.859640   0.062670
1884.360119   13.823810   0.051860
1884.370060   13.807450   0.052310
1884.379738   13.854080   0.058540
1884.389528   13.823410   0.042990
1884.399065   13.848900   0.047760
1884.406881   13.810480   0.058350
1884.413865   13.858830   0.066480
1884.420368   13.896700   0.074590
1884.425635   13.858040   0.052670
1884.430150   13.838540   0.042960
1884.433678   13.848220   0.049540
1884.437202   13.836400   0.050670
1884.439908   13.865030   0.051730
1884.441669   13.822940   0.051700
1884.443407   13.880780   0.052390
1884.445186   13.833500   0.049950
1884.446926   13.821680   0.068910
1884.503638   13.858870   0.046330
1884.513187   13.909220   0.058360
1884.522993   13.836160   0.045120
1884.532900   13.860460   0.040500
1884.542819   13.879170   0.050530
1884.552706   13.817720   0.060730
1884.562458   13.818440   0.036260
1884.572213   13.834340   0.047110
1884.581820   13.845920   0.040020
1884.591479   13.828120   0.051460
1884.600983   13.832790   0.043580
1884.610820   13.837800   0.043260
1884.886961   13.816660   0.107870
1884.896459   13.818490   0.112140
1884.906042   13.882590   0.111400
1884.925737   13.840180   0.095540
1884.945448   13.870990   0.109490
1884.954798   13.893460   0.094440
1884.964329   13.771010   0.111410
1884.974382   13.960260   0.072100
1884.983699   13.845030   0.069400
1884.993441   13.812020   0.112800
1885.003341   13.793090   0.107200
1885.013229   13.970720   0.074300
1885.022911   13.984490   0.131120
1885.032349   13.825460   0.079200
1885.278794   13.869630   0.100500
1885.298475   13.855190   0.105960
1885.308250   13.885680   0.111230
1885.318087   13.741550   0.110350
1885.328301   13.896320   0.102640
1885.590133   13.793660   0.063500
1886.072366   13.820070   0.035100
1886.082057   13.852180   0.039460
1886.091456   13.831210   0.038690
1886.101064   13.840060   0.042360
1886.110701   13.822140   0.039440
1886.120214   13.857920   0.041710
1886.129544   13.844160   0.041240
1886.138882   13.881150   0.043130
1886.148233   13.836340   0.042050
1886.157943   13.850600   0.043850
1886.167550   13.859040   0.049930
1886.177101   13.817120   0.047640
1886.186997   13.855920   0.052990
1886.196609   13.871380   0.057080
1886.206153   13.815950   0.065420
1886.215757   13.803440   0.067090
1886.225422   13.824320   0.091770
1886.234829   13.844760   0.097800
1886.244630   13.811260   0.093580
1886.254426   13.840040   0.064080
1886.263771   13.822170   0.054290
1886.273578   13.825790   0.096010
1886.283270   13.829450   0.053790
1886.293134   13.849930   0.059690
1886.303115   13.876930   0.066040
1886.312914   13.832680   0.060510
1886.322818   13.831400   0.064260
1886.332859   13.825150   0.061440
1886.342543   13.853450   0.057540
1886.352534   13.825400   0.059450
1886.362281   13.847850   0.065790
1886.372003   13.876540   0.070620
1886.381496   13.869970   0.067680
1886.391198   13.900050   0.074150
1886.399994   13.879860   0.078550
1886.408171   13.826800   0.082620
1886.414363   13.876320   0.101380
1886.419581   13.803420   0.097350
1886.423873   13.882310   0.091720
1886.427459   13.857560   0.089790
1886.431086   13.888300   0.086350
1886.433748   13.867470   0.101630
1886.435540   13.881760   0.109580
1886.437293   13.881710   0.097690
1886.439058   13.855760   0.099280
1886.440921   13.851160   0.123470
