1863.169882   14.837070   0.121030
1863.179028   14.687680   0.123960
1863.188111   14.705150   0.075700
1863.197416   14.777190   0.076100
1863.206530   14.851140   0.109330
1863.251975   14.680710   0.103830
1863.260825   14.850050   0.077200
1863.288188   14.760790   0.077700
1863.297662   14.829600   0.104390
1863.315898   14.620110   0.074400
1863.325261   14.577640   0.072600
1863.344569   14.598620   0.068300
1863.363587   14.757210   0.102820
1863.372640   14.681330   0.114310
1863.381795   14.776930   0.122060
1863.391577   14.695910   0.122880
1863.400671   14.729940   0.104520
1863.410310   14.844760   0.075400
1864.122118   14.745450   0.097310
1864.131139   14.716910   0.097920
1864.140349   14.726740   0.116570
1864.149328   14.794000   0.118800
1864.158727   14.772200   0.109450
1864.168077   14.776050   0.106920
1864.177365   14.756540   0.105660
1864.186471   14.708390   0.106060
1864.195786   14.775270   0.106650
1864.204761   14.834040   0.121440
1864.213956   14.851870   0.117300
1864.223275   14.811530   0.114060
1864.232312   14.778160   0.109380
1864.241734   14.818290   0.131980
1864.250994   14.830510   0.116410
1864.260215   14.913360   0.109400
1864.269452   14.814910   0.108150
1864.278712   14.808530   0.137030
1864.297228   14.843750   0.137070
1864.306786   14.786090   0.129980
1864.325240   14.718150   0.104370
1864.334906   14.846060   0.105580
1865.180915   14.878210   0.114160
1865.189934   14.741300   0.081630
1865.199137   14.887480   0.113810
1865.208040   14.744340   0.085710
1865.217207   14.852640   0.129650
1865.226382   14.791470   0.118140
1865.235932   14.763260   0.124070
1865.245886   14.744490   0.122870
1865.255783   14.772900   0.090660
1865.285892   14.699310   0.095180
1865.295973   14.641190   0.069800
1865.306185   14.752270   0.074000
1866.165339   14.710980   0.083980
1866.174723   14.704550   0.089370
1866.184057   14.768300   0.092480
1866.193410   14.821580   0.093370
1866.202706   14.795580   0.100710
1866.212111   14.793940   0.082520
1866.221409   14.796890   0.103750
1866.230791   14.763050   0.099330
1866.240551   14.761170   0.095350
1866.250004   14.764560   0.093240
1866.259354   14.798800   0.097100
1867.193045   14.712090   0.062870
1867.202355   14.715930   0.069020
1867.211516   14.772140   0.064610
1867.220585   14.790090   0.078210
1867.230131   14.733780   0.079320
1867.239707   14.735910   0.074610
1867.249230   14.774310   0.075250
1867.258785   14.751730   0.076510
1867.268385   14.724440   0.078460
1867.277702   14.715010   0.079850
1867.287153   14.777060   0.081870
1867.296854   14.710130   0.081890
1867.306121   14.774020   0.081140
1867.315500   14.745110   0.083230
1867.325094   14.726270   0.084970
1867.334502   14.778640   0.092910
1867.344482   14.760440   0.090830
1867.354030   14.832480   0.097830
1867.363492   14.808140   0.108740
1867.372735   14.805970   0.101520
1867.382212   14.793050   0.102220
1867.391671   14.749040   0.107370
1867.401392   14.745000   0.104510
1867.410805   14.773620   0.100380
1867.420288   14.743140   0.094690
1867.429645   14.788920   0.099920
1867.439192   14.728750   0.124250
1867.448497   14.719470   0.100710
1867.456168   14.808920   0.122990
1867.463320   14.761520   0.118160
1867.469345   14.791740   0.102750
1867.473939   14.825440   0.101350
1867.478291   14.754840   0.098850
1867.481655   14.725110   0.100390
1867.484335   14.882030   0.115160
1867.486951   14.760980   0.101400
1867.488639   14.756450   0.108850
1867.490315   14.786970   0.112110
1867.492002   14.821800   0.114740
1867.493724   14.822750   0.108540
1868.197584   14.743010   0.096450
1868.207123   14.753660   0.120910
1870.219778   14.794560   0.082190
1870.229270   14.785240   0.076000
1870.238762   14.765930   0.097770
1870.248135   14.789510   0.091590
1870.257691   14.721550   0.097870
1870.267266   14.769370   0.100520
1870.276950   14.784350   0.100270
1870.286498   14.712380   0.102200
1870.295849   14.772880   0.093350
1870.305565   14.743500   0.098720
1870.315197   14.771560   0.112330
1870.325274   14.792000   0.112850
1870.335174   14.760140   0.105950
1870.344892   14.742630   0.116780
1870.354573   14.780510   0.129170
1871.136689   14.830210   0.106080
1871.146179   14.848170   0.095050
1871.155384   14.833730   0.098960
1871.164955   14.789390   0.104840
1871.174269   14.773690   0.102490
1871.183469   14.760570   0.108040
1871.192872   14.789550   0.103550
1871.202392   14.696390   0.104280
1871.211865   14.626830   0.088040
1871.221273   14.541280   0.061400
1871.230922   14.745520   0.114050
1871.240394   14.778100   0.109680
1871.250018   14.773600   0.112880
1871.259511   14.813060   0.108720
1871.269122   14.825430   0.113710
1871.278903   14.675750   0.107760
1871.288648   14.702790   0.110100
1871.298226   14.831420   0.117910
1871.307789   14.783010   0.118650
1871.317562   14.710820   0.094970
1871.327342   14.705940   0.117150
1871.356571   14.851720   0.105710
1872.324463   14.814950   0.111380
1872.334315   14.781140   0.116000
1872.344041   14.750840   0.113880
1872.353623   14.757510   0.112860
1872.363427   14.755400   0.109960
1872.373279   14.776390   0.104680
1872.383099   14.782520   0.112240
1872.392766   14.774420   0.108300
1872.402203   14.723900   0.112500
1872.412032   14.761410   0.114130
1872.421585   14.769770   0.115720
1872.430977   14.909770   0.074100
1872.440027   14.816900   0.074700
1872.447517   14.844750   0.103890
1872.454162   14.759880   0.124730
1872.464056   14.699870   0.079700
1872.467716   14.712980   0.127200
1872.470496   14.748350   0.104880
1872.478217   14.627370   0.076600
1873.229437   14.741370   0.113740
1873.258009   14.772170   0.127190
1873.267380   14.761630   0.107740
1873.296428   14.733560   0.073300
1874.032527   14.697580   0.084210
1874.042076   14.706180   0.051200
1874.051714   14.731940   0.071500
1874.061193   14.783580   0.091950
1874.070741   14.725270   0.095370
1874.080230   14.700020   0.088640
1874.089638   14.697570   0.090440
1874.098984   14.739410   0.092640
1874.108441   14.774600   0.091620
1874.117749   14.740170   0.097620
1874.127103   14.673570   0.056000
1874.136654   14.756540   0.096900
1874.145982   14.733100   0.100140
1874.155173   14.808350   0.111470
1874.164605   14.788490   0.117970
1874.174076   14.722080   0.102180
1876.992585   14.702520   0.088830
1877.002277   14.794530   0.094550
1877.012009   14.831450   0.102310
1877.031340   14.817890   0.108760
1877.041094   14.830560   0.107930
1877.050632   14.768090   0.088330
1877.060512   14.848670   0.098170
1877.070280   14.739770   0.098420
1877.089835   14.796820   0.095630
1877.099542   14.764110   0.101050
1877.128562   14.823060   0.109530
1877.137988   14.856580   0.109630
1877.166514   14.798260   0.109040
1877.175811   14.752790   0.105680
1877.185027   14.831280   0.065100
1877.194638   14.812220   0.114280
1877.204359   14.811530   0.111900
1877.213829   14.773790   0.105910
1877.223290   14.771740   0.111100
1877.232928   14.794420   0.107910
1877.242583   14.774490   0.112240
1877.251949   14.820020   0.066400
1877.261424   14.716970   0.107810
1877.271317   14.818180   0.112380
1877.280810   14.743940   0.097240
1877.290913   14.693610   0.109340
1877.310552   14.820240   0.114240
1877.330019   14.782710   0.113570
1877.339609   14.848540   0.109940
1877.349339   14.828020   0.118270
1877.359563   14.742430   0.101000
1877.369289   14.749050   0.111870
1877.379166   14.846400   0.117220
1877.408341   14.679050   0.062300
1877.426444   14.761490   0.114930
1877.433416   14.719420   0.120440
1877.444425   14.722280   0.067200
1877.449101   14.780060   0.118100
1877.456119   14.811650   0.125750
1877.458826   14.802620   0.119530
1877.460660   14.788370   0.126230
1877.462441   14.734760   0.120440
1877.464144   14.783470   0.126140
1877.465796   14.748880   0.104520
1877.966360   14.724440   0.097430
1877.975795   14.730100   0.097010
1877.985575   14.787650   0.092140
1877.995071   14.733080   0.087300
1878.004964   14.812570   0.086570
1878.014335   14.784070   0.093490
1878.023915   14.704990   0.077010
1878.033403   14.765310   0.083600
1878.042881   14.747320   0.079530
1878.052477   14.762440   0.091430
1878.062202   14.844150   0.095950
1878.072038   14.836540   0.092790
1878.081838   14.767760   0.097080
1878.091595   14.703500   0.087350
1878.101204   14.770300   0.086640
1878.111056   14.823150   0.092700
1878.120475   14.687720   0.096810
1878.129972   14.787350   0.103820
1878.139452   14.762700   0.111230
1878.167692   14.800130   0.108040
1878.177309   14.795090   0.102240
1878.186872   14.742400   0.124160
1878.196273   14.829880   0.126120
1878.235040   14.733650   0.107480
1878.244733   14.786110   0.099500
1878.254506   14.775130   0.078500
1878.950362   14.702490   0.075400
1878.960908   14.756300   0.102770
1878.971663   14.742760   0.119570
1878.982180   14.808600   0.103540
1878.992939   14.843950   0.097090
1879.003349   14.724230   0.123800
1879.014056   14.764710   0.127030
1879.024781   14.755570   0.124430
1879.035250   14.621630   0.073700
1879.046338   14.715960   0.107620
1879.087957   14.730150   0.078800
1879.933937   14.749170   0.094720
1879.943742   14.795790   0.107650
1879.953255   14.757920   0.097270
1879.963042   14.767310   0.072830
1879.972299   14.739690   0.088100
1879.982133   14.719710   0.089580
1879.991633   14.831870   0.060200
1880.001274   14.704380   0.081210
1880.010995   14.792270   0.109640
1880.020565   14.861130   0.090770
1880.030167   14.800550   0.109560
1880.040004   14.795780   0.104440
1880.050020   14.843700   0.112260
1880.059700   14.810040   0.113720
1880.069635   14.755980   0.109890
1880.079469   14.859390   0.093060
1880.089000   14.724780   0.109650
1880.117530   14.766890   0.118180
1880.127140   14.795460   0.097190
1880.238989   14.783100   0.125160
1880.248836   14.828060   0.123620
1880.258298   14.762650   0.120370
1880.267839   14.713040   0.069000
1880.987626   14.820400   0.111760
1880.997175   14.731990   0.106620
1881.007352   14.767930   0.108790
1881.017262   14.699310   0.108890
1881.027023   14.707510   0.113380
1881.036583   14.782300   0.115300
1881.046307   14.757630   0.114300
1881.065411   14.748810   0.070900
1881.085120   14.714860   0.064800
1881.094964   14.745870   0.069200
1881.104801   14.768390   0.110840
1881.143810   14.792770   0.109700
1881.163015   14.727270   0.122090
1881.171357   14.779760   0.108580
1881.180981   14.805860   0.121610
1881.190627   14.766950   0.098670
1881.200550   14.774020   0.106790
1881.210473   14.736040   0.115440
1881.220305   14.775080   0.123380
1881.230199   14.808020   0.121860
1881.239668   14.816550   0.105150
1881.249328   14.752140   0.118950
1881.258917   14.753010   0.122180
1881.268352   14.812510   0.102820
1881.278189   14.775350   0.126350
1881.288137   14.737220   0.124840
1881.297680   14.771750   0.128190
1881.307337   14.731220   0.076700
1881.317547   14.764870   0.074700
1881.347129   14.677860   0.129120
1881.904341   14.712950   0.071500
1881.914348   14.835200   0.105590
1881.923731   14.801200   0.072000
1881.933466   14.801560   0.098990
1881.943384   14.723840   0.069000
1884.099534   14.811680   0.089310
1884.109140   14.799880   0.088880
1884.118686   14.818110   0.102710
1884.137551   14.749230   0.094160
1884.156774   14.777850   0.112620
1884.175960   14.808770   0.122060
1884.185491   14.728730   0.085520
1884.194977   14.746620   0.100660
1884.204574   14.813330   0.107950
1884.214174   14.762370   0.093980
1884.223839   14.795380   0.099310
1884.242628   14.799540   0.094190
1884.252195   14.765700   0.093200
1884.261682   14.728860   0.088970
1884.271201   14.670310   0.088110
1884.280876   14.714610   0.095470
1884.290846   14.760100   0.101060
1884.300573   14.693820   0.111540
1884.320206   14.749500   0.104330
1884.330156   14.733790   0.110580
1884.350052   14.713050   0.124430
1884.360119   14.731510   0.109060
1884.370060   14.773090   0.110990
1884.379738   14.723080   0.116020
1884.389528   14.731060   0.094010
1884.399065   14.733530   0.099670
1884.406881   14.763900   0.109550
1884.413865   14.749230   0.123850
1884.425635   14.755030   0.107470
1884.430150   14.746470   0.095240
1884.433678   14.749260   0.105010
1884.437202   14.743320   0.108470
1884.439908   14.791050   0.112500
1884.441669   14.769740   0.110000
1884.443407   14.708460   0.106490
1884.445186   14.735170   0.102190
1884.447079   14.884150   0.065000
1884.503638   14.823790   0.100280
1884.513111   14.691640   0.084200
1884.522993   14.778040   0.098790
1884.532900   14.720290   0.085220
1884.542819   14.811630   0.112030
1884.552782   14.720910   0.054100
1884.562458   14.761670   0.075860
1884.572213   14.759000   0.101420
1884.581820   14.813320   0.084870
1884.591479   14.864630   0.116120
1884.600983   14.810940   0.098080
1884.610820   14.761510   0.091510
1886.072366   14.698830   0.078190
1886.082057   14.720670   0.085730
1886.091456   14.750040   0.090020
1886.101064   14.790820   0.092690
1886.110701   14.746370   0.086950
1886.120214   14.774150   0.086870
1886.129544   14.769640   0.097970
1886.138882   14.768320   0.097230
1886.148233   14.799910   0.096330
1886.157943   14.737370   0.095760
1886.167550   14.701490   0.110940
1886.186997   14.706810   0.109760
1886.196609   14.863830   0.125820
1886.206230   14.800410   0.104860
1886.254427   14.750710   0.101610
1886.263771   14.716700   0.111580
1886.293134   14.748410   0.115360
1886.303115   14.840630   0.105900
1886.312914   14.692680   0.115170
1886.322895   14.844370   0.102340
1886.332858   14.764560   0.100930
1886.342543   14.782740   0.117380
1886.352611   14.698360   0.098930
1886.362204   14.771930   0.100590
1886.371850   14.737390   0.069900
1886.381496   14.848940   0.075500
