1863.169882   13.353280   0.039430
1863.179028   13.347740   0.044400
1863.188111   13.333400   0.053130
1863.197263   13.333510   0.047190
1863.206453   13.329080   0.043480
1863.215516   13.336980   0.056700
1863.224486   13.353640   0.052210
1863.233708   13.354560   0.054300
1863.243026   13.368300   0.056530
1863.252052   13.328840   0.050450
1863.260978   13.338300   0.050220
1863.270074   13.359360   0.054500
1863.279229   13.319000   0.050050
1863.288341   13.346350   0.048280
1863.297662   13.321170   0.042670
1863.306748   13.342090   0.052630
1863.315898   13.306740   0.052790
1863.325261   13.349590   0.050040
1863.334632   13.363780   0.056200
1863.344416   13.318210   0.050770
1863.353962   13.330400   0.050200
1863.363511   13.342140   0.045590
1863.372640   13.346980   0.041690
1863.381795   13.348130   0.041240
1863.391577   13.342000   0.042220
1863.400670   13.333410   0.045110
1863.410157   13.350250   0.049420
1863.419415   13.305920   0.049890
1863.428728   13.327750   0.052280
1863.438171   13.294350   0.053780
1863.447725   13.327670   0.059700
1863.457038   13.320990   0.068480
1863.464667   13.363830   0.078960
1863.471563   13.353830   0.084180
1863.477686   13.347500   0.079090
1863.482900   13.351100   0.084830
1863.487037   13.335740   0.084760
1863.490505   13.322770   0.085050
1863.494064   13.350420   0.081780
1863.496621   13.346320   0.081600
1863.498272   13.297340   0.080780
1863.500087   13.317630   0.083320
1863.501889   13.331150   0.084260
1863.503937   13.329980   0.124450
1864.122118   13.363860   0.033030
1864.131216   13.372550   0.043520
1864.140349   13.377280   0.037760
1864.149328   13.368520   0.039110
1864.158727   13.372370   0.036320
1864.168077   13.392860   0.046980
1864.177441   13.361440   0.044200
1864.186471   13.366850   0.034590
1864.195786   13.377980   0.046780
1864.204761   13.392640   0.040240
1864.213956   13.387220   0.038520
1864.223275   13.404180   0.036780
1864.232312   13.391550   0.042730
1864.241734   13.377270   0.043310
1864.250994   13.350810   0.037590
1864.260292   13.361450   0.043950
1864.269452   13.340740   0.039550
1864.278712   13.344120   0.044920
1864.288040   13.306790   0.047930
1864.297228   13.322400   0.042570
1864.306786   13.315770   0.047520
1864.315982   13.364070   0.046430
1864.325240   13.381960   0.045880
1864.334830   13.351100   0.043480
1864.344223   13.361480   0.059460
1864.353629   13.337530   0.059710
1864.362884   13.343430   0.068180
1864.372284   13.362040   0.078410
1864.381718   13.333070   0.068780
1864.391386   13.299970   0.059450
1864.401175   13.352950   0.072250
1864.410777   13.300100   0.065930
1864.420158   13.342750   0.064060
1864.429378   13.279350   0.070690
1864.438639   13.341960   0.088000
1864.448098   13.330270   0.095980
1864.457409   13.340090   0.103000
1864.465120   13.322990   0.095350
1864.472313   13.345450   0.111830
1864.477494   13.369600   0.098030
1865.081649   13.339350   0.055690
1865.090914   13.327330   0.054230
1865.103000   13.325570   0.051460
1865.112265   13.352890   0.047620
1865.121493   13.291790   0.061190
1865.180915   13.338590   0.034380
1865.189934   13.337090   0.026790
1865.199137   13.349060   0.034070
1865.208040   13.352820   0.026680
1865.217207   13.331650   0.040020
1865.226382   13.357630   0.038290
1865.235932   13.291150   0.043520
1865.245886   13.378150   0.043500
1865.255783   13.351190   0.045620
1865.265750   13.398860   0.060510
1865.275774   13.347770   0.052430
1865.285892   13.362130   0.043080
1865.295973   13.369630   0.049930
1865.306185   13.329700   0.047980
1865.316145   13.346530   0.046230
1865.326150   13.337270   0.050200
1865.336276   13.327430   0.063900
1865.346577   13.372720   0.054850
1865.356675   13.322880   0.051080
1865.366659   13.339950   0.060800
1865.376904   13.341760   0.058480
1865.387088   13.364210   0.055160
1865.397153   13.349800   0.064100
1865.407149   13.376480   0.061500
1865.417333   13.341160   0.054040
1865.427630   13.333740   0.058800
1865.437669   13.342620   0.059280
1865.448171   13.379590   0.071280
1865.457324   13.391330   0.080660
1865.465615   13.283190   0.086610
1865.471988   13.316390   0.101450
1865.477591   13.333320   0.114430
1865.482335   13.397230   0.106430
1865.486159   13.273430   0.115840
1865.489785   13.353990   0.102340
1865.492667   13.414140   0.102930
1865.494427   13.340240   0.098430
1865.496283   13.353780   0.090460
1865.498551   13.309100   0.149960
1866.165339   13.345080   0.029560
1866.174723   13.341130   0.029960
1866.184057   13.342310   0.030320
1866.193410   13.345890   0.032430
1866.202706   13.350610   0.032270
1866.212035   13.337990   0.033100
1866.221409   13.358870   0.033380
1866.230791   13.336950   0.032560
1866.240551   13.340540   0.032100
1866.250004   13.357970   0.032800
1866.259354   13.337880   0.033140
1867.193045   13.328500   0.021710
1867.202355   13.341510   0.022860
1867.211516   13.346750   0.023040
1867.220585   13.335890   0.024480
1867.230131   13.341430   0.025400
1867.239707   13.335550   0.024420
1867.249230   13.344670   0.024140
1867.258785   13.343090   0.024420
1867.268385   13.346710   0.025170
1867.277702   13.330850   0.026340
1867.287153   13.355320   0.026390
1867.296854   13.329430   0.026680
1867.306121   13.330230   0.027540
1867.315500   13.340180   0.027710
1867.325094   13.345030   0.028060
1867.334502   13.335440   0.029040
1867.344482   13.359560   0.031240
1867.354030   13.328770   0.029510
1867.363492   13.335710   0.035540
1867.372735   13.334080   0.033610
1867.382212   13.357860   0.033080
1867.391671   13.335130   0.037240
1867.401392   13.332750   0.035250
1867.410805   13.350230   0.034100
1867.420288   13.293790   0.041710
1867.429722   13.285110   0.044400
1867.439192   13.343410   0.044420
1867.448574   13.330380   0.047610
1867.456168   13.331500   0.040490
1867.463320   13.321440   0.041020
1867.469421   13.348650   0.042080
1867.473939   13.315370   0.033200
1867.478291   13.339190   0.031350
1867.481655   13.320520   0.031880
1867.484335   13.343120   0.033780
1867.486951   13.350670   0.035970
1867.488639   13.362090   0.036030
1867.490315   13.359910   0.037660
1867.492002   13.355870   0.035220
1867.493724   13.335770   0.034070
1868.197661   13.337200   0.041500
1868.207123   13.324430   0.041630
1868.216495   13.334800   0.055050
1868.225986   13.346630   0.048520
1868.235811   13.344660   0.058840
1868.245580   13.301530   0.050470
1868.255259   13.313430   0.054250
1868.264815   13.333180   0.059000
1868.274279   13.355750   0.063570
1868.283929   13.321130   0.055970
1868.293537   13.397920   0.084970
1868.303104   13.368290   0.098270
1868.312574   13.369050   0.083930
1868.322548   13.412480   0.065900
1868.332083   13.343280   0.058900
1868.341800   13.386740   0.065030
1868.351466   13.368370   0.084020
1868.360837   13.397450   0.083200
1868.370659   13.364290   0.075440
1868.380417   13.391900   0.084880
1868.390367   13.328580   0.078290
1868.399668   13.377950   0.073060
1868.409622   13.390150   0.087260
1868.419023   13.333360   0.080700
1868.428372   13.371230   0.077690
1868.437691   13.354990   0.085560
1868.446987   13.311070   0.075250
1868.454949   13.361310   0.082080
1868.461066   13.374120   0.083750
1868.467151   13.326900   0.079080
1868.471440   13.361310   0.089460
1868.475710   13.335000   0.102670
1868.479187   13.326690   0.107390
1868.481793   13.273410   0.097520
1868.484421   13.347550   0.096200
1868.486154   13.302330   0.091790
1868.487874   13.360220   0.090860
1868.489584   13.356610   0.103880
1868.491280   13.415180   0.111240
1869.239644   13.381960   0.121010
1869.249027   13.463130   0.130600
1869.258676   13.334960   0.074100
1870.219778   13.338330   0.027020
1870.229270   13.335910   0.027370
1870.238762   13.320320   0.029790
1870.248135   13.334210   0.028870
1870.257691   13.348810   0.032790
1870.267266   13.333750   0.031010
1870.276950   13.307280   0.031180
1870.286498   13.335830   0.032690
1870.295849   13.352090   0.030720
1870.305565   13.357080   0.032100
1870.315197   13.351980   0.035910
1870.325274   13.324060   0.037020
1870.335174   13.332500   0.033720
1870.344892   13.310490   0.036220
1870.354573   13.328730   0.044190
1870.364104   13.347010   0.059310
1870.373603   13.341920   0.052330
1870.383600   13.359950   0.061640
1870.393243   13.351440   0.079440
1870.402820   13.348790   0.110010
1870.412418   13.278200   0.097300
1870.421719   13.301930   0.100210
1870.431056   13.347870   0.103610
1870.440608   13.365760   0.088860
1870.448993   13.356410   0.078840
1870.456179   13.338860   0.071620
1870.461756   13.306860   0.086560
1870.466593   13.390260   0.108800
1870.470290   13.366800   0.091940
1870.474034   13.371170   0.106230
1870.476825   13.305110   0.115850
1870.478569   13.346830   0.115370
1870.480341   13.421750   0.106960
1870.482097   13.314670   0.107050
1870.483838   13.333530   0.112410
1870.485602   13.377840   0.106070
1871.136689   13.335600   0.033590
1871.146179   13.321240   0.031070
1871.155384   13.338210   0.031120
1871.164955   13.344160   0.035290
1871.174269   13.336640   0.034130
1871.183469   13.335760   0.037000
1871.192872   13.366040   0.034470
1871.202392   13.377560   0.034940
1871.211865   13.330700   0.042760
1871.221273   13.302970   0.042750
1871.230922   13.365850   0.036620
1871.240394   13.354610   0.034700
1871.250018   13.347760   0.038550
1871.259511   13.325090   0.035530
1871.269122   13.323800   0.035810
1871.278903   13.357890   0.034760
1871.288648   13.342360   0.039520
1871.298226   13.334510   0.037440
1871.307789   13.349930   0.041630
1871.317562   13.343300   0.040660
1871.327342   13.343860   0.043300
1871.337079   13.369450   0.045800
1871.346725   13.331200   0.047490
1871.356495   13.334640   0.046050
1871.366277   13.348950   0.055380
1871.375944   13.351960   0.052440
1871.385808   13.330250   0.059420
1871.395399   13.318770   0.062140
1871.404882   13.323590   0.069360
1871.414342   13.321420   0.067240
1871.423744   13.317630   0.066280
1871.433495   13.299660   0.067780
1871.442405   13.347490   0.061640
1871.449670   13.314850   0.061030
1871.455742   13.333200   0.061570
1871.461191   13.361660   0.071440
1871.465968   13.344910   0.063660
1871.469461   13.340200   0.069970
1871.472994   13.336250   0.067790
1871.476070   13.293800   0.059680
1871.477819   13.306500   0.060310
1871.479709   13.314920   0.061370
1871.481438   13.332610   0.062490
1871.550420   13.367790   0.065540
1871.559908   13.340260   0.070320
1871.569340   13.360020   0.077500
1871.578835   13.367410   0.092290
1871.588334   13.312280   0.095670
1871.597765   13.338710   0.113870
1871.607264   13.265910   0.121430
1872.324463   13.345430   0.035890
1872.334315   13.355730   0.037420
1872.344041   13.346120   0.036610
1872.353623   13.334980   0.039730
1872.363427   13.309890   0.036570
1872.373279   13.320690   0.036970
1872.383099   13.329800   0.037190
1872.392766   13.337820   0.036200
1872.402203   13.317600   0.036980
1872.412032   13.310690   0.039490
1872.421585   13.324640   0.040500
1872.431130   13.341690   0.045440
1872.439874   13.361740   0.044840
1872.447517   13.368400   0.042440
1872.454162   13.351440   0.042790
1872.459603   13.339640   0.046480
1872.463903   13.362980   0.050590
1872.467716   13.336350   0.048020
1872.470496   13.401230   0.047360
1872.473152   13.375510   0.047160
1872.474857   13.359460   0.048340
1872.476617   13.362970   0.049640
1872.478370   13.369830   0.047920
1872.480228   13.396710   0.050600
1872.541663   13.391240   0.059140
1872.550845   13.430340   0.060280
1872.560270   13.397260   0.066140
1872.569828   13.399680   0.065760
1872.579400   13.374850   0.071180
1872.588943   13.333350   0.081700
1872.598488   13.327660   0.094140
1872.608116   13.260010   0.107700
1872.617527   13.354090   0.130330
1873.229437   13.328160   0.042290
1873.238826   13.354640   0.046780
1873.248403   13.371140   0.043040
1873.258009   13.322870   0.043240
1873.267456   13.358950   0.044870
1873.276959   13.361820   0.045410
1873.286788   13.320220   0.046950
1873.296275   13.340300   0.048150
1873.305896   13.365890   0.055650
1873.315548   13.340690   0.051870
1873.325684   13.375360   0.052270
1873.335346   13.356940   0.059430
1873.344943   13.358710   0.060070
1873.354842   13.329370   0.056820
1873.364691   13.366700   0.062360
1873.374458   13.361090   0.058490
1873.383960   13.359360   0.055010
1873.393856   13.354390   0.055190
1873.403606   13.304530   0.056770
1873.413210   13.314850   0.067610
1873.422938   13.314540   0.067270
1873.432622   13.341580   0.061740
1873.441010   13.346210   0.053660
1873.447044   13.347890   0.050450
1873.453044   13.358230   0.054000
1873.457630   13.354640   0.055250
1873.462090   13.332130   0.054200
1873.465548   13.349570   0.054300
1873.468261   13.367750   0.059220
1873.470892   13.348130   0.059620
1873.472722   13.313420   0.056970
1873.474437   13.378600   0.055520
1873.476606   13.335850   0.078260
1873.558160   13.336500   0.073100
1873.567773   13.457110   0.107700
1873.586745   13.387420   0.120430
1874.032527   13.340620   0.028000
1874.041923   13.351210   0.028930
1874.051714   13.354260   0.029220
1874.061193   13.352900   0.028520
1874.070741   13.349280   0.030020
1874.080230   13.366440   0.029910
1874.089638   13.355390   0.029390
1874.098984   13.371220   0.031470
1874.108441   13.350010   0.030030
1874.117749   13.344950   0.031760
1874.127103   13.339350   0.032970
1874.136654   13.336820   0.032470
1874.145982   13.383720   0.034240
1874.155173   13.345860   0.036200
1874.164605   13.337680   0.040170
1874.174153   13.369350   0.045270
1874.183645   13.356080   0.062130
1874.193053   13.344250   0.083290
1874.202515   13.299800   0.081340
1874.212179   13.332350   0.092440
1874.222051   13.284230   0.071880
1874.593715   13.261600   0.076300
1874.603314   13.288250   0.105380
1876.992585   13.324170   0.030320
1877.002277   13.330680   0.031140
1877.012009   13.349940   0.033430
1877.021623   13.380290   0.031190
1877.031340   13.371670   0.035930
1877.041094   13.338650   0.033970
1877.050632   13.352910   0.029160
1877.060512   13.350490   0.030020
1877.070280   13.332740   0.032240
1877.080037   13.362050   0.031880
1877.089835   13.339330   0.030830
1877.099542   13.349260   0.033840
1877.109324   13.349050   0.040530
1877.119234   13.321210   0.041100
1877.128562   13.334810   0.035860
1877.137988   13.322040   0.035980
1877.147449   13.343850   0.045270
1877.157081   13.335920   0.041410
1877.166514   13.352810   0.039090
1877.175811   13.355580   0.037210
1877.185180   13.339150   0.041340
1877.194638   13.341530   0.039020
1877.204359   13.338120   0.036450
1877.213829   13.332630   0.034390
1877.223290   13.360680   0.036490
1877.232928   13.316970   0.036100
1877.242583   13.324400   0.039720
1877.252102   13.360650   0.042740
1877.261424   13.333130   0.041880
1877.271317   13.322230   0.036900
1877.280810   13.333880   0.033720
1877.290913   13.337960   0.039380
1877.300784   13.384930   0.045090
1877.310552   13.366640   0.037590
1877.320329   13.386620   0.042640
1877.330019   13.346930   0.038110
1877.339609   13.359460   0.033170
1877.349339   13.367230   0.039700
1877.359563   13.348550   0.035520
1877.369289   13.354970   0.041870
1877.379166   13.338690   0.036910
1877.389199   13.321390   0.045170
1877.398748   13.290480   0.048130
1877.408188   13.312640   0.046640
1877.417610   13.332970   0.046420
1877.426444   13.359200   0.040880
1877.433416   13.346590   0.045840
1877.439426   13.355900   0.047940
1877.444578   13.342110   0.046200
1877.449101   13.340380   0.041050
1877.452622   13.344200   0.052240
1877.456119   13.329870   0.041700
1877.458826   13.347890   0.041740
1877.460660   13.351930   0.041740
1877.462441   13.345790   0.042280
1877.464144   13.338920   0.043550
1877.465872   13.315180   0.045390
1877.528546   13.341700   0.053790
1877.538164   13.368250   0.055090
1877.547759   13.305330   0.056100
1877.557433   13.360860   0.058500
1877.566991   13.387660   0.059790
1877.956588   13.329160   0.050700
1877.966360   13.337440   0.045150
1877.975795   13.337330   0.035070
1877.985575   13.324230   0.029930
1877.995071   13.350520   0.027950
1878.004964   13.336380   0.027430
1878.014335   13.338510   0.030320
1878.023915   13.349380   0.025320
1878.033403   13.338960   0.027830
1878.042881   13.358820   0.027660
1878.052477   13.360790   0.031300
1878.062202   13.343200   0.029910
1878.072038   13.331530   0.030490
1878.081838   13.365660   0.032340
1878.091595   13.323560   0.029580
1878.101204   13.346250   0.030770
1878.111056   13.346020   0.032170
1878.120475   13.340900   0.032100
1878.129972   13.338920   0.036090
1878.139452   13.321350   0.039150
1878.148981   13.371150   0.064030
1878.158293   13.321700   0.059770
1878.167692   13.345310   0.035280
1878.177309   13.340520   0.034190
1878.186872   13.364010   0.044300
1878.196273   13.354060   0.044040
1878.206054   13.334330   0.049050
1878.215833   13.333540   0.051330
1878.225557   13.335240   0.057310
1878.235117   13.317050   0.045080
1878.244657   13.347020   0.046190
1878.254352   13.384940   0.050680
1878.263984   13.315080   0.057580
1878.273770   13.338990   0.055180
1878.283405   13.350150   0.058220
1878.293079   13.392560   0.057700
1878.302887   13.335860   0.070160
1878.312828   13.377270   0.076900
1878.322431   13.307190   0.073150
1878.332111   13.347860   0.075000
1878.342126   13.354010   0.053310
1878.351898   13.355150   0.058680
1878.361666   13.391240   0.057770
1878.371492   13.321700   0.061600
1878.381052   13.320120   0.069750
1878.390611   13.350980   0.052600
1878.400035   13.347990   0.065370
1878.409523   13.326740   0.060050
1878.419250   13.324680   0.071190
1878.427139   13.295110   0.067440
1878.434256   13.358910   0.059110
1878.439734   13.352120   0.070400
1878.444205   13.363130   0.054750
1878.448555   13.310090   0.050780
1878.452064   13.412390   0.068650
1878.454721   13.310150   0.066930
1878.457364   13.358200   0.065370
1878.459093   13.318240   0.063060
1878.460943   13.311860   0.067900
1878.463071   13.357110   0.095380
1878.523903   13.360250   0.074020
1878.533380   13.383310   0.070020
1878.542754   13.362980   0.064030
1878.552323   13.352550   0.069740
1878.561961   13.366970   0.082750
1878.571685   13.343940   0.120680
1878.581234   13.299810   0.107540
1878.590773   13.354390   0.111850
1878.885725   13.268340   0.094020
1878.896259   13.335720   0.085180
1878.907039   13.347780   0.074780
1878.917827   13.385610   0.074590
1878.928636   13.311760   0.070730
1878.939490   13.326180   0.061610
1878.950209   13.353900   0.050350
1878.960985   13.348230   0.047660
1878.971663   13.325200   0.043480
1878.982256   13.327770   0.043440
1878.992862   13.300570   0.041720
1879.003349   13.338500   0.044130
1879.014056   13.311770   0.042960
1879.024781   13.326350   0.044660
1879.035403   13.369030   0.051850
1879.046338   13.362340   0.049190
1879.056998   13.344770   0.052770
1879.067120   13.343020   0.051730
1879.077625   13.340350   0.051820
1879.087804   13.351390   0.052430
1879.097718   13.331640   0.057850
1879.108265   13.333230   0.063850
1879.118677   13.361990   0.076920
1879.128946   13.356990   0.061240
1879.138951   13.348290   0.061900
1879.148948   13.320030   0.070410
1879.158753   13.363580   0.081660
1879.168681   13.331040   0.077650
1879.178653   13.366220   0.082110
1879.188532   13.322630   0.082400
1879.198658   13.368500   0.084570
1879.208980   13.379710   0.084920
1879.219105   13.325910   0.082070
1879.229198   13.394960   0.082030
1879.239692   13.346320   0.089060
1879.249885   13.371340   0.087310
1879.259988   13.380820   0.081840
1879.270136   13.342870   0.074760
1879.279998   13.343690   0.061750
1879.290256   13.347710   0.072650
1879.300321   13.326030   0.073770
1879.310604   13.294580   0.083410
1879.321132   13.384680   0.076360
1879.331398   13.351830   0.073400
1879.341711   13.329660   0.079020
1879.352168   13.412410   0.080360
1879.362239   13.301330   0.080370
1879.372581   13.310850   0.077100
1879.383093   13.298340   0.047600
1879.393142   13.340530   0.083910
1879.403333   13.381480   0.088380
1879.413718   13.357490   0.091960
1879.422210   13.336470   0.092380
1879.430290   13.389410   0.094540
1879.436891   13.360610   0.091020
1879.441492   13.371600   0.098160
1879.445571   13.351790   0.105660
1879.449457   13.374300   0.103590
1879.452342   13.338140   0.087150
1879.454194   13.285940   0.103170
1879.456055   13.310380   0.081250
1879.457932   13.355980   0.105920
1879.460282   13.370060   0.155460
1879.524197   13.300850   0.074300
1879.534299   13.407190   0.080300
1879.544253   13.288230   0.075700
1879.885631   13.360020   0.102950
1879.895153   13.443890   0.091130
1879.904711   13.277270   0.073210
1879.914664   13.316890   0.058980
1879.924232   13.337180   0.049780
1879.933937   13.319750   0.041290
1879.943742   13.336260   0.036960
1879.953255   13.380050   0.033780
1879.962965   13.362550   0.030270
1879.972299   13.336800   0.028760
1879.982133   13.348800   0.029820
1879.991480   13.347720   0.031840
1880.001350   13.340430   0.034130
1880.010995   13.337390   0.038120
1880.020489   13.369360   0.038340
1880.030167   13.327960   0.038240
1880.040004   13.349950   0.036330
1880.050020   13.360750   0.037080
1880.059700   13.373640   0.038970
1880.069635   13.331250   0.038110
1880.079469   13.343920   0.040600
1880.089000   13.337760   0.038380
1880.098524   13.338920   0.043020
1880.108072   13.374110   0.043780
1880.117530   13.346000   0.038940
1880.127140   13.347860   0.040930
1880.200091   13.360740   0.046380
1880.209735   13.335110   0.049770
1880.219431   13.320750   0.046890
1880.229324   13.362660   0.042380
1880.238989   13.331230   0.042270
1880.248836   13.334490   0.040830
1880.258298   13.359500   0.043910
1880.267686   13.351040   0.044870
1880.277275   13.363290   0.046370
1880.286928   13.336390   0.051280
1880.306613   13.345910   0.045020
1880.369120   13.311030   0.044130
1880.684731   13.374950   0.124340
1880.693935   13.323960   0.126180
1880.967707   13.343510   0.048380
1880.977730   13.356640   0.050170
1880.987626   13.311940   0.039320
1880.997175   13.339670   0.038600
1881.007352   13.347730   0.039850
1881.017262   13.322060   0.041200
1881.027023   13.323050   0.043600
1881.036583   13.354390   0.042610
1881.046307   13.348570   0.043570
1881.055914   13.308900   0.047230
1881.065565   13.360230   0.046730
1881.075352   13.346460   0.049370
1881.085120   13.336890   0.046400
1881.094964   13.362650   0.043650
1881.104801   13.318930   0.036350
1881.114937   13.375190   0.054570
1881.124474   13.368190   0.049770
1881.134326   13.321250   0.051400
1881.143810   13.337040   0.039790
1881.153419   13.352660   0.052060
1881.163015   13.330000   0.048160
1881.171357   13.331220   0.041700
1881.180981   13.327690   0.042650
1881.190627   13.356500   0.033780
1881.200550   13.317200   0.036620
1881.210473   13.304860   0.041260
1881.220305   13.313410   0.043100
1881.230199   13.359580   0.043410
1881.239668   13.350950   0.046820
1881.249328   13.336130   0.044230
1881.258917   13.349870   0.043140
1881.268352   13.327520   0.047290
1881.278189   13.356500   0.044810
1881.288137   13.343020   0.046530
1881.297680   13.354050   0.046910
1881.307337   13.320190   0.049130
1881.317394   13.353800   0.052450
1881.327336   13.315150   0.047490
1881.337373   13.351760   0.053070
1881.347129   13.315770   0.051220
1881.357110   13.334810   0.054000
1881.366722   13.359570   0.056650
1881.376276   13.315940   0.056530
1881.386104   13.317790   0.059590
1881.395996   13.301740   0.058780
1881.405772   13.321250   0.061700
1881.414838   13.316110   0.055790
1881.422098   13.327570   0.061570
1881.428287   13.346540   0.057800
1881.433496   13.356050   0.063070
1881.437835   13.378590   0.066690
1881.441542   13.378710   0.062820
1881.445078   13.331360   0.068500
1881.447777   13.372070   0.065000
1881.449541   13.335610   0.061960
1881.451276   13.346270   0.062370
1881.453055   13.335520   0.061850
1881.455245   13.366980   0.091280
1881.512259   13.395850   0.065060
1881.522032   13.387890   0.065710
1881.531584   13.360890   0.067680
1881.541053   13.310520   0.069120
1881.550943   13.320410   0.066930
1881.560601   13.342920   0.067570
1881.570473   13.382940   0.069880
1881.580253   13.348360   0.078460
1881.589860   13.373760   0.076140
1881.599577   13.362450   0.083320
1881.609472   13.341270   0.080840
1881.619114   13.391520   0.095480
1881.628942   13.314240   0.100600
1881.638590   13.330430   0.117480
1881.648351   13.337650   0.125140
1881.835921   13.336530   0.118750
1881.845731   13.325070   0.102260
1881.855252   13.435770   0.095310
1881.864967   13.401820   0.082180
1881.874874   13.322020   0.070110
1881.884546   13.467780   0.065540
1881.894462   13.360690   0.056600
1881.904494   13.359840   0.047980
1881.914271   13.347060   0.045920
1881.923884   13.363650   0.045410
1881.933466   13.359090   0.041930
1881.943231   13.342570   0.045910
1881.952875   13.342270   0.060330
1881.962633   13.329900   0.063570
1881.972149   13.319010   0.064440
1881.982098   13.316440   0.068500
1881.992169   13.367660   0.084500
1882.001889   13.306370   0.094640
1882.011594   13.385380   0.097060
1882.021627   13.350840   0.074780
1882.031644   13.338910   0.084610
1882.041324   13.342510   0.079840
1882.051198   13.347620   0.075260
1882.060871   13.303130   0.074680
1882.070374   13.275790   0.072500
1882.080330   13.335200   0.058530
1882.090096   13.408670   0.122100
1882.109365   13.322270   0.101220
1882.121972   13.318370   0.084070
1882.131558   13.361480   0.064740
1882.141120   13.274490   0.103430
1882.150540   13.307820   0.071860
1882.160119   13.315030   0.075020
1882.169652   13.383260   0.081310
1882.179008   13.353720   0.078490
1882.188466   13.380820   0.087560
1882.198063   13.390110   0.095860
1882.227231   13.319540   0.112920
1882.236839   13.373490   0.115310
1882.275585   13.355080   0.098910
1882.285224   13.401470   0.100410
1882.295361   13.344010   0.114440
1882.325032   13.321110   0.120400
1882.334886   13.389040   0.112420
1882.344919   13.325260   0.117240
1882.364587   13.355710   0.113260
1882.374737   13.344850   0.120700
1883.093660   13.317490   0.057520
1883.103366   13.453130   0.086650
1883.112818   13.325950   0.060530
1883.122237   13.331300   0.070130
1883.131900   13.353280   0.058490
1883.141295   13.334400   0.063910
1883.150882   13.308400   0.067380
1883.160374   13.349410   0.077210
1883.169871   13.332520   0.077370
1883.179271   13.338640   0.059540
1883.188727   13.308230   0.059480
1883.198404   13.355600   0.072490
1883.207904   13.343070   0.072540
1883.217549   13.336430   0.076530
1883.226897   13.413220   0.081900
1883.236210   13.344590   0.078770
1883.245790   13.343050   0.074940
1883.255334   13.299580   0.077280
1883.265175   13.365870   0.081580
1883.274780   13.350050   0.080510
1883.284849   13.386310   0.099730
1883.294394   13.347710   0.101970
1883.304305   13.315610   0.103150
1883.314234   13.391760   0.056700
1883.323720   13.423330   0.103880
1883.333437   13.359460   0.091230
1883.343435   13.313050   0.091570
1883.353548   13.353200   0.101380
1883.363493   13.360120   0.087790
1883.373027   13.297890   0.087390
1883.382657   13.374010   0.097610
1883.392439   13.316680   0.089080
1883.402040   13.353540   0.092100
1883.410061   13.347000   0.101170
1883.417485   13.298470   0.100190
1883.423677   13.339940   0.092180
1883.428949   13.360390   0.098910
1883.433300   13.309790   0.103200
1883.436812   13.317060   0.092590
1883.440325   13.302140   0.098120
1883.443180   13.345180   0.094400
1883.444926   13.348500   0.100000
1883.446707   13.357150   0.093660
1883.448508   13.387900   0.095840
1883.507335   13.329860   0.104710
1883.517022   13.361340   0.100540
1883.526655   13.392610   0.117800
1883.536232   13.328200   0.119860
1883.545818   13.337070   0.122090
1883.555341   13.325460   0.117320
1883.565051   13.320780   0.121500
1883.574608   13.358790   0.119200
1883.584302   13.357250   0.119480
1883.593915   13.338700   0.103280
1884.099534   13.342630   0.028760
1884.109140   13.312280   0.027370
1884.118686   13.329100   0.036500
1884.128292   13.335460   0.044190
1884.137551   13.327680   0.032640
1884.147279   13.328110   0.036330
1884.156774   13.342000   0.038360
1884.166197   13.339200   0.046100
1884.175960   13.338430   0.048150
1884.185414   13.349510   0.041990
1884.194977   13.317210   0.033900
1884.204574   13.338950   0.037700
1884.214174   13.346740   0.033530
1884.223839   13.334420   0.038570
1884.233272   13.361860   0.056330
1884.242628   13.335980   0.030030
1884.252195   13.350700   0.029160
1884.261682   13.338950   0.030220
1884.271201   13.317160   0.029920
1884.280876   13.355840   0.033910
1884.290846   13.361090   0.036150
1884.300573   13.348470   0.039970
1884.310420   13.382620   0.059080
1884.320206   13.343510   0.038510
1884.330156   13.362410   0.039430
1884.340081   13.356860   0.049080
1884.350052   13.367240   0.046540
1884.360119   13.370850   0.038780
1884.370060   13.340790   0.037530
1884.379738   13.313240   0.041290
1884.389528   13.320540   0.032100
1884.399065   13.307950   0.033430
1884.406881   13.358120   0.040470
1884.413865   13.321370   0.047580
1884.420368   13.330310   0.049820
1884.425635   13.339560   0.038180
1884.430150   13.327690   0.032070
1884.433678   13.357640   0.038760
1884.437202   13.354370   0.037320
1884.439908   13.328560   0.039270
1884.441669   13.326050   0.038220
1884.443407   13.333660   0.036390
1884.445186   13.351070   0.035730
1884.446926   13.320440   0.047550
1884.503638   13.342920   0.032460
1884.513187   13.341150   0.040180
1884.522993   13.337340   0.033030
1884.532900   13.327760   0.030030
1884.542819   13.337320   0.038000
1884.552706   13.334340   0.043370
1884.562458   13.341760   0.026560
1884.572213   13.353430   0.033630
1884.581820   13.336330   0.028180
1884.591479   13.322840   0.037300
1884.600983   13.313630   0.030790
1884.610820   13.350230   0.029570
1884.886961   13.314440   0.081730
1884.896459   13.329350   0.082860
1884.906042   13.323060   0.074770
1884.915643   13.354740   0.091090
1884.925737   13.368110   0.073180
1884.935570   13.420810   0.092360
1884.945448   13.319820   0.077730
1884.954875   13.250140   0.082550
1884.964329   13.257520   0.078550
1884.974229   13.264470   0.089090
1884.983546   13.294590   0.090850
1884.993441   13.331930   0.084380
1885.003341   13.402050   0.084230
1885.013229   13.417100   0.096920
1885.022911   13.359590   0.090840
1885.032502   13.361580   0.104430
1885.042137   13.397830   0.105070
1885.052183   13.334690   0.102660
1885.061957   13.489890   0.118720
1885.071678   13.421950   0.115470
1885.081209   13.441240   0.100200
1885.090973   13.481750   0.124770
1885.100847   13.426920   0.122000
1885.278794   13.364220   0.070500
1885.288696   13.287580   0.082640
1885.298475   13.260690   0.072360
1885.308250   13.370710   0.074560
1885.318087   13.302590   0.076570
1885.328301   13.395490   0.089090
1885.347960   13.336950   0.103270
1885.357853   13.262000   0.103470
1885.367578   13.353690   0.106440
1885.377191   13.267110   0.063600
1885.386785   13.203300   0.067300
1885.396599   13.317490   0.108460
1885.404395   13.338420   0.105400
1885.411445   13.330740   0.111510
1885.417665   13.455880   0.067000
1885.422739   13.349310   0.062000
1885.430989   13.310640   0.103350
1885.434637   13.366600   0.106280
1885.437356   13.262070   0.099380
1885.439016   13.342060   0.086550
1885.440779   13.355760   0.088280
1885.442624   13.352770   0.103090
1885.444416   13.380930   0.111580
1885.502152   13.370490   0.094050
1885.521821   13.335660   0.114030
1885.531588   13.309270   0.088610
1885.551133   13.440190   0.113980
1885.560860   13.379490   0.110280
1885.570601   13.287500   0.107450
1885.590133   13.294060   0.096250
1886.072366   13.336380   0.024970
1886.082057   13.326640   0.027680
1886.091456   13.363570   0.028180
1886.101064   13.348960   0.030270
1886.110701   13.345190   0.028990
1886.120214   13.360590   0.029450
1886.129544   13.336440   0.030310
1886.138882   13.343780   0.033560
1886.148233   13.340180   0.031950
1886.157943   13.331140   0.032470
1886.167550   13.332670   0.040470
1886.177101   13.319470   0.038690
1886.186997   13.369580   0.039120
1886.196609   13.336460   0.042050
1886.206153   13.356960   0.047330
1886.215757   13.339200   0.051610
1886.225422   13.353130   0.071730
1886.234829   13.368100   0.069430
1886.244630   13.295300   0.066710
1886.254426   13.342000   0.048230
1886.263771   13.325730   0.037410
1886.273578   13.304690   0.066760
1886.283270   13.327550   0.037880
1886.293134   13.327240   0.040650
1886.303115   13.346530   0.047820
1886.312914   13.353800   0.042310
1886.322818   13.366530   0.043900
1886.332859   13.353160   0.045900
1886.342543   13.338850   0.042590
1886.352534   13.350380   0.044460
1886.362281   13.350020   0.047150
1886.372003   13.289250   0.049980
1886.381496   13.350730   0.050870
1886.391198   13.291000   0.054240
1886.399994   13.359920   0.054020
1886.408171   13.370780   0.055170
1886.414363   13.309020   0.068530
1886.419581   13.301400   0.070770
1886.423873   13.359610   0.063040
1886.427459   13.339240   0.064060
1886.431086   13.366280   0.061970
1886.433748   13.345500   0.070250
1886.435540   13.335100   0.074430
1886.437293   13.328530   0.064830
1886.439058   13.359710   0.065360
1886.441348   13.363210   0.134250
