1863.169882   13.488080   0.042670
1863.179028   13.496270   0.050720
1863.188111   13.484390   0.058000
1863.197263   13.481020   0.050810
1863.206453   13.448630   0.046830
1863.215516   13.495950   0.061330
1863.224486   13.514510   0.062020
1863.233708   13.484590   0.060960
1863.243026   13.453260   0.064710
1863.252052   13.537800   0.054330
1863.260978   13.469340   0.055620
1863.270074   13.459130   0.062340
1863.279229   13.479260   0.053240
1863.288341   13.506740   0.051750
1863.297662   13.490860   0.045150
1863.306748   13.506840   0.053750
1863.315898   13.511090   0.057130
1863.325261   13.454470   0.056970
1863.334632   13.484850   0.058380
1863.344416   13.431440   0.057760
1863.353962   13.458950   0.058720
1863.363511   13.493530   0.049950
1863.372640   13.490010   0.045870
1863.381795   13.478260   0.045340
1863.391577   13.489250   0.047180
1863.400670   13.466110   0.052370
1863.410157   13.530770   0.053320
1863.419415   13.484890   0.050760
1863.428728   13.502220   0.055350
1863.438171   13.471260   0.057590
1863.447725   13.483250   0.064820
1863.457038   13.503100   0.077140
1863.464667   13.444920   0.088320
1863.471563   13.525560   0.096090
1863.477686   13.519680   0.086850
1863.482900   13.466120   0.089320
1863.487037   13.440350   0.093640
1863.490505   13.481430   0.095820
1863.494064   13.474750   0.085860
1863.496621   13.484660   0.095070
1863.498272   13.405700   0.093590
1863.500087   13.433830   0.093160
1863.501889   13.445940   0.100880
1863.503937   13.381480   0.134620
1864.122118   13.486780   0.035390
1864.131216   13.478350   0.048990
1864.140349   13.452330   0.042350
1864.149328   13.495550   0.042720
1864.158727   13.494970   0.039380
1864.168077   13.470450   0.052790
1864.177441   13.486510   0.050290
1864.186471   13.472170   0.038300
1864.195786   13.457730   0.050790
1864.204761   13.484780   0.045730
1864.213956   13.508920   0.044020
1864.223275   13.468960   0.039520
1864.232312   13.467730   0.050440
1864.241734   13.509520   0.046890
1864.250994   13.486190   0.044290
1864.260292   13.497070   0.049610
1864.269452   13.484740   0.044300
1864.278712   13.467490   0.051210
1864.288040   13.511880   0.051760
1864.297228   13.476670   0.047770
1864.306786   13.501080   0.050360
1864.315982   13.508430   0.055170
1864.325240   13.476670   0.049040
1864.334830   13.465120   0.047640
1864.344223   13.543750   0.070400
1864.353629   13.403560   0.065880
1864.362884   13.457450   0.075170
1864.372284   13.510380   0.086160
1864.381718   13.496720   0.074670
1864.391386   13.472680   0.066890
1864.401175   13.457340   0.079040
1864.410777   13.517460   0.071660
1864.420158   13.511850   0.071920
1864.429378   13.454440   0.081370
1864.438639   13.482360   0.094820
1864.448098   13.447280   0.105810
1864.457409   13.421460   0.111030
1864.465120   13.457230   0.105140
1864.472313   13.407010   0.119610
1865.081649   13.474470   0.059380
1865.090914   13.414560   0.059130
1865.103000   13.463350   0.059330
1865.112265   13.479960   0.054570
1865.121493   13.459210   0.066930
1865.180915   13.465590   0.038690
1865.189934   13.486720   0.030140
1865.199137   13.459370   0.038520
1865.208040   13.492220   0.030260
1865.217207   13.448290   0.043660
1865.226382   13.466840   0.043380
1865.235932   13.465590   0.048390
1865.245886   13.513640   0.049840
1865.255783   13.463550   0.049500
1865.265750   13.479470   0.065360
1865.275774   13.475000   0.054910
1865.285892   13.451970   0.046480
1865.295973   13.478620   0.053980
1865.306185   13.475470   0.054240
1865.316145   13.466220   0.052480
1865.326150   13.507050   0.057220
1865.336276   13.447520   0.065160
1865.346577   13.524640   0.057940
1865.356675   13.478180   0.055850
1865.366659   13.436720   0.062060
1865.376904   13.504340   0.062760
1865.387088   13.426610   0.063740
1865.397153   13.492840   0.072840
1865.407149   13.492400   0.066640
1865.417333   13.483410   0.061160
1865.427630   13.442920   0.066010
1865.437669   13.450690   0.067670
1865.448171   13.425690   0.077150
1865.457324   13.509070   0.088060
1865.465615   13.488660   0.094340
1865.471988   13.502800   0.113190
1865.477514   13.412220   0.104270
1865.482335   13.432090   0.109690
1865.486236   13.587530   0.103910
1865.489785   13.406890   0.109500
1865.492667   13.460970   0.103000
1865.494427   13.408250   0.105270
1865.496283   13.461790   0.097360
1865.498459   13.473790   0.146810
1866.165339   13.494970   0.032230
1866.174723   13.464730   0.033160
1866.184057   13.477460   0.032330
1866.193410   13.493310   0.034290
1866.202706   13.478420   0.034470
1866.212035   13.479490   0.035170
1866.221409   13.487410   0.035740
1866.230791   13.499090   0.035390
1866.240551   13.474750   0.034650
1866.250004   13.482440   0.035220
1866.259354   13.457240   0.035920
1867.193045   13.492240   0.024420
1867.202355   13.475760   0.025350
1867.211516   13.486580   0.025350
1867.220585   13.482590   0.028000
1867.230131   13.480510   0.027550
1867.239707   13.474070   0.027890
1867.249230   13.477810   0.027490
1867.258785   13.472050   0.028130
1867.268385   13.485520   0.027770
1867.277702   13.485200   0.029170
1867.287153   13.485500   0.028520
1867.296854   13.483690   0.029800
1867.306121   13.468950   0.029910
1867.315500   13.469920   0.029100
1867.325094   13.480980   0.031020
1867.334502   13.464230   0.031070
1867.344482   13.460010   0.033330
1867.354030   13.462710   0.034480
1867.363492   13.459430   0.038990
1867.372735   13.477950   0.034310
1867.382212   13.475960   0.034690
1867.391671   13.472260   0.040430
1867.401392   13.485410   0.039610
1867.410805   13.449480   0.036550
1867.420288   13.479420   0.043140
1867.429722   13.440590   0.049770
1867.439192   13.467000   0.045250
1867.448574   13.504170   0.049390
1867.456168   13.483920   0.042340
1867.463320   13.510020   0.044860
1867.469421   13.482190   0.045390
1867.473939   13.476830   0.037780
1867.478291   13.479470   0.033600
1867.481655   13.505860   0.035520
1867.484335   13.508120   0.038780
1867.486951   13.498430   0.037620
1867.488639   13.493160   0.037440
1867.490315   13.515550   0.041930
1867.492002   13.500640   0.038690
1867.493724   13.507220   0.037020
1868.197661   13.476040   0.047460
1868.207123   13.465570   0.046930
1868.216495   13.508890   0.062170
1868.225986   13.476320   0.055100
1868.235811   13.468990   0.062150
1868.245580   13.448010   0.060480
1868.255259   13.489780   0.062780
1868.264815   13.514550   0.067130
1868.274279   13.505040   0.065920
1868.283929   13.446360   0.064940
1868.293537   13.475480   0.094180
1868.303104   13.420220   0.102340
1868.312574   13.472910   0.093690
1868.322548   13.476240   0.075410
1868.332083   13.476080   0.069120
1868.341800   13.452130   0.073390
1868.351466   13.451480   0.089990
1868.360837   13.439890   0.091080
1868.370659   13.501180   0.088280
1868.380417   13.500420   0.082110
1868.390367   13.481270   0.083780
1868.399668   13.436140   0.080660
1868.409622   13.481020   0.091370
1868.419023   13.423580   0.083190
1868.428372   13.475320   0.085070
1868.437691   13.483580   0.092160
1868.446987   13.519140   0.087930
1868.454949   13.490450   0.094110
1868.461066   13.457140   0.089380
1868.467151   13.545900   0.099780
1868.471440   13.534020   0.101520
1868.475710   13.521940   0.114610
1868.479187   13.549780   0.118640
1868.481793   13.458540   0.109210
1868.484421   13.446320   0.108040
1868.486154   13.528890   0.105980
1868.487874   13.453990   0.100060
1868.489584   13.492650   0.113200
1868.491280   13.406210   0.111570
1869.239568   13.435260   0.099360
1869.248950   13.497360   0.110250
1870.219778   13.484810   0.030510
1870.229270   13.469480   0.030380
1870.238762   13.476440   0.033510
1870.248135   13.448320   0.031480
1870.257691   13.495480   0.035450
1870.267266   13.466570   0.035740
1870.276950   13.476670   0.035120
1870.286498   13.485360   0.034930
1870.295849   13.482530   0.033210
1870.305565   13.473160   0.035580
1870.315197   13.446080   0.040840
1870.325274   13.480540   0.039440
1870.335174   13.465450   0.037890
1870.344892   13.464080   0.042420
1870.354573   13.470220   0.048480
1870.364104   13.454680   0.060980
1870.373603   13.462980   0.064150
1870.383600   13.479640   0.070450
1870.393243   13.417610   0.086200
1870.402820   13.465950   0.113360
1870.412418   13.507980   0.110940
1870.421719   13.474870   0.107840
1870.431056   13.477890   0.108930
1870.440608   13.429960   0.091930
1870.448993   13.478140   0.084140
1870.456179   13.516730   0.086960
1870.461756   13.396880   0.101560
1870.466593   13.495320   0.114470
1870.470290   13.494360   0.101190
1870.474034   13.469610   0.113420
1870.476825   13.551300   0.122520
1870.478569   13.445040   0.117090
1870.480341   13.520270   0.114900
1870.482097   13.509950   0.116000
1870.483838   13.479320   0.120420
1870.485602   13.490780   0.118470
1871.136689   13.504450   0.036890
1871.146179   13.481400   0.032740
1871.155384   13.452490   0.033050
1871.164955   13.488970   0.035860
1871.174269   13.485110   0.037560
1871.183469   13.455320   0.038830
1871.192872   13.440880   0.037760
1871.202392   13.493450   0.039380
1871.211865   13.498570   0.047580
1871.221273   13.443100   0.044250
1871.230922   13.482460   0.039330
1871.240394   13.471730   0.037710
1871.250018   13.518100   0.042200
1871.259511   13.468460   0.038410
1871.269122   13.465930   0.040050
1871.278903   13.476330   0.039110
1871.288648   13.471580   0.042470
1871.298226   13.463640   0.041580
1871.307789   13.491620   0.044540
1871.317562   13.482370   0.048220
1871.327342   13.491220   0.049230
1871.337079   13.459410   0.052420
1871.346725   13.454130   0.056480
1871.356495   13.436690   0.051890
1871.366277   13.471050   0.056570
1871.375944   13.469050   0.058810
1871.385808   13.479130   0.063220
1871.395399   13.505020   0.064890
1871.404882   13.533710   0.073890
1871.414342   13.474260   0.075910
1871.423744   13.446760   0.072190
1871.433495   13.482440   0.073270
1871.442405   13.460710   0.069200
1871.449670   13.510030   0.070170
1871.455742   13.496440   0.070090
1871.461191   13.525860   0.083190
1871.465968   13.526240   0.074430
1871.469461   13.494790   0.075940
1871.472994   13.552120   0.077630
1871.476070   13.484920   0.072830
1871.477819   13.507810   0.070660
1871.479709   13.443990   0.066800
1871.481438   13.486600   0.072130
1871.550420   13.517030   0.081650
1871.559908   13.433620   0.082300
1871.569340   13.462320   0.080850
1871.578835   13.468980   0.087990
1871.588334   13.488680   0.101790
1871.597765   13.527470   0.123910
1871.607340   13.433580   0.106730
1872.324463   13.406990   0.040570
1872.334315   13.464750   0.042700
1872.344041   13.465680   0.041580
1872.353623   13.485800   0.042550
1872.363427   13.450930   0.039790
1872.373279   13.495130   0.039570
1872.383099   13.501510   0.038920
1872.392766   13.447010   0.041580
1872.402203   13.486570   0.043860
1872.412032   13.485770   0.042620
1872.421585   13.442780   0.046870
1872.431130   13.476440   0.050610
1872.439874   13.482480   0.046900
1872.447517   13.465360   0.049240
1872.454162   13.495090   0.049670
1872.459603   13.477460   0.054970
1872.463903   13.470490   0.055560
1872.467716   13.488230   0.050760
1872.470496   13.517140   0.053890
1872.473152   13.490850   0.052520
1872.474857   13.489860   0.054540
1872.476617   13.475870   0.056020
1872.478370   13.477660   0.057590
1872.480228   13.486880   0.054930
1872.541663   13.473870   0.066060
1872.550845   13.506980   0.069710
1872.560270   13.465580   0.070570
1872.569828   13.424440   0.077570
1872.579400   13.435330   0.082940
1872.588943   13.479280   0.090210
1872.598488   13.470280   0.110480
1872.608116   13.567950   0.126840
1873.229437   13.468780   0.044420
1873.238826   13.492500   0.046080
1873.248403   13.503350   0.046620
1873.258009   13.477030   0.046300
1873.267456   13.474560   0.050190
1873.276959   13.500270   0.050420
1873.286788   13.467400   0.049250
1873.296275   13.466080   0.050120
1873.305896   13.480730   0.059190
1873.315548   13.496520   0.060470
1873.325684   13.503650   0.059830
1873.335346   13.536250   0.065570
1873.344943   13.462940   0.066710
1873.354842   13.484990   0.060950
1873.364691   13.506160   0.068990
1873.374458   13.520200   0.064900
1873.383960   13.479690   0.060040
1873.393856   13.431530   0.060280
1873.403606   13.497440   0.065780
1873.413210   13.478130   0.072820
1873.422938   13.557560   0.075730
1873.432622   13.539340   0.066050
1873.441010   13.429180   0.057160
1873.447044   13.478430   0.060190
1873.453044   13.487090   0.060770
1873.457630   13.500390   0.060660
1873.462090   13.516720   0.060880
1873.465548   13.471930   0.062580
1873.468261   13.500410   0.065760
1873.470892   13.508850   0.065720
1873.472722   13.491820   0.066100
1873.474437   13.464060   0.059940
1873.476606   13.468870   0.085020
1873.567850   13.592920   0.078300
1873.586745   13.391760   0.072000
1874.032527   13.471380   0.030610
1874.041923   13.474830   0.031760
1874.051714   13.485380   0.033150
1874.061193   13.463840   0.031130
1874.070741   13.486430   0.033900
1874.080230   13.454510   0.033840
1874.089638   13.495840   0.033430
1874.098984   13.473340   0.033950
1874.108441   13.455140   0.033010
1874.117749   13.480040   0.035980
1874.127103   13.501890   0.035700
1874.136654   13.456620   0.034710
1874.145982   13.475790   0.036260
1874.155173   13.494900   0.039730
1874.164605   13.480460   0.043950
1874.174153   13.510630   0.051850
1874.183645   13.459540   0.066780
1874.193053   13.451400   0.092840
1874.202515   13.498620   0.093420
1874.212179   13.561030   0.104860
1874.222051   13.449280   0.087330
1876.992585   13.470310   0.033450
1877.002277   13.479330   0.034150
1877.012009   13.448840   0.036360
1877.021623   13.478150   0.035460
1877.031340   13.482230   0.038940
1877.041094   13.450220   0.037310
1877.050632   13.499070   0.031870
1877.060512   13.491440   0.033260
1877.070280   13.452010   0.035920
1877.080037   13.478340   0.035220
1877.089835   13.468880   0.034710
1877.099542   13.447680   0.037160
1877.109324   13.500980   0.046510
1877.119234   13.521110   0.044550
1877.128562   13.484490   0.040430
1877.137988   13.481280   0.041630
1877.147449   13.505760   0.049830
1877.157081   13.470180   0.045580
1877.166514   13.462380   0.042240
1877.175811   13.473100   0.038900
1877.185180   13.512590   0.044230
1877.194638   13.485310   0.041180
1877.204359   13.522940   0.040220
1877.213829   13.464080   0.038760
1877.223290   13.498390   0.039830
1877.232928   13.515580   0.040190
1877.242583   13.477730   0.043660
1877.252102   13.512890   0.046210
1877.261424   13.465400   0.045730
1877.271317   13.468180   0.040320
1877.280810   13.494940   0.036320
1877.290913   13.491270   0.041650
1877.300784   13.489240   0.050240
1877.310552   13.471610   0.041320
1877.320329   13.442680   0.048330
1877.330019   13.462990   0.043200
1877.339609   13.449340   0.036940
1877.349339   13.473190   0.045060
1877.359563   13.468210   0.038230
1877.369289   13.474680   0.043540
1877.379166   13.454370   0.041470
1877.389199   13.440540   0.047370
1877.398748   13.465490   0.055790
1877.408188   13.490120   0.052620
1877.417610   13.436630   0.049100
1877.426444   13.459780   0.043770
1877.433416   13.466130   0.049240
1877.439426   13.449660   0.052320
1877.444578   13.482540   0.052600
1877.449101   13.454070   0.046430
1877.452622   13.490800   0.056420
1877.456119   13.469240   0.044470
1877.458826   13.469840   0.045220
1877.460660   13.466950   0.047940
1877.462441   13.497990   0.048250
1877.464144   13.468380   0.048110
1877.465872   13.451350   0.051350
1877.528546   13.500230   0.059100
1877.538164   13.469900   0.063540
1877.547759   13.453700   0.064210
1877.557433   13.512250   0.069600
1877.566991   13.448310   0.064320
1877.956588   13.462880   0.055970
1877.966360   13.478700   0.047640
1877.975795   13.490230   0.037780
1877.985575   13.475000   0.032450
1877.995071   13.491190   0.031300
1878.004964   13.480500   0.030030
1878.014335   13.486660   0.033730
1878.023915   13.455000   0.027440
1878.033403   13.473460   0.030260
1878.042881   13.487320   0.030270
1878.052477   13.491660   0.034370
1878.062202   13.480680   0.033630
1878.072038   13.446990   0.035050
1878.081838   13.508930   0.035580
1878.091595   13.477660   0.034030
1878.101204   13.447980   0.032970
1878.111056   13.506650   0.035100
1878.120475   13.484020   0.035750
1878.129972   13.490730   0.038810
1878.139452   13.480210   0.043710
1878.148981   13.449290   0.072140
1878.158293   13.497750   0.063380
1878.167692   13.497250   0.038630
1878.177309   13.481310   0.037760
1878.186872   13.497710   0.048040
1878.196273   13.509410   0.047110
1878.206054   13.464480   0.058290
1878.215833   13.494740   0.060950
1878.225557   13.434290   0.065570
1878.235117   13.449780   0.051850
1878.244657   13.460650   0.051280
1878.254352   13.519220   0.055600
1878.263984   13.465410   0.059370
1878.273770   13.477730   0.059280
1878.283405   13.485790   0.066630
1878.293079   13.469480   0.064160
1878.302887   13.554160   0.083190
1878.312828   13.470290   0.082700
1878.322431   13.450640   0.084010
1878.332111   13.511800   0.085930
1878.342126   13.419610   0.061080
1878.351898   13.510590   0.065340
1878.361666   13.505990   0.070590
1878.371492   13.513650   0.069500
1878.381052   13.444550   0.074150
1878.390611   13.451650   0.056380
1878.400035   13.512170   0.073200
1878.409523   13.482810   0.070310
1878.419250   13.438500   0.074740
1878.427139   13.449810   0.076900
1878.434256   13.463900   0.064490
1878.439734   13.471770   0.079120
1878.444205   13.481370   0.064560
1878.448555   13.498840   0.062470
1878.452064   13.460880   0.077540
1878.454721   13.510060   0.079260
1878.457364   13.506410   0.075870
1878.459093   13.456290   0.073550
1878.460943   13.463500   0.068690
1878.463071   13.495790   0.105670
1878.523903   13.455730   0.079850
1878.533380   13.466240   0.082230
1878.542754   13.450100   0.073100
1878.552323   13.503150   0.083150
1878.561961   13.513920   0.088480
1878.571685   13.521950   0.125490
1878.581234   13.510410   0.119650
1878.590773   13.467390   0.123880
1878.885725   13.503570   0.122480
1878.896259   13.392230   0.084030
1878.907039   13.490620   0.079780
1878.917827   13.547780   0.078180
1878.928636   13.502310   0.073360
1878.939490   13.494150   0.065880
1878.950209   13.470140   0.050550
1878.960985   13.500660   0.052980
1878.971663   13.487390   0.045110
1878.982256   13.486710   0.047710
1878.992862   13.468440   0.046800
1879.003349   13.486180   0.050580
1879.014056   13.454950   0.051330
1879.024781   13.515090   0.050060
1879.035403   13.461390   0.055850
1879.046338   13.499160   0.055850
1879.056998   13.437970   0.058370
1879.067120   13.459590   0.058570
1879.077625   13.455340   0.059050
1879.087804   13.469300   0.058860
1879.097718   13.458160   0.066860
1879.108265   13.433570   0.071710
1879.118677   13.441900   0.072080
1879.128946   13.476010   0.067490
1879.138951   13.492630   0.073790
1879.148948   13.432750   0.086180
1879.158753   13.485460   0.089140
1879.168681   13.463020   0.084510
1879.178653   13.517270   0.091650
1879.188532   13.444170   0.090200
1879.198658   13.502490   0.088450
1879.208980   13.488640   0.096770
1879.219105   13.493210   0.092670
1879.229198   13.434690   0.094800
1879.239692   13.463740   0.090330
1879.249885   13.494330   0.094480
1879.259988   13.492770   0.089820
1879.270136   13.458670   0.088920
1879.279998   13.447840   0.064850
1879.290256   13.474260   0.091580
1879.300321   13.487280   0.087760
1879.310604   13.443180   0.084760
1879.321132   13.480750   0.087580
1879.331398   13.460320   0.087480
1879.341711   13.458330   0.084910
1879.352168   13.517560   0.085330
1879.362239   13.522450   0.092620
1879.372581   13.464470   0.092180
1879.383093   13.410950   0.053000
1879.393142   13.463820   0.091800
1879.403333   13.439250   0.096350
1879.413718   13.442980   0.091560
1879.422210   13.456740   0.096150
1879.430290   13.469290   0.104640
1879.436891   13.475980   0.103730
1879.441492   13.483380   0.108830
1879.445571   13.511020   0.110300
1879.449457   13.407680   0.110330
1879.452342   13.448410   0.092820
1879.454194   13.483050   0.115220
1879.456055   13.470370   0.090300
1879.457932   13.539170   0.115980
1879.460282   13.506260   0.162140
1879.524043   13.421680   0.080900
1879.895153   13.609400   0.112720
1879.904711   13.501650   0.088510
1879.914664   13.446900   0.067270
1879.924232   13.510860   0.052190
1879.933937   13.487830   0.045790
1879.943742   13.488200   0.038980
1879.953255   13.494760   0.034420
1879.962965   13.506160   0.032410
1879.972299   13.490480   0.031830
1879.982133   13.479470   0.032460
1879.991480   13.470930   0.036090
1880.001350   13.470370   0.036550
1880.010995   13.504440   0.042210
1880.020489   13.452320   0.041460
1880.030167   13.485780   0.042000
1880.040004   13.468350   0.041410
1880.050020   13.494120   0.038900
1880.059700   13.491740   0.041950
1880.069635   13.427620   0.041360
1880.079469   13.463080   0.044620
1880.089000   13.455140   0.043480
1880.098524   13.468890   0.045050
1880.108072   13.491250   0.049610
1880.117530   13.477130   0.042450
1880.127140   13.507930   0.041630
1880.200091   13.523220   0.048430
1880.209735   13.523770   0.051940
1880.219431   13.497390   0.055950
1880.229324   13.457510   0.046720
1880.238989   13.473510   0.044060
1880.248836   13.493750   0.042500
1880.258298   13.505770   0.044940
1880.267686   13.492770   0.047090
1880.277275   13.462880   0.050090
1880.286928   13.466890   0.060630
1880.306613   13.487550   0.048390
1880.369120   13.444000   0.047490
1880.693782   13.310370   0.077300
1880.967707   13.480640   0.054280
1880.977730   13.507470   0.051230
1880.987626   13.494050   0.040540
1880.997175   13.483100   0.039270
1881.007352   13.491890   0.041030
1881.017262   13.466500   0.043010
1881.027023   13.488410   0.046660
1881.036583   13.430640   0.044980
1881.046307   13.487420   0.046320
1881.055914   13.489420   0.050010
1881.065565   13.531860   0.049010
1881.075352   13.397550   0.054160
1881.085120   13.473240   0.052100
1881.094964   13.481640   0.049620
1881.104801   13.442270   0.043910
1881.114937   13.536070   0.060340
1881.124474   13.512390   0.051530
1881.134326   13.470850   0.055810
1881.143810   13.460740   0.040830
1881.153419   13.480510   0.058260
1881.163015   13.497040   0.047690
1881.171357   13.480310   0.042630
1881.180981   13.484800   0.044500
1881.190627   13.467450   0.036860
1881.200550   13.462980   0.039790
1881.210473   13.496820   0.043610
1881.220305   13.506850   0.045260
1881.230199   13.453520   0.043480
1881.239668   13.470010   0.046270
1881.249328   13.493930   0.045500
1881.258917   13.503250   0.045450
1881.268352   13.483970   0.049410
1881.278189   13.486950   0.046880
1881.288137   13.485690   0.050290
1881.297680   13.491650   0.048210
1881.307337   13.475850   0.048910
1881.317394   13.500370   0.052960
1881.327336   13.528710   0.055000
1881.337373   13.487610   0.052430
1881.347129   13.521990   0.054630
1881.357110   13.486550   0.054190
1881.366722   13.500370   0.057190
1881.376276   13.466170   0.055430
1881.386104   13.550660   0.060790
1881.395996   13.514230   0.058400
1881.405772   13.499320   0.067810
1881.414838   13.498310   0.064640
1881.422098   13.492410   0.062890
1881.428287   13.434790   0.062910
1881.433496   13.531790   0.068990
1881.437835   13.475280   0.065480
1881.441542   13.446920   0.071960
1881.445078   13.509390   0.071730
1881.447777   13.482490   0.067790
1881.449541   13.517110   0.069710
1881.451276   13.498930   0.075720
1881.453055   13.452850   0.069410
1881.455245   13.515500   0.101080
1881.512259   13.486590   0.076460
1881.522032   13.445500   0.072730
1881.531584   13.436350   0.084980
1881.541053   13.474490   0.080110
1881.550943   13.511180   0.073400
1881.560601   13.487120   0.084140
1881.570473   13.471350   0.087230
1881.580253   13.503040   0.093880
1881.589860   13.458620   0.082730
1881.599577   13.500350   0.099440
1881.609472   13.477940   0.085030
1881.619114   13.432420   0.105090
1881.628942   13.586180   0.120080
1881.638590   13.546170   0.120890
1881.648351   13.432850   0.130200
1881.845731   13.449140   0.119320
1881.855252   13.444660   0.101770
1881.864967   13.552260   0.092660
1881.874874   13.478030   0.073870
1881.884546   13.483060   0.064710
1881.894462   13.458340   0.050930
1881.904494   13.474400   0.048100
1881.914271   13.457010   0.045260
1881.923884   13.457610   0.048840
1881.933466   13.467540   0.044880
1881.943231   13.487820   0.045670
1881.952875   13.485420   0.059240
1881.962633   13.465300   0.061770
1881.972149   13.478370   0.071720
1881.982098   13.483780   0.072720
1881.992169   13.464110   0.093500
1882.001889   13.469830   0.105270
1882.011594   13.496720   0.107390
1882.021627   13.483600   0.078700
1882.031644   13.511050   0.092700
1882.041324   13.433970   0.086490
1882.051198   13.423100   0.081210
1882.060871   13.457920   0.077390
1882.080330   13.489360   0.061340
1882.090019   13.450590   0.103250
1882.109365   13.446280   0.113500
1882.121972   13.482660   0.093330
1882.131558   13.466300   0.072070
1882.141120   13.347150   0.112950
1882.150540   13.447160   0.078700
1882.160119   13.516440   0.083010
1882.169652   13.460760   0.084700
1882.179008   13.490290   0.080830
1882.188466   13.446620   0.092040
1882.198063   13.424340   0.104810
1882.227231   13.446870   0.074400
1882.236992   13.508690   0.071800
1882.295208   13.537290   0.074700
1882.334886   13.474790   0.122650
1882.374890   13.308930   0.071500
1883.093660   13.455910   0.059500
1883.103366   13.542620   0.095230
1883.112818   13.466710   0.063950
1883.122237   13.504770   0.072770
1883.131900   13.531040   0.064900
1883.141295   13.487300   0.068050
1883.150882   13.520830   0.070240
1883.160374   13.504280   0.076160
1883.169871   13.448280   0.083780
1883.179271   13.471350   0.066440
1883.188727   13.498180   0.063150
1883.198404   13.477500   0.081790
1883.207904   13.452420   0.074220
1883.217549   13.462560   0.079060
1883.226897   13.518810   0.082780
1883.236210   13.574410   0.090090
1883.245790   13.419630   0.082060
1883.255334   13.410390   0.087070
1883.265175   13.461580   0.085410
1883.274780   13.516010   0.092540
1883.284849   13.436320   0.109020
1883.294470   13.458020   0.090730
1883.304305   13.427560   0.111030
1883.323720   13.567990   0.120000
1883.333437   13.459580   0.095010
1883.343435   13.520060   0.111980
1883.353548   13.486690   0.112780
1883.363493   13.458460   0.092200
1883.373027   13.536070   0.108510
1883.382657   13.476090   0.109010
1883.392439   13.507740   0.102750
1883.402040   13.447880   0.101760
1883.410061   13.523620   0.115560
1883.417485   13.509860   0.116360
1883.423677   13.450280   0.104040
1883.428949   13.458710   0.107840
1883.433223   13.556650   0.092980
1883.436812   13.499630   0.107620
1883.440325   13.565090   0.118930
1883.443180   13.437270   0.106330
1883.444926   13.438960   0.110200
1883.446707   13.539690   0.104290
1883.448508   13.500980   0.109890
1883.507335   13.389490   0.110810
1883.517022   13.402430   0.111460
1883.526578   13.476720   0.106870
1883.536155   13.512450   0.103390
1883.545818   13.454380   0.127230
1883.555341   13.539950   0.129240
1883.565051   13.480650   0.127400
1883.574608   13.470170   0.119630
1883.584378   13.508670   0.104360
1883.593915   13.510920   0.113530
1884.099534   13.487400   0.029630
1884.109140   13.448170   0.029520
1884.118686   13.467000   0.035280
1884.128292   13.483710   0.050660
1884.137551   13.435220   0.031930
1884.147279   13.390440   0.036050
1884.156774   13.487250   0.039910
1884.166197   13.532580   0.050950
1884.175960   13.459560   0.047170
1884.185414   13.451080   0.043330
1884.194977   13.474990   0.035510
1884.204574   13.462840   0.037300
1884.214174   13.450540   0.032980
1884.223839   13.488510   0.040000
1884.233272   13.493520   0.055710
1884.242628   13.485660   0.031250
1884.252195   13.502430   0.031350
1884.261682   13.454780   0.030250
1884.271201   13.476800   0.030150
1884.280876   13.445290   0.033590
1884.290846   13.476540   0.037190
1884.300573   13.489450   0.039490
1884.310420   13.436870   0.063060
1884.320206   13.497290   0.039110
1884.330156   13.484020   0.038920
1884.340081   13.489180   0.048760
1884.350052   13.498590   0.046480
1884.360119   13.531870   0.038920
1884.370060   13.509090   0.040090
1884.379738   13.481440   0.042510
1884.389528   13.469690   0.032560
1884.399065   13.475760   0.035140
1884.406881   13.469080   0.042620
1884.413865   13.496300   0.047400
1884.420368   13.538960   0.056420
1884.425635   13.456200   0.036620
1884.430150   13.447790   0.033110
1884.433678   13.508040   0.037770
1884.437202   13.484210   0.037170
1884.439908   13.466220   0.038300
1884.441669   13.462960   0.038750
1884.443407   13.457660   0.037150
1884.445186   13.478570   0.034990
1884.446926   13.519670   0.051920
1884.503638   13.468920   0.033360
1884.513187   13.472970   0.040690
1884.522993   13.461460   0.035280
1884.532900   13.465690   0.030370
1884.542819   13.486360   0.039440
1884.552706   13.464530   0.046740
1884.562458   13.471040   0.028000
1884.572213   13.503110   0.036030
1884.581820   13.471220   0.028870
1884.591479   13.492600   0.038510
1884.600983   13.473880   0.033670
1884.610820   13.464880   0.031650
1884.886961   13.529190   0.087390
1884.896459   13.429220   0.090870
1884.906042   13.515730   0.083100
1884.915643   13.442040   0.104850
1884.925737   13.475100   0.071010
1884.935570   13.458290   0.103370
1884.945448   13.540560   0.084000
1884.954875   13.523750   0.092930
1884.964329   13.525200   0.087510
1884.974229   13.523760   0.106750
1884.983546   13.455400   0.102520
1884.993441   13.419550   0.089430
1885.003341   13.501160   0.082200
1885.013229   13.520600   0.097800
1885.022911   13.481880   0.100850
1885.032502   13.521730   0.120880
1885.042137   13.427140   0.108620
1885.052183   13.474080   0.116650
1885.061957   13.515300   0.118030
1885.071754   13.535130   0.104270
1885.090973   13.379480   0.121100
1885.100847   13.478660   0.101410
1885.278794   13.446910   0.075140
1885.288696   13.458180   0.099840
1885.298475   13.491480   0.083460
1885.308250   13.443840   0.083050
1885.318087   13.432110   0.080720
1885.328301   13.491120   0.105490
1885.347960   13.473090   0.099310
1885.357853   13.447150   0.070700
1885.404395   13.455700   0.122360
1885.431066   13.674510   0.105510
1885.442548   13.542740   0.097310
1885.444569   13.401120   0.064400
1885.531665   13.426490   0.069100
1885.551133   13.510900   0.116810
1885.560860   13.455600   0.116000
1885.570601   13.502760   0.120100
1885.590133   13.505060   0.106520
1886.072366   13.475190   0.026500
1886.082057   13.471040   0.030210
1886.091456   13.499340   0.030780
1886.101064   13.460000   0.031480
1886.110701   13.455360   0.030140
1886.120214   13.491050   0.031420
1886.129544   13.493240   0.032450
1886.138882   13.474030   0.033620
1886.148233   13.482370   0.033200
1886.157943   13.483420   0.034770
1886.167550   13.442060   0.039550
1886.177101   13.480560   0.040550
1886.186997   13.481430   0.040250
1886.196609   13.515900   0.043310
1886.206153   13.484090   0.048760
1886.215757   13.476880   0.051220
1886.225422   13.506130   0.067500
1886.234829   13.466110   0.063680
1886.244630   13.424410   0.069540
1886.254426   13.461170   0.051100
1886.263771   13.466020   0.039680
1886.273578   13.538610   0.073670
1886.283270   13.490220   0.039840
1886.293134   13.452990   0.042670
1886.303115   13.493230   0.048820
1886.312914   13.457550   0.045900
1886.322818   13.492290   0.045750
1886.332859   13.491630   0.046040
1886.342543   13.491720   0.044810
1886.352534   13.469840   0.043950
1886.362281   13.458820   0.048070
1886.372003   13.495670   0.052760
1886.381496   13.520410   0.051180
1886.391198   13.505950   0.053430
1886.399994   13.454630   0.059600
1886.408171   13.453580   0.062010
1886.414363   13.422550   0.073040
1886.419581   13.430410   0.077510
1886.423873   13.404170   0.070800
1886.427459   13.481480   0.068260
1886.431086   13.469710   0.070800
1886.433748   13.524350   0.076420
1886.435540   13.438920   0.082750
1886.437293   13.468630   0.072650
1886.439058   13.498390   0.072540
1886.441348   13.450610   0.142010
