1863.169882   14.646350   0.113180
1863.179028   14.628860   0.120980
1863.188111   14.643310   0.134070
1863.197263   14.620310   0.126500
1863.206453   14.657890   0.124040
1863.224639   14.541440   0.075100
1863.252052   14.533390   0.129210
1863.260978   14.612840   0.129340
1863.269921   14.494270   0.069300
1863.279305   14.664280   0.110980
1863.288341   14.593300   0.125350
1863.297662   14.636580   0.118240
1863.306748   14.620360   0.136460
1863.315822   14.661860   0.108830
1863.325261   14.592830   0.130350
1863.334632   14.590300   0.104170
1863.344416   14.672870   0.108120
1863.353962   14.662050   0.132810
1863.363511   14.623540   0.117800
1863.372640   14.673060   0.111900
1863.381795   14.653750   0.113350
1863.391577   14.658160   0.119560
1863.400670   14.648920   0.122840
1863.410157   14.633020   0.123930
1863.419261   14.666800   0.074300
1864.122118   14.689100   0.086880
1864.131216   14.643260   0.122030
1864.140349   14.688150   0.114680
1864.149328   14.630540   0.106500
1864.158727   14.702390   0.102410
1864.168077   14.686320   0.126080
1864.177441   14.648230   0.122280
1864.186471   14.675700   0.101250
1864.195786   14.636540   0.124060
1864.204761   14.662860   0.107110
1864.213956   14.644440   0.106950
1864.223275   14.600740   0.102140
1864.232312   14.654670   0.122480
1864.241734   14.678730   0.121480
1864.250994   14.606920   0.103740
1864.260292   14.709560   0.128430
1864.269452   14.629960   0.107630
1864.278712   14.677120   0.126240
1864.288040   14.769570   0.137020
1864.297228   14.712410   0.123690
1864.306786   14.722710   0.129820
1864.315982   14.651470   0.124700
1864.325240   14.618720   0.129330
1864.334830   14.566930   0.119150
1865.102924   14.536240   0.103040
1865.112265   14.627820   0.122620
1865.180915   14.659770   0.098770
1865.189934   14.660990   0.078130
1865.199137   14.709990   0.097550
1865.208040   14.629140   0.075840
1865.217207   14.657290   0.114680
1865.226382   14.722510   0.111930
1865.235932   14.631490   0.112670
1865.245886   14.607990   0.115240
1865.255783   14.610030   0.116530
1865.285892   14.655880   0.120340
1865.295973   14.606170   0.120820
1865.306185   14.597170   0.119300
1865.316145   14.645690   0.122730
1865.326150   14.537000   0.120650
1865.336276   14.430960   0.068600
1865.356675   14.700740   0.074900
1866.165339   14.619630   0.081600
1866.174723   14.616710   0.083200
1866.184057   14.596560   0.079750
1866.193410   14.667310   0.085910
1866.202706   14.634100   0.087740
1866.212035   14.674730   0.088130
1866.221409   14.654540   0.088290
1866.230791   14.635120   0.087800
1866.240551   14.631740   0.083190
1866.250004   14.654670   0.085010
1866.259354   14.602730   0.092160
1867.193045   14.679900   0.059160
1867.202355   14.598650   0.061060
1867.211516   14.634190   0.061840
1867.220585   14.640490   0.067290
1867.230131   14.655160   0.070920
1867.239707   14.653910   0.072240
1867.249230   14.588830   0.063240
1867.258785   14.636160   0.068250
1867.268385   14.669380   0.072190
1867.277702   14.612570   0.073270
1867.287153   14.693240   0.072980
1867.296854   14.626060   0.073550
1867.306121   14.614830   0.076560
1867.315500   14.637620   0.076960
1867.325094   14.650110   0.077940
1867.334502   14.635490   0.083150
1867.344482   14.655320   0.087070
1867.354030   14.655060   0.085540
1867.363492   14.624660   0.095450
1867.372735   14.652580   0.086890
1867.382212   14.667240   0.091740
1867.391671   14.678130   0.100040
1867.401392   14.664140   0.097620
1867.410805   14.646050   0.091430
1867.420288   14.696500   0.114330
1867.429722   14.662530   0.119810
1867.439192   14.601250   0.115970
1867.448574   14.694110   0.123950
1867.456168   14.635190   0.110130
1867.463320   14.684820   0.116450
1867.469421   14.637060   0.115420
1867.473939   14.700600   0.092610
1867.478291   14.673060   0.092750
1867.481655   14.602300   0.092180
1867.484335   14.704210   0.101020
1867.486951   14.636040   0.095810
1867.488639   14.599920   0.100260
1867.490315   14.678380   0.105450
1867.492002   14.607500   0.098220
1867.493724   14.652490   0.098800
1868.197661   14.649840   0.114190
1868.207123   14.707120   0.117090
1868.216342   14.585550   0.066500
1870.219778   14.617710   0.070210
1870.229270   14.600730   0.061990
1870.238762   14.676060   0.090800
1870.248135   14.609540   0.076160
1870.257691   14.659420   0.089110
1870.267266   14.632240   0.086420
1870.276950   14.657620   0.088440
1870.286498   14.622830   0.089030
1870.295849   14.602910   0.085160
1870.305565   14.638740   0.094200
1870.315197   14.680200   0.101810
1870.325274   14.704830   0.108900
1870.335174   14.659530   0.098090
1870.344892   14.622090   0.108310
1870.354573   14.623280   0.119220
1871.136689   14.601890   0.090850
1871.146179   14.639810   0.086330
1871.155384   14.630440   0.086350
1871.164955   14.653900   0.099860
1871.174269   14.707960   0.096130
1871.183469   14.659350   0.101500
1871.192872   14.640930   0.095560
1871.202392   14.605620   0.096570
1871.211865   14.709340   0.114730
1871.221273   14.604710   0.110780
1871.230922   14.670330   0.104310
1871.240394   14.652590   0.100320
1871.250018   14.624050   0.105780
1871.259511   14.642680   0.101420
1871.269122   14.572510   0.098680
1871.278903   14.591130   0.095020
1871.288648   14.727220   0.111740
1871.298226   14.706540   0.104660
1871.307789   14.647350   0.112070
1871.317562   14.629860   0.113750
1871.327342   14.686210   0.120020
1871.337079   14.663910   0.099920
1871.346802   14.722430   0.107130
1871.356495   14.733720   0.125910
1871.366277   14.608960   0.132270
1871.375944   14.659770   0.107690
1872.324463   14.629700   0.102260
1872.334315   14.615530   0.106850
1872.344041   14.616360   0.103920
1872.353623   14.571600   0.103570
1872.363427   14.586530   0.100170
1872.373279   14.601370   0.096430
1872.383099   14.624080   0.100950
1872.392766   14.684710   0.103230
1872.402203   14.644580   0.103180
1872.412032   14.741840   0.116170
1872.421585   14.689460   0.111380
1872.431130   14.655810   0.122410
1872.439874   14.697060   0.123600
1872.447517   14.718260   0.121890
1872.454162   14.710640   0.126710
1872.459603   14.656050   0.128280
1872.463750   14.685350   0.077000
1872.467639   14.636120   0.108930
1872.470496   14.644720   0.133160
1872.473151   14.591090   0.107340
1872.474857   14.659020   0.076600
1872.476541   14.619440   0.114300
1872.478523   14.692380   0.076200
1872.480304   14.648760   0.106720
1873.229437   14.585380   0.112560
1873.238826   14.613330   0.118770
1873.248403   14.672020   0.121030
1873.258009   14.637220   0.116800
1873.267456   14.539180   0.114360
1873.276959   14.596070   0.120580
1873.286788   14.667970   0.124650
1873.296275   14.700280   0.126910
1873.315549   14.589310   0.098220
1873.441163   14.636150   0.080400
1873.446891   14.571540   0.078600
1873.474437   14.566400   0.080000
1874.032527   14.570590   0.077480
1874.041923   14.623210   0.081430
1874.051714   14.622500   0.084400
1874.061193   14.685720   0.084930
1874.070741   14.611460   0.087730
1874.080230   14.611550   0.088310
1874.089638   14.653600   0.090270
1874.098984   14.657860   0.090220
1874.108441   14.564060   0.081160
1874.117749   14.599800   0.085600
1874.127103   14.630340   0.088870
1874.136654   14.628700   0.091120
1874.145982   14.591740   0.089770
1874.155173   14.647920   0.098180
1874.164605   14.636620   0.111260
1874.174153   14.633530   0.125840
1876.992585   14.557430   0.077240
1877.002277   14.644990   0.089050
1877.012009   14.676030   0.093190
1877.021623   14.622690   0.090070
1877.031340   14.563190   0.093340
1877.041094   14.657570   0.098410
1877.050632   14.602490   0.081380
1877.060512   14.649400   0.088680
1877.070280   14.681100   0.094200
1877.080037   14.663150   0.090580
1877.089835   14.630800   0.091810
1877.099542   14.661380   0.095700
1877.109324   14.752870   0.113680
1877.119234   14.623850   0.108650
1877.128562   14.666990   0.103380
1877.137988   14.538980   0.093170
1877.157081   14.648560   0.104750
1877.166514   14.624310   0.103610
1877.175811   14.592380   0.098240
1877.185180   14.703280   0.109250
1877.194638   14.689390   0.108820
1877.204359   14.635220   0.101910
1877.213829   14.599320   0.097760
1877.223290   14.661370   0.102830
1877.232928   14.640420   0.101400
1877.242583   14.568400   0.104550
1877.252102   14.691660   0.112410
1877.261424   14.642400   0.108610
1877.271317   14.754700   0.107670
1877.280810   14.658730   0.096240
1877.290913   14.677930   0.111960
1877.300860   14.623380   0.084750
1877.310552   14.604740   0.104970
1877.320329   14.709870   0.108600
1877.330019   14.683650   0.104590
1877.339609   14.667660   0.093290
1877.349339   14.580320   0.108030
1877.359563   14.629810   0.098960
1877.369289   14.638880   0.109970
1877.379166   14.623950   0.104750
1877.389122   14.665160   0.090330
1877.408265   14.693900   0.100780
1877.417610   14.642730   0.118050
1877.426444   14.735320   0.113280
1877.433416   14.646270   0.120230
1877.439502   14.643380   0.099140
1877.444578   14.722710   0.125550
1877.449101   14.669730   0.114160
1877.452776   14.546880   0.070600
1877.456119   14.663080   0.118600
1877.458826   14.642240   0.112220
1877.460660   14.629610   0.113980
1877.462441   14.697360   0.122150
1877.464144   14.644600   0.113530
1877.465872   14.750790   0.127950
1877.956588   14.628310   0.069600
1877.966360   14.690810   0.124770
1877.975795   14.616770   0.095150
1877.985575   14.648670   0.084350
1877.995071   14.580620   0.076780
1878.004964   14.648690   0.078820
1878.014335   14.591400   0.082170
1878.023915   14.605090   0.069370
1878.033403   14.653070   0.077200
1878.042881   14.601010   0.074200
1878.052477   14.677650   0.090460
1878.062202   14.659850   0.080720
1878.072038   14.624170   0.083850
1878.081838   14.651370   0.089670
1878.091595   14.680370   0.085640
1878.101204   14.657310   0.080250
1878.111056   14.635500   0.082080
1878.120475   14.672210   0.085630
1878.129972   14.639940   0.098420
1878.139452   14.686200   0.109030
1878.167692   14.609580   0.095560
1878.177309   14.617140   0.087410
1878.186872   14.627400   0.118170
1878.196273   14.628720   0.116780
1878.206054   14.689500   0.133740
1878.215986   14.703160   0.077700
1878.225710   14.650000   0.077600
1878.235117   14.614280   0.120310
1878.244657   14.643590   0.123670
1878.254352   14.668030   0.133430
1878.263984   14.550480   0.075700
1878.950209   14.722780   0.072000
1878.960985   14.682090   0.122130
1878.971663   14.646290   0.115370
1878.982256   14.691110   0.118400
1878.992862   14.672420   0.109650
1879.003349   14.713600   0.125310
1879.014056   14.631630   0.121090
1879.024781   14.622460   0.119480
1879.035326   14.559130   0.103510
1879.046338   14.650800   0.133660
1879.056998   14.630080   0.128230
1879.067120   14.634890   0.132500
1879.077625   14.589900   0.077600
1879.087957   14.504220   0.072800
1879.924232   14.655240   0.108970
1879.933937   14.606120   0.104940
1879.943742   14.686780   0.099410
1879.953255   14.575780   0.090300
1879.962965   14.692960   0.082030
1879.972299   14.686130   0.084430
1879.982133   14.684080   0.087030
1879.991480   14.640740   0.088330
1880.001350   14.677290   0.093170
1880.010995   14.606920   0.099400
1880.020489   14.618660   0.102800
1880.030167   14.635720   0.102660
1880.040004   14.634090   0.097820
1880.050020   14.710930   0.102670
1880.059700   14.665200   0.103610
1880.069635   14.660800   0.101190
1880.079469   14.683620   0.106530
1880.089000   14.653670   0.104420
1880.098524   14.706580   0.109120
1880.108072   14.710560   0.115200
1880.117530   14.662590   0.106890
1880.127140   14.635990   0.107870
1880.200091   14.566470   0.112130
1880.219355   14.663940   0.094940
1880.229324   14.660590   0.113400
1880.238989   14.673380   0.112860
1880.248836   14.665430   0.114260
1880.258298   14.586570   0.111510
1880.267686   14.637480   0.116750
1880.277275   14.536950   0.115030
1880.306613   14.679410   0.120950
1880.369120   14.630730   0.111950
1880.987626   14.698000   0.109840
1880.997175   14.625080   0.100770
1881.007352   14.627050   0.103530
1881.017262   14.685890   0.107480
1881.027023   14.609480   0.108510
1881.036583   14.579860   0.102600
1881.046307   14.641820   0.109640
1881.055991   14.631430   0.090370
1881.065565   14.606580   0.106010
1881.075352   14.573270   0.108730
1881.085120   14.618760   0.107490
1881.094964   14.688180   0.114890
1881.104801   14.603260   0.103300
1881.124397   14.572890   0.087050
1881.134326   14.585880   0.111760
1881.143810   14.641270   0.099480
1881.163015   14.604160   0.117310
1881.171357   14.661620   0.106990
1881.180981   14.563840   0.108900
1881.190627   14.632460   0.096780
1881.200550   14.612000   0.100380
1881.210473   14.693880   0.113320
1881.220305   14.583330   0.114840
1881.230199   14.654610   0.109560
1881.239668   14.720640   0.119960
1881.249328   14.684910   0.116240
1881.258917   14.591840   0.112430
1881.268352   14.615490   0.114570
1881.278189   14.604890   0.114680
1881.288137   14.619730   0.117140
1881.297680   14.640460   0.117960
1881.307337   14.696900   0.126510
1881.317394   14.700280   0.125720
1881.327336   14.685650   0.133870
1881.337373   14.514860   0.122090
1881.347129   14.605670   0.106280
1881.357110   14.527890   0.074300
1881.366798   14.668910   0.104810
1881.376276   14.650180   0.134740
1881.894462   14.624060   0.069300
1881.904494   14.703380   0.119690
1881.914271   14.640760   0.116080
1881.923884   14.700560   0.119290
1881.933466   14.604540   0.110920
1881.943231   14.650360   0.120790
1884.099534   14.635430   0.080960
1884.109140   14.654780   0.079280
1884.118686   14.682140   0.097840
1884.128292   14.701440   0.056200
1884.137551   14.587520   0.088100
1884.147279   14.603820   0.097750
1884.156774   14.624890   0.100870
1884.166044   14.789900   0.061600
1884.175960   14.634330   0.119420
1884.185414   14.633310   0.102140
1884.194977   14.682120   0.091870
1884.204574   14.646140   0.097430
1884.214174   14.660690   0.094560
1884.223839   14.736540   0.101970
1884.233425   14.646840   0.066100
1884.242628   14.615270   0.082620
1884.252195   14.569090   0.079020
1884.261682   14.654310   0.082440
1884.271201   14.645720   0.084930
1884.280876   14.627710   0.089280
1884.290846   14.644070   0.098310
1884.300573   14.608520   0.102530
1884.320206   14.650360   0.103180
1884.330156   14.657970   0.103070
1884.340081   14.693290   0.114620
1884.350052   14.715650   0.117040
1884.360119   14.561300   0.098710
1884.370060   14.651130   0.100430
1884.379738   14.715530   0.110980
1884.389528   14.608630   0.087180
1884.399065   14.624010   0.092320
1884.406881   14.628590   0.108550
1884.413865   14.638970   0.116270
1884.425635   14.634120   0.101460
1884.430150   14.662780   0.088220
1884.433678   14.661610   0.096660
1884.437202   14.670180   0.100020
1884.439908   14.662810   0.102320
1884.441669   14.632990   0.099610
1884.443407   14.616670   0.097770
1884.445186   14.649450   0.093080
1884.447079   14.630660   0.059900
1884.503638   14.623280   0.088820
1884.513187   14.702040   0.105450
1884.522993   14.658970   0.090550
1884.532900   14.568850   0.080900
1884.542819   14.657550   0.099960
1884.552782   14.620480   0.050300
1884.562458   14.606790   0.073140
1884.572213   14.670660   0.092630
1884.581820   14.637710   0.077850
1884.591479   14.651730   0.099320
1884.600983   14.639870   0.083390
1884.610820   14.664180   0.084820
1886.072366   14.630800   0.073350
1886.082057   14.660380   0.075310
1886.091456   14.615520   0.081290
1886.101064   14.659290   0.084880
1886.110701   14.620120   0.082420
1886.120214   14.645500   0.084450
1886.129544   14.660260   0.090870
1886.138882   14.636950   0.091910
1886.148233   14.647920   0.087250
1886.157943   14.658090   0.092350
1886.167550   14.628500   0.101050
1886.177101   14.664760   0.104110
1886.186997   14.670370   0.108890
1886.196609   14.669250   0.110820
1886.206153   14.715150   0.123270
1886.215757   14.627400   0.127080
1886.254349   14.679730   0.098370
1886.263771   14.647730   0.105000
1886.283270   14.661190   0.101300
1886.293134   14.642590   0.109350
1886.303115   14.596230   0.115740
1886.312914   14.724190   0.116570
1886.322818   14.668710   0.120470
1886.332859   14.689430   0.116390
1886.342543   14.638280   0.112000
1886.352534   14.605120   0.109360
1886.362281   14.654540   0.119410
1886.372003   14.647070   0.120160
1886.381573   14.650150   0.093750
