1863.169882   14.776310   0.107670
1863.179028   14.732140   0.122080
1863.188034   14.746330   0.110670
1863.197263   14.755420   0.124460
1863.206453   14.738620   0.120320
1863.215592   14.652400   0.110250
1863.224333   14.632230   0.073500
1863.242873   14.602270   0.078600
1863.251898   14.657150   0.072100
1863.260978   14.673890   0.124840
1863.279153   14.680110   0.109390
1863.288341   14.747120   0.125210
1863.297662   14.775150   0.113850
1863.306748   14.645930   0.128500
1863.315898   14.761170   0.131210
1863.325261   14.755720   0.132430
1863.334632   14.618330   0.073600
1863.344492   14.734260   0.107760
1863.353809   14.696970   0.073100
1863.363511   14.738860   0.118400
1863.372640   14.800620   0.117050
1863.381795   14.792070   0.110990
1863.391577   14.792780   0.123800
1863.400670   14.753160   0.125290
1863.410157   14.762920   0.133060
1863.419415   14.695240   0.103820
1863.428882   14.645820   0.080500
1864.122118   14.689870   0.092970
1864.131216   14.717520   0.112590
1864.140349   14.739640   0.105250
1864.149328   14.714210   0.104970
1864.158727   14.719010   0.105540
1864.168077   14.754870   0.125470
1864.177441   14.679080   0.119460
1864.186471   14.824110   0.101920
1864.195786   14.801140   0.124190
1864.204761   14.785470   0.115540
1864.213956   14.709640   0.103760
1864.223275   14.735040   0.107400
1864.232312   14.822020   0.134660
1864.241734   14.774690   0.117570
1864.250994   14.738280   0.093720
1864.260292   14.861720   0.130390
1864.269452   14.803120   0.104500
1864.278712   14.777770   0.127550
1864.287963   14.808670   0.111510
1864.297228   14.768840   0.124350
1864.306786   14.819640   0.127220
1864.315982   14.649350   0.101470
1864.325240   14.708720   0.123750
1864.334830   14.758530   0.122760
1865.102924   14.660990   0.101450
1865.112189   14.694690   0.102460
1865.180915   14.744200   0.099840
1865.189934   14.749730   0.077040
1865.199137   14.726280   0.094240
1865.208040   14.670590   0.074630
1865.217207   14.704830   0.113810
1865.226382   14.713870   0.108310
1865.235932   14.708130   0.120210
1865.245886   14.765490   0.123730
1865.255783   14.799740   0.124780
1865.275697   14.733630   0.105510
1865.285892   14.773060   0.125730
1865.295973   14.723740   0.076200
1865.306261   14.808780   0.108190
1865.316145   14.779790   0.128520
1865.326227   14.744000   0.107010
1866.165339   14.747410   0.080140
1866.174723   14.737080   0.079220
1866.184057   14.762650   0.082720
1866.193410   14.738270   0.083310
1866.202706   14.732800   0.082090
1866.212035   14.718770   0.077980
1866.221409   14.755310   0.086150
1866.230791   14.690330   0.082200
1866.240551   14.777050   0.084240
1866.250004   14.742990   0.085220
1866.259354   14.808380   0.094730
1867.193045   14.703310   0.056650
1867.202355   14.709370   0.059420
1867.211516   14.747520   0.059390
1867.220585   14.709640   0.069070
1867.230131   14.728280   0.068350
1867.239707   14.721380   0.063240
1867.249230   14.682480   0.060460
1867.258785   14.703730   0.067850
1867.268385   14.712330   0.067100
1867.277702   14.727150   0.069200
1867.287153   14.720170   0.069610
1867.296854   14.703180   0.072180
1867.306121   14.746490   0.073500
1867.315500   14.725020   0.072790
1867.325094   14.751310   0.079810
1867.334502   14.776130   0.085220
1867.344482   14.782400   0.082610
1867.354030   14.784990   0.085820
1867.363492   14.694450   0.099700
1867.372735   14.727730   0.086210
1867.382212   14.752530   0.093550
1867.391671   14.671560   0.099400
1867.401392   14.781240   0.099880
1867.410805   14.712750   0.091100
1867.420288   14.717830   0.114670
1867.429722   14.764070   0.124330
1867.439192   14.807510   0.116890
1867.448574   14.842150   0.130920
1867.456168   14.576110   0.104270
1867.463320   14.776210   0.117320
1867.469421   14.754450   0.118180
1867.473939   14.803160   0.102020
1867.478291   14.785410   0.084950
1867.481655   14.766380   0.085240
1867.484335   14.734410   0.102600
1867.486951   14.776240   0.098290
1867.488639   14.681970   0.100380
1867.490315   14.733630   0.106860
1867.492002   14.758650   0.100240
1867.493724   14.795960   0.098730
1868.197661   14.779240   0.115570
1868.207123   14.683180   0.112320
1868.225986   14.646730   0.129570
1870.219778   14.713560   0.077850
1870.229270   14.669920   0.075200
1870.238762   14.732080   0.084600
1870.248135   14.708340   0.080170
1870.257691   14.746530   0.083450
1870.267266   14.750080   0.088940
1870.276950   14.725750   0.081460
1870.286498   14.738850   0.089010
1870.295849   14.747040   0.082270
1870.305565   14.751500   0.090330
1870.315197   14.741300   0.103110
1870.325274   14.829440   0.113250
1870.335174   14.733830   0.097870
1870.344892   14.723770   0.102270
1870.354573   14.783760   0.126770
1871.136689   14.807440   0.095120
1871.146179   14.761790   0.087680
1871.155384   14.799150   0.086550
1871.164955   14.851110   0.104730
1871.174269   14.773200   0.099090
1871.183469   14.739950   0.103480
1871.192872   14.753880   0.096210
1871.202392   14.714350   0.099400
1871.211865   14.718880   0.118190
1871.221273   14.717780   0.118900
1871.230922   14.715840   0.103700
1871.240394   14.746830   0.102330
1871.250018   14.718120   0.103270
1871.259511   14.777880   0.105270
1871.269122   14.682030   0.102820
1871.278903   14.665060   0.100060
1871.288648   14.838060   0.110600
1871.298226   14.748250   0.103890
1871.307789   14.765830   0.113420
1871.317562   14.697000   0.110340
1871.327342   14.645450   0.111640
1871.337155   14.639700   0.095630
1871.346802   14.684520   0.100290
1871.356495   14.812010   0.128280
1871.366354   14.669120   0.106620
1871.375867   14.696150   0.109610
1871.385961   14.645600   0.075000
1872.324463   14.812890   0.108720
1872.334315   14.736010   0.108200
1872.344041   14.694620   0.104210
1872.353623   14.776900   0.109530
1872.363427   14.757990   0.109440
1872.373279   14.772030   0.100070
1872.383099   14.775410   0.104950
1872.392766   14.737000   0.099460
1872.402203   14.729320   0.105870
1872.412032   14.764960   0.112030
1872.421585   14.762530   0.112180
1872.431130   14.740060   0.121140
1872.439874   14.813380   0.121420
1872.447517   14.855470   0.124270
1872.454162   14.788920   0.122290
1872.459679   14.747160   0.107630
1872.463903   14.762070   0.135390
1872.467716   14.783580   0.132460
1872.470343   14.600390   0.073900
1872.473075   14.727380   0.102140
1872.474857   14.679780   0.132900
1872.476617   14.703560   0.126040
1872.478370   14.692010   0.126070
1872.480228   14.754400   0.131830
1873.238826   14.790600   0.120900
1873.248403   14.789220   0.122880
1873.258009   14.778120   0.123630
1873.276959   14.780720   0.130180
1873.286788   14.724290   0.123960
1873.296275   14.736060   0.125890
1873.305896   14.746310   0.071400
1873.384113   14.677360   0.071700
1873.440857   14.613600   0.076900
1873.457783   14.551590   0.074000
1874.032527   14.735260   0.080590
1874.041923   14.758210   0.078960
1874.051714   14.728990   0.084710
1874.061193   14.692430   0.076950
1874.070741   14.701150   0.089230
1874.080230   14.682010   0.082620
1874.089638   14.671220   0.086470
1874.098984   14.681330   0.087770
1874.108441   14.703970   0.084220
1874.117749   14.734750   0.091120
1874.127103   14.706530   0.089340
1874.136654   14.677330   0.094120
1874.145982   14.831950   0.096800
1874.155173   14.719940   0.100940
1874.164605   14.709550   0.107090
1874.174153   14.773360   0.129310
1876.992585   14.693420   0.086070
1877.002277   14.671010   0.085960
1877.012009   14.763130   0.099170
1877.021623   14.749480   0.090590
1877.031340   14.673510   0.095740
1877.041094   14.744570   0.097500
1877.050632   14.697530   0.085570
1877.060512   14.687800   0.087410
1877.070280   14.702520   0.090860
1877.080037   14.705440   0.090960
1877.089835   14.749540   0.088380
1877.099542   14.756700   0.086890
1877.109324   14.769170   0.113300
1877.119234   14.578210   0.103950
1877.128562   14.722570   0.103390
1877.137988   14.791740   0.104440
1877.157081   14.931020   0.121440
1877.166514   14.643370   0.104730
1877.175811   14.714910   0.098970
1877.185180   14.824630   0.117200
1877.194638   14.627320   0.100060
1877.204359   14.721540   0.101380
1877.213829   14.767860   0.100810
1877.223290   14.802430   0.105560
1877.232928   14.698780   0.100110
1877.242583   14.820190   0.118950
1877.252102   14.775410   0.113600
1877.261424   14.688720   0.106650
1877.271317   14.841920   0.108690
1877.280810   14.783650   0.091700
1877.290913   14.735740   0.106700
1877.300784   14.787930   0.093300
1877.310552   14.713750   0.102140
1877.320329   14.732780   0.112150
1877.330019   14.671700   0.104110
1877.339609   14.743530   0.094090
1877.349339   14.756440   0.114830
1877.359563   14.746600   0.096670
1877.369289   14.707200   0.108670
1877.379166   14.798290   0.110370
1877.389199   14.662140   0.110300
1877.408188   14.716160   0.066100
1877.417610   14.728160   0.120890
1877.426444   14.775350   0.109370
1877.433416   14.766530   0.126980
1877.439426   14.660570   0.121790
1877.444578   14.670890   0.103940
1877.449101   14.716620   0.114460
1877.452776   14.728080   0.073500
1877.456119   14.807180   0.120430
1877.458826   14.760640   0.114370
1877.460660   14.758290   0.120020
1877.462441   14.714010   0.116840
1877.464144   14.747710   0.121330
1877.465872   14.709670   0.122430
1877.528623   14.740550   0.111160
1877.966360   14.749400   0.125850
1877.975795   14.759290   0.088070
1877.985575   14.726370   0.077770
1877.995071   14.730880   0.077110
1878.004964   14.724950   0.079350
1878.014335   14.729110   0.085730
1878.023915   14.757250   0.073120
1878.033403   14.761990   0.080450
1878.042881   14.747640   0.075290
1878.052477   14.694220   0.082340
1878.062202   14.721370   0.081350
1878.072038   14.732960   0.080810
1878.081838   14.743350   0.089000
1878.091595   14.684200   0.079110
1878.101204   14.741750   0.080170
1878.111056   14.683410   0.089470
1878.120475   14.659660   0.083050
1878.129972   14.751470   0.098940
1878.139452   14.687400   0.107530
1878.167692   14.665260   0.094980
1878.177309   14.749960   0.090890
1878.186872   14.756250   0.127310
1878.196273   14.815530   0.126260
1878.206054   14.748070   0.129360
1878.235117   14.778250   0.128060
1878.244657   14.806530   0.132400
1878.254353   14.727730   0.102670
1878.273617   14.622330   0.078200
1878.950133   14.755430   0.104400
1878.960908   14.670240   0.098700
1878.971663   14.809080   0.119650
1878.982256   14.778430   0.118130
1878.992862   14.785790   0.110120
1879.003349   14.743890   0.119240
1879.014056   14.798680   0.121820
1879.024781   14.841910   0.124190
1879.035326   14.719340   0.109330
1879.046185   14.697970   0.071600
1879.056845   14.710760   0.077900
1879.067120   14.720060   0.110740
1879.077625   14.717740   0.071500
1879.087804   14.700760   0.134180
1879.924385   14.809530   0.070100
1879.933937   14.869120   0.120390
1879.943742   14.781210   0.098130
1879.953255   14.777210   0.096150
1879.962965   14.743700   0.081300
1879.972299   14.782580   0.082470
1879.982133   14.753950   0.086870
1879.991480   14.694630   0.085390
1880.001350   14.750990   0.094350
1880.010995   14.755980   0.105430
1880.020489   14.806230   0.106100
1880.030167   14.753090   0.106990
1880.040004   14.693870   0.099620
1880.050020   14.719710   0.103780
1880.059700   14.765320   0.106580
1880.069635   14.715170   0.101680
1880.079469   14.779190   0.111700
1880.089000   14.808030   0.113280
1880.098524   14.721030   0.113640
1880.108072   14.785130   0.125500
1880.117530   14.787800   0.106670
1880.127140   14.683790   0.106810
1880.200091   14.834540   0.118350
1880.219355   14.806650   0.102830
1880.229324   14.713670   0.116130
1880.238989   14.732090   0.113870
1880.248836   14.791770   0.112120
1880.258298   14.774410   0.115680
1880.267686   14.714630   0.123300
1880.277275   14.658760   0.123570
1880.306613   14.733500   0.125320
1880.369120   14.688320   0.119620
1880.987626   14.776090   0.106570
1880.997175   14.835710   0.105200
1881.007352   14.864860   0.114910
1881.017262   14.744460   0.112790
1881.027023   14.720590   0.113130
1881.036583   14.764680   0.113190
1881.046307   14.653940   0.113340
1881.055913   14.793000   0.096450
1881.065565   14.796370   0.114200
1881.075506   14.717650   0.067700
1881.085120   14.706250   0.064300
1881.094964   14.736630   0.118930
1881.104801   14.732380   0.106250
1881.124397   14.758450   0.095930
1881.134479   14.636790   0.069100
1881.143810   14.767070   0.104510
1881.153266   14.760310   0.071600
1881.163015   14.660710   0.116930
1881.171357   14.776610   0.110960
1881.180981   14.623350   0.116150
1881.190627   14.715360   0.089270
1881.200550   14.725200   0.098540
1881.210473   14.702260   0.105300
1881.220305   14.725330   0.119180
1881.230199   14.784800   0.118230
1881.239668   14.729790   0.116470
1881.249328   14.780010   0.118970
1881.258917   14.690030   0.115930
1881.268352   14.744620   0.127180
1881.278189   14.626480   0.110550
1881.288137   14.675040   0.118820
1881.297680   14.730050   0.124660
1881.307337   14.743990   0.127380
1881.317393   14.724970   0.105870
1881.327260   14.680140   0.104620
1881.337373   14.696250   0.130780
1881.347129   14.729150   0.112940
1881.357110   14.635940   0.127370
1881.366722   14.663110   0.129670
1881.376276   14.697540   0.075800
1881.904417   14.728840   0.101000
1881.914271   14.790850   0.120320
1881.923884   14.887570   0.134210
1881.933466   14.727020   0.115780
1881.943231   14.675160   0.108730
1882.080330   14.576130   0.075100
1883.112664   14.579640   0.066800
1884.099534   14.809610   0.082350
1884.109140   14.740780   0.077430
1884.118686   14.798160   0.099080
1884.137551   14.748550   0.086960
1884.147279   14.734210   0.101280
1884.156774   14.759420   0.109030
1884.175960   14.809260   0.125960
1884.185414   14.833510   0.114830
1884.194977   14.792230   0.088830
1884.204574   14.804620   0.104950
1884.233425   14.790550   0.073600
1884.242628   14.743750   0.075150
1884.252195   14.718240   0.081060
1884.261682   14.709860   0.084910
1884.280876   14.748330   0.090650
1884.290846   14.693840   0.093830
1884.300573   14.662260   0.103790
1884.320206   14.760900   0.101810
1884.330156   14.698070   0.104110
1884.340081   14.801410   0.124230
1884.350052   14.760570   0.123140
1884.360119   14.750460   0.104850
1884.370060   14.734040   0.100870
1884.379738   14.739330   0.107970
1884.389528   14.723900   0.087100
1884.399065   14.703600   0.089660
1884.406881   14.719430   0.114360
1884.413865   14.692710   0.123000
1884.420522   14.810200   0.064900
1884.425635   14.756350   0.101560
1884.430150   14.732340   0.093530
1884.433678   14.728680   0.095500
1884.437202   14.760480   0.104830
1884.439908   14.771230   0.108500
1884.441669   14.807000   0.110380
1884.443407   14.736580   0.102330
1884.445186   14.719770   0.096460
1884.447079   14.672730   0.062600
1884.503638   14.698880   0.090310
1884.513187   14.742420   0.106220
1884.522993   14.673340   0.089850
1884.532900   14.699140   0.084930
1884.542819   14.607600   0.095610
1884.552782   14.770980   0.053600
1884.562458   14.746820   0.078560
1884.572213   14.712680   0.091260
1884.581820   14.761350   0.082300
1884.591479   14.745840   0.100240
1884.600983   14.742720   0.091190
1884.610820   14.738750   0.082520
1886.072366   14.725080   0.068280
1886.082057   14.690020   0.075600
1886.091456   14.775650   0.082240
1886.101064   14.691520   0.077120
1886.110701   14.670870   0.075440
1886.120214   14.735150   0.074620
1886.129544   14.736890   0.085060
1886.138882   14.734090   0.082670
1886.148233   14.778170   0.086750
1886.157943   14.730830   0.085150
1886.167550   14.730040   0.100150
1886.177101   14.753750   0.095330
1886.186997   14.665380   0.100810
1886.196609   14.753910   0.110510
1886.206230   14.755820   0.101140
1886.215757   14.709420   0.127010
1886.254426   14.775440   0.123520
1886.263771   14.779250   0.110670
1886.283270   14.780820   0.100580
1886.293134   14.785710   0.111150
1886.303115   14.712690   0.120900
1886.312914   14.722590   0.115820
1886.322818   14.769290   0.122700
1886.332859   14.741460   0.122730
1886.342543   14.769220   0.116460
1886.352534   14.764730   0.117180
1886.362281   14.793990   0.126180
1886.372003   14.722850   0.128160
1886.381419   14.728340   0.106150
