1863.169882   13.494160   0.041760
1863.179028   13.473100   0.047120
1863.188111   13.480830   0.051100
1863.197263   13.498860   0.050700
1863.206453   13.507860   0.047350
1863.215516   13.547740   0.057420
1863.224486   13.556900   0.058030
1863.233708   13.572420   0.057080
1863.243026   13.574780   0.061610
1863.252052   13.561510   0.055770
1863.260978   13.546110   0.051710
1863.270074   13.561600   0.060740
1863.279229   13.557400   0.052730
1863.288341   13.522300   0.049040
1863.297662   13.517670   0.048060
1863.306748   13.451750   0.054890
1863.315898   13.480320   0.051970
1863.325261   13.501000   0.052580
1863.334632   13.468210   0.053480
1863.344416   13.493290   0.054460
1863.353962   13.511030   0.051530
1863.363511   13.487100   0.047370
1863.372640   13.491150   0.043560
1863.381795   13.495740   0.044530
1863.391577   13.503710   0.045440
1863.400670   13.496650   0.051520
1863.410157   13.488240   0.048590
1863.419415   13.516920   0.051890
1863.428728   13.444800   0.057390
1863.438171   13.458100   0.059140
1863.447725   13.468710   0.064030
1863.457038   13.517330   0.072730
1863.464667   13.475820   0.085680
1863.471563   13.462330   0.089270
1863.477686   13.481640   0.084530
1863.482900   13.490730   0.086550
1863.487037   13.537790   0.094310
1863.490505   13.499600   0.089670
1863.494064   13.474020   0.085980
1863.496621   13.528050   0.087620
1863.498272   13.520320   0.089460
1863.500087   13.466990   0.092270
1863.501889   13.576360   0.096780
1863.503937   13.511790   0.131350
1864.122118   13.506560   0.035400
1864.131216   13.517200   0.047880
1864.140349   13.514440   0.041220
1864.149328   13.479870   0.043520
1864.158727   13.483720   0.038240
1864.168077   13.513370   0.050760
1864.177441   13.504730   0.049570
1864.186471   13.496890   0.037530
1864.195786   13.522910   0.047750
1864.204761   13.481160   0.041400
1864.213956   13.522720   0.040110
1864.223275   13.505650   0.040290
1864.232312   13.521530   0.050000
1864.241734   13.493070   0.046080
1864.250994   13.492190   0.040610
1864.260292   13.526170   0.048100
1864.269452   13.503310   0.042100
1864.278712   13.472420   0.047290
1864.288040   13.476670   0.050490
1864.297228   13.476550   0.049540
1864.306786   13.510040   0.048990
1864.315982   13.457190   0.050330
1864.325240   13.495750   0.051790
1864.334830   13.445520   0.049720
1864.344223   13.453230   0.067780
1864.353629   13.467260   0.061530
1864.362884   13.422620   0.068810
1864.372284   13.497060   0.078900
1864.381718   13.485860   0.073380
1864.391386   13.506560   0.060190
1864.401175   13.460650   0.077720
1864.410777   13.477000   0.072370
1864.420158   13.498650   0.070510
1864.429378   13.495090   0.081320
1864.438639   13.504150   0.091950
1864.448098   13.567170   0.105090
1864.457409   13.444250   0.104090
1864.465120   13.414540   0.098760
1864.472313   13.538110   0.114900
1864.477494   13.420570   0.116150
1864.494623   13.454520   0.067900
1865.081649   13.490130   0.057840
1865.090914   13.472670   0.056690
1865.103000   13.500320   0.054510
1865.112265   13.523960   0.052170
1865.121493   13.492140   0.064580
1865.180915   13.481750   0.038120
1865.189934   13.491860   0.028580
1865.199137   13.466280   0.035400
1865.208040   13.479620   0.028230
1865.217207   13.511720   0.044680
1865.226382   13.523910   0.041720
1865.235932   13.511390   0.047700
1865.245886   13.502270   0.046710
1865.255783   13.502700   0.048760
1865.265750   13.472830   0.062850
1865.275774   13.499450   0.054960
1865.285892   13.495790   0.046060
1865.295973   13.517690   0.053440
1865.306185   13.517060   0.048680
1865.316145   13.479970   0.049960
1865.326150   13.481180   0.054330
1865.336276   13.530650   0.066530
1865.346577   13.523730   0.057750
1865.356675   13.467220   0.055900
1865.366659   13.454320   0.061470
1865.376904   13.490270   0.060840
1865.387088   13.525310   0.064060
1865.397153   13.449140   0.066070
1865.407149   13.524220   0.060800
1865.417333   13.493180   0.059050
1865.427630   13.500890   0.060070
1865.437669   13.455200   0.062340
1865.448171   13.549500   0.078340
1865.457324   13.448320   0.084500
1865.465615   13.535420   0.095240
1865.471988   13.471930   0.111340
1865.477591   13.569450   0.122300
1865.482335   13.498530   0.108940
1865.486236   13.511800   0.095970
1865.489785   13.497650   0.110080
1865.492667   13.482440   0.102140
1865.494427   13.512070   0.105010
1865.496283   13.493630   0.098970
1865.498459   13.475210   0.144080
1866.165339   13.496020   0.031880
1866.174723   13.484530   0.032050
1866.184057   13.507960   0.032510
1866.193410   13.493710   0.033550
1866.202706   13.521180   0.034410
1866.212035   13.493610   0.035410
1866.221409   13.475140   0.035060
1866.230791   13.505840   0.035050
1866.240551   13.492890   0.034530
1866.250004   13.486430   0.034870
1866.259354   13.484450   0.035220
1867.193045   13.478420   0.023330
1867.202355   13.487670   0.024650
1867.211516   13.485710   0.024770
1867.220585   13.481340   0.026100
1867.230131   13.505030   0.027140
1867.239707   13.497900   0.026790
1867.249230   13.498550   0.025810
1867.258785   13.492880   0.026850
1867.268385   13.481650   0.026740
1867.277702   13.478980   0.027660
1867.287153   13.499550   0.028070
1867.296854   13.495370   0.029220
1867.306121   13.486640   0.029500
1867.315500   13.471410   0.029500
1867.325094   13.493160   0.030370
1867.334502   13.495520   0.030770
1867.344482   13.485240   0.033090
1867.354030   13.504300   0.032510
1867.363492   13.492720   0.035980
1867.372735   13.514060   0.034970
1867.382212   13.502490   0.034010
1867.391671   13.502520   0.038020
1867.401392   13.494890   0.036270
1867.410805   13.512220   0.036820
1867.420288   13.480860   0.045270
1867.429722   13.490390   0.049050
1867.439192   13.505250   0.043600
1867.448574   13.521220   0.047950
1867.456168   13.475160   0.043370
1867.463320   13.520900   0.046320
1867.469421   13.499630   0.048270
1867.473939   13.499300   0.037020
1867.478291   13.498600   0.033520
1867.481655   13.508680   0.036720
1867.484335   13.541540   0.038080
1867.486951   13.497300   0.039120
1867.488639   13.491440   0.037690
1867.490315   13.485040   0.040640
1867.492002   13.475220   0.038610
1867.493724   13.500610   0.039440
1868.197661   13.483160   0.042630
1868.207123   13.481940   0.042320
1868.216495   13.507090   0.062300
1868.225986   13.479460   0.055380
1868.235811   13.524730   0.063580
1868.245580   13.490260   0.061380
1868.255259   13.481090   0.063570
1868.264815   13.485870   0.062030
1868.274279   13.524400   0.064910
1868.283929   13.507130   0.061950
1868.293537   13.498630   0.095550
1868.303104   13.437850   0.103090
1868.312574   13.467510   0.095340
1868.322548   13.464060   0.076980
1868.332083   13.480240   0.067360
1868.341800   13.456840   0.071170
1868.351466   13.491910   0.094290
1868.360837   13.525420   0.092400
1868.370659   13.468000   0.081150
1868.380417   13.463780   0.088770
1868.390367   13.498730   0.079750
1868.399668   13.528810   0.077040
1868.409622   13.544710   0.090180
1868.419023   13.533610   0.077670
1868.428372   13.466330   0.080810
1868.437691   13.567640   0.086260
1868.446987   13.505530   0.075990
1868.454949   13.483920   0.093510
1868.461066   13.504550   0.084350
1868.467151   13.583300   0.095930
1868.471440   13.444370   0.100990
1868.475710   13.472550   0.105580
1868.479187   13.553740   0.110040
1868.481793   13.516920   0.106750
1868.484421   13.539710   0.108070
1868.486154   13.497730   0.097590
1868.487874   13.489690   0.098810
1868.489584   13.465210   0.105440
1868.491280   13.439530   0.096160
1869.239644   13.509000   0.125760
1869.249104   13.474140   0.110700
1870.219778   13.517020   0.029450
1870.229270   13.509970   0.030670
1870.238762   13.514680   0.033810
1870.248135   13.478790   0.030780
1870.257691   13.473950   0.034610
1870.267266   13.525880   0.034240
1870.276950   13.484650   0.034310
1870.286498   13.512350   0.035800
1870.295849   13.504600   0.033150
1870.305565   13.498030   0.035640
1870.315197   13.503970   0.038970
1870.325274   13.533120   0.042620
1870.335174   13.496050   0.037240
1870.344892   13.473060   0.038810
1870.354573   13.496230   0.044640
1870.364104   13.519650   0.062000
1870.373603   13.515310   0.059350
1870.383600   13.451320   0.070500
1870.393243   13.476320   0.090670
1870.402820   13.428220   0.117390
1870.412418   13.516610   0.108180
1870.421719   13.444200   0.102140
1870.431056   13.475650   0.105920
1870.440608   13.546600   0.101170
1870.448993   13.479340   0.080740
1870.456179   13.470690   0.084950
1870.461756   13.497540   0.105040
1870.466593   13.429480   0.107890
1870.470290   13.485760   0.094310
1870.474034   13.533230   0.114620
1870.476825   13.451350   0.114970
1870.478569   13.507130   0.116980
1870.480341   13.499630   0.109780
1870.482097   13.514850   0.114440
1870.483838   13.488910   0.119820
1870.485602   13.478340   0.115710
1871.136689   13.483070   0.034080
1871.146179   13.510050   0.033270
1871.155384   13.492860   0.034040
1871.164955   13.497930   0.038030
1871.174269   13.492950   0.036390
1871.183469   13.509270   0.041240
1871.192872   13.470240   0.036800
1871.202392   13.477450   0.039580
1871.211865   13.501220   0.047900
1871.221273   13.539680   0.046960
1871.230922   13.514890   0.040550
1871.240394   13.466170   0.038580
1871.250018   13.516540   0.041110
1871.259511   13.525430   0.039320
1871.269122   13.494670   0.041020
1871.278903   13.504540   0.038410
1871.288648   13.521950   0.042080
1871.298226   13.484110   0.040720
1871.307789   13.469370   0.045730
1871.317562   13.469610   0.044460
1871.327342   13.498570   0.045270
1871.337079   13.489630   0.052430
1871.346725   13.459050   0.052440
1871.356495   13.530490   0.050990
1871.366277   13.508980   0.053700
1871.375944   13.485970   0.055370
1871.385808   13.476350   0.061320
1871.395399   13.478870   0.067400
1871.404882   13.496000   0.078490
1871.414342   13.463550   0.070400
1871.423744   13.522400   0.075540
1871.433495   13.521830   0.074440
1871.442405   13.463010   0.068150
1871.449670   13.480920   0.067640
1871.455742   13.438150   0.070090
1871.461191   13.499410   0.078250
1871.465968   13.511330   0.068720
1871.469461   13.553950   0.077490
1871.472994   13.422220   0.070780
1871.476070   13.461110   0.069490
1871.477819   13.462210   0.069000
1871.479709   13.480610   0.073470
1871.481438   13.446960   0.071640
1871.550420   13.462830   0.080590
1871.559908   13.474920   0.079850
1871.569340   13.477490   0.083060
1871.578835   13.417190   0.087570
1871.588334   13.484200   0.095620
1871.597765   13.447970   0.111960
1871.607264   13.502040   0.127730
1872.324463   13.483080   0.040070
1872.334315   13.486020   0.042450
1872.344041   13.502250   0.040250
1872.353623   13.510580   0.042360
1872.363427   13.496740   0.039120
1872.373279   13.477350   0.038800
1872.383099   13.504940   0.038250
1872.392766   13.546090   0.038620
1872.402203   13.546020   0.040140
1872.412032   13.536480   0.043500
1872.421585   13.538980   0.043920
1872.431130   13.578720   0.048740
1872.439874   13.506440   0.047300
1872.447517   13.550290   0.047200
1872.454162   13.542270   0.047910
1872.459603   13.555960   0.055730
1872.463903   13.507260   0.050880
1872.467716   13.527530   0.051500
1872.470496   13.525970   0.052750
1872.473152   13.506490   0.055370
1872.474857   13.502850   0.056870
1872.476617   13.527920   0.057080
1872.478370   13.459560   0.054750
1872.480228   13.504150   0.053050
1872.541663   13.488880   0.069010
1872.550845   13.458010   0.067740
1872.560270   13.520800   0.073200
1872.569828   13.500680   0.081670
1872.579400   13.492420   0.080610
1872.588943   13.518900   0.095970
1872.598488   13.547100   0.103500
1872.608116   13.485930   0.116460
1872.617527   13.438700   0.125770
1873.229437   13.483930   0.043420
1873.238826   13.482440   0.046780
1873.248403   13.497580   0.045150
1873.258009   13.503670   0.044870
1873.267456   13.459040   0.047470
1873.276959   13.484850   0.050040
1873.286788   13.477680   0.048010
1873.296275   13.483310   0.053010
1873.305896   13.491930   0.059770
1873.315548   13.439930   0.058330
1873.325684   13.481810   0.058930
1873.335346   13.465690   0.064340
1873.344943   13.469590   0.065370
1873.354842   13.476960   0.060840
1873.364691   13.507640   0.070230
1873.374458   13.472270   0.066340
1873.383960   13.446420   0.056720
1873.393856   13.477350   0.064720
1873.403606   13.520300   0.062350
1873.413210   13.462730   0.070840
1873.422938   13.529820   0.075620
1873.432622   13.558020   0.066120
1873.441010   13.532250   0.057770
1873.447044   13.476830   0.056120
1873.453044   13.497700   0.058240
1873.457630   13.481250   0.059060
1873.462090   13.477600   0.060530
1873.465548   13.543230   0.064000
1873.468261   13.490460   0.061080
1873.470892   13.461670   0.066660
1873.472722   13.547190   0.062930
1873.474437   13.501050   0.058000
1873.476606   13.486420   0.088240
1873.558467   13.678950   0.080200
1873.567773   13.590360   0.102110
1873.577026   13.416760   0.071700
1873.586745   13.420350   0.120620
1874.032527   13.484180   0.030020
1874.041923   13.498180   0.031940
1874.051714   13.478580   0.032680
1874.061193   13.498260   0.030260
1874.070741   13.507000   0.032910
1874.080230   13.483570   0.031700
1874.089638   13.510460   0.032510
1874.098984   13.482790   0.033630
1874.108441   13.485870   0.032100
1874.117749   13.506080   0.036360
1874.127103   13.522560   0.036170
1874.136654   13.499700   0.034410
1874.145982   13.489960   0.038000
1874.155173   13.494530   0.038110
1874.164605   13.483550   0.043310
1874.174153   13.492210   0.049560
1874.183645   13.466930   0.068350
1874.193053   13.478040   0.090780
1874.202515   13.498590   0.090390
1874.212179   13.453810   0.096940
1874.222051   13.534230   0.086260
1876.992585   13.564110   0.033160
1877.002277   13.539070   0.033910
1877.012009   13.514080   0.034820
1877.021623   13.511890   0.033340
1877.031340   13.524630   0.037910
1877.041094   13.539850   0.036290
1877.050632   13.476430   0.032230
1877.060512   13.489540   0.033810
1877.070280   13.467050   0.034560
1877.080037   13.501440   0.035510
1877.089835   13.491690   0.033400
1877.099542   13.492730   0.038080
1877.109324   13.471640   0.043970
1877.119234   13.447750   0.042490
1877.128562   13.484230   0.038340
1877.137988   13.479980   0.038090
1877.147449   13.491380   0.050660
1877.157081   13.464310   0.044410
1877.166514   13.514170   0.043490
1877.175811   13.458440   0.037440
1877.185180   13.531940   0.044940
1877.194638   13.497190   0.039830
1877.204359   13.484290   0.041690
1877.213829   13.465130   0.037250
1877.223290   13.501150   0.040080
1877.232928   13.487510   0.038050
1877.242583   13.471980   0.045210
1877.252102   13.507790   0.044590
1877.261424   13.531560   0.046770
1877.271317   13.526240   0.040570
1877.280810   13.495560   0.037020
1877.290913   13.475860   0.042460
1877.300784   13.479900   0.052310
1877.310552   13.492000   0.042190
1877.320329   13.499910   0.050000
1877.330019   13.475210   0.040940
1877.339609   13.495170   0.038140
1877.349339   13.456220   0.044340
1877.359563   13.462770   0.038860
1877.369289   13.476690   0.044230
1877.379166   13.482640   0.043560
1877.389199   13.474820   0.048340
1877.398748   13.515500   0.056300
1877.408188   13.446210   0.049900
1877.417610   13.473590   0.048390
1877.426444   13.480160   0.040650
1877.433416   13.467130   0.048750
1877.439426   13.493550   0.052180
1877.444578   13.488350   0.053550
1877.449101   13.519820   0.044350
1877.452622   13.526950   0.054520
1877.456119   13.472610   0.046890
1877.458826   13.490740   0.042980
1877.460660   13.491400   0.046950
1877.462441   13.509470   0.046780
1877.464144   13.510740   0.045030
1877.465872   13.499490   0.051500
1877.528546   13.429400   0.057500
1877.538164   13.451790   0.063040
1877.547759   13.470700   0.067550
1877.557433   13.502290   0.069360
1877.566991   13.445310   0.067700
1877.956588   13.491390   0.055530
1877.966360   13.484520   0.049210
1877.975795   13.477530   0.035810
1877.985575   13.515290   0.032580
1877.995071   13.498970   0.030660
1878.004964   13.502730   0.029960
1878.014335   13.474300   0.032330
1878.023915   13.460900   0.027250
1878.033403   13.501000   0.030540
1878.042881   13.502440   0.029500
1878.052477   13.504970   0.033370
1878.062202   13.492330   0.031990
1878.072038   13.495520   0.033430
1878.081838   13.503000   0.034880
1878.091595   13.499410   0.032280
1878.101204   13.483710   0.032970
1878.111056   13.486950   0.034530
1878.120475   13.472420   0.034240
1878.129972   13.484010   0.039130
1878.139452   13.485340   0.042150
1878.148981   13.455010   0.071200
1878.158293   13.436470   0.065910
1878.167692   13.497190   0.038460
1878.177309   13.468960   0.036490
1878.186872   13.491750   0.047180
1878.196273   13.489830   0.045210
1878.206054   13.503910   0.055280
1878.215833   13.490170   0.058880
1878.225557   13.535090   0.061160
1878.235117   13.501210   0.047800
1878.244657   13.504460   0.049230
1878.254352   13.456060   0.052580
1878.263984   13.529070   0.056650
1878.273770   13.480640   0.061780
1878.283405   13.504080   0.060440
1878.293079   13.490730   0.060000
1878.302887   13.484000   0.077190
1878.312828   13.477840   0.082650
1878.322431   13.527680   0.082020
1878.332111   13.511140   0.079550
1878.342126   13.444620   0.059290
1878.351898   13.445470   0.063350
1878.361666   13.489790   0.063620
1878.371492   13.535780   0.071080
1878.381052   13.487350   0.077610
1878.390611   13.471100   0.057950
1878.400035   13.515610   0.071020
1878.409523   13.494380   0.064720
1878.419250   13.493530   0.072170
1878.427139   13.447430   0.074850
1878.434256   13.493730   0.061330
1878.439734   13.464220   0.076570
1878.444205   13.475710   0.058050
1878.448555   13.484120   0.061990
1878.452064   13.490200   0.073750
1878.454721   13.447720   0.066040
1878.457364   13.501680   0.079930
1878.459093   13.469940   0.068400
1878.460943   13.502700   0.075350
1878.463071   13.491660   0.104500
1878.523903   13.580870   0.080240
1878.533380   13.539220   0.076480
1878.542754   13.563020   0.080260
1878.552323   13.575710   0.084770
1878.561961   13.487710   0.084620
1878.571685   13.552720   0.121810
1878.581234   13.528180   0.112930
1878.590773   13.483720   0.116070
1878.885725   13.519250   0.104360
1878.896259   13.505450   0.085280
1878.907039   13.450980   0.080040
1878.917827   13.547930   0.071630
1878.928636   13.482880   0.074100
1878.939490   13.513580   0.064360
1878.950209   13.475220   0.052210
1878.960985   13.517150   0.049580
1878.971663   13.521170   0.046330
1878.982256   13.463910   0.044890
1878.992862   13.493150   0.043720
1879.003349   13.506600   0.048740
1879.014056   13.482710   0.046950
1879.024781   13.518310   0.047810
1879.035403   13.530450   0.053420
1879.046338   13.485290   0.052500
1879.056998   13.486340   0.053330
1879.067120   13.494390   0.058670
1879.077625   13.500820   0.056120
1879.087804   13.491270   0.055220
1879.097718   13.483900   0.066130
1879.108265   13.459060   0.068260
1879.118677   13.506460   0.067400
1879.128946   13.433130   0.056200
1879.138951   13.523940   0.066650
1879.148948   13.509840   0.082530
1879.158753   13.532900   0.074200
1879.168681   13.545170   0.083690
1879.178653   13.501710   0.083100
1879.188532   13.508280   0.088440
1879.198658   13.515250   0.092530
1879.208980   13.502210   0.087700
1879.219105   13.476690   0.085140
1879.229198   13.496940   0.085970
1879.239692   13.490680   0.081640
1879.249885   13.462990   0.089000
1879.259988   13.434080   0.075560
1879.270136   13.574180   0.076450
1879.279998   13.514720   0.063390
1879.290256   13.485390   0.086760
1879.300321   13.474430   0.086600
1879.310604   13.535700   0.082130
1879.321132   13.467270   0.077450
1879.331398   13.474190   0.081510
1879.341711   13.533920   0.086860
1879.352168   13.494210   0.086160
1879.362239   13.520490   0.080420
1879.372581   13.464500   0.091030
1879.383093   13.512330   0.052600
1879.393142   13.454700   0.092440
1879.403333   13.485760   0.096130
1879.413718   13.393680   0.091060
1879.422210   13.487210   0.096940
1879.430290   13.469020   0.097320
1879.436891   13.513460   0.101680
1879.441492   13.509470   0.103420
1879.445571   13.478740   0.105610
1879.449457   13.505180   0.106230
1879.452342   13.588160   0.091920
1879.454194   13.507790   0.111080
1879.456055   13.578480   0.095550
1879.457932   13.480140   0.108300
1879.460282   13.482510   0.155590
1879.524043   13.459450   0.128460
1879.534069   13.536050   0.109460
1879.544100   13.395470   0.075100
1879.885631   13.577400   0.085740
1879.895153   13.421030   0.093770
1879.904711   13.459100   0.082130
1879.914664   13.499800   0.065520
1879.924232   13.526040   0.053890
1879.933937   13.490390   0.044590
1879.943742   13.462530   0.036270
1879.953255   13.484810   0.033600
1879.962965   13.496320   0.031540
1879.972299   13.516500   0.031060
1879.982133   13.510580   0.032040
1879.991480   13.494700   0.033380
1880.001350   13.505240   0.034760
1880.010995   13.470830   0.040700
1880.020489   13.505170   0.040820
1880.030167   13.514150   0.040710
1880.040004   13.562710   0.038110
1880.050020   13.559660   0.040260
1880.059700   13.526490   0.041080
1880.069635   13.512780   0.041130
1880.079469   13.521960   0.044870
1880.089000   13.525640   0.043210
1880.098524   13.525130   0.044210
1880.108072   13.509500   0.049360
1880.117530   13.453800   0.043800
1880.127140   13.496010   0.045330
1880.200091   13.520220   0.049220
1880.209735   13.494810   0.054220
1880.219431   13.461230   0.051130
1880.229324   13.499540   0.044420
1880.238989   13.484620   0.042670
1880.248836   13.458800   0.043730
1880.258298   13.477800   0.046270
1880.267686   13.517820   0.048120
1880.277275   13.478470   0.046490
1880.286928   13.494650   0.056560
1880.306613   13.460460   0.046960
1880.369120   13.500550   0.044410
1880.684731   13.494120   0.130440
1880.693935   13.563690   0.103730
1880.967707   13.502420   0.054040
1880.977730   13.527290   0.055110
1880.987626   13.463970   0.043650
1880.997175   13.484270   0.040770
1881.007352   13.463850   0.042260
1881.017262   13.479040   0.044100
1881.027023   13.498070   0.045500
1881.036583   13.487340   0.044930
1881.046307   13.475610   0.044690
1881.055914   13.462850   0.053410
1881.065565   13.512820   0.049980
1881.075352   13.495200   0.054840
1881.085120   13.468140   0.048340
1881.094964   13.453970   0.048340
1881.104801   13.479710   0.041110
1881.114937   13.478360   0.060770
1881.124474   13.476750   0.051220
1881.134326   13.497950   0.057510
1881.143810   13.570250   0.041690
1881.153419   13.505440   0.058130
1881.163015   13.502690   0.050410
1881.171357   13.473890   0.041580
1881.180981   13.472430   0.043250
1881.190627   13.520830   0.036610
1881.200550   13.503940   0.038800
1881.210473   13.451610   0.040820
1881.220305   13.489280   0.044410
1881.230199   13.546900   0.045840
1881.239668   13.480930   0.045970
1881.249328   13.486990   0.046450
1881.258841   13.477310   0.037050
1881.268352   13.475640   0.045910
1881.278189   13.494630   0.045610
1881.288137   13.482020   0.046780
1881.297680   13.501900   0.048160
1881.307337   13.467810   0.048390
1881.317394   13.487650   0.052060
1881.327336   13.488640   0.052500
1881.337373   13.496890   0.050410
1881.347129   13.491460   0.053510
1881.357110   13.469010   0.056900
1881.366722   13.533910   0.055570
1881.376276   13.495090   0.056760
1881.386104   13.454330   0.058810
1881.395996   13.500380   0.063070
1881.405772   13.465230   0.060540
1881.414838   13.491670   0.060080
1881.422098   13.460750   0.067950
1881.428287   13.468670   0.062880
1881.433496   13.430970   0.062010
1881.437835   13.454960   0.066220
1881.441542   13.461110   0.069300
1881.445078   13.477710   0.072600
1881.447777   13.473800   0.070380
1881.449541   13.450120   0.066970
1881.451276   13.507710   0.068480
1881.453055   13.463970   0.070420
1881.455245   13.475310   0.096220
1881.512259   13.453010   0.068550
1881.522032   13.518420   0.079560
1881.531584   13.524950   0.079450
1881.541053   13.631810   0.086990
1881.550943   13.499770   0.078850
1881.560601   13.485250   0.085200
1881.570473   13.564690   0.083450
1881.580253   13.521650   0.085000
1881.589860   13.555400   0.077790
1881.599577   13.512610   0.096770
1881.609472   13.521950   0.085340
1881.619114   13.586460   0.099520
1881.628942   13.480450   0.108970
1881.638590   13.470560   0.110410
1881.648351   13.512980   0.128930
1881.835921   13.460150   0.119910
1881.845731   13.535080   0.112650
1881.855252   13.434940   0.091460
1881.864967   13.499540   0.093640
1881.874874   13.452950   0.075000
1881.884546   13.462350   0.066900
1881.894462   13.484320   0.058310
1881.904494   13.485570   0.048280
1881.914271   13.500510   0.046380
1881.923884   13.495710   0.046910
1881.933466   13.499390   0.042790
1881.943231   13.482080   0.045790
1881.952875   13.486640   0.056700
1881.962633   13.496590   0.061430
1881.972149   13.508230   0.069630
1881.982098   13.446610   0.071150
1881.992169   13.460830   0.091340
1882.001889   13.500200   0.099960
1882.011594   13.614390   0.111870
1882.021627   13.480890   0.072230
1882.031644   13.543940   0.094080
1882.041324   13.514860   0.086640
1882.051198   13.451470   0.077840
1882.060871   13.528360   0.082940
1882.080330   13.489180   0.064090
1882.090019   13.550960   0.103110
1882.109365   13.471150   0.103200
1882.121972   13.532580   0.086250
1882.131558   13.447980   0.067740
1882.141120   13.499980   0.114730
1882.150540   13.518520   0.081550
1882.160119   13.494710   0.075100
1882.169652   13.489200   0.080810
1882.179008   13.494910   0.079320
1882.188466   13.481450   0.082030
1882.198063   13.476870   0.100960
1882.227308   13.505100   0.106270
1882.236839   13.502120   0.126110
1882.295514   13.357150   0.071700
1882.325032   13.609390   0.109840
1882.334886   13.451260   0.115220
1882.344842   13.415370   0.101010
1882.364587   13.464590   0.123910
1882.374737   13.458350   0.126080
1883.093660   13.538390   0.058610
1883.103366   13.510510   0.089230
1883.112818   13.509040   0.065520
1883.122237   13.504920   0.075130
1883.131900   13.501490   0.062530
1883.141295   13.496490   0.069020
1883.150882   13.531320   0.073690
1883.160374   13.468570   0.074970
1883.169871   13.612380   0.087550
1883.179271   13.525880   0.065160
1883.188727   13.477490   0.062750
1883.198404   13.505600   0.081810
1883.207904   13.533760   0.079170
1883.217549   13.537520   0.083710
1883.226897   13.461350   0.082020
1883.236210   13.465250   0.079320
1883.245790   13.508380   0.081910
1883.255334   13.478350   0.084650
1883.265175   13.524500   0.081820
1883.274780   13.569030   0.087080
1883.284849   13.485910   0.115730
1883.294394   13.518570   0.112550
1883.304305   13.461170   0.110450
1883.314234   13.436900   0.063800
1883.323720   13.511120   0.114620
1883.333437   13.508360   0.101990
1883.343435   13.465900   0.105360
1883.353548   13.440630   0.110130
1883.363493   13.490740   0.099370
1883.373027   13.504740   0.103870
1883.382657   13.478970   0.106410
1883.392439   13.448950   0.091010
1883.402040   13.413820   0.097010
1883.410061   13.476350   0.108590
1883.417485   13.524510   0.106250
1883.423677   13.495250   0.103010
1883.428949   13.445380   0.104300
1883.433223   13.594870   0.095180
1883.436812   13.566780   0.104760
1883.440325   13.554720   0.112500
1883.443180   13.483940   0.101500
1883.444926   13.494760   0.106780
1883.446707   13.455620   0.099350
1883.448508   13.482410   0.100060
1883.507335   13.472290   0.107410
1883.517022   13.536010   0.103630
1883.526655   13.462650   0.114200
1883.536232   13.467150   0.122100
1883.545818   13.450640   0.121680
1883.555341   13.465760   0.116920
1883.565051   13.485320   0.116080
1883.574608   13.554570   0.126980
1883.584302   13.473030   0.117930
1883.593915   13.455460   0.106540
1884.099534   13.513680   0.030970
1884.109140   13.484390   0.029040
1884.118686   13.478770   0.035220
1884.128292   13.496440   0.049140
1884.137551   13.481010   0.033240
1884.147279   13.494170   0.035820
1884.156774   13.486760   0.038980
1884.166197   13.533430   0.050160
1884.175960   13.530790   0.050130
1884.185414   13.513360   0.043210
1884.194977   13.488560   0.037020
1884.204574   13.495250   0.038760
1884.214174   13.477510   0.033570
1884.223839   13.499400   0.040550
1884.233272   13.503820   0.050390
1884.242628   13.495350   0.031220
1884.252195   13.490800   0.030840
1884.261682   13.484400   0.030720
1884.271201   13.488300   0.032410
1884.280876   13.507160   0.034290
1884.290846   13.472060   0.035580
1884.300573   13.475670   0.038570
1884.310420   13.505430   0.064760
1884.320206   13.478040   0.037990
1884.330156   13.528540   0.040430
1884.340081   13.495790   0.049210
1884.350052   13.502170   0.045010
1884.360119   13.489890   0.039570
1884.370060   13.488260   0.038190
1884.379738   13.513500   0.041370
1884.389528   13.484020   0.032800
1884.399065   13.499930   0.034950
1884.406881   13.463760   0.041820
1884.413865   13.500710   0.047450
1884.420368   13.521660   0.055720
1884.425635   13.489200   0.037650
1884.430150   13.494390   0.032980
1884.433678   13.484210   0.036840
1884.437202   13.500470   0.035820
1884.439908   13.499100   0.040670
1884.441669   13.509900   0.039760
1884.443407   13.508100   0.037710
1884.445186   13.484850   0.035860
1884.446926   13.504860   0.050490
1884.503638   13.480220   0.034320
1884.513187   13.503500   0.042420
1884.522993   13.481540   0.034540
1884.532900   13.493750   0.031420
1884.542819   13.483440   0.039870
1884.552706   13.487270   0.047250
1884.562458   13.475440   0.028090
1884.572213   13.500240   0.037460
1884.581820   13.490320   0.028350
1884.591479   13.449830   0.039040
1884.600983   13.491860   0.031760
1884.610820   13.522100   0.030430
1884.886961   13.474420   0.079320
1884.896459   13.435120   0.086060
1884.906042   13.513550   0.081560
1884.915643   13.523250   0.098400
1884.925737   13.466590   0.075230
1884.935570   13.563030   0.102370
1884.945448   13.452580   0.082520
1884.954875   13.470680   0.090180
1884.964329   13.555260   0.087830
1884.974229   13.516710   0.103950
1884.983546   13.510390   0.102660
1884.993441   13.494510   0.090330
1885.003341   13.445470   0.081710
1885.013229   13.481110   0.103110
1885.022911   13.457610   0.092180
1885.032502   13.537370   0.114310
1885.042137   13.524310   0.107120
1885.052183   13.545410   0.113030
1885.062033   13.530990   0.097180
1885.071678   13.442740   0.096590
1885.090896   13.567390   0.104880
1885.100847   13.515180   0.128490
1885.278794   13.483190   0.075840
1885.288696   13.536700   0.100550
1885.298475   13.515390   0.085990
1885.308250   13.517490   0.082010
1885.318087   13.451730   0.082870
1885.328301   13.477950   0.099160
1885.347960   13.509360   0.120510
1885.357776   13.538610   0.095880
1885.396446   13.340400   0.062400
1885.404395   13.461400   0.114880
1885.411445   13.450120   0.067300
1885.427308   13.394240   0.065800
1885.430989   13.430440   0.107000
1885.434714   13.533950   0.095760
1885.437509   13.505210   0.063000
1885.438939   13.649200   0.068400
1885.440779   13.449900   0.091030
1885.442624   13.565970   0.115060
1885.444416   13.626440   0.119060
1885.502228   13.490290   0.067200
1885.531436   13.377820   0.088490
1885.551133   13.505360   0.111950
1885.560860   13.472440   0.109670
1885.570601   13.636550   0.113820
1885.580389   13.209490   0.054200
1885.590133   13.517480   0.100150
1886.072366   13.478180   0.026340
1886.082057   13.482570   0.029500
1886.091456   13.487440   0.030320
1886.101064   13.474270   0.031010
1886.110701   13.467140   0.030200
1886.120214   13.507160   0.031120
1886.129544   13.500590   0.032160
1886.138882   13.501170   0.033160
1886.148233   13.545510   0.032460
1886.157943   13.528520   0.033490
1886.167550   13.547250   0.038950
1886.177101   13.546410   0.039400
1886.186997   13.548580   0.040240
1886.196609   13.564790   0.044390
1886.206153   13.536920   0.048960
1886.215757   13.528500   0.049080
1886.225422   13.498910   0.071650
1886.234829   13.453800   0.065610
1886.244630   13.460890   0.070420
1886.254426   13.485210   0.050710
1886.263771   13.495820   0.039480
1886.273578   13.462140   0.070050
1886.283270   13.478620   0.039500
1886.293134   13.506180   0.041250
1886.303115   13.443480   0.047920
1886.312914   13.484440   0.042640
1886.322818   13.542250   0.046220
1886.332859   13.475960   0.045970
1886.342543   13.481690   0.042840
1886.352534   13.517690   0.042210
1886.362281   13.462110   0.048800
1886.372003   13.440250   0.051450
1886.381496   13.442950   0.050530
1886.391198   13.486860   0.057800
1886.399994   13.537010   0.058850
1886.408171   13.512350   0.061430
1886.414363   13.492520   0.075540
1886.419581   13.489840   0.074570
1886.423873   13.526510   0.070510
1886.427459   13.471270   0.071260
1886.431086   13.513860   0.061490
1886.433748   13.461790   0.075220
1886.435540   13.500120   0.077700
1886.437293   13.489100   0.069820
1886.439058   13.484220   0.072500
1886.441348   13.522660   0.143040
