1863.169882   13.962130   0.066730
1863.179028   13.981850   0.073420
1863.188111   13.987300   0.083750
1863.197263   13.948410   0.081480
1863.206453   13.921450   0.074230
1863.215516   13.977310   0.096100
1863.224486   13.974070   0.090780
1863.233708   13.934800   0.093720
1863.243026   13.943710   0.098750
1863.252052   13.917570   0.089030
1863.260978   13.944320   0.082440
1863.270074   14.001330   0.094190
1863.279229   13.946990   0.078240
1863.288341   13.952300   0.078350
1863.297662   13.941570   0.073750
1863.306748   14.007900   0.077830
1863.315898   14.032010   0.087620
1863.325261   13.996890   0.076210
1863.334632   13.965620   0.088850
1863.344416   13.993090   0.083410
1863.353962   13.939320   0.086780
1863.363511   13.921730   0.069280
1863.372640   13.918550   0.067810
1863.381795   13.961610   0.070570
1863.391577   13.923540   0.073220
1863.400670   13.930250   0.078530
1863.410157   13.947570   0.077920
1863.419415   13.970470   0.085970
1863.428728   13.924940   0.090290
1863.438171   13.898840   0.086920
1863.447725   13.895590   0.098090
1863.457038   13.968640   0.108400
1863.464667   14.021100   0.098360
1863.471640   14.047500   0.107130
1863.477686   13.940170   0.120640
1863.482900   13.997660   0.121480
1863.487037   13.894100   0.095390
1863.490505   13.893610   0.118010
1863.493988   13.851330   0.094270
1863.496467   13.778150   0.064400
1863.498272   14.024040   0.126270
1863.500010   13.966450   0.106170
1863.502043   13.745300   0.067900
1863.503886   13.923000   0.161210
1864.122118   13.921410   0.054990
1864.131216   13.993700   0.073150
1864.140349   13.915040   0.062680
1864.149328   13.944720   0.063650
1864.158727   13.955230   0.061770
1864.168077   13.970020   0.081450
1864.177441   13.938140   0.076380
1864.186471   13.912860   0.056240
1864.195786   13.930010   0.074740
1864.204761   13.932470   0.064710
1864.213956   13.946230   0.059760
1864.223275   13.928400   0.061190
1864.232312   13.964130   0.069420
1864.241734   13.947040   0.076100
1864.250994   13.925660   0.061810
1864.260292   13.932060   0.076000
1864.269452   13.945860   0.061870
1864.278712   13.902670   0.079570
1864.288040   13.927530   0.078220
1864.297228   13.947340   0.073510
1864.306786   13.935940   0.077950
1864.315982   13.969690   0.073120
1864.325240   13.943780   0.077770
1864.334830   13.910700   0.074220
1864.344223   13.933630   0.105910
1864.353629   13.863040   0.094980
1864.362884   13.903410   0.106270
1864.372208   13.984600   0.101310
1864.381718   13.882250   0.110390
1864.391386   13.933890   0.095820
1864.401175   14.000330   0.123530
1864.410777   13.905030   0.106120
1864.420158   13.927370   0.108700
1864.429378   13.877860   0.114930
1864.438486   13.864540   0.067400
1865.081649   13.938650   0.088060
1865.090914   13.936000   0.088510
1865.103000   13.942440   0.079330
1865.112265   13.976330   0.081900
1865.121493   13.996330   0.099490
1865.180915   13.958050   0.056570
1865.189934   13.947920   0.045340
1865.199137   13.962860   0.059390
1865.208040   13.970950   0.042910
1865.217207   13.938630   0.065790
1865.226382   13.934430   0.065820
1865.235932   13.963210   0.072690
1865.245886   13.987300   0.073410
1865.255783   13.988740   0.073350
1865.265750   13.890800   0.094090
1865.275774   13.938940   0.077360
1865.285892   14.014540   0.073800
1865.295973   13.976160   0.080730
1865.306185   13.944590   0.076240
1865.316145   13.986360   0.075370
1865.326150   13.917540   0.082180
1865.336276   13.932330   0.100380
1865.346577   13.925020   0.090130
1865.356675   13.995570   0.089280
1865.366659   13.964870   0.097870
1865.376904   14.000980   0.095460
1865.387088   13.967980   0.094710
1865.397153   13.937460   0.097620
1865.407149   14.002610   0.097680
1865.417333   13.978920   0.087210
1865.427630   13.996740   0.098110
1865.437669   13.916410   0.093700
1865.448171   13.954640   0.112250
1865.457324   13.932250   0.114410
1865.465615   13.865860   0.097840
1865.496130   13.955220   0.074300
1866.165339   13.964990   0.046440
1866.174723   13.950120   0.045850
1866.184057   13.991700   0.049850
1866.193410   13.945390   0.048100
1866.202706   13.933660   0.054640
1866.212035   13.944720   0.052400
1866.221409   13.953480   0.052230
1866.230791   13.969320   0.050240
1866.240551   13.958480   0.051530
1866.250004   13.955890   0.053060
1866.259354   13.965120   0.052770
1867.193045   13.958900   0.034240
1867.202355   13.948800   0.035220
1867.211516   13.941910   0.035800
1867.220585   13.958310   0.040420
1867.230131   13.959850   0.039490
1867.239707   13.941300   0.039000
1867.249230   13.938790   0.038410
1867.258785   13.921370   0.039550
1867.268385   13.935780   0.038880
1867.277702   13.936260   0.041570
1867.287153   13.931310   0.040700
1867.296854   13.941480   0.042470
1867.306121   13.945150   0.041890
1867.315500   13.960550   0.041700
1867.325094   13.927540   0.041740
1867.334502   13.951530   0.046800
1867.344482   13.936260   0.047150
1867.354030   13.933150   0.045590
1867.363492   13.951410   0.057770
1867.372735   13.958410   0.050170
1867.382212   13.954830   0.051380
1867.391671   13.936390   0.059660
1867.401392   13.959130   0.054740
1867.410805   13.984180   0.054020
1867.420288   13.973910   0.067670
1867.429722   13.936520   0.074290
1867.439192   14.005930   0.071220
1867.448574   13.950020   0.070550
1867.456168   13.966260   0.061370
1867.463320   13.945030   0.065380
1867.469421   13.968180   0.066980
1867.473939   13.902740   0.053470
1867.478291   13.947630   0.053650
1867.481655   13.961500   0.053410
1867.484335   13.930940   0.058440
1867.486951   13.944000   0.057970
1867.488639   13.962550   0.056970
1867.490315   13.945980   0.059540
1867.492002   13.949420   0.061190
1867.493724   13.964120   0.056720
1868.197661   13.948980   0.069930
1868.207123   13.946930   0.068600
1868.216495   14.044850   0.090050
1868.225986   13.896270   0.081980
1868.235811   13.992140   0.095450
1868.245580   13.973330   0.091760
1868.255259   13.979040   0.095580
1868.264815   13.938820   0.092850
1868.274279   14.010400   0.106160
1868.283929   13.922120   0.093000
1868.293614   13.873300   0.093640
1868.303104   13.834950   0.070900
1868.322548   13.916590   0.107070
1868.332083   13.939980   0.104040
1868.341800   13.931570   0.113230
1868.351543   13.939810   0.104990
1868.360990   13.956650   0.075400
1868.370659   14.025710   0.130280
1868.380417   14.002910   0.128760
1868.390367   14.017990   0.123960
1868.399668   13.895470   0.118930
1868.409622   13.986200   0.108490
1868.419023   13.937160   0.120690
1868.428372   13.940880   0.123350
1868.437691   13.860750   0.101820
1868.446987   13.896770   0.125980
1868.454872   13.936660   0.105790
1868.460989   14.009810   0.114580
1868.467151   13.920580   0.105940
1868.471364   13.846140   0.105560
1870.219778   13.975500   0.042510
1870.229270   13.964530   0.043910
1870.238762   13.953460   0.049180
1870.248135   13.963580   0.048780
1870.257691   13.928460   0.051690
1870.267266   13.926810   0.052330
1870.276950   13.947620   0.053000
1870.286498   13.981900   0.054470
1870.295849   13.971140   0.047360
1870.305565   13.933210   0.055490
1870.315197   13.949460   0.060050
1870.325274   13.959450   0.063220
1870.335174   13.921300   0.058280
1870.344892   13.963630   0.064960
1870.354573   13.937200   0.069110
1870.364104   13.943550   0.097010
1870.373603   13.933050   0.092910
1870.383600   13.930960   0.107590
1870.393396   13.985330   0.067400
1870.440454   13.818870   0.068800
1870.448993   13.985350   0.103120
1870.456179   13.870520   0.116020
1871.136689   13.946650   0.055060
1871.146179   14.000520   0.051680
1871.155384   13.940160   0.048620
1871.164955   13.948000   0.057570
1871.174269   13.951980   0.055680
1871.183469   14.004920   0.061750
1871.192872   13.960070   0.055820
1871.202392   13.974100   0.058620
1871.211865   13.993800   0.067740
1871.221273   13.910100   0.070930
1871.230922   13.973360   0.061480
1871.240394   13.947020   0.057280
1871.250018   13.912340   0.062810
1871.259511   13.939040   0.060700
1871.269122   13.972970   0.062900
1871.278903   13.943600   0.059720
1871.288648   13.994720   0.067460
1871.298226   13.946310   0.065230
1871.307789   13.943730   0.067030
1871.317562   13.905540   0.066360
1871.327342   13.934210   0.071150
1871.337079   13.931110   0.080610
1871.346725   13.952440   0.084400
1871.356495   14.024440   0.080630
1871.366277   13.893500   0.086870
1871.375944   13.921120   0.080370
1871.385808   13.899090   0.093910
1871.395399   14.028150   0.103480
1871.404882   13.967390   0.113930
1871.414342   13.885750   0.110270
1871.423744   13.943160   0.112850
1871.433495   13.935780   0.113400
1871.442405   13.905330   0.100100
1871.449670   13.951370   0.106890
1871.455742   13.910090   0.106370
1871.461191   13.919530   0.119080
1871.465968   13.934950   0.111620
1871.469461   13.911540   0.110560
1871.472994   14.009270   0.119550
1871.476070   13.995250   0.110010
1871.477819   13.879010   0.105890
1871.479709   14.038840   0.112380
1871.481438   13.970720   0.109970
1871.550420   13.950580   0.113460
1871.559908   13.965050   0.118610
1871.569340   13.922720   0.124800
1871.578835   13.964590   0.129670
1872.324463   13.927820   0.064720
1872.334315   13.953110   0.063380
1872.344041   13.920180   0.059820
1872.353623   13.946340   0.065800
1872.363427   13.998780   0.063350
1872.373279   13.893150   0.061550
1872.383099   13.982610   0.061600
1872.392766   13.932300   0.058090
1872.402203   13.942890   0.065900
1872.412032   13.949050   0.068190
1872.421585   13.904430   0.069890
1872.431130   13.964360   0.075490
1872.439874   14.019060   0.077300
1872.447517   14.016050   0.068620
1872.454162   13.957920   0.076950
1872.459603   13.904010   0.083870
1872.463903   13.964530   0.086320
1872.467716   13.912640   0.086540
1872.470496   13.899560   0.078660
1872.473152   13.964640   0.088590
1872.474857   13.924270   0.084880
1872.476617   13.974190   0.084820
1872.478370   13.974740   0.090350
1872.480228   14.034500   0.084460
1872.541663   13.884990   0.102220
1872.550845   13.980640   0.111960
1872.560270   13.961110   0.111420
1872.569828   13.961060   0.122250
1872.579477   13.875160   0.096940
1872.589096   13.735460   0.071300
1873.229437   13.917460   0.065890
1873.238826   13.924830   0.071030
1873.248403   13.924910   0.070240
1873.258009   13.944750   0.070100
1873.267456   13.947180   0.070800
1873.276959   13.964350   0.078060
1873.286788   13.912560   0.075190
1873.296275   13.982300   0.078460
1873.305896   13.908560   0.083960
1873.315548   13.901660   0.082560
1873.325684   13.941660   0.087730
1873.335346   13.983570   0.095100
1873.344943   13.987170   0.096740
1873.354842   13.997200   0.093330
1873.364691   13.914490   0.095880
1873.374458   13.913080   0.095020
1873.383960   14.024910   0.089300
1873.393856   13.914040   0.092810
1873.403606   13.953230   0.099250
1873.413210   13.975210   0.106880
1873.422938   13.895660   0.102980
1873.432622   13.892640   0.095960
1873.441010   13.901290   0.088970
1873.447044   13.934580   0.088300
1873.453044   13.938470   0.088740
1873.457630   13.949630   0.095050
1873.462090   13.952260   0.085270
1873.465548   13.923660   0.092430
1873.468261   13.904370   0.090410
1873.470892   13.972630   0.101330
1873.472722   13.927100   0.099140
1873.474437   13.954900   0.090140
1873.476606   13.956430   0.135060
1874.032527   13.946360   0.042320
1874.041923   13.946880   0.045960
1874.051714   13.972380   0.047550
1874.061193   13.942360   0.046420
1874.070741   13.942130   0.048250
1874.080230   13.964700   0.051420
1874.089638   13.922630   0.047160
1874.098984   13.961750   0.051370
1874.108441   13.964870   0.049670
1874.117749   13.955640   0.050060
1874.127103   13.966100   0.053960
1874.136654   13.920430   0.051590
1874.145982   13.925630   0.054770
1874.155173   13.958870   0.055010
1874.164605   13.912580   0.065040
1874.174153   13.912570   0.077600
1874.183645   13.955160   0.102310
1874.193053   13.964060   0.121010
1874.202515   13.908600   0.123080
1874.222051   13.933480   0.126790
1876.992585   13.979420   0.047870
1877.002277   13.981850   0.048450
1877.012009   13.951220   0.054660
1877.021623   13.950580   0.051590
1877.031340   13.978220   0.057840
1877.041094   13.992760   0.057930
1877.050632   13.974770   0.049380
1877.060512   13.936410   0.053130
1877.070280   13.924290   0.048070
1877.080037   13.918370   0.049710
1877.089835   13.943630   0.054750
1877.099542   13.977020   0.054030
1877.109324   13.940720   0.068520
1877.119234   13.942150   0.066760
1877.128562   13.932120   0.059150
1877.137988   13.919430   0.059380
1877.147449   14.010730   0.072400
1877.157081   13.958980   0.067780
1877.166514   13.929000   0.063090
1877.175811   13.887710   0.059910
1877.185180   13.935410   0.066580
1877.194638   13.928960   0.060920
1877.204359   13.932020   0.058570
1877.213829   13.944710   0.056020
1877.223290   13.976790   0.059220
1877.232928   13.907670   0.061320
1877.242583   13.985850   0.066730
1877.252102   13.939250   0.067000
1877.261424   13.988570   0.065930
1877.271317   13.958620   0.058960
1877.280810   14.004370   0.053390
1877.290913   13.990310   0.064330
1877.300784   13.976960   0.072600
1877.310552   13.920400   0.059380
1877.320329   13.994990   0.071730
1877.330019   13.979270   0.060300
1877.339609   13.999300   0.060050
1877.349339   13.927900   0.062890
1877.359563   13.949570   0.057700
1877.369289   13.964640   0.065590
1877.379166   13.947120   0.062100
1877.389199   13.933030   0.071090
1877.398748   13.989090   0.082280
1877.408188   13.928630   0.076430
1877.417610   13.955340   0.073560
1877.426444   13.912180   0.063290
1877.433416   13.929090   0.073290
1877.439426   13.993510   0.082010
1877.444578   13.982460   0.076790
1877.449101   13.968480   0.066440
1877.452622   13.922190   0.080730
1877.456119   13.920050   0.067330
1877.458826   13.904550   0.071070
1877.460660   13.944200   0.069750
1877.462441   13.970450   0.075220
1877.464144   13.920920   0.068640
1877.465872   13.966370   0.074440
1877.528546   13.994130   0.097140
1877.538164   13.925340   0.088600
1877.547759   13.928200   0.096870
1877.557433   13.900340   0.105950
1877.566991   13.932450   0.105830
1877.956588   13.954590   0.084080
1877.966360   13.978870   0.077670
1877.975795   13.919880   0.052960
1877.985575   13.922990   0.048730
1877.995071   13.953300   0.044410
1878.004964   13.977130   0.045660
1878.014335   13.970760   0.049890
1878.023915   13.948190   0.042420
1878.033403   13.925460   0.043550
1878.042881   13.947400   0.042440
1878.052477   13.945870   0.051070
1878.062202   13.918080   0.045560
1878.072038   13.924490   0.047120
1878.081838   13.941420   0.052820
1878.091595   13.934070   0.047010
1878.101204   13.972680   0.048140
1878.111056   13.933730   0.052510
1878.120475   13.952640   0.052220
1878.129972   13.942350   0.059120
1878.139452   13.952820   0.071670
1878.148981   13.966140   0.115720
1878.158293   13.963790   0.105440
1878.167692   13.917980   0.060050
1878.177309   13.942480   0.056560
1878.186872   13.910790   0.073690
1878.196273   13.967640   0.069260
1878.206054   13.918700   0.080500
1878.215833   13.972860   0.095970
1878.225557   13.960680   0.096580
1878.235117   13.996490   0.077340
1878.244657   13.964120   0.079440
1878.254352   13.980150   0.085990
1878.263984   13.934090   0.094690
1878.273770   13.960500   0.092510
1878.283405   13.955430   0.100500
1878.293079   13.958820   0.096870
1878.302887   13.964990   0.122650
1878.312828   13.957470   0.125460
1878.322431   13.957400   0.120370
1878.332111   13.999640   0.131040
1878.342126   13.886450   0.089530
1878.351898   13.920540   0.101940
1878.361666   13.940360   0.101850
1878.371492   13.997070   0.106670
1878.381052   13.933970   0.109940
1878.390611   14.014720   0.085040
1878.400035   13.947820   0.108570
1878.409523   13.997650   0.105420
1878.419250   13.980380   0.114530
1878.427139   13.971360   0.115230
1878.434256   13.992490   0.090950
1878.439734   14.040260   0.115630
1878.444205   13.970490   0.091170
1878.448555   14.033030   0.090830
1878.452064   14.028310   0.115320
1878.454721   14.003860   0.112420
1878.457364   13.881340   0.104270
1878.459093   13.958680   0.110910
1878.460943   13.977580   0.111510
1878.463071   13.966850   0.157560
1878.523903   13.842730   0.109950
1878.533380   13.985610   0.118870
1878.542754   13.935600   0.113470
1878.552323   13.954490   0.118920
1878.561962   13.827770   0.100480
1878.896336   13.826900   0.090610
1878.907039   14.020780   0.119580
1878.917827   13.882390   0.112820
1878.928636   13.976440   0.115590
1878.939490   13.940000   0.104500
1878.950209   13.942760   0.083210
1878.960985   13.995390   0.079840
1878.971663   13.971200   0.071620
1878.982256   13.911880   0.072900
1878.992862   13.935970   0.065230
1879.003349   13.919490   0.072770
1879.014056   13.937330   0.074340
1879.024781   13.967780   0.071650
1879.035403   13.978080   0.085900
1879.046338   13.901690   0.088440
1879.056998   13.970900   0.091790
1879.067120   13.929590   0.092470
1879.077625   13.958990   0.093170
1879.087804   13.944400   0.094370
1879.097718   13.963400   0.102100
1879.108265   13.888800   0.107330
1879.118677   13.984970   0.120250
1879.128946   13.929840   0.096260
1879.138951   13.955370   0.107290
1879.148948   13.970100   0.125340
1879.158753   13.905780   0.121850
1879.168681   14.041270   0.131680
1879.178653   13.989620   0.128510
1879.188532   13.841810   0.121830
1879.198811   13.864160   0.071100
1879.209057   13.942790   0.102680
1879.219105   13.902100   0.103900
1879.229275   13.884060   0.106100
1879.239845   13.890640   0.075200
1879.250038   13.924630   0.074700
1879.259988   13.943410   0.127410
1879.270136   13.948580   0.103800
1879.279998   14.057220   0.108010
1879.290256   13.930470   0.106830
1879.300321   13.996170   0.127260
1879.310604   13.908330   0.127970
1879.321132   13.951020   0.128480
1879.331475   13.914980   0.101750
1879.341865   13.860900   0.071600
1879.352168   14.015340   0.107270
1879.362163   13.909960   0.103520
1879.372734   13.846800   0.072900
1879.383093   14.024110   0.079200
1879.403333   13.942220   0.080700
1879.904711   13.909760   0.056900
1879.914664   13.941440   0.091710
1879.924232   13.953710   0.080810
1879.933937   13.887330   0.069530
1879.943742   13.976490   0.053410
1879.953255   13.918660   0.050480
1879.962965   13.951720   0.047140
1879.972299   13.929670   0.047480
1879.982133   13.943930   0.047860
1879.991480   13.941120   0.048290
1880.001350   13.952860   0.052650
1880.010995   13.959400   0.063550
1880.020489   13.969350   0.061520
1880.030167   13.965690   0.063440
1880.040004   13.892750   0.061030
1880.050020   13.967240   0.061440
1880.059700   13.924260   0.059960
1880.069635   13.916750   0.064680
1880.079469   13.977870   0.066130
1880.089000   13.947710   0.064590
1880.098524   13.979020   0.068910
1880.108072   13.974330   0.072890
1880.117530   13.977310   0.065620
1880.200091   13.975750   0.075820
1880.209735   13.947770   0.077840
1880.219431   13.914720   0.073710
1880.229324   14.008950   0.068480
1880.238989   13.938330   0.066190
1880.267686   13.901370   0.069900
1880.277275   13.970800   0.071160
1880.286928   13.969260   0.087360
1880.306613   13.933070   0.074100
1880.369120   13.937810   0.071010
1880.967707   13.951970   0.080840
1880.977730   14.007580   0.080500
1880.987626   13.917570   0.066790
1880.997175   13.935690   0.061170
1881.007352   13.957000   0.065070
1881.017262   13.926860   0.064680
1881.027023   13.964050   0.068510
1881.036583   13.964370   0.067520
1881.046307   13.919450   0.070600
1881.055914   13.959580   0.077490
1881.065565   13.896210   0.071750
1881.075352   13.990020   0.085300
1881.085120   13.987390   0.077020
1881.094964   13.945250   0.073790
1881.104801   13.948120   0.063240
1881.114937   13.937630   0.085170
1881.124474   13.929920   0.081060
1881.134326   13.956310   0.083610
1881.143810   13.928510   0.058630
1881.153419   13.937830   0.082000
1881.163015   13.954600   0.077000
1881.171357   13.918080   0.062130
1881.180981   13.922020   0.066830
1881.190627   13.973920   0.055780
1881.200550   13.939690   0.060460
1881.210473   13.895260   0.060300
1881.220305   13.921150   0.070760
1881.230199   13.969150   0.072540
1881.239668   13.964520   0.072000
1881.249328   13.959760   0.071390
1881.258917   13.945260   0.072040
1881.268352   13.991120   0.081430
1881.278189   13.967870   0.075060
1881.288137   13.919170   0.073340
1881.297680   13.965960   0.075530
1881.307337   13.926300   0.081740
1881.317394   13.984320   0.079180
1881.327336   13.931490   0.076300
1881.337373   13.943110   0.085430
1881.347129   14.031600   0.089650
1881.357110   13.915920   0.082410
1881.366722   14.013040   0.090730
1881.376276   13.969300   0.091180
1881.386104   13.936350   0.099340
1881.395996   13.900780   0.098740
1881.405772   14.008750   0.101230
1881.414838   14.005710   0.102220
1881.422098   13.909370   0.102130
1881.428287   13.933350   0.104150
1881.433496   13.992520   0.102770
1881.437835   13.932470   0.105060
1881.441542   13.960490   0.112320
1881.445078   13.901780   0.108730
1881.447777   13.877880   0.104610
1881.449541   13.894050   0.104960
1881.451276   13.975600   0.109600
1881.453055   13.919730   0.103590
1881.455245   13.900170   0.151170
1881.512259   13.910840   0.113640
1881.522032   13.965240   0.118560
1881.531584   13.864140   0.116940
1881.541053   14.016280   0.126340
1881.550943   13.973200   0.127130
1881.560678   13.896140   0.100480
1881.570473   13.946860   0.126310
1881.580100   13.952490   0.074300
1881.589860   13.941240   0.130120
1881.609625   13.930650   0.076800
1881.865120   13.951070   0.069800
1881.874874   13.936760   0.122060
1881.884546   13.954370   0.103730
1881.894462   13.926020   0.086150
1881.904494   13.981230   0.084590
1881.914271   14.016660   0.075780
1881.923884   13.926540   0.079560
1881.933466   13.941840   0.068250
1881.943231   13.974390   0.073370
1881.952875   13.932820   0.095350
1881.962633   13.936290   0.101310
1881.972149   14.001740   0.108180
1881.982098   13.942730   0.111050
1881.992246   13.932080   0.104980
1882.021627   14.044060   0.124060
1882.041324   13.906680   0.117940
1882.051198   13.912730   0.117030
1882.060871   13.851800   0.111240
1882.080330   13.940940   0.094110
1882.122048   13.890280   0.094200
1882.131558   13.888790   0.105400
1882.150540   13.878720   0.112610
1882.160119   13.942370   0.114190
1882.169652   13.953230   0.123830
1882.179008   13.968500   0.116050
1882.188466   13.941380   0.070700
1883.093660   13.951010   0.090800
1883.112818   13.810240   0.088210
1883.122237   13.937600   0.112290
1883.131900   13.952540   0.089350
1883.141295   13.945370   0.100900
1883.150882   13.906490   0.105910
1883.160374   13.928250   0.113650
1883.169871   13.950640   0.112410
1883.179271   13.943580   0.092260
1883.188727   13.947350   0.088990
1883.198404   13.974730   0.110410
1883.207904   13.896350   0.114400
1883.217549   13.952770   0.115330
1883.226897   13.958630   0.121190
1883.236210   13.878860   0.115080
1883.245790   14.004450   0.116810
1883.255334   14.004340   0.121770
1883.265251   14.045940   0.101280
1883.274780   13.965670   0.125480
1884.099534   13.935980   0.043150
1884.109140   13.975670   0.043630
1884.118686   13.951400   0.055720
1884.128292   13.919260   0.067030
1884.137551   13.943620   0.051880
1884.147279   13.975810   0.058200
1884.156774   13.974070   0.057710
1884.166197   14.039000   0.076860
1884.175960   13.933320   0.069240
1884.185414   13.992420   0.064520
1884.194977   13.937160   0.050890
1884.204574   13.973330   0.058580
1884.214174   13.986840   0.050520
1884.223839   13.986690   0.061290
1884.233272   13.990420   0.083630
1884.242628   13.969720   0.046130
1884.252195   13.942630   0.042520
1884.261682   13.937660   0.042610
1884.271201   13.926470   0.046710
1884.280876   13.943180   0.048350
1884.290846   13.942210   0.052970
1884.300573   13.938060   0.058810
1884.310420   13.843510   0.084790
1884.320206   13.926800   0.056830
1884.330156   13.910080   0.055130
1884.340081   13.899990   0.072510
1884.350052   13.966920   0.067300
1884.360119   13.951430   0.058670
1884.370060   13.936900   0.056360
1884.379738   13.919950   0.063380
1884.389528   13.959800   0.049780
1884.399065   13.940850   0.056150
1884.406881   13.964890   0.063850
1884.413865   13.995720   0.073810
1884.420368   13.986550   0.080720
1884.425635   13.942060   0.057520
1884.430150   13.947040   0.050300
1884.433678   13.954470   0.059220
1884.437202   13.905840   0.056940
1884.439908   13.926040   0.057880
1884.441669   13.935650   0.059650
1884.443407   13.960800   0.058690
1884.445186   13.989430   0.055700
1884.446926   13.982350   0.073380
1884.503638   13.948750   0.052640
1884.513187   13.929890   0.062700
1884.522993   13.915680   0.051060
1884.532900   13.927510   0.047340
1884.542819   13.957970   0.059660
1884.552706   13.942470   0.066150
1884.562458   13.957550   0.040240
1884.572213   13.972650   0.054950
1884.581820   13.962750   0.047570
1884.591479   13.975030   0.059260
1884.600983   13.942790   0.051970
1884.610820   13.945240   0.046550
1884.886961   13.993170   0.122000
1884.896612   13.781280   0.064600
1884.906042   13.902670   0.113340
1884.925737   13.931830   0.110000
1884.945371   13.979930   0.090940
1884.954951   14.038130   0.097440
1884.964252   13.954260   0.094820
1884.993441   13.909080   0.099440
1885.003341   14.038360   0.129110
1885.013076   13.914130   0.070400
1885.022987   13.844020   0.110100
1885.278794   13.899040   0.111300
1885.298475   13.879110   0.107960
1885.308250   14.069230   0.118210
1885.318087   13.834620   0.112650
1886.072366   13.984560   0.041130
1886.082057   13.936740   0.044230
1886.091456   13.937740   0.047810
1886.101064   13.975800   0.047130
1886.110701   13.940180   0.046070
1886.120214   13.947690   0.045550
1886.129544   13.943640   0.049530
1886.138882   13.977000   0.049090
1886.148233   13.964390   0.046770
1886.157943   13.955500   0.053120
1886.167550   13.915510   0.057380
1886.177101   13.924620   0.057020
1886.186997   13.973970   0.057570
1886.196609   13.954920   0.063750
1886.206153   13.936350   0.069700
1886.215757   13.980380   0.077620
1886.225422   13.969420   0.109370
1886.234829   13.986080   0.109360
1886.244630   13.879570   0.098980
1886.254426   13.878150   0.075190
1886.263771   13.945110   0.059490
1886.273578   13.954140   0.110760
1886.283270   13.912860   0.061220
1886.293134   13.968800   0.061030
1886.303115   13.970560   0.069220
1886.312914   13.931080   0.062440
1886.322818   13.979970   0.071520
1886.332859   13.945980   0.069890
1886.342543   13.996060   0.069190
1886.352534   13.945620   0.068440
1886.362281   13.988170   0.072580
1886.372003   13.961400   0.078470
1886.381496   13.946920   0.075750
1886.391198   13.913100   0.088800
1886.399994   13.940910   0.085890
1886.408171   13.929310   0.084640
1886.414363   14.007920   0.112980
1886.419581   14.052540   0.117800
1886.423873   13.933780   0.098390
1886.427459   14.026950   0.102760
1886.431086   14.040730   0.104870
1886.433748   13.920080   0.108740
1886.435540   13.967930   0.110970
1886.437293   13.849200   0.096870
1886.439058   13.980730   0.108200
1886.440997   13.973240   0.103790
