1863.169882   12.150490   0.017090
1863.179028   12.136590   0.018480
1863.188111   12.136300   0.021190
1863.197263   12.135510   0.019520
1863.206453   12.151720   0.019050
1863.215516   12.142890   0.022630
1863.224486   12.144860   0.021830
1863.233708   12.153430   0.023100
1863.243026   12.148460   0.023390
1863.252052   12.147630   0.021030
1863.260978   12.145520   0.019800
1863.270074   12.148670   0.022460
1863.279229   12.147940   0.020210
1863.288341   12.143840   0.019630
1863.297662   12.149750   0.018130
1863.306748   12.136940   0.020320
1863.315898   12.146400   0.020730
1863.325261   12.142640   0.020500
1863.334632   12.144320   0.020900
1863.344416   12.161090   0.021130
1863.353962   12.156280   0.020320
1863.363511   12.141860   0.018070
1863.372640   12.147110   0.017260
1863.381795   12.156960   0.017440
1863.391577   12.148180   0.018250
1863.400670   12.143730   0.019050
1863.410157   12.141380   0.019460
1863.419415   12.134840   0.019920
1863.428728   12.146590   0.021190
1863.438171   12.160310   0.022110
1863.447725   12.163670   0.023040
1863.457038   12.173710   0.027090
1863.464667   12.186720   0.030840
1863.471563   12.181870   0.033490
1863.477686   12.183520   0.030550
1863.482900   12.179730   0.030670
1863.487037   12.139490   0.032000
1863.490505   12.164940   0.031830
1863.494064   12.210420   0.030660
1863.496621   12.185490   0.032230
1863.498272   12.203680   0.032680
1863.500087   12.201270   0.032620
1863.501889   12.185590   0.033780
1863.503937   12.181640   0.046990
1864.122118   12.151670   0.014090
1864.131216   12.141640   0.018130
1864.140349   12.140360   0.016340
1864.149328   12.126060   0.016110
1864.158727   12.137470   0.015420
1864.168077   12.132770   0.019230
1864.177441   12.148780   0.018480
1864.186471   12.132890   0.014780
1864.195786   12.147450   0.018590
1864.204761   12.142550   0.016800
1864.213956   12.143400   0.015880
1864.223275   12.152560   0.015590
1864.232312   12.128930   0.018310
1864.241734   12.143870   0.018420
1864.250994   12.153170   0.016170
1864.260292   12.137580   0.018890
1864.269452   12.139080   0.016570
1864.278712   12.167570   0.019230
1864.288040   12.141040   0.019000
1864.297228   12.152640   0.018530
1864.306786   12.136560   0.019110
1864.315982   12.150440   0.019920
1864.325240   12.133630   0.019000
1864.334830   12.138870   0.018530
1864.344223   12.120170   0.024890
1864.353629   12.150410   0.024020
1864.362884   12.122850   0.026560
1864.372284   12.135920   0.030660
1864.381718   12.145680   0.027720
1864.391386   12.116780   0.023400
1864.401175   12.132350   0.028410
1864.410777   12.133170   0.026340
1864.420158   12.166830   0.026210
1864.429378   12.171690   0.028930
1864.438639   12.164690   0.031880
1864.448098   12.167640   0.036390
1864.457409   12.107380   0.039790
1864.465120   12.181490   0.036780
1864.472313   12.149210   0.041360
1864.477494   12.162220   0.051130
1864.482643   12.132030   0.061120
1864.486002   12.080680   0.087490
1864.489646   12.088870   0.069000
1864.492216   12.120130   0.056780
1864.494776   12.151500   0.057970
1864.496480   12.130460   0.062250
1864.498365   12.159520   0.065760
1864.500091   12.166950   0.065390
1864.501760   12.183280   0.055530
1865.081649   12.131950   0.020960
1865.090914   12.149940   0.021250
1865.103000   12.145040   0.020900
1865.112265   12.140030   0.020610
1865.121493   12.145120   0.024940
1865.180915   12.159570   0.014090
1865.189934   12.149950   0.011550
1865.199137   12.146540   0.014320
1865.208040   12.147370   0.011550
1865.217207   12.141600   0.017040
1865.226382   12.145220   0.015940
1865.235932   12.148650   0.017320
1865.245886   12.151270   0.017900
1865.255783   12.144120   0.017960
1865.265750   12.146670   0.022760
1865.275774   12.145540   0.019870
1865.285892   12.137510   0.017270
1865.295973   12.172110   0.019230
1865.306185   12.128190   0.018770
1865.316145   12.138390   0.018310
1865.326150   12.135600   0.019630
1865.336276   12.148290   0.023150
1865.346577   12.134340   0.021070
1865.356675   12.134840   0.020440
1865.366659   12.131990   0.022700
1865.376904   12.140490   0.022810
1865.387088   12.140440   0.023380
1865.397153   12.147910   0.024320
1865.407149   12.191320   0.022700
1865.417333   12.198060   0.021940
1865.427630   12.187310   0.023620
1865.437669   12.178420   0.023270
1865.448171   12.180180   0.027740
1865.457324   12.132190   0.030090
1865.465615   12.182520   0.031700
1865.471988   12.162000   0.038890
1865.477591   12.140040   0.044640
1865.482335   12.165410   0.038470
1865.486159   12.157540   0.042100
1865.489785   12.170990   0.040450
1865.492667   12.136880   0.037670
1865.494427   12.163280   0.035450
1865.496283   12.152540   0.034650
1865.498551   12.169050   0.059690
1866.165339   12.130020   0.012640
1866.174723   12.142140   0.012820
1866.184057   12.139960   0.012930
1866.193410   12.147160   0.013220
1866.202706   12.153990   0.013910
1866.212035   12.154170   0.014090
1866.221409   12.144060   0.014260
1866.230791   12.141280   0.013970
1866.240551   12.147110   0.013970
1866.250004   12.144700   0.013910
1866.259354   12.145340   0.014320
1867.193045   12.141630   0.009760
1867.202355   12.134690   0.010050
1867.211516   12.143590   0.010100
1867.220585   12.147510   0.010620
1867.230131   12.144880   0.010800
1867.239707   12.145680   0.010680
1867.249230   12.135360   0.010620
1867.258785   12.143310   0.010800
1867.268385   12.133770   0.010970
1867.277702   12.126540   0.011030
1867.287153   12.137860   0.011260
1867.296854   12.136590   0.011490
1867.306121   12.129250   0.011550
1867.315500   12.145530   0.011720
1867.325094   12.135810   0.011950
1867.334502   12.157920   0.012300
1867.344482   12.184050   0.012700
1867.354030   12.173020   0.012530
1867.363492   12.177820   0.014090
1867.372735   12.185840   0.013220
1867.382212   12.188200   0.013630
1867.391671   12.153680   0.014320
1867.401392   12.141100   0.014030
1867.410805   12.133980   0.013860
1867.420288   12.134580   0.016460
1867.429722   12.136310   0.017610
1867.439192   12.141280   0.016690
1867.448574   12.139040   0.018240
1867.456168   12.149140   0.016510
1867.463320   12.140020   0.017030
1867.469421   12.119170   0.016690
1867.473939   12.137900   0.014260
1867.478291   12.137970   0.013400
1867.481655   12.138460   0.013450
1867.484335   12.135540   0.014430
1867.486951   12.142170   0.014260
1867.488639   12.141710   0.014490
1867.490315   12.140650   0.014950
1867.492002   12.133960   0.014490
1867.493724   12.130540   0.014200
1868.197661   12.155660   0.017330
1868.207123   12.141230   0.017670
1868.216495   12.116990   0.022660
1868.225986   12.140370   0.020730
1868.235811   12.160480   0.023730
1868.245580   12.144610   0.022520
1868.255259   12.132880   0.023220
1868.264815   12.152460   0.023270
1868.274279   12.145280   0.026040
1868.283929   12.133530   0.023100
1868.293537   12.134300   0.035980
1868.303104   12.145790   0.038710
1868.312574   12.201400   0.036600
1868.322548   12.176520   0.027660
1868.332083   12.194010   0.025930
1868.341800   12.195250   0.027720
1868.351466   12.194560   0.032790
1868.360837   12.176340   0.033090
1868.370659   12.110260   0.032400
1868.380417   12.129670   0.032570
1868.390367   12.156880   0.031540
1868.399668   12.136030   0.030490
1868.409622   12.141810   0.033280
1868.419023   12.130650   0.031940
1868.428372   12.149480   0.032740
1868.437691   12.144210   0.034130
1868.446987   12.141970   0.033210
1868.454949   12.172300   0.034880
1868.461066   12.127010   0.034250
1868.467151   12.137200   0.036170
1868.471440   12.128400   0.036960
1868.475710   12.125220   0.041570
1868.479187   12.137390   0.040790
1868.481793   12.145840   0.041970
1868.484421   12.140130   0.040890
1868.486154   12.134090   0.037710
1868.487874   12.115360   0.041310
1868.489584   12.127470   0.038920
1868.491280   12.125070   0.040660
1868.552972   12.195880   0.060340
1868.562396   12.138580   0.054390
1868.581607   12.078530   0.098960
1868.591155   12.182720   0.095840
1868.600621   12.292340   0.130340
1869.239644   12.185400   0.049060
1869.249027   12.127040   0.049940
1869.258676   12.138520   0.054720
1869.268460   12.116750   0.066950
1869.278238   12.174590   0.074030
1869.287800   12.166550   0.071400
1869.297392   12.104880   0.077700
1869.307040   12.169800   0.083220
1869.316724   12.078200   0.082510
1869.326588   12.136560   0.100790
1869.336211   12.147460   0.092660
1869.345912   12.118490   0.094470
1869.365769   12.243190   0.074800
1870.219778   12.147250   0.011890
1870.229270   12.139110   0.012120
1870.238762   12.142120   0.012990
1870.248135   12.154760   0.012590
1870.257691   12.169360   0.014090
1870.267266   12.176380   0.013450
1870.276950   12.181410   0.013630
1870.286498   12.187580   0.013970
1870.295849   12.171310   0.013160
1870.305565   12.164040   0.013800
1870.315197   12.146700   0.015360
1870.325274   12.145320   0.015760
1870.335174   12.135640   0.014900
1870.344892   12.146100   0.015710
1870.354573   12.144060   0.017900
1870.364104   12.138050   0.023100
1870.373603   12.155760   0.022810
1870.383600   12.147040   0.025430
1870.393243   12.144230   0.033490
1870.402820   12.139080   0.044330
1870.412418   12.161280   0.041540
1870.421719   12.137660   0.039880
1870.431056   12.162630   0.041540
1870.440608   12.176210   0.034490
1870.448993   12.164750   0.031830
1870.456179   12.135420   0.029970
1870.461756   12.155900   0.038020
1870.466593   12.131490   0.042770
1870.470290   12.152140   0.038690
1870.474034   12.112200   0.042880
1870.476825   12.116550   0.046410
1870.478569   12.157980   0.046790
1870.480341   12.136850   0.042580
1870.482097   12.141130   0.044270
1870.483838   12.142460   0.047860
1870.485602   12.144590   0.046430
1871.136689   12.128970   0.013630
1871.146179   12.137590   0.012880
1871.155384   12.143400   0.012990
1871.164955   12.139630   0.014140
1871.174269   12.134620   0.013910
1871.183469   12.145220   0.014900
1871.192872   12.137680   0.013860
1871.202392   12.135640   0.014670
1871.211865   12.150350   0.017440
1871.221273   12.157330   0.016860
1871.230922   12.182030   0.015070
1871.240394   12.180110   0.014780
1871.250018   12.170880   0.015760
1871.259511   12.168290   0.014960
1871.269122   12.192210   0.015190
1871.278903   12.167620   0.015420
1871.288648   12.130750   0.016170
1871.298226   12.139850   0.015820
1871.307789   12.142110   0.016800
1871.317562   12.131820   0.016860
1871.327342   12.134510   0.017900
1871.337079   12.136700   0.019460
1871.346725   12.137500   0.019920
1871.356495   12.123630   0.019350
1871.366277   12.141340   0.021250
1871.375944   12.132490   0.021130
1871.385808   12.135870   0.023510
1871.395399   12.143740   0.025290
1871.404882   12.160700   0.028230
1871.414342   12.145780   0.027140
1871.423744   12.129020   0.027030
1871.433495   12.144700   0.026850
1871.442405   12.131090   0.025000
1871.449670   12.140980   0.025640
1871.455742   12.131590   0.026930
1871.461191   12.156440   0.028770
1871.465968   12.132060   0.026620
1871.469461   12.133410   0.026910
1871.472994   12.122300   0.026790
1871.476070   12.133970   0.026040
1871.477819   12.129480   0.025930
1871.479709   12.128310   0.025750
1871.481438   12.156100   0.025810
1871.550420   12.125820   0.027890
1871.559908   12.143830   0.029040
1871.569340   12.152400   0.030310
1871.578835   12.137170   0.032230
1871.588334   12.135020   0.034760
1871.597765   12.129020   0.041110
1871.607264   12.180170   0.047870
1871.616819   12.155300   0.055000
1871.626324   12.220640   0.065820
1872.324463   12.152000   0.015480
1872.334315   12.137060   0.015760
1872.344041   12.136580   0.015530
1872.353623   12.146680   0.015940
1872.363427   12.149130   0.015470
1872.373279   12.142490   0.015300
1872.383099   12.136970   0.015700
1872.392766   12.142130   0.015470
1872.402203   12.136550   0.015760
1872.412032   12.121030   0.016340
1872.421585   12.146910   0.016920
1872.431130   12.133810   0.017840
1872.439874   12.125990   0.017840
1872.447517   12.146630   0.018190
1872.454162   12.144750   0.018820
1872.459603   12.151150   0.020030
1872.463903   12.135290   0.020320
1872.467716   12.141740   0.019800
1872.470496   12.139510   0.020030
1872.473152   12.156390   0.020550
1872.474857   12.132830   0.020440
1872.476617   12.136130   0.020320
1872.478370   12.135690   0.020380
1872.480228   12.147780   0.020730
1872.541663   12.147440   0.025750
1872.550845   12.133050   0.025810
1872.560270   12.153390   0.027190
1872.569828   12.153860   0.028870
1872.579400   12.124880   0.030250
1872.588943   12.172300   0.034470
1872.598488   12.135240   0.037820
1872.608116   12.171640   0.043590
1872.617527   12.151720   0.051150
1872.627101   12.175890   0.062300
1872.636625   12.201680   0.072230
1872.646041   12.118740   0.102280
1873.229437   12.177850   0.017150
1873.238826   12.144660   0.017780
1873.248403   12.172130   0.017670
1873.258009   12.157350   0.017670
1873.267456   12.164650   0.017900
1873.276959   12.150690   0.018590
1873.286788   12.147310   0.018820
1873.296275   12.147770   0.019470
1873.305896   12.161770   0.020850
1873.315548   12.154190   0.020850
1873.325684   12.169980   0.021130
1873.335346   12.149390   0.023070
1873.344943   12.137260   0.024030
1873.354842   12.174100   0.022630
1873.364691   12.142550   0.024260
1873.374458   12.133760   0.023610
1873.383960   12.153110   0.021480
1873.393856   12.151580   0.022350
1873.403606   12.161510   0.022920
1873.413210   12.124830   0.026680
1873.422938   12.160710   0.025870
1873.432622   12.143360   0.023620
1873.441010   12.135450   0.021890
1873.447044   12.140600   0.021710
1873.453044   12.137250   0.021710
1873.457630   12.153790   0.022630
1873.462090   12.154490   0.022630
1873.465548   12.139350   0.022630
1873.468261   12.131870   0.023270
1873.470892   12.124240   0.024370
1873.472722   12.144380   0.023210
1873.474437   12.156600   0.023090
1873.476606   12.135560   0.032870
1873.539458   12.109160   0.090270
1873.548852   12.167690   0.069550
1873.558313   12.121020   0.051510
1873.567696   12.109270   0.051270
1873.577180   12.117420   0.056910
1873.586745   12.158180   0.045110
1873.596227   12.161650   0.064580
1873.605773   12.110900   0.065150
1873.615321   12.173030   0.054850
1873.624816   12.108910   0.058070
1874.032527   12.168010   0.012070
1874.041923   12.150220   0.012530
1874.051714   12.145180   0.012360
1874.061193   12.146200   0.012240
1874.070741   12.157260   0.012930
1874.080230   12.155450   0.012870
1874.089638   12.143890   0.012700
1874.098984   12.145450   0.013110
1874.108441   12.139790   0.012820
1874.117749   12.139490   0.013510
1874.127103   12.143900   0.013510
1874.136654   12.165280   0.013630
1874.145982   12.176480   0.014090
1874.155173   12.196080   0.015240
1874.164605   12.188060   0.016280
1874.174153   12.192870   0.019170
1874.183645   12.184470   0.024140
1874.193053   12.183290   0.031080
1874.202515   12.175900   0.033310
1874.212179   12.134250   0.036110
1874.222051   12.137050   0.032070
1874.593715   12.122470   0.060870
1874.603390   12.130920   0.054250
1874.613039   12.167730   0.065100
1876.992585   12.146150   0.012410
1877.002277   12.147760   0.012640
1877.012009   12.153980   0.013160
1877.021623   12.147710   0.013230
1877.031340   12.136810   0.014380
1877.041094   12.142590   0.013740
1877.050632   12.156490   0.012410
1877.060512   12.172750   0.012820
1877.070280   12.195230   0.013220
1877.080037   12.186950   0.013400
1877.089835   12.184310   0.013340
1877.099542   12.199420   0.013800
1877.109324   12.163680   0.016230
1877.119234   12.123550   0.015780
1877.128562   12.134530   0.014790
1877.137988   12.149850   0.014200
1877.147449   12.164620   0.017210
1877.157081   12.146960   0.015820
1877.166514   12.144540   0.015310
1877.175811   12.136410   0.015070
1877.185180   12.141970   0.015760
1877.194638   12.138420   0.014790
1877.204359   12.136570   0.014900
1877.213829   12.146040   0.014320
1877.223290   12.138080   0.014900
1877.232928   12.149610   0.014670
1877.242583   12.146360   0.016170
1877.252102   12.120630   0.016340
1877.261424   12.139390   0.016400
1877.271317   12.138640   0.015190
1877.280810   12.132050   0.014030
1877.290913   12.146990   0.015420
1877.300784   12.127080   0.018070
1877.310552   12.130360   0.014950
1877.320329   12.127650   0.017440
1877.330019   12.137610   0.015310
1877.339609   12.125900   0.014090
1877.349339   12.145560   0.015940
1877.359563   12.140720   0.014490
1877.369289   12.135190   0.016000
1877.379166   12.138630   0.015710
1877.389199   12.160140   0.017330
1877.398748   12.138420   0.019460
1877.408188   12.152980   0.018540
1877.417610   12.154330   0.017490
1877.426444   12.155010   0.016280
1877.433416   12.136070   0.017380
1877.439426   12.152860   0.018650
1877.444578   12.153360   0.019000
1877.449101   12.150160   0.017260
1877.452622   12.137220   0.019950
1877.456119   12.144900   0.017670
1877.458826   12.144320   0.017440
1877.460660   12.155460   0.017900
1877.462441   12.156000   0.018010
1877.464144   12.150220   0.017840
1877.465872   12.139060   0.018530
1877.528546   12.162520   0.022230
1877.538164   12.183560   0.023330
1877.547759   12.189960   0.024480
1877.557433   12.184440   0.025060
1877.566991   12.195380   0.025640
1877.956588   12.118690   0.019060
1877.966360   12.153740   0.017910
1877.975795   12.131190   0.014200
1877.985575   12.147400   0.012930
1877.995071   12.127810   0.012180
1878.004964   12.133880   0.012180
1878.014335   12.141950   0.012930
1878.023915   12.166540   0.010750
1878.033403   12.176520   0.012130
1878.042881   12.167720   0.011840
1878.052477   12.181380   0.013450
1878.062202   12.174760   0.012990
1878.072038   12.176520   0.013400
1878.081838   12.160940   0.013800
1878.091595   12.145050   0.013050
1878.101204   12.155390   0.013510
1878.111056   12.143170   0.013800
1878.120475   12.142590   0.013860
1878.129972   12.153520   0.015070
1878.139452   12.143490   0.017210
1878.148981   12.154520   0.028190
1878.158293   12.147900   0.025000
1878.167692   12.138370   0.015360
1878.177309   12.154570   0.015190
1878.186872   12.153750   0.018940
1878.196273   12.145220   0.018770
1878.206054   12.165990   0.020960
1878.215833   12.151430   0.022580
1878.225557   12.138290   0.023560
1878.235117   12.147550   0.018940
1878.244657   12.147300   0.019400
1878.254352   12.159070   0.021020
1878.263984   12.150100   0.022400
1878.273770   12.146590   0.023040
1878.283405   12.159430   0.024600
1878.293079   12.146370   0.023850
1878.302887   12.150890   0.030260
1878.312828   12.169460   0.030860
1878.322431   12.148540   0.029910
1878.332111   12.158940   0.031470
1878.342126   12.132690   0.022630
1878.351898   12.131900   0.024600
1878.361666   12.136430   0.024140
1878.371492   12.131780   0.025120
1878.381052   12.141730   0.027670
1878.390611   12.130680   0.021140
1878.400035   12.149200   0.024600
1878.409523   12.137630   0.024080
1878.419250   12.138190   0.027100
1878.427139   12.105270   0.028120
1878.434256   12.162400   0.022850
1878.439734   12.134070   0.027200
1878.444205   12.120660   0.023410
1878.448555   12.143070   0.022130
1878.452064   12.128020   0.026560
1878.454721   12.135720   0.025930
1878.457364   12.136260   0.026560
1878.459093   12.131640   0.025920
1878.460943   12.113570   0.028290
1878.463071   12.130160   0.037980
1878.523903   12.156070   0.026790
1878.533380   12.173400   0.027540
1878.542754   12.151740   0.026960
1878.552323   12.159020   0.028180
1878.561961   12.156270   0.032500
1878.571685   12.160310   0.044170
1878.581234   12.139120   0.040530
1878.590773   12.126060   0.043480
1878.600390   12.140780   0.054740
1878.885725   12.152250   0.036330
1878.896259   12.119890   0.030020
1878.907039   12.147950   0.028000
1878.917827   12.171770   0.027940
1878.928636   12.141270   0.027020
1878.939490   12.117230   0.023210
1878.950209   12.142890   0.019570
1878.960985   12.122480   0.018590
1878.971663   12.142600   0.017500
1878.982256   12.146880   0.017960
1878.992862   12.148270   0.017440
1879.003349   12.180260   0.018770
1879.014056   12.184770   0.018530
1879.024781   12.169650   0.018650
1879.035403   12.184690   0.020900
1879.046338   12.178010   0.020900
1879.056998   12.153250   0.021820
1879.067120   12.149990   0.021880
1879.077625   12.139030   0.022400
1879.087804   12.164800   0.022630
1879.097718   12.142070   0.025230
1879.108265   12.135510   0.026040
1879.118677   12.144290   0.028530
1879.128946   12.151050   0.023270
1879.138951   12.142290   0.026160
1879.148948   12.137900   0.030600
1879.158753   12.140920   0.032340
1879.168681   12.148080   0.030900
1879.178653   12.142820   0.031760
1879.188532   12.128650   0.033950
1879.198658   12.114440   0.033320
1879.208980   12.140710   0.033750
1879.219105   12.145220   0.034760
1879.229198   12.136880   0.034320
1879.239692   12.126430   0.035910
1879.249885   12.121350   0.034200
1879.259988   12.138730   0.033260
1879.270136   12.144940   0.032970
1879.279998   12.145150   0.025110
1879.290256   12.118360   0.032740
1879.300321   12.153980   0.031470
1879.310604   12.113210   0.032740
1879.321132   12.147370   0.032160
1879.331398   12.120320   0.032180
1879.341711   12.136030   0.033260
1879.352168   12.159250   0.034610
1879.362239   12.139430   0.034880
1879.372581   12.125090   0.035580
1879.383093   12.140660   0.020000
1879.393142   12.136000   0.036390
1879.403333   12.130430   0.037820
1879.413718   12.112410   0.038460
1879.422210   12.134030   0.039220
1879.430290   12.143390   0.040070
1879.436891   12.145650   0.040370
1879.441492   12.102320   0.041890
1879.445571   12.151330   0.040840
1879.449457   12.124730   0.043790
1879.452342   12.126620   0.035430
1879.454194   12.105920   0.043030
1879.456055   12.152100   0.034370
1879.457932   12.096500   0.044080
1879.460282   12.125850   0.062970
1879.524043   12.151200   0.051740
1879.534146   12.171930   0.057300
1879.544253   12.176950   0.060570
1879.554321   12.105750   0.034500
1879.564508   12.221220   0.060370
1879.574677   12.184870   0.057140
1879.584814   12.150020   0.060550
1879.594935   12.220800   0.062720
1879.605121   12.144850   0.070160
1879.615186   12.131330   0.069220
1879.625350   12.138800   0.074100
1879.885631   12.137300   0.040370
1879.895153   12.169520   0.033950
1879.904711   12.195900   0.027890
1879.914664   12.128720   0.021650
1879.924232   12.140260   0.018010
1879.933937   12.151260   0.016290
1879.943742   12.136010   0.014150
1879.953255   12.122290   0.013220
1879.962965   12.139960   0.012180
1879.972299   12.162880   0.012120
1879.982133   12.182610   0.012470
1879.991480   12.184890   0.013220
1880.001350   12.180750   0.013450
1880.010995   12.175300   0.015130
1880.020489   12.165710   0.015190
1880.030167   12.121250   0.015420
1880.040004   12.141190   0.014380
1880.050020   12.144450   0.014840
1880.059700   12.154090   0.014780
1880.069635   12.158380   0.014950
1880.079469   12.146060   0.016170
1880.089000   12.133820   0.015420
1880.098524   12.137890   0.016110
1880.108072   12.134380   0.017670
1880.117530   12.146360   0.015300
1880.127140   12.132260   0.015760
1880.200091   12.147370   0.017620
1880.209735   12.139070   0.019350
1880.219431   12.123290   0.018080
1880.229324   12.151170   0.016640
1880.238989   12.154550   0.016280
1880.248836   12.140890   0.015880
1880.258298   12.139860   0.016510
1880.267686   12.142840   0.017560
1880.277275   12.146530   0.017670
1880.286928   12.142850   0.020900
1880.306613   12.148240   0.017440
1880.369120   12.160510   0.016860
1880.684731   12.169700   0.047580
1880.693935   12.153440   0.051070
1880.703424   12.158670   0.057290
1880.712965   12.136990   0.065790
1880.722822   12.002510   0.063330
1880.732752   12.161000   0.088160
1880.839020   12.192370   0.108050
1880.967707   12.181420   0.017780
1880.977730   12.197630   0.018660
1880.987626   12.187470   0.015070
1880.997175   12.160720   0.014610
1881.007352   12.160350   0.015240
1881.017262   12.143220   0.015300
1881.027023   12.136150   0.016170
1881.036583   12.134130   0.015880
1881.046307   12.133280   0.016570
1881.055914   12.159390   0.018010
1881.065565   12.158220   0.017320
1881.075352   12.130460   0.019170
1881.085120   12.136520   0.017720
1881.094964   12.152140   0.017330
1881.104801   12.153950   0.015250
1881.114937   12.137070   0.021420
1881.124474   12.115520   0.019010
1881.134326   12.131190   0.019870
1881.143810   12.129600   0.015190
1881.153419   12.137490   0.019540
1881.163015   12.149160   0.018070
1881.171357   12.142150   0.015590
1881.180981   12.148450   0.016510
1881.190627   12.146290   0.014090
1881.200550   12.149080   0.015190
1881.210473   12.145310   0.016400
1881.220305   12.142180   0.017210
1881.230199   12.140750   0.017260
1881.239668   12.139220   0.018010
1881.249328   12.145100   0.017900
1881.258917   12.138060   0.017610
1881.268352   12.129510   0.018010
1881.278189   12.125770   0.018010
1881.288137   12.132750   0.018420
1881.297680   12.151800   0.018820
1881.307337   12.132530   0.018820
1881.317394   12.136110   0.019750
1881.327336   12.143620   0.020610
1881.337373   12.142130   0.020260
1881.347129   12.152160   0.021130
1881.357110   12.148730   0.021130
1881.366722   12.151240   0.021880
1881.376276   12.154190   0.022350
1881.386104   12.148770   0.023150
1881.395996   12.163890   0.023270
1881.405772   12.132060   0.023610
1881.414838   12.117590   0.023560
1881.422098   12.153460   0.024190
1881.428287   12.190260   0.024360
1881.433496   12.178640   0.024310
1881.437835   12.177290   0.024540
1881.441542   12.162730   0.025000
1881.445078   12.180610   0.025640
1881.447777   12.189080   0.025580
1881.449541   12.191630   0.025640
1881.451276   12.182980   0.025690
1881.453055   12.181770   0.025810
1881.455245   12.169950   0.036540
1881.512259   12.127140   0.027020
1881.522032   12.133560   0.028640
1881.531584   12.119470   0.029510
1881.541053   12.144860   0.030200
1881.550943   12.140610   0.029790
1881.560601   12.131270   0.031230
1881.570473   12.143510   0.030950
1881.580253   12.173190   0.034240
1881.589860   12.139300   0.032740
1881.599577   12.150690   0.035740
1881.609472   12.147930   0.034470
1881.619114   12.173340   0.038800
1881.628942   12.137900   0.043280
1881.638590   12.134070   0.043360
1881.648351   12.178030   0.049190
1881.778022   12.038710   0.105780
1881.787777   12.191080   0.094640
1881.797497   12.154590   0.092260
1881.807277   12.220380   0.058420
1881.816745   12.134300   0.061260
1881.826319   12.126440   0.049830
1881.835921   12.176660   0.044980
1881.845731   12.173410   0.039320
1881.855252   12.169300   0.034650
1881.864967   12.147260   0.029960
1881.874874   12.149410   0.027540
1881.884546   12.136710   0.022980
1881.894462   12.136050   0.020670
1881.904494   12.128010   0.018420
1881.914271   12.156160   0.017900
1881.923884   12.158650   0.017840
1881.933466   12.184500   0.017030
1881.943231   12.168690   0.017150
1881.952875   12.179070   0.022110
1881.962633   12.153570   0.023560
1881.972149   12.122020   0.024890
1881.982098   12.116540   0.026210
1881.992169   12.137460   0.033370
1882.001889   12.154500   0.035860
1882.011594   12.147900   0.034820
1882.021627   12.120680   0.027830
1882.031644   12.106510   0.030660
1882.041324   12.097420   0.030270
1882.051198   12.128930   0.027200
1882.060871   12.120950   0.028520
1882.070527   12.178110   0.049960
1882.080330   12.140170   0.021830
1882.090096   12.119740   0.050360
1882.099569   12.176370   0.070730
1882.109365   12.142890   0.037690
1882.121972   12.168130   0.030730
1882.131558   12.151280   0.024600
1882.141120   12.122390   0.041830
1882.150540   12.140390   0.026330
1882.160119   12.116520   0.028890
1882.169652   12.111800   0.028060
1882.179008   12.122410   0.027780
1882.188466   12.120900   0.030780
1882.198063   12.132380   0.035770
1882.208031   12.122740   0.068170
1882.217722   12.084080   0.053180
1882.227231   12.144160   0.044830
1882.236839   12.193410   0.043070
1882.246327   12.200840   0.067320
1882.256107   12.128290   0.062860
1882.266006   12.131280   0.060480
1882.275585   12.148660   0.053760
1882.285301   12.071340   0.052890
1882.295361   12.164800   0.050990
1882.305067   12.134220   0.064630
1882.315073   12.142890   0.081320
1882.325032   12.156590   0.047470
1882.334886   12.169430   0.040590
1882.344919   12.108170   0.054140
1882.354771   12.112650   0.056830
1882.364587   12.158700   0.047490
1882.374737   12.168160   0.048330
1882.394964   12.221190   0.103720
1883.093660   12.142670   0.020850
1883.103366   12.148250   0.033170
1883.112818   12.170890   0.021480
1883.122237   12.154760   0.024340
1883.131900   12.147610   0.020850
1883.141295   12.134190   0.023050
1883.150882   12.126050   0.024610
1883.160374   12.117890   0.027710
1883.169871   12.120970   0.028570
1883.179271   12.156350   0.021940
1883.188727   12.167010   0.022580
1883.198404   12.146140   0.026450
1883.207904   12.157340   0.025920
1883.217549   12.134230   0.027730
1883.226897   12.148970   0.028350
1883.236210   12.134050   0.028530
1883.245790   12.135430   0.027850
1883.255334   12.164590   0.029960
1883.265175   12.126900   0.029750
1883.274780   12.151270   0.029510
1883.284849   12.137560   0.041640
1883.294394   12.146030   0.040680
1883.304305   12.164560   0.037130
1883.314080   12.106890   0.046560
1883.323720   12.135900   0.040480
1883.333437   12.139100   0.033560
1883.343435   12.154530   0.036490
1883.353548   12.170540   0.039140
1883.363493   12.147830   0.033060
1883.373027   12.162950   0.035290
1883.382657   12.195280   0.036730
1883.392439   12.205160   0.033140
1883.402040   12.162730   0.034490
1883.410061   12.199780   0.037420
1883.417485   12.146420   0.036910
1883.423677   12.158010   0.034640
1883.428949   12.169460   0.036670
1883.433300   12.165580   0.040420
1883.436812   12.156480   0.034190
1883.440325   12.153450   0.038350
1883.443180   12.138200   0.036730
1883.444926   12.134390   0.038690
1883.446707   12.162950   0.034410
1883.448508   12.144650   0.035270
1883.507335   12.135260   0.038270
1883.517022   12.122880   0.037130
1883.526655   12.127480   0.041800
1883.536232   12.158280   0.044760
1883.545818   12.100950   0.046330
1883.555341   12.133560   0.042090
1883.565051   12.152960   0.043130
1883.574608   12.130920   0.042440
1883.584302   12.152960   0.043720
1883.593915   12.136610   0.037700
1884.099534   12.136860   0.011090
1884.109140   12.141160   0.010850
1884.118686   12.145660   0.013220
1884.128292   12.132630   0.016290
1884.137551   12.154950   0.012190
1884.147279   12.158210   0.013860
1884.156774   12.151940   0.014550
1884.166197   12.161360   0.016370
1884.175960   12.144390   0.017160
1884.185414   12.143700   0.015210
1884.194977   12.145960   0.012760
1884.204574   12.138600   0.013680
1884.214174   12.151460   0.012650
1884.223839   12.142420   0.013800
1884.233272   12.131450   0.019420
1884.242628   12.147900   0.011720
1884.252195   12.145500   0.011430
1884.261682   12.139750   0.011610
1884.271201   12.147670   0.011610
1884.280876   12.143550   0.012530
1884.290846   12.142680   0.013450
1884.300573   12.148490   0.014840
1884.310420   12.160410   0.020350
1884.320206   12.136110   0.013910
1884.330156   12.137950   0.014200
1884.340081   12.156870   0.016630
1884.350052   12.188270   0.016450
1884.360119   12.182450   0.014200
1884.370060   12.200990   0.014610
1884.379738   12.177070   0.015470
1884.389528   12.182220   0.012470
1884.399065   12.153840   0.013110
1884.406881   12.135620   0.014550
1884.413865   12.143960   0.017090
1884.420368   12.171650   0.018160
1884.425635   12.150340   0.013570
1884.430150   12.147120   0.012360
1884.433678   12.151910   0.013920
1884.437202   12.155360   0.013800
1884.439908   12.143910   0.014430
1884.441669   12.141850   0.014030
1884.443407   12.149610   0.013680
1884.445186   12.146770   0.013220
1884.446926   12.158050   0.016580
1884.503638   12.137200   0.012530
1884.513187   12.141780   0.014340
1884.522993   12.140690   0.012590
1884.532900   12.152290   0.011720
1884.542819   12.139710   0.013510
1884.552706   12.133160   0.015030
1884.562458   12.137850   0.010850
1884.572213   12.135770   0.012730
1884.581820   12.136010   0.011140
1884.591479   12.137790   0.013920
1884.600983   12.127360   0.012700
1884.610820   12.147610   0.012010
1884.886961   12.150440   0.029560
1884.896459   12.134860   0.029460
1884.906042   12.127030   0.028180
1884.915643   12.154450   0.035060
1884.925737   12.139100   0.026560
1884.935570   12.144030   0.034380
1884.945448   12.136210   0.027770
1884.954875   12.169820   0.032750
1884.964329   12.143780   0.028700
1884.974229   12.150780   0.033920
1884.983546   12.156460   0.033840
1884.993441   12.156090   0.031190
1885.003341   12.134060   0.030370
1885.013229   12.143310   0.034410
1885.022911   12.173130   0.034820
1885.032502   12.192350   0.039430
1885.042137   12.141280   0.038220
1885.052183   12.151330   0.038680
1885.061957   12.149110   0.046600
1885.071678   12.131760   0.046600
1885.081285   12.106750   0.052820
1885.090973   12.192020   0.043730
1885.100847   12.173430   0.047170
1885.278794   12.128050   0.027440
1885.288696   12.128560   0.035420
1885.298475   12.113250   0.027740
1885.308250   12.159670   0.026730
1885.318087   12.168340   0.029290
1885.328301   12.134850   0.034270
1885.338173   12.178170   0.049730
1885.347960   12.149870   0.039320
1885.357853   12.111980   0.046070
1885.367578   12.106470   0.044530
1885.377344   12.106720   0.053950
1885.386938   12.165920   0.051810
1885.396599   12.141060   0.043720
1885.404395   12.125710   0.039920
1885.411445   12.145410   0.045290
1885.417511   12.178140   0.049150
1885.422892   12.193400   0.052880
1885.427461   12.175190   0.048290
1885.430989   12.143160   0.037600
1885.434637   12.126100   0.040590
1885.437356   12.142360   0.043640
1885.439093   12.152310   0.043380
1885.440855   12.154880   0.043080
1885.442624   12.139190   0.041190
1885.444416   12.126250   0.040070
1885.502228   12.138670   0.047540
1885.511985   12.157120   0.061340
1885.521821   12.147460   0.045690
1885.531512   12.122650   0.046590
1885.541243   12.174150   0.049310
1885.551133   12.135270   0.041650
1885.560860   12.132540   0.039380
1885.570601   12.159900   0.040950
1885.580236   12.146890   0.051460
1885.590133   12.153300   0.034960
1886.072366   12.141050   0.010570
1886.082057   12.137290   0.011260
1886.091456   12.144350   0.011780
1886.101064   12.147880   0.012070
1886.110701   12.146170   0.011780
1886.120214   12.150840   0.012070
1886.129544   12.154550   0.012530
1886.138882   12.149920   0.012640
1886.148233   12.169360   0.012870
1886.157943   12.150240   0.013220
1886.167550   12.153910   0.015020
1886.177101   12.147960   0.014780
1886.186997   12.145920   0.015360
1886.196609   12.150310   0.016280
1886.206153   12.146430   0.017960
1886.215757   12.145590   0.018880
1886.225422   12.135500   0.024940
1886.234829   12.155520   0.025170
1886.244630   12.166960   0.024770
1886.254426   12.158150   0.018310
1886.263771   12.144790   0.015130
1886.273578   12.143960   0.024830
1886.283270   12.169150   0.014720
1886.293134   12.199000   0.015530
1886.303115   12.167140   0.017380
1886.312914   12.186000   0.016110
1886.322818   12.179050   0.016570
1886.332859   12.166780   0.016510
1886.342543   12.152760   0.015940
1886.352534   12.140490   0.016110
1886.362281   12.124870   0.017260
1886.372003   12.132720   0.017960
1886.381496   12.141810   0.018480
1886.391198   12.149310   0.020210
1886.399994   12.154910   0.020390
1886.408171   12.150730   0.020730
1886.414363   12.155280   0.025170
1886.419581   12.156210   0.025640
1886.423873   12.170160   0.023900
1886.427459   12.145480   0.023380
1886.431086   12.142760   0.022870
1886.433748   12.158610   0.025810
1886.435540   12.136020   0.026910
1886.437293   12.159520   0.024250
1886.439058   12.130680   0.024420
1886.441348   12.118980   0.047410
